Mass Teff Radius H_mass
0.150  8967 0.048755 4
0.150  8854 0.047320 4
0.150  8744 0.046097 4
0.150  8650 0.044897 4
0.150  8561 0.043823 4
0.150  8504 0.043171 4
0.150  8421 0.042276 4
0.150  8329 0.041343 4
0.150  8232 0.040541 4
0.150  8142 0.039733 4
0.150  8050 0.038994 4
0.150  7958 0.038298 4
0.150  7866 0.037627 4
0.150  7768 0.037050 4
0.150  7676 0.036434 4
0.150  7579 0.035897 4
0.150  7479 0.035398 4
0.150  7380 0.034938 4
0.150  7282 0.034483 4
0.150  7180 0.034061 4
0.150  7079 0.033666 4
0.150  6978 0.033290 4
0.150  6876 0.032940 4
0.150  6776 0.032602 4
0.150  6683 0.032266 4
0.150  6590 0.031937 4
0.150  6497 0.031618 4
0.150  6403 0.031312 4
0.150  6312 0.031014 4
0.150  6221 0.030734 4
0.150  6131 0.030452 4
0.150  6043 0.030171 4
0.150  5956 0.029908 4
0.150  5869 0.029658 4
0.150  5783 0.029428 4
0.150  5699 0.029199 4
0.150  5617 0.028961 4
0.150  5536 0.028732 4
0.150  5457 0.028507 4
0.150  5376 0.028323 4
0.150  5302 0.028078 4
0.150  5224 0.027896 4
0.150  5153 0.027666 4
0.150  5085 0.027406 4
0.150  5014 0.027208 4
0.150  4947 0.026970 4
0.150  4889 0.026676 4
0.150  4859 0.026138 4
0.150  4832 0.025849 4
0.150  4784 0.025775 4
0.150  4720 0.025663 4
0.150  4653 0.025542 4
0.150  4595 0.025355 4
0.150  4530 0.025246 4
0.150  4467 0.025142 4
0.150  4409 0.025032 4
0.150  4349 0.024932 4
0.150  4297 0.024794 4
0.150  4236 0.024715 4
0.150  4179 0.024639 4
0.150  4122 0.024564 4
0.150  4066 0.024495 4
0.150  4011 0.024430 4
0.150  3956 0.024365 4
0.150  3903 0.024310 4
0.150  3851 0.024250 4
0.150  3798 0.024194 4
0.150  3746 0.024141 4
0.150  3695 0.024090 4
0.150  3645 0.024040 4
0.150  3595 0.023984 4
0.150  3547 0.023947 4
0.150  3499 0.023899 4
0.150  3487 0.023887 4
0.150  3471 0.023867 4
0.150  3444 0.023843 4
0.150  3405 0.023807 4
0.150  3359 0.023766 4
0.150  3315 0.023723 4
0.150  3275 0.023679 4
0.150  3237 0.023635 4
0.150  3202 0.023588 4
0.150  3170 0.023540 4
0.150  3143 0.023492 4
0.150  3121 0.023444 4
0.150  3097 0.023400 4
0.150  3079 0.023356 4
0.150  3058 0.023316 4
0.150  3038 0.023278 4
0.150  3021 0.023240 4
0.150  3001 0.023208 4
0.150  2984 0.023174 4
0.150  2964 0.023144 4
0.150  2948 0.023111 4
0.150  2927 0.023085 4
0.150  2911 0.023057 4
0.150  2891 0.023033 4
0.150  2874 0.023007 4
0.150  2854 0.022986 4
0.150  2845 0.022974 4
0.150  2833 0.022956 4
0.150  2813 0.022936 4
0.150  2802 0.022926 4
0.150  2788 0.022909 4
0.150  2767 0.022890 4
0.150  2746 0.022870 4
0.150  2725 0.022851 4
0.150  2708 0.022832 4
0.150  2686 0.022816 4
0.150  2667 0.022798 4
0.150  2647 0.022782 4
0.150  2623 0.022768 4
0.150  2603 0.022751 4
0.150  2598 0.022747 4
0.150  2587 0.022743 4
0.150  2578 0.022735 4
0.150  2561 0.022724 4
0.150  2540 0.022711 4
0.150  2519 0.022695 4
0.150  2498 0.022682 4
0.150  2477 0.022670 4
0.150  2455 0.022658 4
0.150  2430 0.022648 4
0.150  2404 0.022649 4
0.150  2380 0.022625 4
0.150  2355 0.022614 4
0.150  2331 0.022603 4
0.150  2306 0.022588 4
0.150  2281 0.022578 4
0.150  2257 0.022568 4
0.150  2233 0.022559 4
0.150  2210 0.022551 4
0.150  2186 0.022542 4
0.150  2162 0.022534 4
0.200 14049 0.045737 4
0.200 13797 0.043865 4
0.200 13568 0.042385 4
0.200 13359 0.041164 4
0.200 13160 0.040118 4
0.200 12971 0.039197 4
0.200 12789 0.038373 4
0.200 12612 0.037625 4
0.200 12440 0.036940 4
0.200 12271 0.036307 4
0.200 12104 0.035719 4
0.200 11939 0.035170 4
0.200 11775 0.034656 4
0.200 11612 0.034167 4
0.200 11449 0.033708 4
0.200 11287 0.033274 4
0.200 11127 0.032857 4
0.200 10968 0.032464 4
0.200 10812 0.032087 4
0.200 10659 0.031727 4
0.200 10506 0.031386 4
0.200 10358 0.031057 4
0.200 10211 0.030743 4
0.200 10065 0.030443 4
0.200  9920 0.030153 4
0.200  9775 0.029874 4
0.200  9631 0.029605 4
0.200  9487 0.029346 4
0.200  9347 0.029077 4
0.200  9217 0.028810 4
0.200  9092 0.028563 4
0.200  9031 0.028449 4
0.200  8949 0.028243 4
0.200  8859 0.028110 4
0.200  8775 0.027968 4
0.200  8654 0.027756 4
0.200  8522 0.027537 4
0.200  8392 0.027326 4
0.200  8260 0.027128 4
0.200  8131 0.026935 4
0.200  8004 0.026751 4
0.200  7883 0.026567 4
0.200  7762 0.026390 4
0.200  7644 0.026207 4
0.200  7527 0.026036 4
0.200  7410 0.025879 4
0.200  7295 0.025724 4
0.200  7182 0.025571 4
0.200  7071 0.025425 4
0.200  6961 0.025283 4
0.200  6853 0.025144 4
0.200  6746 0.025009 4
0.200  6642 0.024874 4
0.200  6540 0.024744 4
0.200  6438 0.024621 4
0.200  6340 0.024495 4
0.200  6244 0.024367 4
0.200  6149 0.024243 4
0.200  6056 0.024115 4
0.200  5965 0.023991 4
0.200  5876 0.023862 4
0.200  5791 0.023717 4
0.200  5709 0.023569 4
0.200  5628 0.023411 4
0.200  5550 0.023252 4
0.200  5476 0.023078 4
0.200  5405 0.022899 4
0.200  5339 0.022727 4
0.200  5302 0.022445 4
0.200  5267 0.022199 4
0.200  5220 0.022059 4
0.200  5165 0.021958 4
0.200  5113 0.021873 4
0.200  5064 0.021794 4
0.200  5014 0.021729 4
0.200  4967 0.021665 4
0.200  4920 0.021607 4
0.200  4876 0.021552 4
0.200  4831 0.021501 4
0.200  4788 0.021451 4
0.200  4748 0.021404 4
0.200  4705 0.021359 4
0.200  4668 0.021314 4
0.200  4628 0.021273 4
0.200  4589 0.021234 4
0.200  4556 0.021195 4
0.200  4519 0.021160 4
0.200  4489 0.021120 4
0.200  4454 0.021088 4
0.200  4424 0.021055 4
0.200  4390 0.021026 4
0.200  4360 0.020996 4
0.200  4325 0.020969 4
0.200  4296 0.020941 4
0.200  4264 0.020916 4
0.200  4226 0.020894 4
0.200  4188 0.020872 4
0.200  4152 0.020851 4
0.200  4112 0.020831 4
0.200  4073 0.020811 4
0.200  4024 0.020794 4
0.200  3975 0.020775 4
0.200  3928 0.020757 4
0.200  3877 0.020740 4
0.200  3825 0.020725 4
0.200  3778 0.020709 4
0.200  3729 0.020693 4
0.200  3680 0.020679 4
0.200  3632 0.020664 4
0.200  3584 0.020650 4
0.200  3538 0.020637 4
0.200  3491 0.020624 4
0.200  3445 0.020611 4
0.200  3400 0.020599 4
0.200  3355 0.020587 4
0.200  3311 0.020575 4
0.200  3267 0.020564 4
0.200  3225 0.020553 4
0.200  3181 0.020542 4
0.200  3141 0.020531 4
0.200  3101 0.020521 4
0.200  3064 0.020511 4
0.200  3028 0.020500 4
0.200  2996 0.020491 4
0.200  2960 0.020482 4
0.200  2927 0.020473 4
0.200  2889 0.020465 4
0.200  2852 0.020457 4
0.200  2814 0.020449 4
0.200  2777 0.020441 4
0.200  2740 0.020434 4
0.200  2702 0.020427 4
0.200  2665 0.020420 4
0.200  2628 0.020413 4
0.200  2591 0.020407 4
0.200  2555 0.020401 4
0.200  2519 0.020395 4
0.200  2483 0.020386 4
0.200  2447 0.020381 4
0.200  2412 0.020375 4
0.200  2377 0.020370 4
0.200  2343 0.020365 4
0.200  2309 0.020360 4
0.200  2276 0.020355 4
0.200 13959 0.048464 4
0.200 13752 0.046456 4
0.200 13525 0.044586 4
0.200 13317 0.043094 4
0.200 13124 0.041847 4
0.200 12939 0.040771 4
0.200 12761 0.039820 4
0.200 12588 0.038969 4
0.200 12420 0.038192 4
0.200 12256 0.037477 4
0.200 12094 0.036818 4
0.200 11935 0.036205 4
0.200 11776 0.035633 4
0.200 11618 0.035093 4
0.200 11459 0.034584 4
0.200 11302 0.034104 4
0.200 11144 0.033650 4
0.200 10990 0.033214 4
0.200 10836 0.032803 4
0.200 10684 0.032409 4
0.200 10535 0.032033 4
0.200 10387 0.031678 4
0.200 10243 0.031335 4
0.200 10099 0.031009 4
0.200  9957 0.030695 4
0.200  9815 0.030392 4
0.200  9673 0.030101 4
0.200  9532 0.029822 4
0.200  9391 0.029550 4
0.200  9256 0.029256 4
0.200  9170 0.029065 4
0.200  9087 0.028883 4
0.200  9007 0.028704 4
0.200  8952 0.028603 4
0.200  8875 0.028443 4
0.200  8766 0.028215 4
0.200  8635 0.027975 4
0.200  8506 0.027732 4
0.200  8375 0.027518 4
0.200  8248 0.027299 4
0.200  8117 0.027106 4
0.200  7993 0.026905 4
0.200  7873 0.026720 4
0.200  7754 0.026523 4
0.200  7638 0.026325 4
0.200  7521 0.026158 4
0.200  7406 0.025988 4
0.200  7291 0.025825 4
0.200  7179 0.025668 4
0.200  7069 0.025513 4
0.200  6960 0.025365 4
0.200  6852 0.025226 4
0.200  6746 0.025087 4
0.200  6643 0.024947 4
0.200  6541 0.024815 4
0.200  6440 0.024688 4
0.200  6341 0.024563 4
0.200  6244 0.024443 4
0.200  6148 0.024323 4
0.200  6055 0.024201 4
0.200  5963 0.024084 4
0.200  5872 0.023971 4
0.200  5783 0.023865 4
0.200  5697 0.023750 4
0.200  5611 0.023641 4
0.200  5526 0.023541 4
0.200  5444 0.023427 4
0.200  5361 0.023338 4
0.200  5283 0.023221 4
0.200  5205 0.023120 4
0.200  5131 0.022998 4
0.200  5061 0.022858 4
0.200  4990 0.022729 4
0.200  4919 0.022622 4
0.200  4857 0.022476 4
0.200  4793 0.022361 4
0.200  4735 0.022253 4
0.200  4672 0.022151 4
0.200  4613 0.022075 4
0.200  4562 0.021989 4
0.200  4495 0.021905 4
0.200  4442 0.021845 4
0.200  4392 0.021788 4
0.200  4350 0.021720 4
0.200  4296 0.021669 4
0.200  4251 0.021613 4
0.200  4204 0.021563 4
0.200  4158 0.021520 4
0.200  4105 0.021485 4
0.200  4058 0.021446 4
0.200  4008 0.021411 4
0.200  3960 0.021377 4
0.200  3911 0.021345 4
0.200  3862 0.021316 4
0.200  3819 0.021282 4
0.200  3771 0.021254 4
0.200  3722 0.021227 4
0.200  3702 0.021211 4
0.200  3694 0.021205 4
0.200  3675 0.021200 4
0.200  3658 0.021194 4
0.200  3638 0.021184 4
0.200  3612 0.021167 4
0.200  3572 0.021143 4
0.200  3532 0.021115 4
0.200  3490 0.021089 4
0.200  3457 0.021060 4
0.200  3424 0.021033 4
0.200  3401 0.021004 4
0.200  3388 0.020990 4
0.200  3366 0.020972 4
0.200  3339 0.020947 4
0.200  3317 0.020922 4
0.200  3293 0.020900 4
0.200  3265 0.020879 4
0.200  3241 0.020857 4
0.200  3218 0.020836 4
0.200  3192 0.020817 4
0.200  3166 0.020798 4
0.200  3144 0.020778 4
0.200  3120 0.020761 4
0.200  3093 0.020745 4
0.200  3071 0.020727 4
0.200  3046 0.020712 4
0.200  3026 0.020695 4
0.200  3007 0.020681 4
0.200  2983 0.020667 4
0.200  2963 0.020653 4
0.200  2941 0.020640 4
0.200  2913 0.020629 4
0.200  2887 0.020616 4
0.200  2860 0.020605 4
0.200  2834 0.020594 4
0.200  2814 0.020582 4
0.200  2778 0.020566 4
0.200  2753 0.020554 4
0.200  2730 0.020545 4
0.200  2702 0.020537 4
0.200  2676 0.020527 4
0.200  2656 0.020521 4
0.200  2624 0.020513 4
0.200  2596 0.020504 4
0.200  2566 0.020496 4
0.200  2540 0.020487 4
0.200  2504 0.020467 4
0.200  2476 0.020459 4
0.200  2449 0.020452 4
0.200  2422 0.020446 4
0.200  2395 0.020439 4
0.200  2369 0.020433 4
0.200  2342 0.020427 4
0.200  2316 0.020421 4
0.200  2290 0.020415 4
0.250 18935 0.040259 4
0.250 18528 0.038620 4
0.250 18100 0.037124 4
0.250 17708 0.035913 4
0.250 17346 0.034892 4
0.250 17006 0.034008 4
0.250 16682 0.033226 4
0.250 16371 0.032523 4
0.250 16067 0.031884 4
0.250 15770 0.031295 4
0.250 15479 0.030753 4
0.250 15193 0.030250 4
0.250 14913 0.029780 4
0.250 14637 0.029340 4
0.250 14364 0.028925 4
0.250 14094 0.028534 4
0.250 13824 0.028164 4
0.250 13556 0.027813 4
0.250 13289 0.027482 4
0.250 13026 0.027165 4
0.250 12767 0.026865 4
0.250 12513 0.026578 4
0.250 12265 0.026303 4
0.250 12023 0.026043 4
0.250 11787 0.025795 4
0.250 11553 0.025556 4
0.250 11321 0.025328 4
0.250 11091 0.025107 4
0.250 10862 0.024898 4
0.250 10636 0.024698 4
0.250 10416 0.024505 4
0.250 10198 0.024322 4
0.250  9986 0.024145 4
0.250  9773 0.023981 4
0.250  9570 0.023798 4
0.250  9440 0.023686 4
0.250  9315 0.023580 4
0.250  9196 0.023480 4
0.250  9084 0.023382 4
0.250  8927 0.023247 4
0.250  8780 0.023119 4
0.250  8598 0.022965 4
0.250  8418 0.022819 4
0.250  8242 0.022679 4
0.250  8069 0.022546 4
0.250  7900 0.022417 4
0.250  7734 0.022291 4
0.250  7573 0.022167 4
0.250  7414 0.022052 4
0.250  7260 0.021941 4
0.250  7109 0.021833 4
0.250  6961 0.021730 4
0.250  6817 0.021628 4
0.250  6676 0.021529 4
0.250  6539 0.021434 4
0.250  6405 0.021337 4
0.250  6274 0.021243 4
0.250  6147 0.021149 4
0.250  6023 0.021051 4
0.250  5903 0.020946 4
0.250  5788 0.020829 4
0.250  5678 0.020701 4
0.250  5571 0.020570 4
0.250  5503 0.020480 4
0.250  5415 0.020339 4
0.250  5330 0.020205 4
0.250  5268 0.020080 4
0.250  5205 0.019973 4
0.250  5140 0.019885 4
0.250  5081 0.019808 4
0.250  5026 0.019739 4
0.250  4970 0.019675 4
0.250  4919 0.019620 4
0.250  4864 0.019572 4
0.250  4809 0.019530 4
0.250  4760 0.019489 4
0.250  4707 0.019454 4
0.250  4658 0.019419 4
0.250  4607 0.019387 4
0.250  4553 0.019358 4
0.250  4506 0.019328 4
0.250  4454 0.019300 4
0.250  4401 0.019272 4
0.250  4354 0.019243 4
0.250  4300 0.019219 4
0.250  4245 0.019194 4
0.250  4183 0.019172 4
0.250  4122 0.019149 4
0.250  4058 0.019130 4
0.250  3990 0.019110 4
0.250  3922 0.019095 4
0.250  3860 0.019077 4
0.250  3814 0.019067 4
0.250  3757 0.019052 4
0.250  3699 0.019036 4
0.250  3649 0.019021 4
0.250  3622 0.019014 4
0.250  3584 0.019004 4
0.250  3529 0.018992 4
0.250  3482 0.018978 4
0.250  3444 0.018965 4
0.250  3410 0.018954 4
0.250  3376 0.018942 4
0.250  3337 0.018932 4
0.250  3292 0.018922 4
0.250  3244 0.018913 4
0.250  3195 0.018903 4
0.250  3144 0.018895 4
0.250  3096 0.018886 4
0.250  3050 0.018878 4
0.250  3001 0.018870 4
0.250  2952 0.018863 4
0.250  2902 0.018856 4
0.250  2849 0.018850 4
0.250  2798 0.018842 4
0.250  2748 0.018836 4
0.250  2698 0.018830 4
0.250  2648 0.018825 4
0.250  2598 0.018819 4
0.250  2550 0.018814 4
0.250  2502 0.018809 4
0.250  2454 0.018805 4
0.250  2407 0.018800 4
0.250 19040 0.043364 4
0.250 18751 0.041734 4
0.250 18487 0.040447 4
0.250 18238 0.039367 4
0.250 18003 0.038437 4
0.250 17779 0.037615 4
0.250 17565 0.036879 4
0.250 17358 0.036214 4
0.250 17160 0.035604 4
0.250 16967 0.035042 4
0.250 16780 0.034521 4
0.250 16598 0.034034 4
0.250 16420 0.033577 4
0.250 16244 0.033148 4
0.250 16071 0.032741 4
0.250 15900 0.032355 4
0.250 15730 0.031987 4
0.250 15562 0.031637 4
0.250 15395 0.031302 4
0.250 15230 0.030980 4
0.250 15067 0.030674 4
0.250 14906 0.030380 4
0.250 14747 0.030096 4
0.250 14588 0.029822 4
0.250 14430 0.029559 4
0.250 14273 0.029305 4
0.250 14117 0.029058 4
0.250 13961 0.028821 4
0.250 13806 0.028591 4
0.250 13650 0.028368 4
0.250 13495 0.028151 4
0.250 13340 0.027942 4
0.250 13187 0.027740 4
0.250 13035 0.027543 4
0.250 12883 0.027350 4
0.250 12733 0.027164 4
0.250 12584 0.026984 4
0.250 12439 0.026807 4
0.250 12293 0.026638 4
0.250 12151 0.026472 4
0.250 12010 0.026311 4
0.250 11872 0.026155 4
0.250 11736 0.026002 4
0.250 11599 0.025854 4
0.250 11464 0.025709 4
0.250 11329 0.025568 4
0.250 11194 0.025431 4
0.250 11060 0.025296 4
0.250 10927 0.025165 4
0.250 10795 0.025037 4
0.250 10663 0.024913 4
0.250 10533 0.024791 4
0.250 10405 0.024673 4
0.250 10278 0.024558 4
0.250 10152 0.024446 4
0.250 10027 0.024337 4
0.250  9904 0.024231 4
0.250  9780 0.024130 4
0.250  9661 0.024018 4
0.250  9547 0.023908 4
0.250  9437 0.023807 4
0.250  9328 0.023714 4
0.250  9227 0.023619 4
0.250  9169 0.023563 4
0.250  9084 0.023490 4
0.250  8975 0.023385 4
0.250  8866 0.023291 4
0.250  8758 0.023190 4
0.250  8651 0.023092 4
0.250  8545 0.022999 4
0.250  8441 0.022908 4
0.250  8337 0.022818 4
0.250  8235 0.022739 4
0.250  8133 0.022654 4
0.250  8033 0.022571 4
0.250  7934 0.022490 4
0.250  7836 0.022414 4
0.250  7740 0.022338 4
0.250  7645 0.022261 4
0.250  7553 0.022184 4
0.250  7460 0.022113 4
0.250  7368 0.022046 4
0.250  7277 0.021980 4
0.250  7188 0.021915 4
0.250  7100 0.021851 4
0.250  7014 0.021785 4
0.250  6928 0.021724 4
0.250  6844 0.021664 4
0.250  6761 0.021606 4
0.250  6679 0.021546 4
0.250  6598 0.021488 4
0.250  6518 0.021434 4
0.250  6440 0.021377 4
0.250  6364 0.021318 4
0.250  6287 0.021268 4
0.250  6212 0.021209 4
0.250  6137 0.021162 4
0.250  6065 0.021107 4
0.250  5993 0.021052 4
0.250  5922 0.021008 4
0.250  5853 0.020949 4
0.250  5784 0.020898 4
0.250  5715 0.020856 4
0.250  5649 0.020808 4
0.250  5583 0.020759 4
0.250  5517 0.020711 4
0.250  5455 0.020650 4
0.250  5391 0.020612 4
0.250  5330 0.020549 4
0.250  5269 0.020509 4
0.250  5209 0.020456 4
0.250  5151 0.020398 4
0.250  5096 0.020330 4
0.250  5037 0.020286 4
0.250  4985 0.020215 4
0.250  4931 0.020166 4
0.250  4881 0.020103 4
0.250  4830 0.020053 4
0.250  4785 0.019996 4
0.250  4743 0.019940 4
0.250  4707 0.019885 4
0.250  4675 0.019837 4
0.250  4641 0.019796 4
0.250  4613 0.019757 4
0.250  4565 0.019733 4
0.250  4543 0.019695 4
0.250  4495 0.019671 4
0.250  4468 0.019640 4
0.250  4446 0.019607 4
0.250  4401 0.019586 4
0.250  4373 0.019559 4
0.250  4353 0.019530 4
0.250  4307 0.019512 4
0.250  4286 0.019485 4
0.250  4243 0.019468 4
0.250  4219 0.019444 4
0.250  4193 0.019438 4
0.250  4182 0.019430 4
0.250  4169 0.019418 4
0.250  4134 0.019407 4
0.250  4097 0.019391 4
0.250  4073 0.019368 4
0.250  4037 0.019362 4
0.250  3997 0.019347 4
0.250  3960 0.019332 4
0.250  3936 0.019314 4
0.250  3891 0.019303 4
0.250  3849 0.019291 4
0.250  3835 0.019283 4
0.250  3819 0.019270 4
0.250  3784 0.019268 4
0.250  3773 0.019264 4
0.250  3755 0.019257 4
0.250  3726 0.019249 4
0.250  3693 0.019235 4
0.250  3672 0.019220 4
0.250  3623 0.019213 4
0.250  3605 0.019200 4
0.250  3569 0.019190 4
0.250  3543 0.019176 4
0.250  3519 0.019164 4
0.250  3491 0.019152 4
0.250  3469 0.019139 4
0.250  3447 0.019128 4
0.250  3430 0.019116 4
0.250  3413 0.019105 4
0.250  3397 0.019094 4
0.250  3376 0.019085 4
0.250  3359 0.019074 4
0.250  3343 0.019064 4
0.250  3328 0.019054 4
0.250  3309 0.019046 4
0.250  3299 0.019041 4
0.250  3280 0.019035 4
0.250  3254 0.019026 4
0.250  3230 0.019018 4
0.250  3206 0.019009 4
0.250  3181 0.019002 4
0.250  3158 0.018994 4
0.250  3138 0.018986 4
0.250  3123 0.018978 4
0.250  3107 0.018971 4
0.250  3099 0.018968 4
0.250  3084 0.018963 4
0.250  3067 0.018956 4
0.250  3050 0.018949 4
0.250  3027 0.018944 4
0.250  2999 0.018938 4
0.250  2985 0.018935 4
0.250  2968 0.018931 4
0.250  2944 0.018925 4
0.250  2916 0.018920 4
0.250  2891 0.018915 4
0.250  2874 0.018909 4
0.250  2855 0.018904 4
0.250  2832 0.018900 4
0.250  2809 0.018895 4
0.250  2786 0.018890 4
0.250  2766 0.018885 4
0.250  2742 0.018885 4
0.250  2728 0.018878 4
0.250  2709 0.018874 4
0.250  2689 0.018870 4
0.250  2665 0.018866 4
0.250  2647 0.018861 4
0.250  2627 0.018858 4
0.250  2601 0.018855 4
0.250  2578 0.018851 4
0.250  2558 0.018847 4
0.250  2539 0.018843 4
0.250  2514 0.018841 4
0.250  2501 0.018838 4
0.250  2481 0.018835 4
0.250  2463 0.018832 4
0.250  2441 0.018829 4
0.250  2416 0.018826 4
0.250  2394 0.018825 4
0.250  2375 0.018821 4
0.300 23631 0.035103 4
0.300 23081 0.033805 4
0.300 22573 0.032749 4
0.300 22098 0.031857 4
0.300 21649 0.031082 4
0.300 21222 0.030396 4
0.300 20811 0.029779 4
0.300 20415 0.029217 4
0.300 20029 0.028701 4
0.300 19655 0.028223 4
0.300 19289 0.027778 4
0.300 18928 0.027361 4
0.300 18570 0.026968 4
0.300 18216 0.026597 4
0.300 17864 0.026247 4
0.300 17519 0.025917 4
0.300 17179 0.025606 4
0.300 16846 0.025310 4
0.300 16517 0.025029 4
0.300 16193 0.024761 4
0.300 15872 0.024507 4
0.300 15553 0.024265 4
0.300 15236 0.024034 4
0.300 14925 0.023812 4
0.300 14618 0.023601 4
0.300 14317 0.023399 4
0.300 14021 0.023205 4
0.300 13734 0.023019 4
0.300 13455 0.022841 4
0.300 13183 0.022670 4
0.300 12915 0.022506 4
0.300 12648 0.022348 4
0.300 12384 0.022196 4
0.300 12124 0.022050 4
0.300 11868 0.021909 4
0.300 11616 0.021774 4
0.300 11370 0.021645 4
0.300 11129 0.021520 4
0.300 10891 0.021401 4
0.300 10654 0.021290 4
0.300 10422 0.021183 4
0.300 10192 0.021081 4
0.300  9971 0.020975 4
0.300  9762 0.020858 4
0.300  9565 0.020750 4
0.300  9440 0.020681 4
0.300  9321 0.020618 4
0.300  9153 0.020529 4
0.300  8958 0.020427 4
0.300  8777 0.020336 4
0.300  8591 0.020242 4
0.300  8408 0.020153 4
0.300  8229 0.020068 4
0.300  8055 0.019985 4
0.300  7885 0.019904 4
0.300  7719 0.019828 4
0.300  7557 0.019751 4
0.300  7398 0.019679 4
0.300  7245 0.019607 4
0.300  7093 0.019540 4
0.300  6945 0.019475 4
0.300  6800 0.019411 4
0.300  6659 0.019348 4
0.300  6521 0.019285 4
0.300  6385 0.019224 4
0.300  6253 0.019160 4
0.300  6123 0.019094 4
0.300  5996 0.019026 4
0.300  5873 0.018950 4
0.300  5753 0.018866 4
0.300  5636 0.018778 4
0.300  5525 0.018680 4
0.300  5422 0.018579 4
0.300  5338 0.018483 4
0.300  5269 0.018403 4
0.300  5220 0.018332 4
0.300  5178 0.018276 4
0.300  5138 0.018228 4
0.300  5083 0.018185 4
0.300  5039 0.018143 4
0.300  4996 0.018105 4
0.300  4954 0.018070 4
0.300  4912 0.018037 4
0.300  4870 0.018008 4
0.300  4826 0.017980 4
0.300  4781 0.017954 4
0.300  4734 0.017930 4
0.300  4682 0.017910 4
0.300  4637 0.017889 4
0.300  4581 0.017870 4
0.300  4526 0.017851 4
0.300  4470 0.017832 4
0.300  4414 0.017814 4
0.300  4357 0.017797 4
0.300  4304 0.017780 4
0.300  4240 0.017766 4
0.300  4178 0.017751 4
0.300  4114 0.017738 4
0.300  4036 0.017727 4
0.300  3968 0.017716 4
0.300  3894 0.017705 4
0.300  3829 0.017694 4
0.300  3775 0.017683 4
0.300  3724 0.017673 4
0.300  3677 0.017663 4
0.300  3625 0.017654 4
0.300  3567 0.017646 4
0.300  3515 0.017637 4
0.300  3465 0.017629 4
0.300  3423 0.017620 4
0.300  3383 0.017613 4
0.300  3345 0.017606 4
0.300  3303 0.017599 4
0.300  3256 0.017593 4
0.300  3208 0.017587 4
0.300  3157 0.017581 4
0.300  3108 0.017575 4
0.300  3060 0.017569 4
0.300  3011 0.017564 4
0.300  2963 0.017559 4
0.300  2913 0.017554 4
0.300  2862 0.017550 4
0.300  2807 0.017546 4
0.300  2756 0.017542 4
0.300  2705 0.017538 4
0.300  2652 0.017535 4
0.300  2602 0.017531 4
0.300  2552 0.017528 4
0.300  2501 0.017525 4
0.300 23917 0.037626 4
0.300 23419 0.036080 4
0.300 22950 0.034826 4
0.300 22514 0.033791 4
0.300 22101 0.032908 4
0.300 21710 0.032135 4
0.300 21334 0.031447 4
0.300 20972 0.030827 4
0.300 20623 0.030260 4
0.300 20283 0.029737 4
0.300 19951 0.029252 4
0.300 19626 0.028800 4
0.300 19309 0.028375 4
0.300 18997 0.027976 4
0.300 18686 0.027598 4
0.300 18378 0.027239 4
0.300 18071 0.026899 4
0.300 17767 0.026577 4
0.300 17467 0.026269 4
0.300 17172 0.025978 4
0.300 16882 0.025699 4
0.300 16594 0.025434 4
0.300 16310 0.025180 4
0.300 16030 0.024936 4
0.300 15751 0.024704 4
0.300 15474 0.024480 4
0.300 15199 0.024266 4
0.300 14927 0.024060 4
0.300 14657 0.023863 4
0.300 14394 0.023673 4
0.300 14133 0.023490 4
0.300 13879 0.023314 4
0.300 13630 0.023144 4
0.300 13387 0.022981 4
0.300 13150 0.022824 4
0.300 12915 0.022673 4
0.300 12683 0.022526 4
0.300 12451 0.022385 4
0.300 12223 0.022248 4
0.300 11997 0.022115 4
0.300 11774 0.021987 4
0.300 11556 0.021863 4
0.300 11341 0.021744 4
0.300 11130 0.021629 4
0.300 10921 0.021519 4
0.300 10714 0.021414 4
0.300 10509 0.021314 4
0.300 10308 0.021217 4
0.300 10107 0.021124 4
0.300  9917 0.021022 4
0.300  9799 0.020951 4
0.300  9683 0.020889 4
0.300  9573 0.020824 4
0.300  9419 0.020731 4
0.300  9272 0.020649 4
0.300  9133 0.020569 4
0.300  8964 0.020475 4
0.300  8796 0.020385 4
0.300  8632 0.020300 4
0.300  8471 0.020214 4
0.300  8313 0.020135 4
0.300  8161 0.020053 4
0.300  8009 0.019980 4
0.300  7860 0.019910 4
0.300  7716 0.019837 4
0.300  7573 0.019772 4
0.300  7435 0.019705 4
0.300  7300 0.019637 4
0.300  7166 0.019578 4
0.300  7037 0.019514 4
0.300  6909 0.019456 4
0.300  6784 0.019399 4
0.300  6661 0.019345 4
0.300  6540 0.019291 4
0.300  6422 0.019239 4
0.300  6308 0.019184 4
0.300  6194 0.019132 4
0.300  6082 0.019083 4
0.300  5973 0.019032 4
0.300  5865 0.018981 4
0.300  5761 0.018925 4
0.300  5657 0.018877 4
0.300  5556 0.018821 4
0.300  5455 0.018778 4
0.300  5391 0.018742 4
0.300  5302 0.018690 4
0.300  5206 0.018644 4
0.300  5114 0.018584 4
0.300  5029 0.018528 4
0.300  4944 0.018467 4
0.300  4868 0.018397 4
0.300  4794 0.018344 4
0.300  4726 0.018295 4
0.300  4671 0.018245 4
0.300  4628 0.018196 4
0.300  4584 0.018158 4
0.300  4540 0.018124 4
0.300  4498 0.018093 4
0.300  4462 0.018063 4
0.300  4431 0.018035 4
0.300  4391 0.018012 4
0.300  4345 0.017991 4
0.300  4311 0.017967 4
0.300  4277 0.017947 4
0.300  4248 0.017935 4
0.300  4227 0.017914 4
0.300  4184 0.017898 4
0.300  4141 0.017881 4
0.300  4096 0.017866 4
0.300  4063 0.017848 4
0.300  4016 0.017835 4
0.300  3960 0.017823 4
0.300  3886 0.017813 4
0.300  3818 0.017802 4
0.300  3758 0.017791 4
0.300  3715 0.017779 4
0.300  3669 0.017770 4
0.300  3653 0.017759 4
0.300  3618 0.017749 4
0.300  3585 0.017738 4
0.300  3550 0.017728 4
0.300  3520 0.017717 4
0.300  3480 0.017709 4
0.300  3427 0.017701 4
0.300  3378 0.017693 4
0.300  3333 0.017685 4
0.300  3290 0.017677 4
0.300  3254 0.017669 4
0.300  3217 0.017662 4
0.300  3179 0.017655 4
0.300  3144 0.017648 4
0.300  3105 0.017642 4
0.300  3073 0.017635 4
0.300  3036 0.017629 4
0.300  3006 0.017623 4
0.300  2978 0.017617 4
0.300  2951 0.017611 4
0.300  2922 0.017606 4
0.300  2890 0.017601 4
0.300  2862 0.017596 4
0.300  2830 0.017591 4
0.300  2797 0.017587 4
0.300  2759 0.017583 4
0.300  2727 0.017578 4
0.300  2689 0.017574 4
0.300  2657 0.017570 4
0.300  2619 0.017567 4
0.300  2583 0.017563 4
0.300  2550 0.017559 4
0.300  2512 0.017556 4
0.300  2476 0.017553 4
0.350 24834 0.026824 4
0.350 24348 0.026368 4
0.350 23867 0.025942 4
0.350 23393 0.025542 4
0.350 22924 0.025166 4
0.350 22464 0.024812 4
0.350 22013 0.024478 4
0.350 21569 0.024164 4
0.350 21131 0.023865 4
0.350 20697 0.023583 4
0.350 20268 0.023314 4
0.350 19845 0.023061 4
0.350 19434 0.022821 4
0.350 19033 0.022595 4
0.350 18642 0.022379 4
0.350 18258 0.022176 4
0.350 17882 0.021983 4
0.350 17514 0.021797 4
0.350 17151 0.021621 4
0.350 16793 0.021452 4
0.350 16441 0.021291 4
0.350 16094 0.021137 4
0.350 15757 0.020989 4
0.350 15427 0.020846 4
0.350 15106 0.020709 4
0.350 14794 0.020577 4
0.350 14490 0.020451 4
0.350 14191 0.020330 4
0.350 13896 0.020212 4
0.350 13605 0.020098 4
0.350 13316 0.019988 4
0.350 13033 0.019882 4
0.350 12754 0.019780 4
0.350 12480 0.019682 4
0.350 12213 0.019587 4
0.350 11949 0.019496 4
0.350 11687 0.019410 4
0.350 11430 0.019328 4
0.350 11176 0.019249 4
0.350 10928 0.019172 4
0.350 10690 0.019095 4
0.350 10456 0.019020 4
0.350 10228 0.018946 4
0.350 10007 0.018865 4
0.350  9803 0.018790 4
0.350  9613 0.018722 4
0.350  9437 0.018657 4
0.350  9270 0.018598 4
0.350  9073 0.018528 4
0.350  8879 0.018462 4
0.350  8690 0.018398 4
0.350  8505 0.018337 4
0.350  8324 0.018278 4
0.350  8148 0.018220 4
0.350  7975 0.018165 4
0.350  7806 0.018112 4
0.350  7641 0.018058 4
0.350  7479 0.018008 4
0.350  7320 0.017959 4
0.350  7163 0.017912 4
0.350  7009 0.017867 4
0.350  6859 0.017821 4
0.350  6711 0.017776 4
0.350  6565 0.017731 4
0.350  6421 0.017687 4
0.350  6279 0.017639 4
0.350  6141 0.017593 4
0.350  6005 0.017539 4
0.350  5873 0.017480 4
0.350  5744 0.017415 4
0.350  5619 0.017343 4
0.350  5503 0.017268 4
0.350  5403 0.017195 4
0.350  5321 0.017134 4
0.350  5262 0.017077 4
0.350  5211 0.017031 4
0.350  5169 0.016991 4
0.350  5131 0.016956 4
0.350  5094 0.016924 4
0.350  5051 0.016898 4
0.350  5016 0.016872 4
0.350  4983 0.016848 4
0.350  4954 0.016826 4
0.350  4928 0.016805 4
0.350  4898 0.016786 4
0.350  4869 0.016768 4
0.350  4833 0.016752 4
0.350  4797 0.016736 4
0.350  4748 0.016722 4
0.350  4705 0.016707 4
0.350  4668 0.016693 4
0.350  4584 0.016681 4
0.350  4539 0.016670 4
0.350  4482 0.016658 4
0.350  4427 0.016646 4
0.350  4390 0.016640 4
0.350  4331 0.016630 4
0.350  4270 0.016619 4
0.350  4196 0.016611 4
0.350  4111 0.016604 4
0.350  4035 0.016596 4
0.350  3961 0.016589 4
0.350  3883 0.016583 4
0.350  3809 0.016576 4
0.350  3747 0.016569 4
0.350  3694 0.016562 4
0.350  3640 0.016555 4
0.350  3593 0.016548 4
0.350  3546 0.016542 4
0.350  3503 0.016536 4
0.350  3462 0.016530 4
0.350  3426 0.016524 4
0.350  3391 0.016518 4
0.350  3358 0.016513 4
0.350  3318 0.016508 4
0.350  3276 0.016504 4
0.350  3230 0.016499 4
0.350  3182 0.016495 4
0.350  3132 0.016491 4
0.350  3077 0.016488 4
0.350  3027 0.016484 4
0.350  2974 0.016480 4
0.350  2919 0.016477 4
0.350  2869 0.016474 4
0.350  2813 0.016471 4
0.350  2758 0.016468 4
0.350  2705 0.016466 4
0.350  2653 0.016463 4
0.350  2601 0.016461 4
0.350  2548 0.016459 4
0.350 24653 0.027183 4
0.350 24232 0.026762 4
0.350 23816 0.026366 4
0.350 23403 0.025991 4
0.350 22996 0.025635 4
0.350 22592 0.025300 4
0.350 22196 0.024979 4
0.350 21804 0.024677 4
0.350 21419 0.024389 4
0.350 21039 0.024114 4
0.350 20660 0.023853 4
0.350 20285 0.023603 4
0.350 19914 0.023365 4
0.350 19551 0.023139 4
0.350 19197 0.022924 4
0.350 18849 0.022719 4
0.350 18509 0.022524 4
0.350 18175 0.022338 4
0.350 17847 0.022159 4
0.350 17525 0.021988 4
0.350 17207 0.021823 4
0.350 16892 0.021667 4
0.350 16582 0.021515 4
0.350 16276 0.021369 4
0.350 15976 0.021229 4
0.350 15682 0.021093 4
0.350 15393 0.020963 4
0.350 15111 0.020837 4
0.350 14836 0.020715 4
0.350 14569 0.020598 4
0.350 14306 0.020485 4
0.350 14047 0.020375 4
0.350 13789 0.020268 4
0.350 13534 0.020165 4
0.350 13283 0.020064 4
0.350 13034 0.019967 4
0.350 12789 0.019873 4
0.350 12549 0.019781 4
0.350 12312 0.019693 4
0.350 12079 0.019608 4
0.350 11849 0.019526 4
0.350 11620 0.019448 4
0.350 11396 0.019372 4
0.350 11173 0.019300 4
0.350 10954 0.019230 4
0.350 10744 0.019158 4
0.350 10539 0.019088 4
0.350 10336 0.019021 4
0.350 10140 0.018946 4
0.350  9956 0.018879 4
0.350  9784 0.018818 4
0.350  9625 0.018747 4
0.350  9473 0.018692 4
0.350  9328 0.018645 4
0.350  9156 0.018571 4
0.350  8984 0.018510 4
0.350  8823 0.018457 4
0.350  8660 0.018392 4
0.350  8498 0.018339 4
0.350  8341 0.018287 4
0.350  8187 0.018230 4
0.350  8035 0.018182 4
0.350  7887 0.018133 4
0.350  7741 0.018083 4
0.350  7599 0.018037 4
0.350  7458 0.017993 4
0.350  7321 0.017947 4
0.350  7185 0.017906 4
0.350  7053 0.017863 4
0.350  6922 0.017822 4
0.350  6794 0.017781 4
0.350  6666 0.017746 4
0.350  6542 0.017705 4
0.350  6418 0.017672 4
0.350  6297 0.017632 4
0.350  6179 0.017589 4
0.350  6061 0.017558 4
0.350  5947 0.017517 4
0.350  5834 0.017477 4
0.350  5725 0.017431 4
0.350  5613 0.017407 4
0.350  5509 0.017352 4
0.350  5402 0.017330 4
0.350  5300 0.017287 4
0.350  5205 0.017230 4
0.350  5114 0.017190 4
0.350  5066 0.017170 4
0.350  4994 0.017152 4
0.350  4914 0.017102 4
0.350  4847 0.017052 4
0.350  4781 0.017013 4
0.350  4751 0.016995 4
0.350  4700 0.016975 4
0.350  4651 0.016942 4
0.350  4607 0.016913 4
0.350  4553 0.016891 4
0.350  4511 0.016866 4
0.350  4470 0.016845 4
0.350  4431 0.016824 4
0.350  4390 0.016805 4
0.350  4368 0.016783 4
0.350  4331 0.016767 4
0.350  4299 0.016750 4
0.350  4236 0.016740 4
0.350  4200 0.016723 4
0.350  4169 0.016708 4
0.350  4133 0.016695 4
0.350  4079 0.016694 4
0.350  4064 0.016689 4
0.350  4037 0.016684 4
0.350  4013 0.016674 4
0.350  3936 0.016668 4
0.350  3901 0.016656 4
0.350  3818 0.016651 4
0.350  3781 0.016640 4
0.350  3759 0.016628 4
0.350  3702 0.016622 4
0.350  3669 0.016612 4
0.350  3645 0.016603 4
0.350  3587 0.016597 4
0.350  3535 0.016590 4
0.350  3483 0.016584 4
0.350  3432 0.016577 4
0.350  3391 0.016568 4
0.350  3365 0.016566 4
0.350  3324 0.016559 4
0.350  3281 0.016553 4
0.350  3243 0.016547 4
0.350  3204 0.016541 4
0.350  3166 0.016536 4
0.350  3149 0.016533 4
0.350  3129 0.016529 4
0.350  3103 0.016524 4
0.350  3075 0.016519 4
0.350  3043 0.016515 4
0.350  3016 0.016511 4
0.350  2991 0.016506 4
0.350  2968 0.016502 4
0.350  2944 0.016498 4
0.350  2917 0.016494 4
0.350  2891 0.016490 4
0.350  2861 0.016487 4
0.350  2823 0.016483 4
0.350  2791 0.016480 4
0.350  2756 0.016477 4
0.350  2724 0.016473 4
0.350  2683 0.016471 4
0.350  2646 0.016468 4
0.350  2610 0.016465 4
0.350  2576 0.016462 4
0.350  2546 0.016459 4
0.400 27139 0.023318 4
0.400 26543 0.022987 4
0.400 25957 0.022677 4
0.400 25382 0.022385 4
0.400 24820 0.022111 4
0.400 24272 0.021852 4
0.400 23740 0.021608 4
0.400 23219 0.021378 4
0.400 22704 0.021159 4
0.400 22202 0.020952 4
0.400 21710 0.020756 4
0.400 21233 0.020571 4
0.400 20773 0.020396 4
0.400 20325 0.020229 4
0.400 19890 0.020072 4
0.400 19468 0.019922 4
0.400 19056 0.019780 4
0.400 18655 0.019645 4
0.400 18259 0.019515 4
0.400 17876 0.019391 4
0.400 17497 0.019273 4
0.400 17127 0.019159 4
0.400 16767 0.019049 4
0.400 16416 0.018943 4
0.400 16074 0.018841 4
0.400 15742 0.018743 4
0.400 15418 0.018648 4
0.400 15096 0.018556 4
0.400 14778 0.018467 4
0.400 14464 0.018381 4
0.400 14153 0.018298 4
0.400 13848 0.018217 4
0.400 13549 0.018139 4
0.400 13255 0.018063 4
0.400 12967 0.017990 4
0.400 12681 0.017921 4
0.400 12399 0.017855 4
0.400 12124 0.017791 4
0.400 11852 0.017731 4
0.400 11591 0.017669 4
0.400 11336 0.017609 4
0.400 11087 0.017551 4
0.400 10844 0.017495 4
0.400 10607 0.017440 4
0.400 10376 0.017384 4
0.400 10151 0.017326 4
0.400  9943 0.017272 4
0.400  9750 0.017222 4
0.400  9570 0.017175 4
0.400  9401 0.017133 4
0.400  9200 0.017082 4
0.400  9003 0.017032 4
0.400  8810 0.016986 4
0.400  8621 0.016941 4
0.400  8435 0.016898 4
0.400  8253 0.016856 4
0.400  8074 0.016816 4
0.400  7898 0.016776 4
0.400  7724 0.016738 4
0.400  7554 0.016699 4
0.400  7386 0.016663 4
0.400  7220 0.016627 4
0.400  7057 0.016592 4
0.400  6896 0.016558 4
0.400  6737 0.016523 4
0.400  6581 0.016489 4
0.400  6428 0.016453 4
0.400  6278 0.016416 4
0.400  6131 0.016377 4
0.400  5988 0.016336 4
0.400  5849 0.016286 4
0.400  5715 0.016234 4
0.400  5589 0.016179 4
0.400  5478 0.016122 4
0.400  5391 0.016069 4
0.400  5321 0.016025 4
0.400  5264 0.015988 4
0.400  5221 0.015954 4
0.400  5181 0.015925 4
0.400  5139 0.015900 4
0.400  5095 0.015878 4
0.400  5057 0.015856 4
0.400  5017 0.015837 4
0.400  4985 0.015818 4
0.400  4956 0.015800 4
0.400  4926 0.015783 4
0.400  4891 0.015768 4
0.400  4849 0.015754 4
0.400  4799 0.015741 4
0.400  4754 0.015729 4
0.400  4722 0.015715 4
0.400  4682 0.015704 4
0.400  4639 0.015694 4
0.400  4596 0.015684 4
0.400  4541 0.015675 4
0.400  4503 0.015672 4
0.400  4459 0.015669 4
0.400  4399 0.015664 4
0.400  4321 0.015657 4
0.400  4244 0.015651 4
0.400  4164 0.015645 4
0.400  4089 0.015639 4
0.400  4017 0.015633 4
0.400  3954 0.015626 4
0.400  3907 0.015415 4
0.400  3825 0.015615 4
0.400  3763 0.015610 4
0.400  3704 0.015605 4
0.400  3650 0.015599 4
0.400  3602 0.015594 4
0.400  3564 0.015589 4
0.400  3531 0.015584 4
0.400  3502 0.015579 4
0.400  3469 0.015574 4
0.400  3435 0.015570 4
0.400  3403 0.015566 4
0.400  3368 0.015563 4
0.400  3329 0.015559 4
0.400  3283 0.015556 4
0.400  3236 0.015552 4
0.400  3189 0.015548 4
0.400  3138 0.015545 4
0.400  3085 0.015542 4
0.400  3035 0.015539 4
0.400  2978 0.015537 4
0.400  2927 0.015535 4
0.400  2873 0.015532 4
0.400  2813 0.015530 4
0.400  2761 0.015528 4
0.400  2708 0.015526 4
0.400  2656 0.015524 4
0.400 27311 0.023751 4
0.400 26859 0.023479 4
0.400 26411 0.023219 4
0.400 25967 0.022971 4
0.400 25530 0.022735 4
0.400 25101 0.022508 4
0.400 24677 0.022293 4
0.400 24263 0.022086 4
0.400 23857 0.021890 4
0.400 23459 0.021701 4
0.400 23065 0.021520 4
0.400 22676 0.021347 4
0.400 22293 0.021180 4
0.400 21916 0.021020 4
0.400 21546 0.020868 4
0.400 21186 0.020722 4
0.400 20835 0.020581 4
0.400 20492 0.020446 4
0.400 20156 0.020317 4
0.400 19828 0.020193 4
0.400 19507 0.020074 4
0.400 19193 0.019959 4
0.400 18886 0.019848 4
0.400 18582 0.019743 4
0.400 18284 0.019640 4
0.400 17990 0.019541 4
0.400 17701 0.019445 4
0.400 17416 0.019352 4
0.400 17136 0.019262 4
0.400 16862 0.019174 4
0.400 16592 0.019089 4
0.400 16329 0.019006 4
0.400 16071 0.018925 4
0.400 15818 0.018847 4
0.400 15570 0.018772 4
0.400 15325 0.018697 4
0.400 15082 0.018625 4
0.400 14841 0.018554 4
0.400 14602 0.018485 4
0.400 14364 0.018418 4
0.400 14131 0.018352 4
0.400 13899 0.018288 4
0.400 13670 0.018226 4
0.400 13445 0.018165 4
0.400 13224 0.018105 4
0.400 13006 0.018047 4
0.400 12788 0.017992 4
0.400 12573 0.017938 4
0.400 12362 0.017886 4
0.400 12152 0.017836 4
0.400 11945 0.017787 4
0.400 11743 0.017739 4
0.400 11547 0.017691 4
0.400 11355 0.017643 4
0.400 11165 0.017597 4
0.400 10979 0.017551 4
0.400 10796 0.017507 4
0.400 10616 0.017464 4
0.400 10440 0.017422 4
0.400 10270 0.017375 4
0.400 10102 0.017328 4
0.400  9943 0.017286 4
0.400  9793 0.017244 4
0.400  9651 0.017207 4
0.400  9517 0.017170 4
0.400  9363 0.017130 4
0.400  9211 0.017089 4
0.400  9063 0.017048 4
0.400  8916 0.017012 4
0.400  8771 0.016977 4
0.400  8629 0.016941 4
0.400  8489 0.016908 4
0.400  8351 0.016873 4
0.400  8216 0.016841 4
0.400  8082 0.016809 4
0.400  7950 0.016778 4
0.400  7820 0.016747 4
0.400  7691 0.016717 4
0.400  7565 0.016686 4
0.400  7439 0.016659 4
0.400  7315 0.016631 4
0.400  7194 0.016604 4
0.400  7073 0.016577 4
0.400  6953 0.016551 4
0.400  6835 0.016525 4
0.400  6719 0.016499 4
0.400  6605 0.016473 4
0.400  6492 0.016447 4
0.400  6381 0.016422 4
0.400  6272 0.016397 4
0.400  6164 0.016372 4
0.400  6059 0.016347 4
0.400  5955 0.016321 4
0.400  5854 0.016295 4
0.400  5754 0.016269 4
0.400  5658 0.016240 4
0.400  5562 0.016218 4
0.400  5468 0.016193 4
0.400  5378 0.016164 4
0.400  5290 0.016135 4
0.400  5204 0.016111 4
0.400  5123 0.016081 4
0.400  5045 0.016052 4
0.400  4973 0.016023 4
0.400  4903 0.015999 4
0.400  4845 0.015970 4
0.400  4787 0.015948 4
0.400  4733 0.015926 4
0.400  4688 0.015904 4
0.400  4648 0.015884 4
0.400  4620 0.015863 4
0.400  4578 0.015848 4
0.400  4536 0.015833 4
0.400  4493 0.015819 4
0.400  4455 0.015805 4
0.400  4423 0.015791 4
0.400  4388 0.015778 4
0.400  4347 0.015767 4
0.400  4317 0.015755 4
0.400  4293 0.015743 4
0.400  4250 0.015734 4
0.400  4224 0.015724 4
0.400  4178 0.015716 4
0.400  4135 0.015707 4
0.400  4090 0.015700 4
0.400  4048 0.015692 4
0.400  3998 0.015686 4
0.400  3945 0.015679 4
0.400  3889 0.015674 4
0.400  3854 0.015666 4
0.400  3817 0.015660 4
0.400  3785 0.015653 4
0.400  3734 0.015647 4
0.400  3717 0.015644 4
0.400  3679 0.015639 4
0.400  3638 0.015633 4
0.400  3599 0.015628 4
0.400  3560 0.015623 4
0.400  3514 0.015619 4
0.400  3492 0.015616 4
0.400  3462 0.015613 4
0.400  3422 0.015608 4
0.400  3387 0.015604 4
0.400  3350 0.015599 4
0.400  3319 0.015595 4
0.400  3289 0.015591 4
0.400  3255 0.015587 4
0.400  3224 0.015583 4
0.400  3200 0.015579 4
0.400  3172 0.015576 4
0.400  3149 0.015572 4
0.400  3121 0.015569 4
0.400  3104 0.015565 4
0.400  3080 0.015562 4
0.400  3059 0.015559 4
0.400  3040 0.015556 4
0.400  3026 0.015553 4
0.400  3008 0.015550 4
0.400  2989 0.015548 4
0.400  2962 0.015545 4
0.400  2932 0.015542 4
0.400  2904 0.015540 4
0.400  2873 0.015537 4
0.400  2841 0.015535 4
0.400  2810 0.015533 4
0.400  2780 0.015530 4
0.400  2751 0.015528 4
0.400  2721 0.015526 4
0.400  2710 0.015525 4
0.400  2699 0.015524 4
0.400  2678 0.015523 4
0.400  2652 0.015522 4
0.400  2624 0.015520 4
0.450 31113 0.021773 4
0.450 30567 0.021541 4
0.450 30027 0.021320 4
0.450 29491 0.021109 4
0.450 28963 0.020906 4
0.450 28445 0.020714 4
0.450 27933 0.020529 4
0.450 27432 0.020353 4
0.450 26940 0.020184 4
0.450 26462 0.020022 4
0.450 25994 0.019868 4
0.450 25537 0.019720 4
0.450 25089 0.019578 4
0.450 24647 0.019441 4
0.450 24213 0.019310 4
0.450 23788 0.019183 4
0.450 23373 0.019062 4
0.450 22968 0.018946 4
0.450 22575 0.018834 4
0.450 22193 0.018727 4
0.450 21820 0.018624 4
0.450 21457 0.018525 4
0.450 21103 0.018429 4
0.450 20759 0.018338 4
0.450 20422 0.018250 4
0.450 20093 0.018166 4
0.450 19772 0.018084 4
0.450 19454 0.018005 4
0.450 19142 0.017929 4
0.450 18836 0.017855 4
0.450 18535 0.017782 4
0.450 18239 0.017713 4
0.450 17947 0.017644 4
0.450 17662 0.017578 4
0.450 17382 0.017513 4
0.450 17108 0.017450 4
0.450 16838 0.017389 4
0.450 16574 0.017328 4
0.450 16310 0.017270 4
0.450 16049 0.017212 4
0.450 15790 0.017156 4
0.450 15533 0.017101 4
0.450 15279 0.017047 4
0.450 15027 0.016995 4
0.450 14778 0.016943 4
0.450 14533 0.016893 4
0.450 14291 0.016845 4
0.450 14054 0.016797 4
0.450 13820 0.016751 4
0.450 13588 0.016706 4
0.450 13358 0.016663 4
0.450 13131 0.016622 4
0.450 12908 0.016581 4
0.450 12687 0.016542 4
0.450 12473 0.016502 4
0.450 12264 0.016463 4
0.450 12058 0.016425 4
0.450 11856 0.016388 4
0.450 11657 0.016352 4
0.450 11463 0.016316 4
0.450 11272 0.016281 4
0.450 11084 0.016247 4
0.450 10899 0.016214 4
0.450 10717 0.016182 4
0.450 10540 0.016148 4
0.450 10367 0.016113 4
0.450 10203 0.016080 4
0.450 10048 0.016048 4
0.450  9901 0.016019 4
0.450  9761 0.015990 4
0.450  9601 0.015959 4
0.450  9443 0.015927 4
0.450  9287 0.015897 4
0.450  9134 0.015868 4
0.450  8982 0.015840 4
0.450  8833 0.015811 4
0.450  8685 0.015785 4
0.450  8540 0.015758 4
0.450  8397 0.015733 4
0.450  8255 0.015708 4
0.450  8115 0.015683 4
0.450  7976 0.015659 4
0.450  7840 0.015635 4
0.450  7705 0.015612 4
0.450  7572 0.015590 4
0.450  7441 0.015566 4
0.450  7311 0.015544 4
0.450  7182 0.015523 4
0.450  7057 0.015502 4
0.450  6932 0.015481 4
0.450  6810 0.015460 4
0.450  6690 0.015440 4
0.450  6573 0.015420 4
0.450  6458 0.015399 4
0.450  6345 0.015378 4
0.450  6235 0.015357 4
0.450  6127 0.015337 4
0.450  6022 0.015316 4
0.450  5919 0.015295 4
0.450  5819 0.015274 4
0.450  5721 0.015254 4
0.450  5625 0.015236 4
0.450  5533 0.015212 4
0.450  5442 0.015191 4
0.450  5353 0.015175 4
0.450  5268 0.015153 4
0.450  5184 0.015134 4
0.450  5105 0.015113 4
0.450  5030 0.015091 4
0.450  4964 0.015068 4
0.450  4903 0.015046 4
0.450  4841 0.015029 4
0.450  4785 0.015012 4
0.450  4737 0.014994 4
0.450  4695 0.014978 4
0.450  4661 0.014961 4
0.450  4620 0.014948 4
0.450  4576 0.014936 4
0.450  4531 0.014925 4
0.450  4491 0.014914 4
0.450  4458 0.014902 4
0.450  4422 0.014892 4
0.450  4380 0.014883 4
0.450  4350 0.014873 4
0.450  4325 0.014863 4
0.450  4292 0.014855 4
0.450  4250 0.014848 4
0.450  4209 0.014841 4
0.450  4174 0.014833 4
0.450  4126 0.014827 4
0.450  4075 0.014822 4
0.450  4023 0.014817 4
0.450  3978 0.014811 4
0.450  3934 0.014806 4
0.450  3893 0.014800 4
0.450  3861 0.014794 4
0.450  3811 0.014790 4
0.450  3765 0.014786 4
0.450  3733 0.014781 4
0.450  3681 0.014777 4
0.450  3644 0.014772 4
0.450  3606 0.014768 4
0.450  3560 0.014765 4
0.450  3513 0.014761 4
0.450  3474 0.014757 4
0.450  3434 0.014754 4
0.450  3400 0.014750 4
0.450  3367 0.014746 4
0.450  3334 0.014743 4
0.450  3308 0.014740 4
0.450  3283 0.014736 4
0.450  3254 0.014734 4
0.450  3227 0.014731 4
0.450  3202 0.014728 4
0.450  3183 0.014725 4
0.450  3160 0.014723 4
0.450  3140 0.014720 4
0.450  3117 0.014717 4
0.450  3101 0.014715 4
0.450  3084 0.014712 4
0.450  3062 0.014710 4
0.450  3042 0.014708 4
0.450  3018 0.014705 4
0.450  2991 0.014703 4
0.450  2960 0.014701 4
0.450  2929 0.014699 4
0.450  2899 0.014697 4
0.450  2870 0.014695 4
0.450  2840 0.014693 4
0.450  2808 0.014691 4
0.450  2777 0.014689 4
0.450  2748 0.014688 4
0.450  2721 0.014686 4
0.450  2687 0.014685 4
0.500 36617 0.020652 4
0.500 35971 0.020431 4
0.500 35330 0.020220 4
0.500 34692 0.020019 4
0.500 34059 0.019826 4
0.500 33434 0.019642 4
0.500 32816 0.019466 4
0.500 32210 0.019297 4
0.500 31610 0.019136 4
0.500 31020 0.018982 4
0.500 30443 0.018835 4
0.500 29878 0.018693 4
0.500 29325 0.018556 4
0.500 28784 0.018426 4
0.500 28258 0.018301 4
0.500 27747 0.018181 4
0.500 27248 0.018065 4
0.500 26758 0.017953 4
0.500 26277 0.017846 4
0.500 25806 0.017742 4
0.500 25345 0.017643 4
0.500 24897 0.017547 4
0.500 24463 0.017454 4
0.500 24042 0.017365 4
0.500 23631 0.017280 4
0.500 23234 0.017198 4
0.500 22847 0.017118 4
0.500 22469 0.017042 4
0.500 22106 0.016969 4
0.500 21752 0.016899 4
0.500 21407 0.016832 4
0.500 21068 0.016767 4
0.500 20735 0.016704 4
0.500 20407 0.016642 4
0.500 20085 0.016583 4
0.500 19768 0.016524 4
0.500 19453 0.016468 4
0.500 19144 0.016412 4
0.500 18842 0.016358 4
0.500 18543 0.016305 4
0.500 18249 0.016253 4
0.500 17962 0.016202 4
0.500 17678 0.016153 4
0.500 17396 0.016104 4
0.500 17116 0.016057 4
0.500 16838 0.016010 4
0.500 16563 0.015965 4
0.500 16289 0.015920 4
0.500 16020 0.015877 4
0.500 15754 0.015834 4
0.500 15491 0.015793 4
0.500 15233 0.015752 4
0.500 14979 0.015713 4
0.500 14728 0.015674 4
0.500 14480 0.015637 4
0.500 14235 0.015601 4
0.500 13993 0.015567 4
0.500 13755 0.015533 4
0.500 13518 0.015500 4
0.500 13289 0.015467 4
0.500 13065 0.015435 4
0.500 12845 0.015403 4
0.500 12630 0.015372 4
0.500 12417 0.015341 4
0.500 12208 0.015311 4
0.500 12002 0.015282 4
0.500 11800 0.015254 4
0.500 11602 0.015226 4
0.500 11406 0.015199 4
0.500 11214 0.015173 4
0.500 11025 0.015147 4
0.500 10839 0.015122 4
0.500 10658 0.015094 4
0.500 10479 0.015067 4
0.500 10311 0.015040 4
0.500 10151 0.015016 4
0.500  9980 0.014989 4
0.500  9811 0.014964 4
0.500  9644 0.014940 4
0.500  9481 0.014914 4
0.500  9319 0.014891 4
0.500  9159 0.014867 4
0.500  9001 0.014845 4
0.500  8846 0.014822 4
0.500  8692 0.014801 4
0.500  8540 0.014781 4
0.500  8391 0.014760 4
0.500  8243 0.014740 4
0.500  8098 0.014720 4
0.500  7955 0.014701 4
0.500  7814 0.014682 4
0.500  7674 0.014662 4
0.500  7538 0.014643 4
0.500  7403 0.014626 4
0.500  7271 0.014608 4
0.500  7141 0.014591 4
0.500  7014 0.014574 4
0.500  6889 0.014557 4
0.500  6767 0.014540 4
0.500  6648 0.014524 4
0.500  6532 0.014507 4
0.500  6419 0.014492 4
0.500  6308 0.014475 4
0.500  6201 0.014459 4
0.500  6096 0.014441 4
0.500  5994 0.014424 4
0.500  5894 0.014407 4
0.500  5797 0.014391 4
0.500  5701 0.014376 4
0.500  5609 0.014358 4
0.500  5518 0.014343 4
0.500  5430 0.014326 4
0.500  5344 0.014309 4
0.500  5257 0.014298 4
0.500  5176 0.014281 4
0.500  5100 0.014264 4
0.500  5027 0.014247 4
0.500  4963 0.014229 4
0.500  4904 0.014213 4
0.500  4841 0.014201 4
0.500  4790 0.014186 4
0.500  4745 0.014173 4
0.500  4709 0.014159 4
0.500  4666 0.014148 4
0.500  4624 0.014138 4
0.500  4575 0.014129 4
0.500  4534 0.014120 4
0.500  4498 0.014111 4
0.500  4463 0.014102 4
0.500  4426 0.014094 4
0.500  4390 0.014086 4
0.500  4359 0.014079 4
0.500  4333 0.014071 4
0.500  4295 0.014065 4
0.500  4254 0.014059 4
0.500  4212 0.014054 4
0.500  4172 0.014048 4
0.500  4124 0.014044 4
0.500  4081 0.014039 4
0.500  4031 0.014035 4
0.500  3990 0.014030 4
0.500  3953 0.014025 4
0.500  3916 0.014021 4
0.500  3881 0.014017 4
0.500  3830 0.014013 4
0.500  3780 0.014010 4
0.500  3736 0.014006 4
0.500  3689 0.014003 4
0.500  3647 0.014000 4
0.500  3595 0.013997 4
0.500  3547 0.013994 4
0.500  3506 0.013991 4
0.500  3472 0.013988 4
0.500  3435 0.013985 4
0.500  3402 0.013982 4
0.500  3377 0.013979 4
0.500  3351 0.013977 4
0.500  3326 0.013974 4
0.500  3303 0.013972 4
0.500  3279 0.013970 4
0.500  3253 0.013967 4
0.500  3229 0.013965 4
0.500  3205 0.013963 4
0.500  3187 0.013961 4
0.500  3168 0.013959 4
0.500  3147 0.013957 4
0.500  3125 0.013955 4
0.500  3105 0.013953 4
0.500  3086 0.013951 4
0.500  3055 0.013949 4
0.500  3027 0.013947 4
0.500  3001 0.013945 4
0.500  2970 0.013943 4
0.500  2937 0.013942 4
0.500  2905 0.013940 4
0.500  2876 0.013938 4
0.500  2848 0.013937 4
0.500  2817 0.013935 4
0.500  2784 0.013934 4
0.500  2755 0.013933 4
