5.999999999999999778e-02 9.400000000000000022e-02
6.064064064064064036e-02 9.400000000000000022e-02
6.128128128128127600e-02 9.400000000000000022e-02
6.192192192192191857e-02 9.400000000000000022e-02
6.256256256256255421e-02 9.400000000000000022e-02
6.320320320320320373e-02 9.400000000000000022e-02
6.384384384384383937e-02 9.400000000000000022e-02
6.448448448448447501e-02 9.400000000000000022e-02
6.512512512512512453e-02 9.400000000000000022e-02
6.576576576576576016e-02 9.400000000000000022e-02
6.640640640640640968e-02 9.400000000000000022e-02
6.704704704704704532e-02 9.400000000000000022e-02
6.768768768768768096e-02 9.400000000000000022e-02
6.832832832832833048e-02 9.400000000000000022e-02
6.896896896896896612e-02 9.400000000000000022e-02
6.960960960960960175e-02 9.400000000000000022e-02
7.025025025025025127e-02 9.412512512512512253e-02
7.089089089089088691e-02 9.444544544544544729e-02
7.153153153153152255e-02 9.476576576576575817e-02
7.217217217217217207e-02 9.511478144811479074e-02
7.281281281281280771e-02 9.554187520854187654e-02
7.345345345345344334e-02 9.596896896896896234e-02
7.409409409409409286e-02 9.639606272939606202e-02
7.473473473473472850e-02 9.682315648982316170e-02
7.537537537537536414e-02 9.737537537537536980e-02
7.601601601601601366e-02 9.801601601601601932e-02
7.665665665665664930e-02 9.865665665665665496e-02
7.729729729729728493e-02 9.929729729729729060e-02
7.793793793793793445e-02 9.993793793793792624e-02
7.857857857857857009e-02 1.005785785785785619e-01
7.921921921921920573e-02 1.012192192192191975e-01
7.985985985985985525e-02 1.018598598598598470e-01
8.050050050050049089e-02 1.025505505505505260e-01
8.114114114114112652e-02 1.032552552552552377e-01
8.178178178178177604e-02 1.039599599599599494e-01
8.242242242242241168e-02 1.046646646646646472e-01
8.306306306306306120e-02 1.053693693693693589e-01
8.370370370370369684e-02 1.060740740740740706e-01
8.434434434434433248e-02 1.067787787787787684e-01
8.498498498498498199e-02 1.074834834834834801e-01
8.562562562562561763e-02 1.081881881881881780e-01
8.626626626626626715e-02 1.088928928928928896e-01
8.690690690690690279e-02 1.095975975975976013e-01
8.754754754754753843e-02 1.103023023023022992e-01
8.818818818818818794e-02 1.110070070070070108e-01
8.882882882882882358e-02 1.117117117117117087e-01
8.946946946946945922e-02 1.124164164164164065e-01
9.011011011011010874e-02 1.131211211211211320e-01
9.075075075075074438e-02 1.138258258258258299e-01
9.139139139139138002e-02 1.145305305305305277e-01
9.203203203203202953e-02 1.152352352352352394e-01
9.267267267267266517e-02 1.159399399399399372e-01
9.331331331331330081e-02 1.166446446446446350e-01
9.395395395395395033e-02 1.173493493493493467e-01
9.459459459459458597e-02 1.180540540540540445e-01
9.523523523523522161e-02 1.187587587587587423e-01
9.587587587587587112e-02 1.194634634634634540e-01
9.651651651651650676e-02 1.201681681681681518e-01
9.715715715715714240e-02 1.208728728728728496e-01
9.779779779779779192e-02 1.215775775775775613e-01
9.843843843843842756e-02 1.222822822822822592e-01
9.907907907907906320e-02 1.229869869869869570e-01
9.971971971971971271e-02 1.236916916916916825e-01
1.003603603603603484e-01 1.243963963963963804e-01
1.010010010010009840e-01 1.251011011011010643e-01
1.016416416416416335e-01 1.258058058058058037e-01
1.022822822822822691e-01 1.265105105105104877e-01
1.029229229229229048e-01 1.272152152152151994e-01
1.035635635635635543e-01 1.279199199199199111e-01
1.042042042042042038e-01 1.286246246246246228e-01
1.048448448448448256e-01 1.293293293293293067e-01
1.054854854854854751e-01 1.300340340340340184e-01
1.061261261261261246e-01 1.307387387387387301e-01
1.067667667667667464e-01 1.314434434434434140e-01
1.074074074074073959e-01 1.321481481481481257e-01
1.080480480480480454e-01 1.328528528528528652e-01
1.086886886886886672e-01 1.335575575575575491e-01
1.093293293293293167e-01 1.342622622622622608e-01
1.099699699699699662e-01 1.349669669669669725e-01
1.106106106106106018e-01 1.356411411411411472e-01
1.112512512512512375e-01 1.363138138138138000e-01
1.118918918918918870e-01 1.369864864864864806e-01
1.125325325325325226e-01 1.376591591591591612e-01
1.131731731731731583e-01 1.383318318318318141e-01
1.138138138138138078e-01 1.390045045045044947e-01
1.144544544544544434e-01 1.396771771771771753e-01
1.150950950950950791e-01 1.403498498498498281e-01
1.157357357357357286e-01 1.410225225225225087e-01
1.163763763763763642e-01 1.416951951951951894e-01
1.170170170170169999e-01 1.423678678678678422e-01
1.176576576576576494e-01 1.430405405405405228e-01
1.182982982982982850e-01 1.437132132132132034e-01
1.189389389389389207e-01 1.443858858858858563e-01
1.195795795795795702e-01 1.450585585585585369e-01
1.202202202202202058e-01 1.457312312312312175e-01
1.208608608608608415e-01 1.464039039039038981e-01
1.215015015015014910e-01 1.470765765765765787e-01
1.221421421421421266e-01 1.477492492492492315e-01
1.227827827827827623e-01 1.484219219219219121e-01
1.234234234234234118e-01 1.490945945945945927e-01
1.240640640640640474e-01 1.497672672672672456e-01
1.247047047047046969e-01 1.504399399399399262e-01
1.253453453453453326e-01 1.511126126126126068e-01
1.259859859859859821e-01 1.517852852852852874e-01
1.266266266266266038e-01 1.524579579579579403e-01
1.272672672672672534e-01 1.531306306306306209e-01
1.279079079079079029e-01 1.539781934322833890e-01
1.285485485485485246e-01 1.548588112285161078e-01
1.291891891891891742e-01 1.557358020610840332e-01
1.298298298298298237e-01 1.566091967292736753e-01
1.304704704704704454e-01 1.574790258737049642e-01
1.311111111111110950e-01 1.583453199767108355e-01
1.317517517517517445e-01 1.592081093627166488e-01
1.323923923923923662e-01 1.600674241986193291e-01
1.330330330330330157e-01 1.609232944941676735e-01
1.336736736736736653e-01 1.617757501023410482e-01
1.343143143143142870e-01 1.626248207197293627e-01
1.349549549549549365e-01 1.634705358869124880e-01
1.355955955955955861e-01 1.643129249888398424e-01
1.362362362362362078e-01 1.651520172552095878e-01
1.368768768768768573e-01 1.659878417608483814e-01
1.375175175175175069e-01 1.668204274260910724e-01
1.381581581581581286e-01 1.676498030171596765e-01
1.387987987987987781e-01 1.684759971465432937e-01
1.394394394394394276e-01 1.692990382733776944e-01
1.400800800800800494e-01 1.701189547038245153e-01
1.407207207207206989e-01 1.709357745914507898e-01
1.413613613613613484e-01 1.717495259376087546e-01
1.420020020020019702e-01 1.725602365918149916e-01
1.426426426426426197e-01 1.733679342521302902e-01
1.432832832832832692e-01 1.741726464655387885e-01
1.439239239239238910e-01 1.749744006283278919e-01
1.445645645645645405e-01 1.757732239864674140e-01
1.452052052052051900e-01 1.765691436359892175e-01
1.458458458458458118e-01 1.773621865233666883e-01
1.464864864864864613e-01 1.781523794458944876e-01
1.471271271271271108e-01 1.789397490520677481e-01
1.477677677677677326e-01 1.797243218419616040e-01
1.484084084084084099e-01 1.805061241676109984e-01
1.490490490490490316e-01 1.812851822333897134e-01
1.496896896896896534e-01 1.820615220963902881e-01
1.503303303303303307e-01 1.828351696668036042e-01
1.509709709709709524e-01 1.836061507082976385e-01
1.516116116116115742e-01 1.843744908383981029e-01
1.522522522522522515e-01 1.851402155288669749e-01
1.528928928928928732e-01 1.859033501060824156e-01
1.535335335335334950e-01 1.866639197514182447e-01
1.541741741741741722e-01 1.874219495016238579e-01
1.548148148148147940e-01 1.881774642492025917e-01
1.554554554554554158e-01 1.889304887427927515e-01
1.560960960960960930e-01 1.896810475875456981e-01
1.567367367367367148e-01 1.904291652455062656e-01
1.573773773773773366e-01 1.911748660359921248e-01
1.580180180180180138e-01 1.919181741359728688e-01
1.586586586586586356e-01 1.926591135804499866e-01
1.592992992992992574e-01 1.933977082628362265e-01
1.599399399399399346e-01 1.941339819353350704e-01
1.605805805805805564e-01 1.948679582093199858e-01
1.612212212212212059e-01 1.955996605557147883e-01
1.618618618618618554e-01 1.963291123053716170e-01
1.625025025025024772e-01 1.970563366494525182e-01
1.631431431431431267e-01 1.977813566398069767e-01
1.637837837837837762e-01 1.985041951893524448e-01
1.644244244244243980e-01 1.992248750724538164e-01
1.650650650650650475e-01 1.999434189253029015e-01
1.657057057057056970e-01 2.006598492462972894e-01
1.663463463463463188e-01 2.013741883964209889e-01
1.669869869869869683e-01 2.020864585996230700e-01
1.676276276276276178e-01 2.027966819431973600e-01
1.682682682682682396e-01 2.035048803781620841e-01
1.689089089089088891e-01 2.042110757196395066e-01
1.695495495495495386e-01 2.049152896472348495e-01
1.701901901901901604e-01 2.056175437054164890e-01
1.708308308308308099e-01 2.063178593038953179e-01
1.714714714714714594e-01 2.070162577180037766e-01
1.721121121121120812e-01 2.077127600890757153e-01
1.727527527527527307e-01 2.084073874248260350e-01
1.733933933933933802e-01 2.091001605997299950e-01
1.740340340340340020e-01 2.097911003554027987e-01
1.746746746746746515e-01 2.104802273009790670e-01
1.753153153153153010e-01 2.111675619134922577e-01
1.759559559559559228e-01 2.118531245382541950e-01
1.765965965965965723e-01 2.125369353892348767e-01
1.772372372372372218e-01 2.132190145494416711e-01
1.778778778778778435e-01 2.138993819712986799e-01
1.785185185185184931e-01 2.145780574770268234e-01
1.791591591591591426e-01 2.152550607590226484e-01
1.797997997997997643e-01 2.159304113802385794e-01
1.804404404404404139e-01 2.166041287745616162e-01
1.810810810810810634e-01 2.172762322471935847e-01
1.817217217217216851e-01 2.179467409750300011e-01
1.823623623623623347e-01 2.186156740070402116e-01
1.830030030030029842e-01 2.192830502646462565e-01
1.836436436436436059e-01 2.199488885421031215e-01
1.842842842842842555e-01 2.206132075068774900e-01
1.849249249249249050e-01 2.212760257000275510e-01
1.855655655655655267e-01 2.219373615365827501e-01
1.862062062062061762e-01 2.225972333059229868e-01
1.868468468468468258e-01 2.232556591721583106e-01
1.874874874874874475e-01 2.239126571745083394e-01
1.881281281281280970e-01 2.245682452276815122e-01
1.887687687687687466e-01 2.252224411222551737e-01
1.894094094094093961e-01 2.258752625250546597e-01
1.900500500500500178e-01 2.265267269795329386e-01
1.906906906906906674e-01 2.271768519061500291e-01
1.913313313313313169e-01 2.278256546027524754e-01
1.919719719719719386e-01 2.284731522449531538e-01
1.926126126126125881e-01 2.291193618865105253e-01
1.932532532532532377e-01 2.297643004597081096e-01
1.938938938938938594e-01 2.304079847757341259e-01
1.945345345345345089e-01 2.310504315250610230e-01
1.951751751751751585e-01 2.316916572778247863e-01
1.958158158158157802e-01 2.323316784842045790e-01
1.964564564564564297e-01 2.329705114748022721e-01
1.970970970970970793e-01 2.336081724610219734e-01
1.977377377377377010e-01 2.342446775354496136e-01
1.983783783783783505e-01 2.348800426722322532e-01
1.990190190190190000e-01 2.355142837274571688e-01
1.996596596596596218e-01 2.361474164395325481e-01
2.003003003003002713e-01 2.367794564295661319e-01
2.009409409409409208e-01 2.374104192017446879e-01
2.015815815815815426e-01 2.380403201437138183e-01
2.022222222222221921e-01 2.386691745269574338e-01
2.028628628628628416e-01 2.392969975071771727e-01
2.035035035035034634e-01 2.399238041246719855e-01
2.041441441441441129e-01 2.405496093047174988e-01
2.047847847847847624e-01 2.411744278579456557e-01
2.054254254254253842e-01 2.417982744807243012e-01
2.060660660660660337e-01 2.424211637555363785e-01
2.067067067067066832e-01 2.430431101513597925e-01
2.073473473473473050e-01 2.436641280240467167e-01
2.079879879879879545e-01 2.442842316167032346e-01
2.086286286286286040e-01 2.449034350600685361e-01
2.092692692692692258e-01 2.455217523728947249e-01
2.099099099099098753e-01 2.461391974623265699e-01
2.105505505505505248e-01 2.467557841242800920e-01
2.111911911911911466e-01 2.473715260438232588e-01
2.118318318318317961e-01 2.479864367955545712e-01
2.124724724724724456e-01 2.486005298439829259e-01
2.131131131131130951e-01 2.492138185439073117e-01
2.137537537537537169e-01 2.498263161407956734e-01
2.143943943943943664e-01 2.504380357711654126e-01
2.150350350350350159e-01 2.510489904629620295e-01
2.156756756756756377e-01 2.516591931359389855e-01
2.163163163163162872e-01 2.522686566020371224e-01
2.169569569569569367e-01 2.528773935657642191e-01
2.175975975975975585e-01 2.534854166245744667e-01
2.182382382382382080e-01 2.540927382692480530e-01
2.188788788788788575e-01 2.546993708842707482e-01
2.195195195195194793e-01 2.553053267482130462e-01
2.201601601601601288e-01 2.559106180341101933e-01
2.208008008008007783e-01 2.565152568098409969e-01
2.214414414414414001e-01 2.571192550385080766e-01
2.220820820820820496e-01 2.577226245788172276e-01
2.227227227227226991e-01 2.583253771854558956e-01
2.233633633633633209e-01 2.589275245094745381e-01
2.240040040040039704e-01 2.595290780986646562e-01
2.246446446446446199e-01 2.601300493979387118e-01
2.252852852852852417e-01 2.607304497497097140e-01
2.259259259259258912e-01 2.613302903942712474e-01
2.265665665665665407e-01 2.619295824701755038e-01
2.272072072072071625e-01 2.625283370146145323e-01
2.278478478478478120e-01 2.631265649637983817e-01
2.284884884884884615e-01 2.637242771533356844e-01
2.291291291291290833e-01 2.643214843186120211e-01
2.297697697697697328e-01 2.649181970951708376e-01
2.304104104104103823e-01 2.655144260190916983e-01
2.310510510510510040e-01 2.661101815273702043e-01
2.316916916916916536e-01 2.667054739582974676e-01
2.323323323323323031e-01 2.673003135518403628e-01
2.329729729729729248e-01 2.678947104500196685e-01
2.336136136136135744e-01 2.684886746972907634e-01
2.342542542542542239e-01 2.690822162409224338e-01
2.348948948948948456e-01 2.696753449313767925e-01
2.355355355355354952e-01 2.702680705226881974e-01
2.361761761761761447e-01 2.708604026728438363e-01
2.368168168168167942e-01 2.714523509441618687e-01
2.374574574574574160e-01 2.720439248036720103e-01
2.380980980980980655e-01 2.726351336234946743e-01
2.387387387387387150e-01 2.732259866812205562e-01
2.393793793793793367e-01 2.738164931602895535e-01
2.400200200200199863e-01 2.744066621503714609e-01
2.406606606606606358e-01 2.749965026477442231e-01
2.413013013013012575e-01 2.755860235556744087e-01
2.419419419419419071e-01 2.761752336847957956e-01
2.425825825825825566e-01 2.767641417534904003e-01
2.432232232232231783e-01 2.773527563882656199e-01
2.438638638638638279e-01 2.779410861241362607e-01
2.445045045045044774e-01 2.785291394050021241e-01
2.451451451451450991e-01 2.791169245840290358e-01
2.457857857857857486e-01 2.797044499240268767e-01
2.464264264264263982e-01 2.802917235978304999e-01
2.470670670670670199e-01 2.808787536886776515e-01
2.477077077077076694e-01 2.814655481905901091e-01
2.483483483483483190e-01 2.820521150087523798e-01
2.489889889889889407e-01 2.826384619598910630e-01
2.496296296296295902e-01 2.832245967726545466e-01
2.502702702702702675e-01 2.838105270879928144e-01
2.509109109109108893e-01 2.843962604595368093e-01
2.515515515515515110e-01 2.849818043539772416e-01
2.521921921921921328e-01 2.855671661514450621e-01
2.528328328328327546e-01 2.861523531458906033e-01
2.534734734734734318e-01 2.867373725454630540e-01
2.541141141141141091e-01 2.873222314728898219e-01
2.547547547547547309e-01 2.879069369658564526e-01
2.553953953953953526e-01 2.884914959773855481e-01
2.560360360360359744e-01 2.890759153762171296e-01
2.566766766766765961e-01 2.896602019471870015e-01
2.573173173173172734e-01 2.902443623916073356e-01
2.579579579579579507e-01 2.908284033276455904e-01
2.585985985985985725e-01 2.914123312907042074e-01
2.592392392392391942e-01 2.919961527337998630e-01
2.598798798798798160e-01 2.925798740279437204e-01
2.605205205205204932e-01 2.931635014625195712e-01
2.611611611611611150e-01 2.937470412456647528e-01
2.618018018018017923e-01 2.943304995046492900e-01
2.624424424424424140e-01 2.949138822862545917e-01
2.630830830830830358e-01 2.954971955571535913e-01
2.637237237237236576e-01 2.960804452042908874e-01
2.643643643643643348e-01 2.966636370352609964e-01
2.650050050050049566e-01 2.972467767786882709e-01
2.656456456456456339e-01 2.978298700846073732e-01
2.662862862862862556e-01 2.984129225248411954e-01
2.669269269269268774e-01 2.989959395933816655e-01
2.675675675675674992e-01 2.995789267067685557e-01
2.682082082082081764e-01 3.001618892044690678e-01
2.688488488488487982e-01 3.007448323492577513e-01
2.694894894894894755e-01 3.013277613275955336e-01
2.701301301301300972e-01 3.019106812500095272e-01
2.707707707707707190e-01 3.024935971514720601e-01
2.714114114114113407e-01 3.030765139917812601e-01
2.720520520520520180e-01 3.036594366559393077e-01
2.726926926926926398e-01 3.042423699545326876e-01
2.733333333333333171e-01 3.048253186241111079e-01
2.739739739739739388e-01 3.054082873275679733e-01
2.746146146146145606e-01 3.059912806545193042e-01
2.752552552552551823e-01 3.065743031216825454e-01
2.758958958958958596e-01 3.071573591732575936e-01
2.765365365365364814e-01 3.077404531813049404e-01
2.771771771771771586e-01 3.083235894461261450e-01
2.778178178178177804e-01 3.089067721966425317e-01
2.784584584584584022e-01 3.094900055907755521e-01
2.790990990990990239e-01 3.100732937158257041e-01
2.797397397397397012e-01 3.106566405888515625e-01
2.803803803803803230e-01 3.112400501570509181e-01
2.810210210210210002e-01 3.118235262981384759e-01
2.816616616616616220e-01 3.124070728207267722e-01
2.823023023023022438e-01 3.129906934647044281e-01
2.829429429429428655e-01 3.135743919016166226e-01
2.835835835835835428e-01 3.141581717350444558e-01
2.842242242242242201e-01 3.147420365009838683e-01
2.848648648648648418e-01 3.153259896682256702e-01
2.855055055055054636e-01 3.159100346387353486e-01
2.861461461461460853e-01 3.164941747480316536e-01
2.867867867867867071e-01 3.170784132655668497e-01
2.874274274274273844e-01 3.176627533951056348e-01
2.880680680680680616e-01 3.182471982751058359e-01
2.887087087087086834e-01 3.188317509790958848e-01
2.893493493493493052e-01 3.194164145160567347e-01
2.899899899899899269e-01 3.200011918307990033e-01
2.906306306306305487e-01 3.205860858043446671e-01
2.912712712712712260e-01 3.211710992543049814e-01
2.919119119119119032e-01 3.217562349352606210e-01
2.925525525525525250e-01 3.223414955391409320e-01
2.931931931931931468e-01 3.229268836956040722e-01
2.938338338338337685e-01 3.235124019724155975e-01
2.944744744744743903e-01 3.240980528758288237e-01
2.951151151151150676e-01 3.246838388509634132e-01
2.957557557557557448e-01 3.252697622821861811e-01
2.963963963963963666e-01 3.258558254934889042e-01
2.970370370370369884e-01 3.264420307488694606e-01
2.976776776776776101e-01 3.270283802527107486e-01
2.983183183183182319e-01 3.276148761501593842e-01
2.989589589589589091e-01 3.282015205275063963e-01
2.995995995995995864e-01 3.287883154125661456e-01
3.002402402402402082e-01 3.293752627750559103e-01
3.008808808808808299e-01 3.299623645269751382e-01
3.015215215215214517e-01 3.305496225229860308e-01
3.021621621621620735e-01 3.311370385607915745e-01
3.028028028028027507e-01 3.317246143815157922e-01
3.034434434434434280e-01 3.323123516700832170e-01
3.040840840840840498e-01 3.329002520555984779e-01
3.047247247247246715e-01 3.334883171117257739e-01
3.053653653653652933e-01 3.340765483570681260e-01
3.060060060060059706e-01 3.346649472555471849e-01
3.066466466466465923e-01 3.352535152167823718e-01
3.072872872872872696e-01 3.358422535964709077e-01
3.079279279279278914e-01 3.364311636967669550e-01
3.085685685685685131e-01 3.370202467666612023e-01
3.092092092092091349e-01 3.376095040023605609e-01
3.098498498498498122e-01 3.381989365476669729e-01
3.104904904904904339e-01 3.387885454943583285e-01
3.111311311311310557e-01 3.393783318825659423e-01
3.117717717717717330e-01 3.399682967011562473e-01
3.124124124124123547e-01 3.405584408881088265e-01
3.130530530530529765e-01 3.411487653308959977e-01
3.136936936936936537e-01 3.417392708668637313e-01
3.143343343343342755e-01 3.423299582836090149e-01
3.149749749749748973e-01 3.429208283193607709e-01
3.156156156156155745e-01 3.435118816633591088e-01
3.162562562562561963e-01 3.441031189562353543e-01
3.168968968968968181e-01 3.446945407903899694e-01
3.175375375375374953e-01 3.452861477103735810e-01
3.181781781781781171e-01 3.458779402132660108e-01
3.188188188188187944e-01 3.464699187490557497e-01
3.194594594594594161e-01 3.470620837210190990e-01
3.201001001001000379e-01 3.476544354861003105e-01
3.207407407407407152e-01 3.482469743552911723e-01
3.213813813813813369e-01 3.488397005940094830e-01
3.220220220220219587e-01 3.494326144224795261e-01
3.226626626626626360e-01 3.500257160161116543e-01
3.233033033033032577e-01 3.506190055058807653e-01
3.239439439439438795e-01 3.512124829787073299e-01
3.245845845845845568e-01 3.518061484778352010e-01
3.252252252252251785e-01 3.524000020032123093e-01
3.258658658658658003e-01 3.529940435118701370e-01
3.265065065065064775e-01 3.535882729183023043e-01
3.271471471471470993e-01 3.541826900948452650e-01
3.277877877877877211e-01 3.547772948720567809e-01
3.284284284284283983e-01 3.553720870390967290e-01
3.290690690690690201e-01 3.559670663441045768e-01
3.297097097097096419e-01 3.565622324945809662e-01
3.303503503503503191e-01 3.571575851577659666e-01
3.309909909909909409e-01 3.577531239610191038e-01
3.316316316316315627e-01 3.583488484921988348e-01
3.322722722722722399e-01 3.589447583000412445e-01
3.329129129129128617e-01 3.595408528945417403e-01
3.335535535535534835e-01 3.601371317473311962e-01
3.341941941941941607e-01 3.607335942920587568e-01
3.348348348348347825e-01 3.613302399247697583e-01
3.354754754754754043e-01 3.619270680042839805e-01
3.361161161161160815e-01 3.625240778525788965e-01
3.367567567567567033e-01 3.631212687551649276e-01
3.373973973973973250e-01 3.637186399614678045e-01
3.380380380380380023e-01 3.643161906852067089e-01
3.386786786786786241e-01 3.649139201047750802e-01
3.393193193193192458e-01 3.655118273636180914e-01
3.399599599599599231e-01 3.661099115706142326e-01
3.406006006006005449e-01 3.667081718004533419e-01
3.412412412412411666e-01 3.673066070940170791e-01
3.418818818818818439e-01 3.679052164587578444e-01
3.425225225225224657e-01 3.685039988690788082e-01
3.431631631631630874e-01 3.691029532667123858e-01
3.438038038038037647e-01 3.697020785611013771e-01
3.444444444444443865e-01 3.703013736297764424e-01
3.450850850850850082e-01 3.709008373187383523e-01
3.457257257257256855e-01 3.715004684428342419e-01
3.463663663663663073e-01 3.721002657861395280e-01
3.470070070070069290e-01 3.727002281023366059e-01
3.476476476476476063e-01 3.733003541150941018e-01
3.482882882882882281e-01 3.739006425184471238e-01
3.489289289289288498e-01 3.745010919771756264e-01
3.495695695695695271e-01 3.751017011271854384e-01
3.502102102102101489e-01 3.757024685758862947e-01
3.508508508508507706e-01 3.763033929025721980e-01
3.514914914914914479e-01 3.769044726588006711e-01
3.521321321321320696e-01 3.775057063687722314e-01
3.527727727727726914e-01 3.781070925297103091e-01
3.534134134134133687e-01 3.787086296122400553e-01
3.540540540540539904e-01 3.793103160607681490e-01
3.546946946946946122e-01 3.799121502938631600e-01
3.553353353353352895e-01 3.805141307046331356e-01
3.559759759759759112e-01 3.811162556611068508e-01
3.566166166166165330e-01 3.817185235066125060e-01
3.572572572572572103e-01 3.823209325601579778e-01
3.578978978978978320e-01 3.829234811168090724e-01
3.585385385385384538e-01 3.835261674480696659e-01
3.591791791791791311e-01 3.841289898022621774e-01
3.598198198198197528e-01 3.847319464049054893e-01
3.604604604604603746e-01 3.853350354590951987e-01
3.611011011011010519e-01 3.859382551458833133e-01
3.617417417417416736e-01 3.865416036246573928e-01
3.623823823823822954e-01 3.871450790335196901e-01
3.630230230230229727e-01 3.877486794896686240e-01
3.636636636636635944e-01 3.883524030897752555e-01
3.643043043043042162e-01 3.889562479103646497e-01
3.649449449449448935e-01 3.895602120081963493e-01
3.655855855855855152e-01 3.901642934206408508e-01
3.662262262262261925e-01 3.907684901660620769e-01
3.668668668668668142e-01 3.913728002441954068e-01
3.675075075075074360e-01 3.919772216365269291e-01
3.681481481481481133e-01 3.925817523066749137e-01
3.687887887887887350e-01 3.931863902007657341e-01
3.694294294294293568e-01 3.937911332478176707e-01
3.700700700700700341e-01 3.943959793601171659e-01
3.707107107107106558e-01 3.950009264335998527e-01
3.713513513513512776e-01 3.956059723482293622e-01
3.719919919919919549e-01 3.962111149683769096e-01
3.726326326326325766e-01 3.968163521432018781e-01
3.732732732732731984e-01 3.974216817070295171e-01
3.739139139139138757e-01 3.980271014797323037e-01
3.745545545545544974e-01 3.986326092671076404e-01
3.751951951951951192e-01 3.992382028612593281e-01
3.758358358358357965e-01 3.998438800409751526e-01
3.764764764764764182e-01 4.004496385721072471e-01
3.771171171171170400e-01 4.010554762079523439e-01
3.777577577577577173e-01 4.016613906896300268e-01
3.783983983983983390e-01 4.022673797464630940e-01
3.790390390390389608e-01 4.028734410963563661e-01
3.796796796796796380e-01 4.034795724461762711e-01
3.803203203203202598e-01 4.040857714921315402e-01
3.809609609609608816e-01 4.046920359201513495e-01
3.816016016016015588e-01 4.052983634062651275e-01
3.822422422422421806e-01 4.059047516169826952e-01
3.828828828828828024e-01 4.065111982096727417e-01
3.835235235235234796e-01 4.071177008329434077e-01
3.841641641641641014e-01 4.077242571270209837e-01
3.848048048048047232e-01 4.083308647241299383e-01
3.854454454454454004e-01 4.089375212488723932e-01
3.860860860860860222e-01 4.095442243186067088e-01
3.867267267267266440e-01 4.101509715438280690e-01
3.873673673673673212e-01 4.107577605285482880e-01
3.880080080080079430e-01 4.113645888706737308e-01
3.886486486486485648e-01 4.119714541623860082e-01
3.892892892892892420e-01 4.125783539905220065e-01
3.899299299299298638e-01 4.131852859369523623e-01
3.905705705705704855e-01 4.137922475789601595e-01
3.912112112112111628e-01 4.143992364896224023e-01
3.918518518518517846e-01 4.150062502381889340e-01
3.924924924924924063e-01 4.156132863904609120e-01
3.931331331331330836e-01 4.162203425091717257e-01
3.937737737737737054e-01 4.168274161543658041e-01
3.944144144144143271e-01 4.174345048837772021e-01
3.950550550550550044e-01 4.180416062532114063e-01
3.956956956956956262e-01 4.186487178169222556e-01
3.963363363363362479e-01 4.192558371279935248e-01
3.969769769769769252e-01 4.198629617387176216e-01
3.976176176176175470e-01 4.204700892009743951e-01
3.982582582582581687e-01 4.210772170666123859e-01
3.988988988988988460e-01 4.216843428878257471e-01
3.995395395395394678e-01 4.222914642175366051e-01
4.001801801801800895e-01 4.228985786097725352e-01
4.008208208208207668e-01 4.235056836200473684e-01
4.014614614614613886e-01 4.241127768057396663e-01
4.021021021021020103e-01 4.247198557264726393e-01
4.027427427427426876e-01 4.253269179444938430e-01
4.033833833833833094e-01 4.259339610250540975e-01
4.040240240240239311e-01 4.265409825367881824e-01
4.046646646646646084e-01 4.271479800520933123e-01
4.053053053053052301e-01 4.277549511475080557e-01
4.059459459459458519e-01 4.283618934040943627e-01
4.065865865865865292e-01 4.289688044078138196e-01
4.072272272272271509e-01 4.295756817499095659e-01
4.078678678678677727e-01 4.301825230272849909e-01
4.085085085085084500e-01 4.307893258428825423e-01
4.091491491491490717e-01 4.313960878060653092e-01
4.097897897897896935e-01 4.320028065329933886e-01
4.104304304304303708e-01 4.326094796470068005e-01
4.110710710710709925e-01 4.332161047790021868e-01
4.117117117117116698e-01 4.338226795678137293e-01
4.123523523523522916e-01 4.344292016605931783e-01
4.129929929929929133e-01 4.350356687131868849e-01
4.136336336336335906e-01 4.356420783905196048e-01
4.142742742742742124e-01 4.362484283669688656e-01
4.149149149149148341e-01 4.368547163267482158e-01
4.155555555555555114e-01 4.374609399642851448e-01
4.161961961961961332e-01 4.380670969846016671e-01
4.168368368368367549e-01 4.386731851036930196e-01
4.174774774774774322e-01 4.392792020489065807e-01
4.181181181181180539e-01 4.398851455593220106e-01
4.187587587587586757e-01 4.404910133861325017e-01
4.193993993993993530e-01 4.410968032930205895e-01
4.200400400400399747e-01 4.417025130565406243e-01
4.206806806806805965e-01 4.423081404664975791e-01
4.213213213213212738e-01 4.429136833263257467e-01
4.219619619619618955e-01 4.435191394534697684e-01
4.226026026026025173e-01 4.441245066797624430e-01
4.232432432432431946e-01 4.447297828518044227e-01
4.238838838838838163e-01 4.453349658313453530e-01
4.245245245245244381e-01 4.459400534956625695e-01
4.251651651651651154e-01 4.465450437379396842e-01
4.258058058058057371e-01 4.471499344676459486e-01
4.264464464464463589e-01 4.477547236109185036e-01
4.270870870870870362e-01 4.483594091109384117e-01
4.277277277277276579e-01 4.489639889283125740e-01
4.283683683683682797e-01 4.495684610414510951e-01
4.290090090090089570e-01 4.501728234469506429e-01
4.296496496496495787e-01 4.507770741599690378e-01
4.302902902902902005e-01 4.513812112146078359e-01
4.309309309309308778e-01 4.519852326642914697e-01
4.315715715715714995e-01 4.525891365821455015e-01
4.322122122122121213e-01 4.531929210613778736e-01
4.328528528528527985e-01 4.537965842156579388e-01
4.334934934934934203e-01 4.544001241794944912e-01
4.341341341341340421e-01 4.550035391086166836e-01
4.347747747747747193e-01 4.556068271803541680e-01
4.354154154154153411e-01 4.562099865940143495e-01
4.360560560560559629e-01 4.568130155712629703e-01
4.366966966966966401e-01 4.574159123565065821e-01
4.373373373373372619e-01 4.580186752172661357e-01
4.379779779779778837e-01 4.586213024445616737e-01
4.386186186186185609e-01 4.592237923532889177e-01
4.392592592592591827e-01 4.598261432826002970e-01
4.398998998998998045e-01 4.604283535962829799e-01
4.405405405405404817e-01 4.610304216831401236e-01
4.411811811811811035e-01 4.616323459573699051e-01
4.418218218218217253e-01 4.622341248589432183e-01
4.424624624624624025e-01 4.628357568539851474e-01
4.431031031031030243e-01 4.634372404351559949e-01
4.437437437437436460e-01 4.640385741220244276e-01
4.443843843843843233e-01 4.646397564614557218e-01
4.450250250250249451e-01 4.652407860279844654e-01
4.456656656656655668e-01 4.658416614241962517e-01
4.463063063063062441e-01 4.664423812811094860e-01
4.469469469469468659e-01 4.670429442585503077e-01
4.475875875875874876e-01 4.676433490455361719e-01
4.482282282282281649e-01 4.682435943606524376e-01
4.488688688688687867e-01 4.688436789524348391e-01
4.495095095095094084e-01 4.694436015997465184e-01
4.501501501501500857e-01 4.700433611121577204e-01
4.507907907907907075e-01 4.706429563303269337e-01
4.514314314314313292e-01 4.712423861263796976e-01
4.520720720720720065e-01 4.718416494042870779e-01
4.527127127127126283e-01 4.724407451002451408e-01
4.533533533533532500e-01 4.730396721830564255e-01
4.539939939939939273e-01 4.736384296545094186e-01
4.546346346346345491e-01 4.742370165497539203e-01
4.552752752752751708e-01 4.748354319376860699e-01
4.559159159159158481e-01 4.754336749213236013e-01
4.565565565565564699e-01 4.760317446381887585e-01
4.571971971971970916e-01 4.766296402606848837e-01
4.578378378378377689e-01 4.772273609964778895e-01
4.584784784784783906e-01 4.778249060888739574e-01
4.591191191191190679e-01 4.784222748172018980e-01
4.597597597597596897e-01 4.790194664971889615e-01
4.604004004004003114e-01 4.796164804813438653e-01
4.610410410410409887e-01 4.802133161593337141e-01
4.616816816816816105e-01 4.808099729583648063e-01
4.623223223223222322e-01 4.814064503435615539e-01
4.629629629629629095e-01 4.820027478183476211e-01
4.636036036036035313e-01 4.825988649248217355e-01
4.642442442442441530e-01 4.831948012441424911e-01
4.648848848848848303e-01 4.837905563969018274e-01
4.655255255255254521e-01 4.843861300435101658e-01
4.661661661661660738e-01 4.849815218845717757e-01
4.668068068068067511e-01 4.855767316612663587e-01
4.674474474474473729e-01 4.861717591557280782e-01
4.680880880880879946e-01 4.867666041914257002e-01
4.687287287287286719e-01 4.873612666335407351e-01
4.693693693693692937e-01 4.879557463893471336e-01
4.700100100100099154e-01 4.885500434085934263e-01
4.706506506506505927e-01 4.891441576838773120e-01
4.712912912912912144e-01 4.897380892510304617e-01
4.719319319319318362e-01 4.903318381894941069e-01
4.725725725725725135e-01 4.909254046227009560e-01
4.732132132132131352e-01 4.915187887184523374e-01
4.738538538538537570e-01 4.921119906893014484e-01
4.744944944944944343e-01 4.927050107929280554e-01
4.751351351351350560e-01 4.932978493325222979e-01
4.757757757757756778e-01 4.938905066571606106e-01
4.764164164164163551e-01 4.944829831621891936e-01
4.770570570570569768e-01 4.950752792895992682e-01
4.776976976976975986e-01 4.956673955284106592e-01
4.783383383383382759e-01 4.962593324150470497e-01
4.789789789789788976e-01 4.968510905337197858e-01
4.796196196196195194e-01 4.974426705168036866e-01
4.802602602602601967e-01 4.980340730452188502e-01
4.809009009009008184e-01 4.986252988488104609e-01
4.815415415415414402e-01 4.992163487067259320e-01
4.821821821821821175e-01 4.998072234477958231e-01
4.828228228228227392e-01 5.003979239509150911e-01
4.834634634634633610e-01 5.009884511454176792e-01
4.841041041041040383e-01 5.015788060114635405e-01
4.847447447447446600e-01 5.021689895804091197e-01
4.853853853853852818e-01 5.027590029351954870e-01
4.860260260260259590e-01 5.033488472107215950e-01
4.866666666666665808e-01 5.039385235942264174e-01
4.873073073073072026e-01 5.045280333256688676e-01
4.879479479479478798e-01 5.051173776981057184e-01
4.885885885885885016e-01 5.057065580580734077e-01
4.892292292292291234e-01 5.062955758059641820e-01
4.898698698698698006e-01 5.068844323964085685e-01
4.905105105105104224e-01 5.074731293386537390e-01
4.911511511511510442e-01 5.080616681969430948e-01
4.917917917917917214e-01 5.086500505908961856e-01
4.924324324324323432e-01 5.092382781958862958e-01
4.930730730730729650e-01 5.098263527434239162e-01
4.937137137137136422e-01 5.104142760215313324e-01
4.943543543543542640e-01 5.110020498751274287e-01
4.949949949949948858e-01 5.115896762064012782e-01
4.956356356356355630e-01 5.121771569751966124e-01
4.962762762762761848e-01 5.127644941993892980e-01
4.969169169169168065e-01 5.133516899552675872e-01
4.975575575575574838e-01 5.139387463779084841e-01
4.981981981981981056e-01 5.145256656615635471e-01
4.988388388388387273e-01 5.151124500600314793e-01
4.994794794794794046e-01 5.156991018870425991e-01
5.001201201201199709e-01 5.162856235166359831e-01
5.007607607607607036e-01 5.168720173835411602e-01
5.014014014014013254e-01 5.174582859835515913e-01
5.020420420420419472e-01 5.180444318739144682e-01
5.026826826826825689e-01 5.186304576737000849e-01
5.033233233233231907e-01 5.192163660641871958e-01
5.039639639639639235e-01 5.198021597892419354e-01
5.046046046046044342e-01 5.203878416556938502e-01
5.052452452452451670e-01 5.209734145337203692e-01
5.058858858858857888e-01 5.215588813572223925e-01
5.065265265265264105e-01 5.221442451242054306e-01
5.071671671671671433e-01 5.227295088971593007e-01
5.078078078078076540e-01 5.233146758034371571e-01
5.084484484484483868e-01 5.238997490356361864e-01
5.090890890890890086e-01 5.244847318519731960e-01
5.097297297297296303e-01 5.250696275766705279e-01
5.103703703703703631e-01 5.256544396003286490e-01
5.110110110110108739e-01 5.262391713803111770e-01
5.116516516516516067e-01 5.268238264411221339e-01
5.122922922922922284e-01 5.274084083747849760e-01
5.129329329329328502e-01 5.279929208412220687e-01
5.135735735735734719e-01 5.285773675686359363e-01
5.142142142142140937e-01 5.291617523538875156e-01
5.148548548548548265e-01 5.297460790628757410e-01
5.154954954954953372e-01 5.303303516309152421e-01
5.161361361361360700e-01 5.309145740631212584e-01
5.167767767767766918e-01 5.314987504347812308e-01
5.174174174174173135e-01 5.320828848917442677e-01
5.180580580580580463e-01 5.326669816507891841e-01
5.186986986986985571e-01 5.332510450000134128e-01
5.193393393393392898e-01 5.338350792992084815e-01
5.199799799799799116e-01 5.344190889802387101e-01
5.206206206206205334e-01 5.350030785474241268e-01
5.212612612612611551e-01 5.355870525779161673e-01
5.219019019019017769e-01 5.361710157220793693e-01
5.225425425425425097e-01 5.367549727038701812e-01
5.231831831831830204e-01 5.373389283212175460e-01
5.238238238238237532e-01 5.379228874464017096e-01
5.244644644644643749e-01 5.385068550264302534e-01
5.251051051051049967e-01 5.390908360834264501e-01
5.257457457457457295e-01 5.396748357149986353e-01
5.263863863863862402e-01 5.402588590946263425e-01
5.270270270270269730e-01 5.408429114720377795e-01
5.276676676676675948e-01 5.414269981735888582e-01
5.283083083083082165e-01 5.420111246026426688e-01
5.289489489489488383e-01 5.425952962399511748e-01
5.295895895895894601e-01 5.431795186440323553e-01
5.302302302302301928e-01 5.437637974515491246e-01
5.308708708708707036e-01 5.443481383776913596e-01
5.315115115115114364e-01 5.449325472165544859e-01
5.321521521521520581e-01 5.455170298415176200e-01
5.327927927927926799e-01 5.461015922056250416e-01
5.334334334334334127e-01 5.466862403419637806e-01
5.340740740740739234e-01 5.472709803640462001e-01
5.347147147147146562e-01 5.478558184661842523e-01
5.353553553553552780e-01 5.484407609238750592e-01
5.359959959959958997e-01 5.490258140941763898e-01
5.366366366366365215e-01 5.496109844160868008e-01
5.372772772772771432e-01 5.501962784109266646e-01
5.379179179179178760e-01 5.507817026827165341e-01
5.385585585585583868e-01 5.513672639185552837e-01
5.391991991991991195e-01 5.519529688890041363e-01
5.398398398398397413e-01 5.525388244484591427e-01
5.404804804804803631e-01 5.531248375355392044e-01
5.411211211211210959e-01 5.537110151734568886e-01
5.417617617617616066e-01 5.542973644704053404e-01
5.424024024024023394e-01 5.548838926199320953e-01
5.430430430430429611e-01 5.554706069013231051e-01
5.436836836836835829e-01 5.560575146799789925e-01
5.443243243243242047e-01 5.566446234077956357e-01
5.449649649649648264e-01 5.572319406235455297e-01
5.456056056056055592e-01 5.578194739532534863e-01
5.462462462462460699e-01 5.584072311105785502e-01
5.468868868868868027e-01 5.589952198971956943e-01
5.475275275275274245e-01 5.595834482031684098e-01
5.481681681681680463e-01 5.601719240073369521e-01
5.488088088088087790e-01 5.607606553776900427e-01
5.494494494494492898e-01 5.613496504717510049e-01
5.500900900900900226e-01 5.619389175369529088e-01
5.507307307307306443e-01 5.625284649110171564e-01
5.513713713713712661e-01 5.631183010223382857e-01
5.520120120120119989e-01 5.637084343903582262e-01
5.526526526526525096e-01 5.642988736259493265e-01
5.532932932932932424e-01 5.648896274317916077e-01
5.539339339339338641e-01 5.654807046027532369e-01
5.545745745745744859e-01 5.660721140262701123e-01
5.552152152152151077e-01 5.666638646827250048e-01
5.558558558558557294e-01 5.672559656458283639e-01
5.564964964964964622e-01 5.678484260829916863e-01
5.571371371371369730e-01 5.684412552557205345e-01
5.577777777777777057e-01 5.690344625199780237e-01
5.584184184184183275e-01 5.696280573265760649e-01
5.590590590590589493e-01 5.702220492215491765e-01
5.596996996996996820e-01 5.708164478465341807e-01
5.603403403403401928e-01 5.714112629391526754e-01
5.609809809809809256e-01 5.720065043333899535e-01
5.616216216216214363e-01 5.726021819599715901e-01
5.622622622622621691e-01 5.731983058467452485e-01
5.629029029029029019e-01 5.737948861190579342e-01
5.635435435435434126e-01 5.743919330001411305e-01
5.641841841841841454e-01 5.749894568114828353e-01
5.648248248248246561e-01 5.755874679732133625e-01
5.654654654654653889e-01 5.761859770044794882e-01
5.661061061061058997e-01 5.767849945238292531e-01
5.667467467467466324e-01 5.773845312495892168e-01
5.673873873873873652e-01 5.779845980002388250e-01
5.680280280280278760e-01 5.785852056948003197e-01
5.686686686686686087e-01 5.791863653532097755e-01
5.693093093093091195e-01 5.797880880967000161e-01
5.699499499499498523e-01 5.803903851481805320e-01
5.705905905905905851e-01 5.809932678326136246e-01
5.712312312312310958e-01 5.815967475773990980e-01
5.718718718718718286e-01 5.822008359127477384e-01
5.725125125125123393e-01 5.828055444720676714e-01
5.731531531531530721e-01 5.834108849923386186e-01
5.737937937937935828e-01 5.840168693144928147e-01
5.744344344344343156e-01 5.846235093837951480e-01
5.750750750750750484e-01 5.852308172502210804e-01
5.757157157157155591e-01 5.858388050688396742e-01
5.763563563563562919e-01 5.864474851001881817e-01
5.769969969969968027e-01 5.870568697106570699e-01
5.776376376376375354e-01 5.876669713728633893e-01
5.782782782782782682e-01 5.882778026660365756e-01
5.789189189189187790e-01 5.888893762763925954e-01
5.795595595595595118e-01 5.895017049975151968e-01
5.802002002002000225e-01 5.901148017307399352e-01
5.808408408408407553e-01 5.907286794855264311e-01
5.814814814814814881e-01 5.913433513798412866e-01
5.821221221221219988e-01 5.919588306405371148e-01
5.827627627627627316e-01 5.925751306037347899e-01
5.834034034034032423e-01 5.931922647151974815e-01
5.840440440440439751e-01 5.938102465307153466e-01
5.846846846846844858e-01 5.944290897164837828e-01
5.853253253253252186e-01 5.950488080494782395e-01
5.859659659659659514e-01 5.956694154178425737e-01
5.866066066066064622e-01 5.962909258212583108e-01
5.872472472472471949e-01 5.969133533713332218e-01
5.878878878878877057e-01 5.975367122919759133e-01
5.885285285285284385e-01 5.981610169197761895e-01
5.891691691691691712e-01 5.987862817043864139e-01
5.898098098098096820e-01 5.994125212088945442e-01
5.904504504504504148e-01 6.000397501102143760e-01
5.910910910910909255e-01 6.006679831994575780e-01
5.917317317317316583e-01 6.012972353823097249e-01
5.923723723723721690e-01 6.019275216794239824e-01
5.930130130130129018e-01 6.025588572267829290e-01
5.936536536536536346e-01 6.031912572760923519e-01
5.942942942942941453e-01 6.038247371951513953e-01
5.949349349349348781e-01 6.044593124682370311e-01
5.955755755755753889e-01 6.050949986964841987e-01
5.962162162162161216e-01 6.057318115982607276e-01
5.968568568568568544e-01 6.063697670095512526e-01
5.974974974974973652e-01 6.070088808843322470e-01
5.981381381381380979e-01 6.076491692949568257e-01
5.987787787787786087e-01 6.082906484325316665e-01
5.994194194194193415e-01 6.089333346072937081e-01
6.000600600600598522e-01 6.095772442489970633e-01
6.007007007007005850e-01 6.102223939072848324e-01
6.013413413413413178e-01 6.108688002520712423e-01
6.019819819819818285e-01 6.115164800739215645e-01
6.026226226226225613e-01 6.121654502844351420e-01
6.032632632632630720e-01 6.128157279166172033e-01
6.039039039039038048e-01 6.134673301252654420e-01
6.045445445445445376e-01 6.141202741873468263e-01
6.051851851851850483e-01 6.147745775023715220e-01
6.058258258258257811e-01 6.154302575927858010e-01
6.064664664664662919e-01 6.160873321043389694e-01
6.071071071071070246e-01 6.167458188064673941e-01
6.077477477477475354e-01 6.174057355926760859e-01
6.083883883883882682e-01 6.180671004809155100e-01
6.090290290290290010e-01 6.187299316139609484e-01
6.096696696696695117e-01 6.193942472597928628e-01
6.103103103103102445e-01 6.200600658119767017e-01
6.109509509509507552e-01 6.207274057900453723e-01
6.115915915915914880e-01 6.213962858398670575e-01
6.122322322322322208e-01 6.220667247340441186e-01
6.128728728728727315e-01 6.227387413722736964e-01
6.135135135135134643e-01 6.234123547817382871e-01
6.141541541541539750e-01 6.240875841174802208e-01
6.147947947947947078e-01 6.247644486627860205e-01
6.154354354354352186e-01 6.254429678295595485e-01
6.160760760760759513e-01 6.261231611587074752e-01
6.167167167167166841e-01 6.268050483205162005e-01
6.173573573573571949e-01 6.274886491150283296e-01
6.179979979979979277e-01 6.281739834724303639e-01
6.186386386386384384e-01 6.288610714534230706e-01
6.192792792792791712e-01 6.295499332496046208e-01
6.199199199199199040e-01 6.302405891838552821e-01
6.205605605605604147e-01 6.309330597107067895e-01
6.212012012012011475e-01 6.316273654167304796e-01
6.218418418418416582e-01 6.323235270209105474e-01
6.224824824824823910e-01 6.330215653750310700e-01
6.231231231231231238e-01 6.337215014640460442e-01
6.237637637637636345e-01 6.344233564064665210e-01
6.244044044044043673e-01 6.351271514547396357e-01
6.250450450450448781e-01 6.358329079956195340e-01
6.256856856856856108e-01 6.365406475505582806e-01
6.263263263263261216e-01 6.372503917760816705e-01
6.269669669669668544e-01 6.379621624641581557e-01
6.276076076076075871e-01 6.386759815426030773e-01
6.282482482482480979e-01 6.393918710754258328e-01
6.288888888888888307e-01 6.401098532632405469e-01
6.295295295295293414e-01 6.408299504436191230e-01
6.301701701701700742e-01 6.415521850914924773e-01
6.308108108108108070e-01 6.422765798195154696e-01
6.314514514514513177e-01 6.430031573784527055e-01
6.320920920920920505e-01 6.437319406575583436e-01
6.327327327327325612e-01 6.444629526849486867e-01
6.333733733733732940e-01 6.451962166279942013e-01
6.340140140140138048e-01 6.459317557936878895e-01
6.346546546546545375e-01 6.466695936290248747e-01
6.352952952952952703e-01 6.474097537213971965e-01
6.359359359359357811e-01 6.481522597989487489e-01
6.365765765765765138e-01 6.488971357309779586e-01
6.372172172172170246e-01 6.496444055283008279e-01
6.378578578578577574e-01 6.503940933436387350e-01
6.384984984984984902e-01 6.511462234719991304e-01
6.391391391391390009e-01 6.519008203510481270e-01
6.397797797797797337e-01 6.526579085614968578e-01
6.404204204204202444e-01 6.534175128274741784e-01
6.410610610610609772e-01 6.541796580169141340e-01
6.417017017017014879e-01 6.549443691419288838e-01
6.423423423423422207e-01 6.557116713591916168e-01
6.429829829829829535e-01 6.564815899703133617e-01
6.436236236236234642e-01 6.572541504222276787e-01
6.442642642642641970e-01 6.580293783075654712e-01
6.449049049049047078e-01 6.588072993650314624e-01
6.455455455455454405e-01 6.595879394797943274e-01
6.461861861861861733e-01 6.603713246838573969e-01
6.468268268268266841e-01 6.611574811564384646e-01
6.474674674674674169e-01 6.619464352243570326e-01
6.481081081081079276e-01 6.627382133623985760e-01
6.487487487487486604e-01 6.635328421937165544e-01
6.493893893893891711e-01 6.643303484901867950e-01
6.500300300300299039e-01 6.651307591728077284e-01
6.506706706706706367e-01 6.659341013120669839e-01
6.513113113113111474e-01 6.667404021283280802e-01
6.519519519519518802e-01 6.675496889922084565e-01
6.525925925925923909e-01 6.683619894249492877e-01
6.532332332332331237e-01 6.691773310988146095e-01
6.538738738738738565e-01 6.699957418374531404e-01
6.545145145145143672e-01 6.708172496162858600e-01
6.551551551551551000e-01 6.716418825628854838e-01
6.557957957957956108e-01 6.724696689573491648e-01
6.564364364364363436e-01 6.733006372326920674e-01
6.570770770770768543e-01 6.741348159752076352e-01
6.577177177177175871e-01 6.749722339248681591e-01
6.583583583583583199e-01 6.758129199756859329e-01
6.589989989989988306e-01 6.766569031761033859e-01
6.596396396396395634e-01 6.775042127293711136e-01
6.602802802802800741e-01 6.783548779939222451e-01
6.609209209209208069e-01 6.792089284837604657e-01
6.615615615615615397e-01 6.800663938688300547e-01
6.622022022022020504e-01 6.809273039754027979e-01
6.628428428428427832e-01 6.817916887864579056e-01
6.634834834834832940e-01 6.826595784420493862e-01
6.641241241241240267e-01 6.835310032397056146e-01
6.647647647647645375e-01 6.844059936347866024e-01
6.654054054054052703e-01 6.852845802408834563e-01
6.660460460460460030e-01 6.861667938301867498e-01
6.666866866866865138e-01 6.870526653338669965e-01
6.673273273273272466e-01 6.879422258424575665e-01
6.679679679679677573e-01 6.888355066062278320e-01
6.686086086086084901e-01 6.897325390355725228e-01
6.692492492492492229e-01 6.906333547013855378e-01
6.698898898898897336e-01 6.915379853354326478e-01
6.705305305305304664e-01 6.924464628307503977e-01
6.711711711711709771e-01 6.933588192419984919e-01
6.718118118118117099e-01 6.942750867858663577e-01
6.724524524524524427e-01 6.951952978414321915e-01
6.730930930930929534e-01 6.961194849505577542e-01
6.737337337337336862e-01 6.970476808182554107e-01
6.743743743743741970e-01 6.979799183130729334e-01
6.750150150150149297e-01 6.989162304674794157e-01
6.756556556556554405e-01 6.998566504782268716e-01
6.762962962962961733e-01 7.008012117067563551e-01
6.769369369369369061e-01 7.017499476795449054e-01
6.775775775775774168e-01 7.027028920885208807e-01
6.782182182182181496e-01 7.036600787914109034e-01
6.788588588588586603e-01 7.046215418121406504e-01
6.794994994994993931e-01 7.055873153412079990e-01
6.801401401401401259e-01 7.065574337360552848e-01
6.807807807807806366e-01 7.075319315214608773e-01
6.814214214214213694e-01 7.085108433899136582e-01
6.820620620620618801e-01 7.094942042019882766e-01
6.827027027027026129e-01 7.104820489867337274e-01
6.833433433433431237e-01 7.114744129420417229e-01
6.839839839839838564e-01 7.124713314350353821e-01
6.846246246246245892e-01 7.134728400024425987e-01
6.852652652652651000e-01 7.144789743509856184e-01
6.859059059059058328e-01 7.154897703577434154e-01
6.865465465465463435e-01 7.165052640705487086e-01
6.871871871871870763e-01 7.175254917083573325e-01
6.878278278278278091e-01 7.185504896616276005e-01
6.884684684684683198e-01 7.195802944927059963e-01
6.891091091091090526e-01 7.206149429362024295e-01
6.897497497497495633e-01 7.216544718993687102e-01
6.903903903903902961e-01 7.226989184624845741e-01
6.910310310310308068e-01 7.237483198792246109e-01
6.916716716716715396e-01 7.248027135770539475e-01
6.923123123123122724e-01 7.258621371575905146e-01
6.929529529529527831e-01 7.269266283970035047e-01
6.935935935935935159e-01 7.279962252463748618e-01
6.942342342342340267e-01 7.290709658320898567e-01
6.948748748748747595e-01 7.301508884562156743e-01
6.955155155155154922e-01 7.312360315968725599e-01
6.961561561561560030e-01 7.323264339086235086e-01
6.967967967967967358e-01 7.334221342228508522e-01
6.974374374374372465e-01 7.345231715481326251e-01
6.980780780780779793e-01 7.356295850706270345e-01
6.987187187187184900e-01 7.367414141544431638e-01
6.993593593593592228e-01 7.378586983420337697e-01
6.999999999999999556e-01 7.389814773545576587e-01
