Teff log(g) y1 y2 y
2300.0 3.0 3.3424 -0.0167 3.3257
2400.0 3.0 3.3451 -0.001 3.3441
2500.0 3.0 3.2603 0.016 3.2763
2600.0 3.0 3.0008 0.0556 3.0564
2700.0 3.0 2.727 0.1167 2.8436999999999997
2900.0 3.0 2.6723 0.2019 2.8742
3100.0 3.0 2.6979 0.2251 2.923
3200.0 3.0 2.6934 0.2111 2.9045
3300.0 3.0 2.7204 0.1859 2.9063000000000003
3400.0 3.0 2.9204 0.1319 3.0523
3500.0 3.0 3.1163 0.0804 3.1967
3600.0 3.0 3.1302 0.0092 3.1393999999999997
3700.0 3.0 2.9757 -0.0124 2.9633
3800.0 3.0 2.8328 -0.019 2.8138
3900.0 3.0 2.6013 -0.0188 2.5825
4000.0 3.0 2.4014 -0.0023 2.3991000000000002
4100.0 3.0 2.3407 0.0008 2.3415
4200.0 3.0 2.2286 -0.0085 2.2201
4300.0 3.0 2.0366 -0.0099 2.0267
4400.0 3.0 1.919 0.0046 1.9236
4500.0 3.0 1.8396 0.0029 1.8424999999999998
4600.0 3.0 1.7321 0.0101 1.7422
4700.0 3.0 1.6863 0.0197 1.706
4800.0 3.0 1.6791 0.0193 1.6984000000000001
4900.0 3.0 1.6142 0.0059 1.6201
5100.0 3.0 1.5706 0.0071 1.5777
5200.0 3.0 1.5097 0.0024 1.5121
5300.0 3.0 1.5065 -0.0091 1.4973999999999998
5400.0 3.0 1.4402 -0.0224 1.4178
5500.0 3.0 1.3556 -0.0018 1.3538
5600.0 3.0 1.3658 -0.0075 1.3582999999999998
5700.0 3.0 1.3869 -0.0084 1.3785
5800.0 3.0 1.3685 -0.0266 1.3419
5900.0 3.0 1.3537 -0.0119 1.3417999999999999
6000.0 3.0 1.3631 -0.0177 1.3454
6100.0 3.0 1.3253 -0.0131 1.3121999999999998
6200.0 3.0 1.311 -0.0103 1.3007
6300.0 3.0 1.2962 -0.015 1.2812000000000001
6400.0 3.0 1.2805 -0.0174 1.2631
6500.0 3.0 1.2795 -0.0105 1.2690000000000001
6600.0 3.0 1.254 -0.0216 1.2324
6700.0 3.0 1.2533 -0.0081 1.2452
6800.0 3.0 1.2843 -0.0062 1.2781
6900.0 3.0 1.2439 -0.0312 1.2127000000000001
7000.0 3.0 1.2512 -0.0273 1.2239
7200.0 3.0 1.2568 -0.035 1.2218
7400.0 3.0 1.2239 -0.0406 1.1833
7600.0 3.0 1.1279 -0.0201 1.1078
7800.0 3.0 0.9995 -0.0478 0.9517000000000001
8000.0 3.0 0.9064 -0.0138 0.8926
8200.0 3.0 0.853 -0.0192 0.8338
8400.0 3.0 0.8238 -0.0226 0.8012
8600.0 3.0 0.7689 -0.0149 0.754
8800.0 3.0 0.7202 -0.0116 0.7085999999999999
9000.0 3.0 0.6868 -0.0106 0.6761999999999999
9200.0 3.0 0.658 -0.0099 0.6481
9400.0 3.0 0.6287 -0.0085 0.6202000000000001
9600.0 3.0 0.6072 -0.0069 0.6003
9800.0 3.0 0.5968 -0.0044 0.5924
10000.0 3.0 0.5825 -0.0044 0.5781000000000001
10200.0 3.0 0.5671 -0.0042 0.5629000000000001
10400.0 3.0 0.5525 -0.004 0.5485
10600.0 3.0 0.5395 -0.0034 0.5361
10800.0 3.0 0.5297 -0.0029 0.5267999999999999
11000.0 3.0 0.5199 -0.0025 0.5174000000000001
11200.0 3.0 0.511 -0.0021 0.5089
11400.0 3.0 0.5009 -0.0148 0.48610000000000003
11600.0 3.0 0.4968 -0.0102 0.48660000000000003
11800.0 3.0 0.4938 0.0024 0.49620000000000003
12000.0 3.0 0.4831 0.0023 0.4854
2300.0 3.5 3.19 0.0085 3.1985
2400.0 3.5 3.3411 -0.0299 3.3112
2500.0 3.5 3.4125 -0.0264 3.3861
2600.0 3.5 3.3113 -0.0017 3.3096
2700.0 3.5 3.0598 0.0389 3.0987
2900.0 3.5 2.8798 0.1045 2.9842999999999997
3100.0 3.5 2.7436 0.1296 2.8731999999999998
3200.0 3.5 2.5846 0.1265 2.7111
3300.0 3.5 2.4747 0.1216 2.5963
3400.0 3.5 2.5395 0.1022 2.6416999999999997
3500.0 3.5 2.6271 0.0713 2.6984
3600.0 3.5 2.704 0.0307 2.7347
3700.0 3.5 2.763 -0.0004 2.7626
3800.0 3.5 2.7234 -0.021 2.7024
3900.0 3.5 2.625 -0.034 2.591
4000.0 3.5 2.4926 -0.0293 2.4633
4100.0 3.5 2.3535 -0.022 2.3315
4200.0 3.5 2.2194 -0.0187 2.2007
4300.0 3.5 2.118 -0.0143 2.1037
4400.0 3.5 1.9981 -0.0055 1.9926
4500.0 3.5 1.8822 -0.0021 1.8801
4600.0 3.5 1.8168 0.0022 1.819
4700.0 3.5 1.7319 0.0067 1.7386
4800.0 3.5 1.6258 0.0064 1.6321999999999999
4900.0 3.5 1.5637 0.0051 1.5688000000000002
5100.0 3.5 1.5427 -0.0027 1.54
5200.0 3.5 1.4467 -0.0029 1.4438000000000002
5300.0 3.5 1.395 -0.0033 1.3917
5400.0 3.5 1.4634 -0.0074 1.456
5500.0 3.5 1.427 -0.0046 1.4224
5600.0 3.5 1.336 -0.0043 1.3317
5700.0 3.5 1.2916 -0.0054 1.2862
5800.0 3.5 1.3404 -0.0084 1.332
5900.0 3.5 1.3778 -0.0086 1.3692
6000.0 3.5 1.3248 -0.0117 1.3131
6100.0 3.5 1.3358 -0.0163 1.3195000000000001
6200.0 3.5 1.3066 -0.0167 1.2899
6300.0 3.5 1.2612 -0.0154 1.2458
6400.0 3.5 1.2912 -0.0174 1.2737999999999998
6500.0 3.5 1.251 -0.0175 1.2334999999999998
6600.0 3.5 1.2536 -0.0192 1.2344
6700.0 3.5 1.3126 -0.0201 1.2925
6800.0 3.5 1.1485 -0.0223 1.1262
6900.0 3.5 1.1231 -0.0247 1.0984
7000.0 3.5 1.226 -0.0255 1.2005
7200.0 3.5 1.1992 -0.0284 1.1708
7400.0 3.5 1.1973 -0.0344 1.1629
7600.0 3.5 1.0995 -0.0533 1.0462
7800.0 3.5 1.0855 -0.0376 1.0478999999999998
8000.0 3.5 1.04 -0.0289 1.0111
8200.0 3.5 0.872 -0.0199 0.8521
8400.0 3.5 0.8412 -0.0136 0.8276
8600.0 3.5 0.7945 -0.0184 0.7761
8800.0 3.5 0.7457 -0.0163 0.7294
9000.0 3.5 0.7016 -0.0146 0.687
9200.0 3.5 0.6719 -0.0135 0.6584000000000001
9400.0 3.5 0.6465 -0.0126 0.6338999999999999
9600.0 3.5 0.6288 -0.0112 0.6176
9800.0 3.5 0.6107 -0.0104 0.6003000000000001
10000.0 3.5 0.5874 -0.0098 0.5776
10200.0 3.5 0.5723 -0.0092 0.5631
10400.0 3.5 0.5593 -0.0088 0.5505
10600.0 3.5 0.5475 -0.0082 0.5393
10800.0 3.5 0.5367 -0.0078 0.5288999999999999
11000.0 3.5 0.5263 -0.0073 0.519
11200.0 3.5 0.4643 -0.0069 0.4574
11400.0 3.5 0.4562 -0.0066 0.4496
11600.0 3.5 0.5564 -0.0097 0.5467
11800.0 3.5 0.5483 -0.0096 0.5387
12000.0 3.5 0.4307 -0.0093 0.42140000000000005
2300.0 4.0 2.5331 0.1292 2.6623
2400.0 4.0 3.1037 -0.0423 3.0614
2500.0 4.0 3.4627 -0.0681 3.3946
2600.0 4.0 3.4896 -0.0546 3.4349999999999996
2700.0 4.0 3.2869 -0.0278 3.2591
2900.0 4.0 3.0503 0.0233 3.0736
3100.0 4.0 2.8268 0.0509 2.8777
3200.0 4.0 2.6193 0.0562 2.6755
3300.0 4.0 2.4901 0.0626 2.5527
3400.0 4.0 2.4288 0.0623 2.4911
3500.0 4.0 2.3954 0.0506 2.446
3600.0 4.0 2.3872 0.0335 2.4207
3700.0 4.0 2.4251 0.0089 2.434
3800.0 4.0 2.4652 -0.0152 2.4499999999999997
3900.0 4.0 2.5088 -0.0343 2.4745
4000.0 4.0 2.5399 -0.0451 2.4947999999999997
4100.0 4.0 2.465 -0.0442 2.4208
4200.0 4.0 2.3209 -0.039 2.2819
4300.0 4.0 2.2004 -0.0291 2.1713
4400.0 4.0 2.0743 -0.019 2.0553
4500.0 4.0 1.9387 -0.0116 1.9271
4600.0 4.0 1.8481 -0.0077 1.8404
4700.0 4.0 1.7442 -0.005 1.7392
4800.0 4.0 1.6567 -0.0035 1.6532
4900.0 4.0 1.5276 0.0007 1.5283
5100.0 4.0 1.4928 -0.0011 1.4916999999999998
5200.0 4.0 1.5001 -0.0016 1.4985
5300.0 4.0 1.438 0.0009 1.4388999999999998
5400.0 4.0 1.4201 0.0002 1.4203
5500.0 4.0 1.4048 -0.0053 1.3995
5600.0 4.0 1.353 -0.0042 1.3488
5700.0 4.0 1.3202 -0.004 1.3162
5800.0 4.0 1.315 -0.0075 1.3074999999999999
5900.0 4.0 1.2985 -0.0188 1.2797
6000.0 4.0 1.23 -0.0152 1.2147999999999999
6100.0 4.0 1.2369 -0.0182 1.2187000000000001
6200.0 4.0 1.3275 -0.0213 1.3061999999999998
6300.0 4.0 1.2843 -0.0257 1.2586
6400.0 4.0 1.2417 -0.0241 1.2176
6500.0 4.0 1.2453 -0.0301 1.2152
6600.0 4.0 1.2056 -0.0279 1.1777
6700.0 4.0 1.1937 -0.0322 1.1615
6800.0 4.0 1.193 -0.0349 1.1581000000000001
6900.0 4.0 1.1795 -0.0314 1.1481
7000.0 4.0 1.2013 -0.0336 1.1677
7200.0 4.0 1.1645 -0.037 1.1275000000000002
7400.0 4.0 0.9589 -0.0482 0.9107
7600.0 4.0 1.0927 -0.0417 1.051
7800.0 4.0 1.2733 -0.036 1.2373
8000.0 4.0 1.1107 -0.04 1.0707
8200.0 4.0 1.0334 -0.0327 1.0007000000000001
8400.0 4.0 0.8416 -0.0252 0.8164
8600.0 4.0 0.7356 -0.0195 0.7161000000000001
8800.0 4.0 0.7682 -0.0183 0.7499
9000.0 4.0 0.723 -0.0189 0.7041
9200.0 4.0 0.6849 -0.0174 0.6675
9400.0 4.0 0.6605 -0.0163 0.6442
9600.0 4.0 0.637 -0.0137 0.6233
9800.0 4.0 0.6166 -0.0149 0.6017
10000.0 4.0 0.5996 -0.0141 0.5855
10200.0 4.0 0.5817 -0.0135 0.5682
10400.0 4.0 0.5673 -0.0129 0.5544
10600.0 4.0 0.555 -0.0124 0.5426000000000001
10800.0 4.0 0.5437 -0.0119 0.5317999999999999
11000.0 4.0 0.5326 -0.0114 0.5212
11200.0 4.0 0.5231 -0.011 0.5121
11400.0 4.0 0.4559 -0.0074 0.4485
11600.0 4.0 0.4471 -0.0071 0.44
11800.0 4.0 0.4998 -0.0101 0.4897
12000.0 4.0 0.4925 -0.0098 0.4827
2300.0 4.5 -0.1295 0.1679 0.03839999999999999
2400.0 4.5 1.9787 0.0831 2.0618
2500.0 4.5 3.324 -0.0906 3.2334
2600.0 4.5 3.6131 -0.099 3.5141
2700.0 4.5 3.4708 -0.0757 3.3951000000000002
2900.0 4.5 3.2077 -0.0337 3.174
3100.0 4.5 2.936 -0.0007 2.9353
3200.0 4.5 2.6918 0.0085 2.7003000000000004
3300.0 4.5 2.5321 0.0172 2.5492999999999997
3400.0 4.5 2.4217 0.0201 2.4417999999999997
3500.0 4.5 2.3376 0.0199 2.3575
3600.0 4.5 2.2727 0.0151 2.2878
3700.0 4.5 2.2442 0.0066 2.2508000000000004
3800.0 4.5 2.2507 -0.0067 2.244
3900.0 4.5 2.29 -0.0213 2.2687
4000.0 4.5 2.379 -0.0386 2.3404
4100.0 4.5 2.4256 -0.052 2.3736
4200.0 4.5 2.4015 -0.0587 2.3428
4300.0 4.5 2.3647 -0.0527 2.312
4400.0 4.5 2.2194 -0.0454 2.174
4500.0 4.5 2.0287 -0.0335 1.9952
4600.0 4.5 1.9051 -0.0222 1.8829
4700.0 4.5 1.7894 -0.0155 1.7739
4800.0 4.5 1.7041 -0.0084 1.6957
4900.0 4.5 1.5858 -0.0052 1.5806
5100.0 4.5 1.5204 0.0004 1.5208
5200.0 4.5 1.4767 0.0 1.4767
5300.0 4.5 1.4217 0.0014 1.4231
5400.0 4.5 1.3676 0.001 1.3685999999999998
5500.0 4.5 1.3583 -0.0003 1.358
5600.0 4.5 1.3573 -0.0074 1.3498999999999999
5700.0 4.5 1.2368 -0.0084 1.2284
5800.0 4.5 1.0937 -0.0104 1.0833
5900.0 4.5 1.2477 -0.0121 1.2356
6000.0 4.5 1.3342 -0.0143 1.3199
6100.0 4.5 1.2287 -0.0185 1.2102
6200.0 4.5 1.1741 -0.0218 1.1522999999999999
6300.0 4.5 1.2104 -0.0218 1.1885999999999999
6400.0 4.5 1.2092 -0.0238 1.1854
6500.0 4.5 1.1785 -0.0269 1.1516000000000002
6600.0 4.5 1.2144 -0.0284 1.186
6700.0 4.5 1.1779 -0.0295 1.1483999999999999
6800.0 4.5 1.164 -0.0312 1.1328
6900.0 4.5 1.1497 -0.0324 1.1173
7000.0 4.5 1.1503 -0.033 1.1173000000000002
7200.0 4.5 1.048 -0.0382 1.0098
7400.0 4.5 1.1466 -0.0383 1.1083
7600.0 4.5 1.2325 -0.0235 1.2089999999999999
7800.0 4.5 1.1053 -0.0386 1.0667
8000.0 4.5 1.0781 -0.0429 1.0352000000000001
8200.0 4.5 1.0461 -0.0433 1.0028000000000001
8400.0 4.5 1.001 -0.0425 0.9584999999999999
8600.0 4.5 0.8807 -0.0306 0.8501000000000001
8800.0 4.5 0.7534 -0.0249 0.7284999999999999
9000.0 4.5 0.7131 -0.021 0.6920999999999999
9200.0 4.5 0.7058 -0.0196 0.6862
9400.0 4.5 0.6962 -0.02 0.6762
9600.0 4.5 0.6479 -0.019 0.6289
9800.0 4.5 0.6045 -0.0179 0.5866
10000.0 4.5 0.6085 -0.0172 0.5913
10200.0 4.5 0.5909 -0.0165 0.5744
10400.0 4.5 0.576 -0.0158 0.5601999999999999
10600.0 4.5 0.563 -0.0152 0.5478
10800.0 4.5 0.5511 -0.0147 0.5364
11000.0 4.5 0.5396 -0.0141 0.5255
11200.0 4.5 0.5297 -0.0137 0.5159999999999999
11400.0 4.5 0.5202 -0.0135 0.5067
11600.0 4.5 0.5114 -0.0137 0.4977
11800.0 4.5 0.5035 -0.0133 0.49019999999999997
12000.0 4.5 0.4954 -0.013 0.4824
2300.0 5.0 2.0518 0.0905 2.1423
2400.0 5.0 1.3188 0.1679 1.4867
2500.0 5.0 2.152 0.0006 2.1526
2600.0 5.0 3.6016 -0.1168 3.4848
2700.0 5.0 3.6311 -0.1204 3.5107
2900.0 5.0 3.3627 -0.0814 3.2813
3100.0 5.0 3.074 -0.0387 3.0353
3200.0 5.0 2.7841 -0.027 2.7571
3300.0 5.0 2.5996 -0.016 2.5836
3400.0 5.0 2.4555 -0.0091 2.4463999999999997
3500.0 5.0 2.3454 -0.0061 2.3393
3600.0 5.0 2.2497 -0.0066 2.2430999999999996
3700.0 5.0 2.1929 -0.0074 2.1854999999999998
3800.0 5.0 2.1592 -0.0103 2.1489
3900.0 5.0 2.1509 -0.0174 2.1335
4000.0 5.0 2.1873 -0.0264 2.1609
4100.0 5.0 2.2277 -0.0411 2.1866
4200.0 5.0 2.312 -0.0521 2.2599
4300.0 5.0 2.3657 -0.0591 2.3066
4400.0 5.0 2.3173 -0.0631 2.2542
4500.0 5.0 2.239 -0.0551 2.1839
4600.0 5.0 2.0862 -0.0444 2.0418
4700.0 5.0 1.9303 -0.0319 1.8983999999999999
4800.0 5.0 1.7995 -0.0201 1.7794
4900.0 5.0 1.6116 -0.0141 1.5975
5100.0 5.0 1.5435 -0.0035 1.54
5200.0 5.0 1.5138 -0.0018 1.512
5300.0 5.0 1.4531 -0.003 1.4501000000000002
5400.0 5.0 1.3942 -0.0044 1.3898000000000001
5500.0 5.0 1.2711 -0.0055 1.2655999999999998
5600.0 5.0 1.2224 -0.0055 1.2168999999999999
5700.0 5.0 1.2722 -0.0073 1.2649
5800.0 5.0 1.2534 -0.0036 1.2498
5900.0 5.0 1.232 -0.0064 1.2256
6000.0 5.0 1.1191 -0.0054 1.1137
6100.0 5.0 1.1045 -0.0067 1.0978
6200.0 5.0 1.2697 -0.01 1.2597
6300.0 5.0 1.2482 -0.0187 1.2295
6400.0 5.0 1.1478 -0.0188 1.129
6500.0 5.0 1.159 -0.0228 1.1362
6600.0 5.0 1.1544 -0.0225 1.1319000000000001
6700.0 5.0 1.1409 -0.0247 1.1162
6800.0 5.0 1.137 -0.0271 1.1099
6900.0 5.0 1.1435 -0.0308 1.1127
7000.0 5.0 1.1235 -0.0303 1.0932
7200.0 5.0 1.1091 -0.0339 1.0752
7400.0 5.0 1.1144 -0.028 1.0864
7600.0 5.0 1.0898 -0.0417 1.0481
7800.0 5.0 1.0562 -0.0439 1.0123
8000.0 5.0 1.0569 -0.054 1.0029
8200.0 5.0 1.0384 -0.0568 0.9816
8400.0 5.0 0.9951 -0.0582 0.9369
8600.0 5.0 0.953 -0.0417 0.9113
8800.0 5.0 0.8897 -0.0357 0.8540000000000001
9000.0 5.0 0.7918 -0.0289 0.7628999999999999
9200.0 5.0 0.6973 -0.0251 0.6722
9400.0 5.0 0.6688 -0.0221 0.6466999999999999
9600.0 5.0 0.6659 -0.0228 0.6431
9800.0 5.0 0.642 -0.0215 0.6205
10000.0 5.0 0.6211 -0.0206 0.6005
10200.0 5.0 0.602 -0.0197 0.5822999999999999
10400.0 5.0 0.586 -0.0188 0.5671999999999999
10600.0 5.0 0.5722 -0.0181 0.5541
10800.0 5.0 0.56 -0.0175 0.5425000000000001
11000.0 5.0 0.5484 -0.0169 0.5315
11200.0 5.0 0.5338 -0.0163 0.5175000000000001
11400.0 5.0 0.4549 -0.0143 0.44060000000000005
11600.0 5.0 0.4497 -0.0153 0.4344
11800.0 5.0 0.5124 -0.0134 0.49899999999999994
12000.0 5.0 0.504 -0.0129 0.4911
2300.0 5.5 2.6564 0.0207 2.6771000000000003
2400.0 5.5 1.3578 0.0597 1.4175
2500.0 5.5 1.2758 0.1213 1.3971
2600.0 5.5 2.7077 -0.1073 2.6004
2700.0 5.5 3.6574 -0.1397 3.5177
2900.0 5.5 3.5482 -0.1249 3.4233000000000002
3100.0 5.5 3.2544 -0.0807 3.1737
3200.0 5.5 2.9012 -0.0603 2.8409
3300.0 5.5 2.7014 -0.0471 2.6543
3400.0 5.5 2.5181 -0.0339 2.4842
3500.0 5.5 2.3627 -0.029 2.3337
3600.0 5.5 2.2599 -0.0241 2.2358000000000002
3700.0 5.5 2.2054 -0.0201 2.1853000000000002
3800.0 5.5 2.1414 -0.0185 2.1229
3900.0 5.5 2.109 -0.0192 2.0898
4000.0 5.5 2.1056 -0.0221 2.0835
4100.0 5.5 2.123 -0.0284 2.0946000000000002
4200.0 5.5 2.1846 -0.0354 2.1492
4300.0 5.5 2.228 -0.048 2.18
4400.0 5.5 2.2695 -0.0556 2.2138999999999998
4500.0 5.5 2.2714 -0.0614 2.21
4600.0 5.5 2.2126 -0.0604 2.1522
4700.0 5.5 2.1175 -0.0525 2.065
4800.0 5.5 1.9495 -0.0423 1.9072
4900.0 5.5 1.744 -0.0316 1.7124
5100.0 5.5 1.6396 -0.0159 1.6237
5200.0 5.5 1.4832 -0.013 1.4702000000000002
5300.0 5.5 1.3818 -0.0104 1.3714
5400.0 5.5 1.3288 -0.0089 1.3199
5500.0 5.5 1.3416 -0.0084 1.3332
5600.0 5.5 1.3289 -0.0026 1.3263
5700.0 5.5 1.2686 -0.0021 1.2665
5800.0 5.5 1.1078 -0.0019 1.1058999999999999
5900.0 5.5 1.216 -0.0024 1.2136
6000.0 5.5 1.3291 -0.011 1.3181
6100.0 5.5 1.1474 -0.0092 1.1381999999999999
6200.0 5.5 0.9607 -0.0131 0.9476
6300.0 5.5 1.0518 -0.0193 1.0325
6400.0 5.5 1.1346 -0.0202 1.1144
6500.0 5.5 1.1087 -0.0228 1.0859
6600.0 5.5 1.1777 -0.0244 1.1533
6700.0 5.5 1.0904 -0.0263 1.0641
6800.0 5.5 1.0442 -0.028 1.0162
6900.0 5.5 1.0846 -0.0302 1.0544
7000.0 5.5 1.1083 -0.0326 1.0757
7200.0 5.5 1.0725 -0.0355 1.037
7400.0 5.5 1.0638 -0.0393 1.0245000000000002
7600.0 5.5 1.058 -0.0435 1.0145
7800.0 5.5 0.9676 -0.0457 0.9219
8000.0 5.5 0.929 -0.0469 0.8821000000000001
8200.0 5.5 0.9963 -0.0505 0.9458
8400.0 5.5 1.1836 -0.052 1.1316
8600.0 5.5 1.1594 -0.0531 1.1063
8800.0 5.5 0.9152 -0.0521 0.8631
9000.0 5.5 0.8503 -0.0486 0.8017
9200.0 5.5 0.796 -0.0401 0.7559
9400.0 5.5 0.7271 -0.0352 0.6919
9600.0 5.5 0.656 -0.0261 0.6299
9800.0 5.5 0.6355 -0.0242 0.6113
10000.0 5.5 0.6357 -0.022 0.6137
10200.0 5.5 0.6171 -0.0217 0.5953999999999999
10400.0 5.5 0.599 -0.0224 0.5766
10600.0 5.5 0.5834 -0.0215 0.5619000000000001
10800.0 5.5 0.5702 -0.0208 0.5494
11000.0 5.5 0.5576 -0.0201 0.5375
11200.0 5.5 0.5719 -0.0171 0.5548
11400.0 5.5 0.5368 -0.0164 0.5204000000000001
11600.0 5.5 0.5268 -0.0118 0.515
11800.0 5.5 0.5442 -0.0114 0.5328
12000.0 5.5 0.4836 -0.0111 0.4725
2300.0 6.0 2.4053 -0.103 2.3023
2400.0 6.0 2.013 -0.0795 1.9335
2500.0 6.0 0.9515 0.1761 1.1276
2600.0 6.0 1.6488 -0.093 1.5558
2700.0 6.0 3.5386 -0.1289 3.4097000000000004
2900.0 6.0 3.6084 -0.1657 3.4427
3100.0 6.0 3.452 -0.1301 3.3219
3200.0 6.0 3.0938 -0.0952 2.9985999999999997
3300.0 6.0 2.8499 -0.0801 2.7698
3400.0 6.0 2.6323 -0.059 2.5732999999999997
3500.0 6.0 2.4443 -0.0514 2.3929
3600.0 6.0 2.3424 -0.0364 2.306
3700.0 6.0 2.2523 -0.0285 2.2237999999999998
3800.0 6.0 2.169 -0.0244 2.1446
3900.0 6.0 2.1102 -0.0193 2.0909
4000.0 6.0 2.0816 -0.0203 2.0612999999999997
4100.0 6.0 2.071 -0.0185 2.0525
4200.0 6.0 2.0744 -0.0247 2.0496999999999996
4300.0 6.0 2.1152 -0.0353 2.0799000000000003
4400.0 6.0 2.1481 -0.0409 2.1071999999999997
4500.0 6.0 2.177 -0.0603 2.1167000000000002
4600.0 6.0 2.2042 -0.0652 2.1390000000000002
4700.0 6.0 2.1762 -0.0717 2.1045000000000003
4800.0 6.0 2.0872 -0.0661 2.0211
4900.0 6.0 1.8621 -0.0527 1.8094000000000001
5100.0 6.0 1.7237 -0.0427 1.681
5200.0 6.0 1.595 -0.0366 1.5584
5300.0 6.0 1.5156 -0.0182 1.4974
5400.0 6.0 1.4256 -0.0056 1.42
5500.0 6.0 1.372 0.0047 1.3767
5600.0 6.0 1.3247 -0.0043 1.3204
5700.0 6.0 1.2822 -0.0027 1.2795
5800.0 6.0 1.2478 -0.0016 1.2462
5900.0 6.0 1.0777 0.0312 1.1089
6000.0 6.0 1.0026 -0.0251 0.9774999999999999
6100.0 6.0 1.0676 -0.0376 1.03
6200.0 6.0 1.0887 -0.0412 1.0475
6300.0 6.0 1.1207 0.0012 1.1219000000000001
6400.0 6.0 1.0842 -0.019 1.0652000000000001
6500.0 6.0 1.0796 -0.0062 1.0734
6600.0 6.0 1.0876 -0.021 1.0666
6700.0 6.0 1.072 -0.0217 1.0503
6800.0 6.0 1.0606 -0.0213 1.0393
6900.0 6.0 1.0513 -0.0144 1.0369
7000.0 6.0 1.0515 -0.0234 1.0281
7200.0 6.0 1.04 -0.0258 1.0142
7400.0 6.0 1.0291 -0.0292 0.9998999999999999
7600.0 6.0 1.0204 -0.0309 0.9894999999999999
7800.0 6.0 1.0187 -0.0367 0.982
8000.0 6.0 1.0017 -0.0093 0.9924000000000001
8200.0 6.0 0.9779 -0.0066 0.9712999999999999
8400.0 6.0 0.9633 -0.0104 0.9529000000000001
8600.0 6.0 0.9517 -0.0769 0.8748
8800.0 6.0 0.9463 -0.0774 0.8689
9000.0 6.0 0.9467 -0.0716 0.8751
9200.0 6.0 0.8749 -0.0596 0.8153
9400.0 6.0 0.8584 -0.0612 0.7972
9600.0 6.0 0.8184 -0.0348 0.7836000000000001
9800.0 6.0 0.7 -0.0252 0.6748
10000.0 6.0 0.6567 -0.0206 0.6361
10200.0 6.0 0.5965 -0.0219 0.5746
10400.0 6.0 0.5883 -0.0258 0.5625
10600.0 6.0 0.5963 -0.0249 0.5714
10800.0 6.0 0.5818 -0.024 0.5578
11000.0 6.0 0.6065 -0.0233 0.5832
11200.0 6.0 0.5942 -0.0153 0.5789
11400.0 6.0 0.5423 -0.0215 0.5208
11600.0 6.0 0.5327 -0.0193 0.5134
11800.0 6.0 0.5242 -0.0251 0.4991
12000.0 6.0 0.5143 -0.0247 0.4896
