Teff log(g) y1 y2 y
2300.0 3.0 2.4129 0.0364 2.4493
2400.0 3.0 2.3226 0.0303 2.3529
2500.0 3.0 2.1695 0.0359 2.2054
2600.0 3.0 1.9495 0.057 2.0065
2700.0 3.0 1.764 0.0825 1.8465
2900.0 3.0 1.7137 0.1149 1.8286
3100.0 3.0 1.6998 0.1156 1.8154
3200.0 3.0 1.6338 0.1064 1.7402
3300.0 3.0 1.5919 0.0974 1.6893
3400.0 3.0 1.6608 0.0754 1.7362
3500.0 3.0 1.7368 0.0518 1.7886
3600.0 3.0 1.7117 0.0188 1.7305
3700.0 3.0 1.6189 0.0136 1.6325
3800.0 3.0 1.5512 0.0089 1.5600999999999998
3900.0 3.0 1.4619 0.009 1.4708999999999999
4000.0 3.0 1.3727 0.005 1.3777
4100.0 3.0 1.3109 0.0022 1.3131
4200.0 3.0 1.2555 0.0011 1.2566000000000002
4300.0 3.0 1.209 0.0009 1.2099
4400.0 3.0 1.1696 0.0003 1.1699
4500.0 3.0 1.1339 -0.0001 1.1338
4600.0 3.0 1.0923 -0.0007 1.0916000000000001
4700.0 3.0 1.0672 0.0017 1.0689
4800.0 3.0 1.051 0.0 1.051
4900.0 3.0 0.9838 -0.0008 0.983
5100.0 3.0 0.9466 -0.0032 0.9434
5200.0 3.0 0.9223 -0.001 0.9213
5300.0 3.0 0.9095 0.0015 0.9109999999999999
5400.0 3.0 0.8499 -0.0008 0.8491
5500.0 3.0 0.8751 0.0072 0.8823
5600.0 3.0 0.9003 -0.0002 0.9001
5700.0 3.0 0.8402 -0.003 0.8371999999999999
5800.0 3.0 0.824 -0.0142 0.8098
5900.0 3.0 0.8059 -0.0031 0.8028
6000.0 3.0 0.7882 -0.0028 0.7854
6100.0 3.0 0.7729 -0.0015 0.7714000000000001
6200.0 3.0 0.7549 -0.0003 0.7546
6300.0 3.0 0.7385 0.0007 0.7392000000000001
6400.0 3.0 0.7249 -0.0001 0.7248
6500.0 3.0 0.7095 0.0057 0.7152000000000001
6600.0 3.0 0.6935 0.0013 0.6948
6700.0 3.0 0.6777 0.0094 0.6870999999999999
6800.0 3.0 0.6622 0.0126 0.6748000000000001
6900.0 3.0 0.6471 0.0039 0.651
7000.0 3.0 0.6357 0.0047 0.6404000000000001
7200.0 3.0 0.6012 0.0029 0.6041
7400.0 3.0 0.5661 0.0093 0.5754
7600.0 3.0 0.5521 0.0131 0.5652
7800.0 3.0 0.54 0.0081 0.5481
8000.0 3.0 0.5356 0.0085 0.5440999999999999
8200.0 3.0 0.5228 0.0079 0.5307000000000001
8400.0 3.0 0.5112 0.0082 0.5194
8600.0 3.0 0.4988 0.0068 0.5056
8800.0 3.0 0.4904 0.0064 0.4968
9000.0 3.0 0.4905 0.0043 0.4948
9200.0 3.0 0.491 0.0021 0.4931
9400.0 3.0 0.4888 0.0003 0.48910000000000003
9600.0 3.0 0.4883 -0.0013 0.487
9800.0 3.0 0.4918 -0.0018 0.49
10000.0 3.0 0.491 -0.0037 0.4873
10200.0 3.0 0.4878 -0.0054 0.4824
10400.0 3.0 0.482 -0.0068 0.4752
10600.0 3.0 0.4755 -0.0075 0.46799999999999997
10800.0 3.0 0.4704 -0.008 0.4624
11000.0 3.0 0.4632 -0.0082 0.455
11200.0 3.0 0.4575 -0.0081 0.4494
11400.0 3.0 0.4491 -0.017 0.4321
11600.0 3.0 0.4415 -0.014 0.4275
11800.0 3.0 0.437 -0.0047 0.4323
12000.0 3.0 0.4301 -0.0046 0.4255
2300.0 3.5 2.1314 0.0852 2.2166
2400.0 3.5 2.2175 0.0347 2.2521999999999998
2500.0 3.5 2.2151 0.0249 2.24
2600.0 3.5 2.0774 0.0334 2.1108
2700.0 3.5 1.8851 0.0467 1.9318
2900.0 3.5 1.7716 0.0674 1.839
3100.0 3.5 1.6847 0.0692 1.7539
3200.0 3.5 1.5796 0.0655 1.6450999999999998
3300.0 3.5 1.4979 0.0639 1.5618
3400.0 3.5 1.5 0.0569 1.5569
3500.0 3.5 1.5178 0.0437 1.5615
3600.0 3.5 1.5377 0.0266 1.5643
3700.0 3.5 1.5404 0.0147 1.5551
3800.0 3.5 1.5019 0.007 1.5089
3900.0 3.5 1.4353 0.0013 1.4366
4000.0 3.5 1.359 0.0014 1.3604
4100.0 3.5 1.3053 0.0034 1.3087
4200.0 3.5 1.2497 0.0033 1.2530000000000001
4300.0 3.5 1.203 0.0027 1.2057
4400.0 3.5 1.1633 0.0022 1.1655
4500.0 3.5 1.1282 0.0018 1.1300000000000001
4600.0 3.5 1.0953 0.0014 1.0967
4700.0 3.5 1.0658 0.0009 1.0667
4800.0 3.5 1.039 0.0004 1.0393999999999999
4900.0 3.5 0.9707 0.0 0.9707
5100.0 3.5 0.9437 -0.002 0.9417
5200.0 3.5 0.9464 -0.0011 0.9453
5300.0 3.5 0.9139 -0.0002 0.9137000000000001
5400.0 3.5 0.8818 -0.0002 0.8816
5500.0 3.5 0.8754 0.0023 0.8776999999999999
5600.0 3.5 0.8467 -0.0006 0.8461
5700.0 3.5 0.7814 -0.0008 0.7806
5800.0 3.5 0.822 -0.001 0.821
5900.0 3.5 0.8543 -0.0012 0.8531
6000.0 3.5 0.7874 -0.0011 0.7863
6100.0 3.5 0.7769 -0.003 0.7739
6200.0 3.5 0.7728 -0.0027 0.7701
6300.0 3.5 0.7475 -0.0012 0.7463000000000001
6400.0 3.5 0.7512 -0.0008 0.7504
6500.0 3.5 0.72 -0.0004 0.7196
6600.0 3.5 0.7156 0.0 0.7156
6700.0 3.5 0.7376 0.0006 0.7382000000000001
6800.0 3.5 0.6413 0.0012 0.6425
6900.0 3.5 0.6148 0.0018 0.6166
7000.0 3.5 0.6416 0.0025 0.6440999999999999
7200.0 3.5 0.6216 0.0046 0.6262000000000001
7400.0 3.5 0.594 0.0058 0.5998
7600.0 3.5 0.561 0.0048 0.5658000000000001
7800.0 3.5 0.5423 0.0103 0.5526
8000.0 3.5 0.5307 0.0103 0.5409999999999999
8200.0 3.5 0.5153 0.0088 0.5241
8400.0 3.5 0.5042 0.008 0.5122
8600.0 3.5 0.4908 0.0076 0.4984
8800.0 3.5 0.4784 0.0072 0.4856
9000.0 3.5 0.4692 0.0062 0.4754
9200.0 3.5 0.4679 0.0049 0.4728
9400.0 3.5 0.4674 0.0033 0.4707
9600.0 3.5 0.4712 0.002 0.4732
9800.0 3.5 0.4724 0.0004 0.4728
10000.0 3.5 0.4672 -0.0011 0.4661
10200.0 3.5 0.466 -0.0026 0.46340000000000003
10400.0 3.5 0.4652 -0.0039 0.4613
10600.0 3.5 0.4639 -0.0049 0.45899999999999996
10800.0 3.5 0.462 -0.0058 0.45620000000000005
11000.0 3.5 0.4586 -0.0064 0.4522
11200.0 3.5 0.4192 -0.0068 0.41240000000000004
11400.0 3.5 0.4142 -0.0072 0.40700000000000003
11600.0 3.5 0.4831 -0.0095 0.47359999999999997
11800.0 3.5 0.4769 -0.0095 0.4674
12000.0 3.5 0.3923 -0.0094 0.38289999999999996
2300.0 4.0 1.4515 0.137 1.5885
2400.0 4.0 1.9061 0.067 1.9730999999999999
2500.0 4.0 2.16 0.0188 2.1788000000000003
2600.0 4.0 2.1123 0.013 2.1252999999999997
2700.0 4.0 1.9434 0.02 1.9634
2900.0 4.0 1.8075 0.031 1.8385
3100.0 4.0 1.6888 0.0338 1.7226000000000001
3200.0 4.0 1.5847 0.0334 1.6181
3300.0 4.0 1.5101 0.0356 1.5457
3400.0 4.0 1.4638 0.0355 1.4993
3500.0 4.0 1.4309 0.0311 1.462
3600.0 4.0 1.4113 0.0253 1.4366
3700.0 4.0 1.4108 0.0152 1.4260000000000002
3800.0 4.0 1.4043 0.0069 1.4112
3900.0 4.0 1.3991 -0.0001 1.399
4000.0 4.0 1.3966 -0.0026 1.3940000000000001
4100.0 4.0 1.3336 -0.0011 1.3324999999999998
4200.0 4.0 1.2476 0.0 1.2476
4300.0 4.0 1.1954 0.0028 1.1982
4400.0 4.0 1.1577 0.0046 1.1622999999999999
4500.0 4.0 1.1237 0.004 1.1277
4600.0 4.0 1.0807 0.0035 1.0842
4700.0 4.0 1.0528 0.0032 1.056
4800.0 4.0 1.0379 0.0022 1.0401
4900.0 4.0 0.9615 0.0019 0.9634
5100.0 4.0 0.9365 0.0015 0.938
5200.0 4.0 0.9486 0.0013 0.9499
5300.0 4.0 0.9238 0.0003 0.9240999999999999
5400.0 4.0 0.8887 0.0008 0.8895000000000001
5500.0 4.0 0.8674 -0.0001 0.8673
5600.0 4.0 0.8498 0.0 0.8498
5700.0 4.0 0.8339 0.0003 0.8341999999999999
5800.0 4.0 0.8187 0.0019 0.8206
5900.0 4.0 0.8053 -0.0053 0.8
6000.0 4.0 0.7567 -0.0017 0.755
6100.0 4.0 0.7449 -0.0017 0.7432
6200.0 4.0 0.7875 -0.0022 0.7853
6300.0 4.0 0.7722 -0.0041 0.7681
6400.0 4.0 0.7383 -0.0021 0.7362
6500.0 4.0 0.7249 -0.0042 0.7207
6600.0 4.0 0.7124 -0.0015 0.7109000000000001
6700.0 4.0 0.6994 -0.0029 0.6965
6800.0 4.0 0.6864 -0.0029 0.6835
6900.0 4.0 0.674 -0.0001 0.6739
7000.0 4.0 0.673 0.0005 0.6735
7200.0 4.0 0.6356 0.0021 0.6377
7400.0 4.0 0.5685 -0.0004 0.5681
7600.0 4.0 0.6008 0.0055 0.6063
7800.0 4.0 0.6015 0.0079 0.6094
8000.0 4.0 0.5183 0.009 0.5273
8200.0 4.0 0.4958 0.0092 0.505
8400.0 4.0 0.4966 0.0086 0.5052
8600.0 4.0 0.489 0.0079 0.4969
8800.0 4.0 0.4734 0.0072 0.48059999999999997
9000.0 4.0 0.4607 0.0073 0.46799999999999997
9200.0 4.0 0.4524 0.0067 0.4591
9400.0 4.0 0.4499 0.0056 0.4555
9600.0 4.0 0.4483 0.0053 0.4536
9800.0 4.0 0.448 0.0029 0.4509
10000.0 4.0 0.4479 0.0016 0.4495
10200.0 4.0 0.4463 0.0003 0.4466
10400.0 4.0 0.4466 -0.0009 0.4457
10600.0 4.0 0.4472 -0.0021 0.4451
10800.0 4.0 0.4473 -0.0032 0.4441
11000.0 4.0 0.4463 -0.0042 0.4421
11200.0 4.0 0.4454 -0.005 0.4404
11400.0 4.0 0.4062 -0.0035 0.4027
11600.0 4.0 0.4028 -0.004 0.3988
11800.0 4.0 0.4373 -0.0067 0.43060000000000004
12000.0 4.0 0.4325 -0.0069 0.4256
2300.0 4.5 1.0486 0.1482 1.1968
2400.0 4.5 1.4019 0.1235 1.5253999999999999
2500.0 4.5 1.8265 0.0331 1.8596
2600.0 4.5 2.0861 0.0061 2.0922
2700.0 4.5 1.9799 0.0091 1.989
2900.0 4.5 1.8289 0.0119 1.8408
3100.0 4.5 1.6989 0.0157 1.7146000000000001
3200.0 4.5 1.5965 0.0163 1.6128
3300.0 4.5 1.5183 0.0181 1.5364
3400.0 4.5 1.4558 0.0175 1.4733
3500.0 4.5 1.4144 0.0169 1.4313
3600.0 4.5 1.3732 0.0153 1.3885
3700.0 4.5 1.3447 0.0122 1.3569
3800.0 4.5 1.3349 0.0073 1.3422
3900.0 4.5 1.329 0.0032 1.3322
4000.0 4.5 1.3472 -0.0028 1.3444
4100.0 4.5 1.3362 -0.0069 1.3293000000000001
4200.0 4.5 1.297 -0.008 1.289
4300.0 4.5 1.2589 -0.0036 1.2552999999999999
4400.0 4.5 1.1784 -0.0007 1.1777
4500.0 4.5 1.1147 0.003 1.1177
4600.0 4.5 1.0849 0.0046 1.0895
4700.0 4.5 1.048 0.0055 1.0535
4800.0 4.5 1.0207 0.0052 1.0259
4900.0 4.5 0.9641 0.005 0.9691
5100.0 4.5 0.9379 0.0038 0.9417
5200.0 4.5 0.9282 0.0036 0.9318000000000001
5300.0 4.5 0.9066 0.0034 0.9099999999999999
5400.0 4.5 0.8762 0.0031 0.8793
5500.0 4.5 0.8629 0.0028 0.8657
5600.0 4.5 0.8531 0.0015 0.8545999999999999
5700.0 4.5 0.8116 0.001 0.8126
5800.0 4.5 0.7288 0.0004 0.7292
5900.0 4.5 0.7935 -0.0002 0.7933
6000.0 4.5 0.8484 -0.0009 0.8475
6100.0 4.5 0.7689 -0.003 0.7659
6200.0 4.5 0.7298 -0.0032 0.7266
6300.0 4.5 0.748 -0.0017 0.7463
6400.0 4.5 0.7501 -0.002 0.7481
6500.0 4.5 0.7312 -0.0022 0.729
6600.0 4.5 0.7409 -0.0023 0.7386
6700.0 4.5 0.7117 -0.0022 0.7095
6800.0 4.5 0.6958 -0.002 0.6938
6900.0 4.5 0.6817 -0.0016 0.6800999999999999
7000.0 4.5 0.6714 -0.0012 0.6702
7200.0 4.5 0.6123 -0.0012 0.6111
7400.0 4.5 0.6304 0.0017 0.6321
7600.0 4.5 0.6516 0.0059 0.6575
7800.0 4.5 0.5807 0.0036 0.5843
8000.0 4.5 0.5454 0.0051 0.5505
8200.0 4.5 0.5117 0.0071 0.5188
8400.0 4.5 0.4895 0.0086 0.4981
8600.0 4.5 0.4729 0.0086 0.4815
8800.0 4.5 0.4706 0.008 0.4786
9000.0 4.5 0.4625 0.0072 0.4697
9200.0 4.5 0.4454 0.0068 0.4522
9400.0 4.5 0.4492 0.0068 0.45599999999999996
9600.0 4.5 0.4338 0.0061 0.4399
9800.0 4.5 0.4202 0.0053 0.42550000000000004
10000.0 4.5 0.4302 0.0043 0.43450000000000005
10200.0 4.5 0.4286 0.0032 0.43179999999999996
10400.0 4.5 0.4283 0.0022 0.4305
10600.0 4.5 0.4287 0.0011 0.4298
10800.0 4.5 0.4297 0.0 0.4297
11000.0 4.5 0.4301 -0.0011 0.429
11200.0 4.5 0.4305 -0.002 0.4285
11400.0 4.5 0.4304 -0.0032 0.4272
11600.0 4.5 0.4299 -0.0042 0.4257
11800.0 4.5 0.4289 -0.0048 0.4241
12000.0 4.5 0.427 -0.0053 0.42169999999999996
2300.0 5.0 1.5989 0.1387 1.7376
2400.0 5.0 1.1113 0.1336 1.2449
2500.0 5.0 1.315 0.0856 1.4005999999999998
2600.0 5.0 1.9328 0.0198 1.9526000000000001
2700.0 5.0 1.974 0.0055 1.9795
2900.0 5.0 1.8354 0.0015 1.8369
3100.0 5.0 1.7145 0.0067 1.7211999999999998
3200.0 5.0 1.6068 0.0083 1.6151
3300.0 5.0 1.5216 0.0091 1.5307000000000002
3400.0 5.0 1.4512 0.0083 1.4595
3500.0 5.0 1.4094 0.0083 1.4177
3600.0 5.0 1.3631 0.0073 1.3704
3700.0 5.0 1.3255 0.0064 1.3318999999999999
3800.0 5.0 1.3059 0.0052 1.3111000000000002
3900.0 5.0 1.2858 0.0027 1.2885
4000.0 5.0 1.2801 -0.0003 1.2798
4100.0 5.0 1.2725 -0.0057 1.2668
4200.0 5.0 1.2879 -0.0084 1.2795
4300.0 5.0 1.2853 -0.0089 1.2764000000000002
4400.0 5.0 1.2406 -0.0088 1.2318
4500.0 5.0 1.193 -0.0033 1.1897
4600.0 5.0 1.1139 0.0003 1.1141999999999999
4700.0 5.0 1.0607 0.0043 1.065
4800.0 5.0 1.0308 0.0066 1.0373999999999999
4900.0 5.0 0.9481 0.0068 0.9549000000000001
5100.0 5.0 0.923 0.0067 0.9297000000000001
5200.0 5.0 0.9424 0.0064 0.9488
5300.0 5.0 0.9162 0.0056 0.9218000000000001
5400.0 5.0 0.8789 0.0047 0.8836
5500.0 5.0 0.8425 0.0039 0.8464
5600.0 5.0 0.8211 0.0039 0.8250000000000001
5700.0 5.0 0.8157 0.0035 0.8191999999999999
5800.0 5.0 0.7982 0.0038 0.802
5900.0 5.0 0.7836 0.002 0.7856
6000.0 5.0 0.7082 0.0028 0.7110000000000001
6100.0 5.0 0.7046 0.0022 0.7068
6200.0 5.0 0.8107 0.0017 0.8124
6300.0 5.0 0.7929 -0.0027 0.7902
6400.0 5.0 0.7298 -0.0017 0.7281
6500.0 5.0 0.7205 -0.0041 0.7164
6600.0 5.0 0.7125 -0.0032 0.7093
6700.0 5.0 0.7049 -0.0038 0.7011
6800.0 5.0 0.6974 -0.0043 0.6931
6900.0 5.0 0.6904 -0.0057 0.6847
7000.0 5.0 0.6783 -0.0044 0.6739
7200.0 5.0 0.6649 -0.0043 0.6606000000000001
7400.0 5.0 0.6447 0.0005 0.6452
7600.0 5.0 0.622 -0.0023 0.6197
7800.0 5.0 0.5927 -0.0007 0.592
8000.0 5.0 0.558 -0.0032 0.5548000000000001
8200.0 5.0 0.5365 -0.002 0.5345
8400.0 5.0 0.515 0.0011 0.5161
8600.0 5.0 0.4815 0.0081 0.4896
8800.0 5.0 0.4554 0.0092 0.4646
9000.0 5.0 0.4459 0.0088 0.4547
9200.0 5.0 0.4473 0.0079 0.4552
9400.0 5.0 0.4399 0.0069 0.44680000000000003
9600.0 5.0 0.4274 0.0057 0.4331
9800.0 5.0 0.4222 0.0064 0.42860000000000004
10000.0 5.0 0.4188 0.0058 0.4246
10200.0 5.0 0.4158 0.0052 0.421
10400.0 5.0 0.4144 0.0044 0.4188
10600.0 5.0 0.4138 0.0036 0.4174
10800.0 5.0 0.4139 0.0027 0.41659999999999997
11000.0 5.0 0.4143 0.0018 0.4161
11200.0 5.0 0.4108 0.0009 0.4117
11400.0 5.0 0.3713 0.0007 0.372
11600.0 5.0 0.3765 -0.0009 0.3756
11800.0 5.0 0.4183 -0.0011 0.4172
12000.0 5.0 0.4173 -0.0019 0.4154
2300.0 5.5 1.2889 0.1218 1.4106999999999998
2400.0 5.5 1.0358 0.1167 1.1525
2500.0 5.5 1.0084 0.1298 1.1381999999999999
2600.0 5.5 1.4862 0.0425 1.5287
2700.0 5.5 1.8832 0.0143 1.8975
2900.0 5.5 1.8341 -0.0069 1.8272000000000002
3100.0 5.5 1.7389 -0.0018 1.7370999999999999
3200.0 5.5 1.6181 0.0022 1.6203
3300.0 5.5 1.5178 0.0032 1.5210000000000001
3400.0 5.5 1.4485 0.0042 1.4526999999999999
3500.0 5.5 1.4051 0.0041 1.4092
3600.0 5.5 1.3532 0.0048 1.3579999999999999
3700.0 5.5 1.3223 0.0047 1.327
3800.0 5.5 1.2946 0.0045 1.2991
3900.0 5.5 1.2672 0.0033 1.2705000000000002
4000.0 5.5 1.2512 0.0014 1.2526000000000002
4100.0 5.5 1.241 -0.0012 1.2398
4200.0 5.5 1.2575 -0.0032 1.2543
4300.0 5.5 1.2534 -0.0081 1.2453
4400.0 5.5 1.2493 -0.0085 1.2408000000000001
4500.0 5.5 1.2323 -0.0097 1.2226
4600.0 5.5 1.1862 -0.0073 1.1788999999999998
4700.0 5.5 1.1337 -0.002 1.1317
4800.0 5.5 1.055 0.0017 1.0567
4900.0 5.5 0.9653 0.005 0.9703
5100.0 5.5 0.934 0.0075 0.9415
5200.0 5.5 0.9114 0.007 0.9184
5300.0 5.5 0.8813 0.0066 0.8879
5400.0 5.5 0.8497 0.0063 0.856
5500.0 5.5 0.8497 0.006 0.8557
5600.0 5.5 0.8459 0.0067 0.8526
5700.0 5.5 0.8103 0.0065 0.8168
5800.0 5.5 0.7041 0.0062 0.7102999999999999
5900.0 5.5 0.7756 0.0059 0.7815
6000.0 5.5 0.8524 0.0002 0.8526
6100.0 5.5 0.7492 0.003 0.7522
6200.0 5.5 0.6422 0.0006 0.6428
6300.0 5.5 0.6873 -0.0028 0.6845
6400.0 5.5 0.7239 -0.0033 0.7206
6500.0 5.5 0.7035 -0.0046 0.6989
6600.0 5.5 0.7477 -0.005 0.7427
6700.0 5.5 0.6901 -0.0055 0.6846000000000001
6800.0 5.5 0.6577 -0.006 0.6517
6900.0 5.5 0.6795 -0.0065 0.673
7000.0 5.5 0.6902 -0.0069 0.6833
7200.0 5.5 0.6631 -0.0073 0.6558
7400.0 5.5 0.6517 -0.0075 0.6442
7600.0 5.5 0.6385 -0.0069 0.6315999999999999
7800.0 5.5 0.5707 -0.0058 0.5649
8000.0 5.5 0.5306 -0.0034 0.5272
8200.0 5.5 0.5634 -0.0007 0.5627
8400.0 5.5 0.6113 0.0017 0.613
8600.0 5.5 0.5725 0.0046 0.5771000000000001
8800.0 5.5 0.4796 0.0078 0.4874
9000.0 5.5 0.4459 0.0105 0.45640000000000003
9200.0 5.5 0.4201 0.0114 0.4315
9400.0 5.5 0.419 0.0071 0.4261
9600.0 5.5 0.4266 0.0079 0.4345
9800.0 5.5 0.4217 0.0067 0.4284
10000.0 5.5 0.4128 0.006 0.4188
10200.0 5.5 0.409 0.0057 0.41469999999999996
10400.0 5.5 0.405 0.0055 0.41050000000000003
10600.0 5.5 0.4027 0.005 0.4077
10800.0 5.5 0.4016 0.0043 0.40590000000000004
11000.0 5.5 0.4006 0.0036 0.4042
11200.0 5.5 0.4122 0.0041 0.4163
11400.0 5.5 0.401 0.0036 0.4046
11600.0 5.5 0.4 0.0051 0.4051
11800.0 5.5 0.4119 0.0042 0.41609999999999997
12000.0 5.5 0.3886 0.0033 0.3919
2300.0 6.0 1.4007 0.0747 1.4754
2400.0 6.0 1.167 0.1158 1.2828
2500.0 6.0 0.7813 0.1427 0.9239999999999999
2600.0 6.0 1.0687 0.0637 1.1324
2700.0 6.0 1.7139 0.035 1.7489
2900.0 6.0 1.7682 -0.0155 1.7527
3100.0 6.0 1.7678 -0.0121 1.7557
3200.0 6.0 1.6526 -0.0049 1.6477000000000002
3300.0 6.0 1.5402 -0.0022 1.538
3400.0 6.0 1.46 0.0026 1.4626
3500.0 6.0 1.4155 0.0016 1.4171
3600.0 6.0 1.3699 0.0062 1.3760999999999999
3700.0 6.0 1.3226 0.0074 1.33
3800.0 6.0 1.2896 0.0065 1.2961
3900.0 6.0 1.2509 0.0071 1.258
4000.0 6.0 1.2284 0.0038 1.2322
4100.0 6.0 1.2177 0.0037 1.2214
4200.0 6.0 1.2048 0.0006 1.2054
4300.0 6.0 1.22 -0.0069 1.2131
4400.0 6.0 1.2202 -0.0049 1.2153
4500.0 6.0 1.2087 -0.0145 1.1942000000000002
4600.0 6.0 1.2155 -0.0134 1.2021
4700.0 6.0 1.1829 -0.0133 1.1696
4800.0 6.0 1.1276 -0.0079 1.1197
4900.0 6.0 1.0025 0.0007 1.0031999999999999
5100.0 6.0 0.9429 0.002 0.9449
5200.0 6.0 0.93 0.0024 0.9324
5300.0 6.0 0.9055 0.0078 0.9133
5400.0 6.0 0.8692 0.0094 0.8785999999999999
5500.0 6.0 0.8483 0.0135 0.8618
5600.0 6.0 0.8282 0.0087 0.8369000000000001
5700.0 6.0 0.8079 0.0086 0.8165
5800.0 6.0 0.7885 0.0086 0.7971
5900.0 6.0 0.6825 0.0295 0.712
6000.0 6.0 0.6587 -0.0075 0.6512
6100.0 6.0 0.7103 -0.0125 0.6978000000000001
6200.0 6.0 0.7068 -0.0167 0.6900999999999999
6300.0 6.0 0.7221 0.0078 0.7299
6400.0 6.0 0.6975 -0.0051 0.6924
6500.0 6.0 0.689 0.0039 0.6929
6600.0 6.0 0.6947 -0.0066 0.6880999999999999
6700.0 6.0 0.6852 -0.0064 0.6788000000000001
6800.0 6.0 0.6781 -0.0065 0.6716000000000001
6900.0 6.0 0.6741 -0.0012 0.6729
7000.0 6.0 0.6673 -0.0068 0.6605
7200.0 6.0 0.6581 -0.0071 0.651
7400.0 6.0 0.6486 -0.0081 0.6405
7600.0 6.0 0.6403 -0.0086 0.6316999999999999
7800.0 6.0 0.6328 -0.0091 0.6237
8000.0 6.0 0.6173 0.0099 0.6272
8200.0 6.0 0.5959 0.0159 0.6118
8400.0 6.0 0.579 0.0159 0.5949
8600.0 6.0 0.5571 -0.0001 0.557
8800.0 6.0 0.5296 0.0048 0.5344
9000.0 6.0 0.4926 0.0098 0.5024
9200.0 6.0 0.4033 0.0157 0.419
9400.0 6.0 0.3932 0.0081 0.4013
9600.0 6.0 0.4214 0.0115 0.4329
9800.0 6.0 0.3945 0.007 0.4015
10000.0 6.0 0.4039 0.0057 0.40959999999999996
10200.0 6.0 0.4095 0.0055 0.415
10400.0 6.0 0.4038 0.0063 0.4101
10600.0 6.0 0.3947 0.0059 0.4006
10800.0 6.0 0.3921 0.0054 0.3975
11000.0 6.0 0.4112 0.0049 0.4161
11200.0 6.0 0.4108 0.0083 0.4191
11400.0 6.0 0.3884 0.0045 0.3929
11600.0 6.0 0.3873 0.0042 0.39149999999999996
11800.0 6.0 0.3876 0.0008 0.3884
12000.0 6.0 0.3885 0.0003 0.38880000000000003
