#     6   58  Pure hydrogen grid                   Sun Sep  6 14:45:00 2015
  Teff  logg  M/Mo  Mbol     BC     Age      U      B      V      R      I      J      H      K    IR1    IR2    IR3    IR4     u      g      r      i      z      KG5
  1500. 7.0  0.150 19.064  0.983 1.623E+10 23.034 20.606 18.081 17.823 19.548 19.652 19.658 20.627 16.273 15.848 15.703 15.233 24.045 19.305 17.694 19.779 19.447 18.780
  1750. 7.0  0.151 18.393  0.778 1.338E+10 22.268 20.039 17.615 17.167 18.254 18.394 18.538 19.381 15.681 15.323 15.210 14.843 23.262 18.813 17.082 18.552 18.333 18.198
  2000. 7.0  0.151 17.812  0.538 1.078E+10 21.615 19.573 17.274 16.667 17.204 17.399 17.645 18.347 15.208 14.903 14.802 14.502 22.589 18.421 16.656 17.544 17.410 17.755
  2250. 7.0  0.151 17.297  0.310 7.879E+09 21.036 19.165 16.988 16.260 16.350 16.569 16.889 17.448 14.803 14.540 14.441 14.186 21.990 18.080 16.338 16.734 16.643 17.391
  2500. 7.0  0.152 16.837  0.094 5.479E+09 20.524 18.805 16.743 15.929 15.670 15.869 16.234 16.665 14.449 14.221 14.120 13.893 21.460 17.779 16.094 16.110 16.012 17.091
  2750. 7.0  0.152 16.420 -0.097 3.943E+09 20.045 18.470 16.517 15.651 15.142 15.257 15.644 15.976 14.130 13.932 13.826 13.617 20.967 17.499 15.887 15.639 15.500 16.831
  3000. 7.0  0.152 16.039 -0.259 3.472E+09 19.579 18.141 16.298 15.415 14.753 14.712 15.083 15.332 13.822 13.652 13.540 13.342 20.486 17.224 15.696 15.293 15.101 16.596
  3250. 7.0  0.153 15.689 -0.392 3.145E+09 19.115 17.814 16.080 15.208 14.475 14.226 14.540 14.722 13.515 13.370 13.254 13.064 20.009 16.950 15.511 15.038 14.802 16.376
  3500. 7.0  0.153 15.362 -0.491 2.927E+09 18.634 17.473 15.853 15.013 14.261 13.803 14.014 14.127 13.197 13.070 12.953 12.773 19.517 16.664 15.319 14.831 14.573 16.154
  3750. 7.0  0.154 15.058 -0.546 2.803E+09 18.114 17.103 15.604 14.808 14.070 13.448 13.519 13.555 12.870 12.752 12.639 12.480 18.985 16.352 15.108 14.637 14.377 15.912
  4000. 7.0  0.155 14.771 -0.545 2.550E+09 17.521 16.679 15.316 14.577 13.873 13.174 13.083 13.059 12.559 12.448 12.344 12.216 18.380 15.993 14.865 14.429 14.187 15.632
  4250. 7.0  0.157 14.497 -0.500 2.229E+09 16.885 16.219 14.997 14.317 13.656 12.962 12.722 12.675 12.295 12.195 12.109 12.020 17.734 15.599 14.591 14.199 13.984 15.316
  4500. 7.0  0.159 14.235 -0.429 1.955E+09 16.239 15.748 14.664 14.043 13.431 12.781 12.447 12.369 12.083 12.004 11.944 11.890 17.078 15.193 14.302 13.958 13.776 14.979
  4750. 7.0  0.162 13.975 -0.349 1.674E+09 15.602 15.281 14.324 13.761 13.196 12.603 12.240 12.133 11.918 11.861 11.822 11.787 16.432 14.784 14.005 13.708 13.559 14.630
  5000. 7.0  0.168 13.717 -0.276 1.360E+09 14.981 14.832 13.993 13.483 12.963 12.426 12.069 11.961 11.788 11.744 11.715 11.690 15.804 14.390 13.714 13.460 13.342 14.284
  5250. 7.0  0.174 13.467 -0.220 1.147E+09 14.395 14.421 13.687 13.224 12.746 12.258 11.919 11.822 11.675 11.640 11.618 11.600 15.212 14.027 13.444 13.229 13.139 13.956
  5500. 7.0  0.179 13.230 -0.184 9.696E+08 13.877 14.059 13.413 12.992 12.551 12.107 11.785 11.703 11.578 11.550 11.534 11.522 14.693 13.704 13.202 13.023 12.958 13.658
  6000. 7.0  0.188 12.802 -0.150 7.762E+08 13.080 13.466 12.952 12.602 12.227 11.856 11.567 11.514 11.426 11.412 11.407 11.404 13.898 13.167 12.796 12.678 12.656 13.156
  6500. 7.0  0.192 12.428 -0.147 6.329E+08 12.504 12.997 12.575 12.282 11.961 11.657 11.405 11.374 11.313 11.310 11.311 11.314 13.325 12.734 12.462 12.394 12.409 12.749
  7000. 7.0  0.197 12.083 -0.161 5.182E+08 12.049 12.598 12.243 11.996 11.721 11.480 11.266 11.253 11.212 11.214 11.219 11.221 12.873 12.360 12.166 12.140 12.186 12.395
  7500. 7.0  0.201 11.761 -0.182 4.253E+08 11.675 12.246 11.943 11.736 11.503 11.320 11.144 11.144 11.116 11.122 11.127 11.129 12.503 12.026 11.897 11.908 11.984 12.081
  8000. 7.0  0.205 11.459 -0.206 3.464E+08 11.360 11.929 11.665 11.496 11.301 11.172 11.032 11.044 11.024 11.033 11.038 11.040 12.192 11.721 11.648 11.694 11.797 11.796
  8500. 7.0  0.209 11.174 -0.228 2.836E+08 11.087 11.637 11.403 11.270 11.113 11.035 10.929 10.950 10.935 10.946 10.951 10.953 11.924 11.438 11.415 11.493 11.624 11.534
  9000. 7.0  0.213 10.906 -0.250 2.318E+08 10.846 11.367 11.156 11.058 10.939 10.907 10.835 10.862 10.849 10.862 10.866 10.869 11.687 11.173 11.197 11.305 11.464 11.291
  9500. 7.0  0.217 10.652 -0.275 1.878E+08 10.627 11.118 10.927 10.863 10.780 10.790 10.748 10.780 10.767 10.780 10.785 10.788 11.473 10.928 10.996 11.134 11.319 11.066
 10000. 7.0  0.220 10.411 -0.314 1.524E+08 10.432 10.897 10.725 10.693 10.643 10.689 10.673 10.706 10.691 10.704 10.708 10.712 11.280 10.712 10.820 10.986 11.195 10.868
 10500. 7.0  0.223 10.185 -0.379 1.239E+08 10.263 10.714 10.563 10.558 10.536 10.608 10.611 10.645 10.628 10.640 10.644 10.649 11.114 10.534 10.680 10.870 11.097 10.705
 11000. 7.0  0.226  9.969 -0.473 9.931E+07 10.128 10.573 10.442 10.458 10.457 10.548 10.561 10.594 10.576 10.588 10.592 10.597 10.980 10.398 10.576 10.785 11.024 10.580
 11500. 7.0  0.229  9.763 -0.587 7.990E+07 10.016 10.461 10.350 10.382 10.396 10.499 10.517 10.550 10.532 10.544 10.548 10.554 10.868 10.292 10.497 10.720 10.966 10.482
 12000. 7.0  0.231  9.566 -0.693 6.589E+07  9.891 10.348 10.258 10.303 10.330 10.445 10.469 10.503 10.487 10.500 10.505 10.512 10.743 10.186 10.415 10.650 10.904 10.380
 12500. 7.0  0.234  9.376 -0.793 5.545E+07  9.757 10.238 10.169 10.222 10.260 10.389 10.418 10.455 10.442 10.456 10.462 10.469 10.609 10.083 10.332 10.577 10.837 10.278
 13000. 7.0  0.237  9.194 -0.891 4.702E+07  9.624 10.133 10.085 10.144 10.191 10.333 10.368 10.407 10.397 10.412 10.418 10.427 10.476  9.986 10.253 10.506 10.771 10.179
 13500. 7.0  0.239  9.018 -0.988 3.995E+07  9.495 10.035 10.006 10.070 10.125 10.279 10.318 10.359 10.353 10.368 10.376 10.385 10.347  9.896 10.177 10.438 10.708 10.085
 14000. 7.0  0.242  8.848 -1.083 3.464E+07  9.371  9.942  9.931 10.000 10.061 10.226 10.269 10.313 10.309 10.325 10.334 10.343 10.223  9.810 10.105 10.372 10.646  9.995
 14500. 7.0  0.244  8.684 -1.175 2.999E+07  9.252  9.853  9.859  9.931  9.999 10.174 10.221 10.267 10.267 10.283 10.293 10.303 10.103  9.728 10.035 10.309 10.586  9.909
 15000. 7.0  0.247  8.525 -1.265 2.620E+07  9.137  9.770  9.790  9.866  9.939 10.124 10.174 10.222 10.225 10.242 10.252 10.263  9.988  9.650  9.968 10.247 10.528  9.827
 15500. 7.0  0.250  8.372 -1.352 2.306E+07  9.028  9.690  9.723  9.802  9.880 10.075 10.128 10.179 10.184 10.202 10.213 10.224  9.878  9.576  9.903 10.187 10.471  9.747
 16000. 7.0  0.252  8.223 -1.436 2.034E+07  8.922  9.613  9.659  9.741  9.824 10.027 10.083 10.136 10.145 10.163 10.174 10.186  9.773  9.504  9.841 10.129 10.416  9.670
 16500. 7.0  0.254  8.079 -1.517 1.805E+07  8.822  9.539  9.596  9.681  9.769  9.981 10.040 10.095 10.106 10.125 10.137 10.149  9.671  9.435  9.780 10.073 10.363  9.596
 17000. 7.0  0.257  7.939 -1.597 1.600E+07  8.725  9.468  9.536  9.623  9.716  9.936  9.997 10.055 10.068 10.088 10.100 10.113  9.574  9.369  9.722 10.018 10.312  9.525
 20000. 7.0  0.270  7.180 -2.027 7.439E+06  8.212  9.087  9.207  9.309  9.424  9.687  9.762  9.831  9.858  9.882  9.899  9.917  9.059  9.009  9.403  9.720 10.029  9.137
 25000. 7.0  0.288  6.141 -2.605 2.546E+06  7.532  8.559  8.746  8.867  9.011  9.330  9.424  9.509  9.558  9.591  9.615  9.642  8.378  8.510  8.955  9.299  9.628  8.598
 30000. 7.0  0.304  5.291 -3.024 1.096E+06  6.932  8.075  8.315  8.451  8.618  8.980  9.091  9.190  9.257  9.294  9.322  9.350  7.778  8.049  8.535  8.899  9.244  8.102
 35000. 7.0  0.320  4.566 -3.388 5.757E+05  6.461  7.680  7.954  8.095  8.271  8.656  8.770  8.868  8.929  8.955  8.974  8.986  7.306  7.669  8.176  8.550  8.901  7.695
 40000. 7.0  0.338  3.925 -3.775 3.166E+05  6.155  7.408  7.701  7.844  8.025  8.419  8.535  8.632  8.690  8.712  8.729  8.737  7.000  7.405  7.925  8.303  8.657  7.418
 45000. 7.0  0.353  3.368 -4.148 1.857E+05  5.938  7.211  7.516  7.661  7.845  8.244  8.360  8.457  8.512  8.533  8.548  8.553  6.782  7.213  7.741  8.122  8.478  7.218
 50000. 7.0  0.366  2.869 -4.494 1.156E+05  5.763  7.051  7.363  7.510  7.696  8.098  8.215  8.311  8.365  8.385  8.398  8.402  6.607  7.056  7.589  7.973  8.330  7.055
 55000. 7.0  0.379  2.417 -4.814 7.754E+04  5.613  6.911  7.231  7.379  7.566  7.971  8.088  8.184  8.237  8.256  8.268  8.271  6.458  6.920  7.457  7.842  8.200  6.915
 60000. 7.0  0.394  1.999 -5.108 5.576E+04  5.475  6.782  7.107  7.256  7.445  7.851  7.968  8.065  8.116  8.135  8.147  8.149  6.320  6.793  7.334  7.720  8.079  6.784
 65000. 7.0  0.411  1.605 -5.380 4.709E+04  5.342  6.656  6.985  7.134  7.324  7.733  7.850  7.946  7.998  8.016  8.028  8.029  6.187  6.668  7.212  7.600  7.959  6.657
 70000. 7.0  0.430  1.233 -5.632 4.410E+04  5.212  6.533  6.865  7.016  7.207  7.617  7.734  7.831  7.882  7.900  7.911  7.913  6.058  6.546  7.094  7.482  7.842  6.533
 75000. 7.0  0.452  0.879 -5.867 3.458E+04  5.085  6.410  6.746  6.897  7.089  7.500  7.618  7.715  7.766  7.784  7.795  7.797  5.930  6.425  6.975  7.364  7.724  6.409
 80000. 7.0  0.472  0.552 -6.086 2.808E+04  4.970  6.299  6.638  6.790  6.983  7.395  7.514  7.611  7.662  7.680  7.691  7.693  5.815  6.316  6.867  7.258  7.618  6.298
 85000. 7.0  0.489  0.251 -6.292 2.660E+04  4.868  6.202  6.543  6.696  6.890  7.303  7.422  7.519  7.570  7.588  7.600  7.602  5.714  6.219  6.773  7.164  7.525  6.200
 90000. 7.0  0.506 -0.034 -6.486 2.945E+04  4.771  6.108  6.451  6.605  6.799  7.214  7.334  7.431  7.482  7.500  7.512  7.514  5.616  6.126  6.682  7.074  7.435  6.106
100000. 7.0  0.543 -0.569 -6.841 3.168E+04  4.582  5.925  6.273  6.427  6.623  7.040  7.160  7.257  7.309  7.327  7.339  7.343  5.428  5.945  6.504  6.897  7.259  5.922
110000. 7.0  0.576 -1.046 -7.162 1.863E+04  4.417  5.765  6.116  6.271  6.469  6.888  7.009  7.107  7.160  7.179  7.191  7.197  5.263  5.786  6.348  6.742  7.106  5.762
120000. 7.0  0.582 -1.437 -7.454 8.709E+03  4.312  5.663  6.018  6.174  6.373  6.794  6.916  7.015  7.069  7.088  7.102  7.108  5.157  5.686  6.250  6.646  7.010  5.660
  1500. 7.5  0.317 19.506  1.071 1.581E+10 23.203 20.817 18.434 18.314 20.176 20.209 20.188 21.158 16.758 16.328 16.179 15.702 24.229 19.570 18.180 20.426 20.053 19.192
  1750. 7.5  0.317 18.836  0.870 1.392E+10 22.479 20.302 17.966 17.628 18.872 18.965 19.084 19.943 16.177 15.814 15.700 15.324 23.470 19.110 17.529 19.171 18.929 18.604
  2000. 7.5  0.317 18.256  0.646 1.234E+10 21.847 19.854 17.610 17.092 17.787 17.959 18.180 18.891 15.697 15.387 15.285 14.980 22.816 18.726 17.055 18.115 17.979 18.138
  2250. 7.5  0.317 17.744  0.420 1.102E+10 21.291 19.463 17.324 16.666 16.898 17.116 17.419 17.991 15.292 15.025 14.927 14.667 22.241 18.395 16.713 17.263 17.184 17.764
  2500. 7.5  0.317 17.285  0.196 1.005E+10 20.808 19.127 17.089 16.331 16.191 16.408 16.764 17.207 14.939 14.707 14.606 14.377 21.740 18.113 16.464 16.608 16.535 17.467
  2750. 7.5  0.317 16.871  0.003 8.878E+09 20.349 18.803 16.868 16.044 15.629 15.795 16.178 16.520 14.623 14.421 14.317 14.106 21.267 17.840 16.252 16.101 15.998 17.203
  3000. 7.5  0.317 16.492 -0.164 7.765E+09 19.906 18.490 16.656 15.802 15.207 15.251 15.635 15.896 14.329 14.153 14.043 13.844 20.811 17.577 16.063 15.725 15.572 16.968
  3250. 7.5  0.318 16.144 -0.301 6.749E+09 19.463 18.175 16.445 15.593 14.902 14.758 15.102 15.300 14.032 13.882 13.768 13.576 20.356 17.312 15.882 15.450 15.248 16.750
  3500. 7.5  0.318 15.821 -0.406 5.702E+09 19.006 17.849 16.227 15.400 14.676 14.324 14.589 14.729 13.732 13.602 13.485 13.302 19.888 17.039 15.698 15.236 15.003 16.535
  3750. 7.5  0.319 15.519 -0.474 4.723E+09 18.520 17.501 15.993 15.205 14.485 13.952 14.095 14.171 13.419 13.301 13.186 13.019 19.392 16.745 15.500 15.045 14.803 16.307
  4000. 7.5  0.319 15.237 -0.491 4.157E+09 17.970 17.107 15.728 14.992 14.299 13.657 13.647 13.656 13.107 12.995 12.888 12.748 18.830 16.412 15.277 14.851 14.620 16.048
  4250. 7.5  0.320 14.972 -0.464 3.670E+09 17.376 16.679 15.436 14.756 14.102 13.436 13.270 13.245 12.833 12.730 12.637 12.533 18.226 16.048 15.028 14.642 14.434 15.759
  4500. 7.5  0.321 14.720 -0.407 3.136E+09 16.758 16.233 15.126 14.505 13.896 13.261 12.977 12.924 12.611 12.525 12.457 12.393 17.599 15.666 14.763 14.421 14.243 15.447
  4750. 7.5  0.323 14.479 -0.336 2.657E+09 16.155 15.795 14.815 14.250 13.687 13.102 12.766 12.677 12.445 12.381 12.336 12.298 16.987 15.287 14.494 14.198 14.051 15.127
  5000. 7.5  0.326 14.247 -0.266 2.162E+09 15.574 15.376 14.513 14.000 13.482 12.950 12.609 12.507 12.326 12.279 12.248 12.221 16.399 14.921 14.231 13.978 13.862 14.811
  5250. 7.5  0.329 14.022 -0.209 1.739E+09 15.026 14.988 14.230 13.765 13.288 12.807 12.479 12.384 12.232 12.196 12.173 12.153 15.846 14.581 13.985 13.771 13.683 14.509
  5500. 7.5  0.333 13.809 -0.169 1.512E+09 14.526 14.644 13.978 13.555 13.115 12.679 12.369 12.285 12.155 12.126 12.109 12.095 15.342 14.278 13.765 13.586 13.523 14.234
  6000. 7.5  0.338 13.415 -0.135 1.229E+09 13.716 14.074 13.550 13.199 12.823 12.461 12.182 12.127 12.033 12.017 12.010 12.006 14.533 13.770 13.392 13.273 13.253 13.760
  6500. 7.5  0.341 13.058 -0.136 1.022E+09 13.129 13.620 13.194 12.900 12.578 12.280 12.034 12.002 11.938 11.932 11.933 11.936 13.949 13.356 13.081 13.012 13.027 13.369
  7000. 7.5  0.343 12.729 -0.154 8.614E+08 12.676 13.240 12.883 12.636 12.360 12.122 11.911 11.897 11.853 11.855 11.860 11.863 13.499 13.002 12.806 12.778 12.825 13.034
  7500. 7.5  0.345 12.422 -0.181 7.333E+08 12.308 12.909 12.603 12.395 12.159 11.978 11.802 11.803 11.773 11.779 11.785 11.788 13.134 12.690 12.557 12.565 12.640 12.738
  8000. 7.5  0.347 12.135 -0.211 6.281E+08 11.999 12.614 12.346 12.174 11.974 11.847 11.705 11.716 11.695 11.705 11.711 11.714 12.828 12.407 12.328 12.368 12.469 12.471
  8500. 7.5  0.349 11.865 -0.240 5.411E+08 11.733 12.345 12.106 11.967 11.803 11.725 11.614 11.635 11.620 11.632 11.639 11.642 12.565 12.146 12.114 12.184 12.312 12.227
  9000. 7.5  0.352 11.610 -0.269 4.681E+08 11.498 12.097 11.879 11.773 11.643 11.612 11.531 11.559 11.548 11.562 11.569 11.573 12.334 11.903 11.914 12.012 12.166 12.002
  9500. 7.5  0.354 11.368 -0.298 4.066E+08 11.287 11.867 11.666 11.592 11.495 11.507 11.453 11.488 11.477 11.494 11.500 11.506 12.125 11.678 11.728 11.853 12.032 11.793
 10000. 7.5  0.356 11.138 -0.334 3.543E+08 11.094 11.658 11.472 11.428 11.363 11.412 11.383 11.422 11.411 11.428 11.434 11.440 11.935 11.472 11.558 11.710 11.912 11.603
 10500. 7.5  0.359 10.920 -0.386 3.097E+08 10.924 11.477 11.306 11.288 11.252 11.331 11.323 11.364 11.351 11.368 11.373 11.379 11.767 11.294 11.414 11.589 11.812 11.438
 11000. 7.5  0.361 10.711 -0.460 2.715E+08 10.777 11.326 11.171 11.176 11.163 11.266 11.272 11.315 11.301 11.318 11.323 11.330 11.621 11.147 11.298 11.493 11.732 11.302
 11500. 7.5  0.363 10.513 -0.554 2.384E+08 10.657 11.206 11.066 11.090 11.096 11.216 11.231 11.274 11.261 11.277 11.282 11.289 11.502 11.031 11.208 11.420 11.670 11.194
 12000. 7.5  0.364 10.322 -0.668 2.096E+08 10.564 11.115 10.990 11.028 11.047 11.177 11.197 11.240 11.226 11.242 11.248 11.255 11.410 10.944 11.143 11.367 11.624 11.113
 12500. 7.5  0.366 10.139 -0.776 1.846E+08 10.466 11.024 10.916 10.966 10.996 11.137 11.161 11.204 11.192 11.208 11.214 11.223 11.311 10.858 11.079 11.314 11.576 11.032
 13000. 7.5  0.368  9.964 -0.876 1.628E+08 10.355 10.929 10.840 10.899 10.940 11.093 11.122 11.166 11.156 11.173 11.180 11.189 11.201 10.770 11.010 11.255 11.523 10.945
 13500. 7.5  0.370  9.795 -0.972 1.438E+08 10.240 10.836 10.767 10.832 10.883 11.046 11.080 11.127 11.120 11.138 11.145 11.155 11.086 10.684 10.941 11.195 11.469 10.859
 14000. 7.5  0.372  9.631 -1.067 1.272E+08 10.127 10.748 10.698 10.769 10.827 11.001 11.040 11.088 11.084 11.103 11.111 11.121 10.973 10.604 10.876 11.137 11.415 10.776
 14500. 7.5  0.373  9.474 -1.159 1.126E+08 10.018 10.665 10.633 10.707 10.772 10.956 10.999 11.050 11.049 11.068 11.077 11.088 10.864 10.527 10.813 11.081 11.363 10.696
 15000. 7.5  0.375  9.321 -1.249 9.982E+07  9.912 10.586 10.570 10.648 10.719 10.913 10.959 11.012 11.014 11.034 11.043 11.055 10.758 10.454 10.752 11.026 11.312 10.620
 15500. 7.5  0.377  9.174 -1.336 8.868E+07  9.810 10.510 10.509 10.591 10.667 10.870 10.920 10.975 10.980 11.000 11.010 11.022 10.656 10.385 10.694 10.973 11.262 10.546
 16000. 7.5  0.379  9.030 -1.420 7.890E+07  9.711 10.437 10.451 10.535 10.617 10.828 10.881 10.938 10.946 10.967 10.978 10.990 10.557 10.318 10.637 10.921 11.213 10.475
 16500. 7.5  0.381  8.891 -1.502 7.048E+07  9.617 10.368 10.394 10.481 10.568 10.788 10.843 10.902 10.913 10.934 10.945 10.959 10.462 10.253 10.582 10.871 11.165 10.406
 17000. 7.5  0.383  8.756 -1.582 6.316E+07  9.525 10.300 10.338 10.429 10.520 10.747 10.806 10.867 10.880 10.902 10.914 10.928 10.371 10.191 10.528 10.821 11.119 10.339
 20000. 7.5  0.394  8.019 -2.014 3.171E+07  9.036  9.936 10.033 10.138 10.251 10.521 10.594 10.666 10.693 10.719 10.735 10.753  9.881  9.852 10.233 10.547 10.859  9.972
 25000. 7.5  0.411  7.003 -2.592 1.675E+07  8.379  9.427  9.596  9.720  9.863 10.187 10.279 10.367 10.416 10.450 10.475 10.502  9.224  9.372  9.809 10.150 10.482  9.454
 30000. 7.5  0.428  6.169 -3.013 9.661E+06  7.797  8.956  9.182  9.320  9.486  9.853  9.962 10.063 10.130 10.167 10.195 10.222  8.642  8.926  9.404  9.767 10.114  8.973
 35000. 7.5  0.450  5.445 -3.384 4.587E+06  7.334  8.562  8.828  8.970  9.146  9.534  9.648  9.748  9.811  9.839  9.860  9.874  8.179  8.549  9.052  9.424  9.777  8.571
 40000. 7.5  0.464  4.830 -3.774 3.095E+06  7.058  8.318  8.605  8.749  8.930  9.327  9.443  9.542  9.603  9.627  9.646  9.656  7.903  8.314  8.830  9.207  9.563  8.324
 45000. 7.5  0.480  4.283 -4.151 2.248E+06  6.855  8.134  8.434  8.580  8.764  9.166  9.282  9.381  9.440  9.463  9.479  9.487  7.700  8.135  8.660  9.041  9.398  8.138
 50000. 7.5  0.496  3.790 -4.500 1.691E+06  6.689  7.981  8.290  8.438  8.624  9.029  9.146  9.244  9.301  9.323  9.338  9.344  7.533  7.986  8.517  8.900  9.258  7.983
 55000. 7.5  0.512  3.341 -4.822 1.286E+06  6.545  7.848  8.163  8.312  8.501  8.908  9.025  9.124  9.179  9.200  9.214  9.219  7.390  7.855  8.391  8.776  9.135  7.849
 60000. 7.5  0.527  2.932 -5.119 9.633E+05  6.418  7.729  8.050  8.200  8.390  8.799  8.917  9.015  9.070  9.090  9.104  9.107  7.263  7.739  8.279  8.665  9.025  7.729
 65000. 7.5  0.541  2.555 -5.393 7.402E+05  6.305  7.622  7.948  8.099  8.290  8.700  8.819  8.917  8.971  8.991  9.003  9.007  7.150  7.633  8.177  8.565  8.925  7.621
 70000. 7.5  0.555  2.206 -5.648 5.684E+05  6.201  7.523  7.854  8.005  8.197  8.609  8.728  8.826  8.880  8.899  8.911  8.914  7.046  7.537  8.083  8.472  8.832  7.522
 75000. 7.5  0.569  1.880 -5.885 4.470E+05  6.104  7.431  7.765  7.918  8.111  8.524  8.643  8.741  8.794  8.813  8.825  8.828  6.949  7.446  7.995  8.385  8.746  7.430
 80000. 7.5  0.583  1.572 -6.107 3.536E+05  6.010  7.342  7.679  7.832  8.026  8.440  8.560  8.657  8.711  8.729  8.741  8.744  6.855  7.358  7.909  8.300  8.662  7.340
 85000. 7.5  0.599  1.281 -6.315 2.728E+05  5.921  7.256  7.596  7.749  7.944  8.359  8.479  8.577  8.630  8.649  8.661  8.664  6.766  7.273  7.826  8.218  8.580  7.254
 90000. 7.5  0.613  1.006 -6.511 2.056E+05  5.836  7.175  7.517  7.671  7.867  8.283  8.403  8.501  8.554  8.573  8.585  8.588  6.682  7.193  7.748  8.141  8.503  7.172
100000. 7.5  0.639  0.503 -6.871 1.241E+05  5.683  7.027  7.374  7.529  7.726  8.144  8.265  8.363  8.416  8.434  8.446  8.450  6.529  7.047  7.606  8.000  8.363  7.024
110000. 7.5  0.667  0.043 -7.196 8.936E+04  5.539  6.888  7.239  7.394  7.593  8.012  8.133  8.232  8.285  8.304  8.316  8.321  6.385  6.909  7.471  7.866  8.230  6.885
120000. 7.5  0.699 -0.384 -7.491 7.294E+04  5.400  6.752  7.106  7.263  7.462  7.883  8.005  8.104  8.158  8.177  8.190  8.196  6.246  6.775  7.339  7.735  8.100  6.749
  1500. 8.0  0.575 20.108  1.126 1.481E+10 23.487 21.203 18.982 18.988 20.914 20.838 20.793 21.753 17.358 16.927 16.778 16.302 24.500 20.017 18.852 21.197 20.772 19.780
  1750. 8.0  0.575 19.438  0.941 1.413E+10 22.836 20.730 18.498 18.271 19.622 19.623 19.698 20.538 16.778 16.414 16.299 15.924 23.820 19.578 18.163 19.938 19.662 19.184
  2000. 8.0  0.575 18.858  0.729 1.350E+10 22.245 20.309 18.129 17.701 18.523 18.619 18.797 19.500 16.302 15.992 15.890 15.585 23.208 19.207 17.646 18.853 18.699 18.702
  2250. 8.0  0.575 18.347  0.512 1.291E+10 21.718 19.935 17.835 17.249 17.608 17.794 18.063 18.631 15.912 15.642 15.544 15.283 22.661 18.884 17.269 17.965 17.886 18.313
  2500. 8.0  0.575 17.889  0.294 1.235E+10 21.251 19.608 17.595 16.894 16.874 17.088 17.423 17.871 15.568 15.334 15.234 15.003 22.180 18.606 16.996 17.272 17.215 18.002
  2750. 8.0  0.575 17.475  0.097 1.181E+10 20.815 19.298 17.377 16.598 16.285 16.483 16.857 17.208 15.264 15.059 14.956 14.743 21.730 18.343 16.777 16.732 16.660 17.735
  3000. 8.0  0.575 17.097 -0.073 1.130E+10 20.391 18.996 17.170 16.347 15.829 15.938 16.324 16.594 14.977 14.797 14.688 14.488 21.294 18.087 16.586 16.324 16.208 17.498
  3250. 8.0  0.576 16.749 -0.213 1.081E+10 19.965 18.690 16.962 16.131 15.491 15.444 15.808 16.019 14.694 14.539 14.426 14.233 20.857 17.829 16.405 16.021 15.856 17.278
  3500. 8.0  0.576 16.427 -0.324 1.027E+10 19.528 18.375 16.750 15.936 15.245 15.000 15.307 15.466 14.407 14.273 14.157 13.971 20.409 17.563 16.224 15.793 15.589 17.065
  3750. 8.0  0.576 16.126 -0.400 9.645E+09 19.069 18.044 16.527 15.747 15.048 14.613 14.820 14.927 14.110 13.991 13.875 13.702 19.941 17.283 16.036 15.599 15.378 16.846
  4000. 8.0  0.576 15.845 -0.431 9.013E+09 18.552 17.672 16.277 15.545 14.866 14.294 14.364 14.410 13.802 13.690 13.580 13.430 19.413 16.969 15.826 15.412 15.195 16.602
  4250. 8.0  0.577 15.581 -0.421 8.352E+09 17.990 17.267 16.002 15.325 14.680 14.054 13.967 13.966 13.516 13.411 13.313 13.195 18.842 16.625 15.594 15.216 15.017 16.331
  4500. 8.0  0.578 15.332 -0.379 7.582E+09 17.400 16.842 15.711 15.089 14.485 13.870 13.648 13.621 13.279 13.187 13.109 13.032 18.242 16.262 15.346 15.008 14.835 16.037
  4750. 8.0  0.578 15.095 -0.319 6.737E+09 16.811 16.417 15.414 14.847 14.287 13.713 13.414 13.348 13.094 13.023 12.971 12.925 17.645 15.896 15.090 14.796 14.653 15.732
  5000. 8.0  0.580 14.870 -0.255 5.688E+09 16.251 16.012 15.126 14.611 14.094 13.570 13.248 13.157 12.964 12.913 12.879 12.850 17.078 15.545 14.841 14.589 14.475 15.431
  5250. 8.0  0.582 14.654 -0.198 4.401E+09 15.723 15.634 14.853 14.385 13.910 13.435 13.119 13.028 12.871 12.832 12.807 12.787 16.544 15.214 14.605 14.392 14.305 15.141
  5500. 8.0  0.584 14.447 -0.156 3.170E+09 15.235 15.291 14.603 14.178 13.740 13.311 13.010 12.928 12.795 12.764 12.746 12.731 16.053 14.914 14.388 14.210 14.149 14.870
  6000. 8.0  0.588 14.063 -0.117 2.241E+09 14.403 14.718 14.181 13.828 13.453 13.100 12.831 12.774 12.676 12.658 12.649 12.644 15.218 14.407 14.022 13.902 13.884 14.400
  6500. 8.0  0.590 13.712 -0.121 1.828E+09 13.786 14.264 13.832 13.538 13.216 12.925 12.686 12.652 12.584 12.577 12.577 12.579 14.604 13.998 13.719 13.649 13.666 14.011
  7000. 8.0  0.592 13.387 -0.144 1.520E+09 13.318 13.889 13.531 13.284 13.007 12.773 12.566 12.551 12.506 12.507 12.511 12.515 14.139 13.652 13.455 13.425 13.473 13.681
  7500. 8.0  0.593 13.084 -0.177 1.274E+09 12.943 13.567 13.261 13.053 12.815 12.637 12.461 12.461 12.431 12.437 12.443 12.446 13.767 13.349 13.216 13.221 13.296 13.392
  8000. 8.0  0.595 12.801 -0.212 1.075E+09 12.631 13.282 13.014 12.840 12.637 12.511 12.367 12.378 12.358 12.368 12.374 12.377 13.458 13.077 12.995 13.031 13.132 13.133
  8500. 8.0  0.596 12.535 -0.249 9.170E+08 12.363 13.024 12.784 12.642 12.472 12.395 12.280 12.301 12.287 12.300 12.307 12.311 13.192 12.828 12.791 12.855 12.980 12.897
  9000. 8.0  0.598 12.285 -0.283 7.919E+08 12.128 12.788 12.568 12.456 12.318 12.287 12.200 12.228 12.218 12.234 12.241 12.247 12.959 12.597 12.599 12.690 12.839 12.680
  9500. 8.0  0.599 12.047 -0.318 6.894E+08 11.915 12.570 12.365 12.282 12.174 12.187 12.124 12.159 12.151 12.170 12.178 12.185 12.749 12.383 12.420 12.536 12.708 12.479
 10000. 8.0  0.600 11.822 -0.354 6.033E+08 11.722 12.370 12.176 12.122 12.043 12.095 12.054 12.095 12.087 12.108 12.116 12.124 12.557 12.185 12.255 12.394 12.590 12.294
 10500. 8.0  0.602 11.607 -0.400 5.307E+08 11.547 12.190 12.008 11.980 11.928 12.013 11.992 12.037 12.028 12.050 12.057 12.066 12.384 12.008 12.109 12.270 12.486 12.128
 11000. 8.0  0.603 11.403 -0.463 4.695E+08 11.393 12.037 11.866 11.861 11.833 11.945 11.939 11.987 11.977 11.998 12.005 12.014 12.232 11.857 11.986 12.166 12.400 11.986
 11500. 8.0  0.604 11.208 -0.542 4.179E+08 11.258 11.907 11.749 11.763 11.755 11.888 11.893 11.943 11.935 11.956 11.962 11.972 12.098 11.732 11.885 12.082 12.329 11.867
 12000. 8.0  0.606 11.021 -0.633 3.735E+08 11.144 11.799 11.654 11.684 11.693 11.842 11.855 11.907 11.899 11.921 11.927 11.938 11.985 11.627 11.802 12.015 12.272 11.768
 12500. 8.0  0.607 10.841 -0.742 3.348E+08 11.058 11.717 11.584 11.626 11.648 11.807 11.826 11.878 11.870 11.891 11.898 11.909 11.899 11.548 11.742 11.966 12.231 11.694
 13000. 8.0  0.608 10.669 -0.854 3.005E+08 10.979 11.644 11.523 11.576 11.607 11.775 11.798 11.850 11.843 11.864 11.871 11.882 11.820 11.479 11.690 11.924 12.193 11.628
 13500. 8.0  0.609 10.503 -0.956 2.701E+08 10.891 11.565 11.458 11.521 11.563 11.740 11.767 11.820 11.814 11.835 11.843 11.854 11.732 11.404 11.633 11.877 12.151 11.556
 14000. 8.0  0.610 10.343 -1.050 2.431E+08 10.794 11.482 11.393 11.464 11.515 11.701 11.733 11.787 11.784 11.805 11.813 11.825 11.635 11.328 11.573 11.826 12.106 11.480
 14500. 8.0  0.611 10.188 -1.142 2.189E+08 10.695 11.402 11.330 11.406 11.466 11.662 11.698 11.754 11.753 11.775 11.784 11.796 11.537 11.254 11.515 11.775 12.059 11.405
 15000. 8.0  0.613 10.039 -1.232 1.972E+08 10.597 11.325 11.271 11.351 11.418 11.623 11.663 11.721 11.723 11.745 11.754 11.767 11.439 11.183 11.458 11.725 12.013 11.332
 15500. 8.0  0.614  9.895 -1.319 1.778E+08 10.501 11.251 11.213 11.298 11.371 11.584 11.628 11.688 11.693 11.715 11.725 11.739 11.344 11.116 11.403 11.676 11.968 11.262
 16000. 8.0  0.615  9.755 -1.404 1.603E+08 10.409 11.181 11.159 11.246 11.324 11.546 11.594 11.656 11.663 11.686 11.697 11.711 11.251 11.052 11.350 11.628 11.923 11.195
 16500. 8.0  0.616  9.619 -1.486 1.445E+08 10.319 11.113 11.105 11.196 11.279 11.509 11.560 11.623 11.634 11.657 11.668 11.683 11.162 10.989 11.298 11.582 11.880 11.129
 17000. 8.0  0.617  9.488 -1.566 1.303E+08 10.233 11.048 11.054 11.147 11.235 11.473 11.527 11.592 11.605 11.629 11.641 11.656 11.075 10.930 11.249 11.537 11.837 11.065
 20000. 8.0  0.624  8.770 -2.000 6.896E+07  9.768 10.699 10.770 10.877 10.990 11.267 11.337 11.412 11.439 11.467 11.483 11.502 10.610 10.607 10.974 11.284 11.599 10.718
 25000. 8.0  0.635  7.782 -2.578 2.216E+07  9.139 10.210 10.360 10.487 10.629 10.959 11.049 11.140 11.189 11.225 11.249 11.276  9.982 10.151 10.577 10.915 11.249 10.225
 30000. 8.0  0.646  6.972 -3.001 9.239E+06  8.583  9.758  9.972 10.112 10.276 10.648 10.755 10.857 10.924 10.963 10.990 11.018  9.426  9.726 10.197 10.557 10.905  9.767
 35000. 8.0  0.661  6.277 -3.378 6.331E+06  8.159  9.396  9.655  9.798  9.973 10.364 10.477 10.579 10.644 10.673 10.696 10.713  9.003  9.382  9.881 10.251 10.605  9.401
 40000. 8.0  0.672  5.679 -3.773 4.018E+06  7.905  9.172  9.452  9.598  9.779 10.178 10.294 10.395 10.458 10.484 10.505 10.517  8.749  9.167  9.679 10.056 10.412  9.174
 45000. 8.0  0.682  5.151 -4.152 2.808E+06  7.724  9.009  9.303  9.451  9.635 10.039 10.156 10.256 10.318 10.343 10.361 10.371  8.568  9.009  9.531  9.911 10.269  9.010
 50000. 8.0  0.694  4.676 -4.503 1.818E+06  7.578  8.875  9.179  9.328  9.515  9.922 10.040 10.140 10.200 10.224 10.241 10.249  8.422  8.879  9.408  9.790 10.149  8.875
 55000. 8.0  0.703  4.247 -4.828 1.534E+06  7.457  8.763  9.075  9.225  9.414  9.823  9.942 10.042 10.101 10.124 10.140 10.147  8.301  8.770  9.304  9.689 10.048  8.762
 60000. 8.0  0.713  3.854 -5.127 1.257E+06  7.348  8.663  8.981  9.132  9.322  9.733  9.852  9.952 10.011 10.033 10.048 10.054  8.193  8.672  9.210  9.597  9.957  8.661
 65000. 8.0  0.722  3.492 -5.403 1.055E+06  7.252  8.572  8.895  9.047  9.238  9.652  9.771  9.871  9.929  9.950  9.965  9.970  8.096  8.583  9.125  9.513  9.874  8.570
 70000. 8.0  0.732  3.156 -5.660 9.011E+05  7.163  8.488  8.816  8.969  9.161  9.576  9.696  9.795  9.853  9.874  9.888  9.893  8.008  8.501  9.047  9.436  9.797  8.486
 75000. 8.0  0.741  2.843 -5.899 7.773E+05  7.081  8.411  8.743  8.896  9.090  9.505  9.626  9.725  9.782  9.802  9.816  9.821  7.926  8.426  8.973  9.364  9.726  8.408
 80000. 8.0  0.750  2.550 -6.123 6.760E+05  7.004  8.338  8.673  8.827  9.022  9.439  9.559  9.659  9.715  9.735  9.749  9.753  7.849  8.354  8.904  9.296  9.658  8.335
 85000. 8.0  0.759  2.274 -6.333 5.907E+05  6.931  8.269  8.607  8.761  8.957  9.375  9.496  9.595  9.651  9.671  9.684  9.689  7.777  8.286  8.838  9.231  9.593  8.265
 90000. 8.0  0.768  2.013 -6.531 5.195E+05  6.863  8.203  8.544  8.699  8.895  9.314  9.436  9.535  9.591  9.610  9.624  9.628  7.708  8.221  8.776  9.169  9.532  8.200
100000. 8.0  0.785  1.530 -6.895 4.023E+05  6.734  8.079  8.425  8.581  8.779  9.199  9.321  9.420  9.475  9.495  9.508  9.512  7.579  8.099  8.658  9.052  9.416  8.076
110000. 8.0  0.804  1.091 -7.223 3.080E+05  6.615  7.965  8.314  8.471  8.670  9.091  9.214  9.313  9.369  9.388  9.401  9.406  7.460  7.986  8.547  8.943  9.308  7.961
120000. 8.0  0.824  0.686 -7.521 2.342E+05  6.501  7.855  8.208  8.365  8.566  8.988  9.111  9.211  9.266  9.286  9.299  9.305  7.347  7.877  8.441  8.838  9.203  7.850
  1500. 8.5  0.908 20.862  1.139 1.210E+10 23.919 21.763 19.723 19.843 21.772 21.578 21.482 22.402 18.065 17.637 17.490 17.024 24.911 20.648 19.709 22.113 21.604 20.545
  1750. 8.5  0.908 20.192  0.992 1.199E+10 23.325 21.312 19.200 19.080 20.503 20.364 20.406 21.233 17.504 17.143 17.029 16.660 24.298 20.206 18.969 20.826 20.527 19.925
  2000. 8.5  0.908 19.612  0.812 1.187E+10 22.770 20.901 18.800 18.461 19.376 19.419 19.583 20.286 17.070 16.758 16.656 16.350 23.725 19.830 18.394 19.713 19.540 19.413
  2250. 8.5  0.908 19.101  0.589 1.172E+10 22.293 20.562 18.512 18.003 18.466 18.605 18.839 19.398 16.670 16.400 16.303 16.042 23.231 19.532 18.001 18.823 18.732 19.028
  2500. 8.5  0.908 18.643  0.381 1.156E+10 21.846 20.242 18.262 17.623 17.715 17.908 18.214 18.660 16.337 16.101 16.002 15.770 22.770 19.254 17.698 18.101 18.049 18.701
  2750. 8.5  0.908 18.229  0.187 1.139E+10 21.430 19.944 18.042 17.312 17.105 17.310 17.667 18.018 16.043 15.835 15.733 15.519 22.342 18.998 17.461 17.531 17.481 18.424
  3000. 8.5  0.908 17.851  0.017 1.123E+10 21.025 19.652 17.835 17.048 16.617 16.772 17.155 17.438 15.769 15.586 15.481 15.280 21.926 18.748 17.262 17.088 17.008 18.181
  3250. 8.5  0.908 17.503 -0.127 1.106E+10 20.618 19.357 17.631 16.823 16.245 16.280 16.655 16.874 15.498 15.339 15.226 15.032 21.508 18.497 17.079 16.755 16.628 17.958
  3500. 8.5  0.908 17.182 -0.241 1.088E+10 20.199 19.053 17.423 16.624 15.972 15.832 16.167 16.340 15.223 15.086 14.971 14.783 21.079 18.239 16.900 16.505 16.335 17.745
  3750. 8.5  0.908 16.882 -0.325 1.068E+10 19.762 18.735 17.207 16.436 15.762 15.432 15.690 15.821 14.943 14.822 14.706 14.528 20.634 17.969 16.718 16.303 16.108 17.532
  4000. 8.5  0.909 16.601 -0.371 1.040E+10 19.281 18.385 16.972 16.244 15.580 15.093 15.235 15.312 14.645 14.532 14.421 14.261 20.143 17.673 16.521 16.120 15.919 17.302
  4250. 8.5  0.909 16.338 -0.375 1.004E+10 18.750 18.001 16.713 16.036 15.400 14.827 14.823 14.851 14.354 14.248 14.145 14.013 19.604 17.347 16.303 15.932 15.744 17.046
  4500. 8.5  0.909 16.089 -0.346 9.676E+09 18.183 17.591 16.436 15.813 15.216 14.628 14.480 14.481 14.103 14.007 13.921 13.828 19.027 16.999 16.068 15.736 15.570 16.767
  4750. 8.5  0.909 15.854 -0.299 9.230E+09 17.612 17.181 16.153 15.584 15.028 14.469 14.218 14.178 13.898 13.819 13.758 13.703 18.448 16.647 15.826 15.535 15.396 16.477
  5000. 8.5  0.910 15.631 -0.242 8.708E+09 17.062 16.783 15.873 15.356 14.842 14.326 14.032 13.957 13.748 13.691 13.652 13.619 17.891 16.304 15.586 15.336 15.224 16.185
  5250. 8.5  0.910 15.418 -0.188 8.025E+09 16.542 16.410 15.607 15.137 14.663 14.195 13.895 13.810 13.645 13.604 13.577 13.555 17.365 15.979 15.355 15.144 15.059 15.902
  5500. 8.5  0.911 15.215 -0.145 7.072E+09 16.065 16.069 15.360 14.933 14.496 14.073 13.784 13.704 13.567 13.535 13.515 13.499 16.884 15.681 15.142 14.965 14.906 15.636
  6000. 8.5  0.913 14.835 -0.099 5.244E+09 15.229 15.488 14.934 14.581 14.207 13.862 13.604 13.545 13.444 13.425 13.415 13.408 16.044 15.169 14.774 14.656 14.639 15.164
  6500. 8.5  0.914 14.486 -0.102 4.428E+09 14.576 15.028 14.588 14.293 13.971 13.689 13.459 13.423 13.351 13.342 13.340 13.341 15.392 14.758 14.475 14.404 14.422 14.773
  7000. 8.5  0.915 14.163 -0.130 3.793E+09 14.085 14.654 14.293 14.046 13.769 13.541 13.339 13.323 13.275 13.275 13.279 13.283 14.905 14.416 14.218 14.187 14.236 14.445
  7500. 8.5  0.916 13.863 -0.168 3.261E+09 13.698 14.336 14.031 13.824 13.585 13.409 13.236 13.235 13.205 13.210 13.216 13.220 14.521 14.120 13.987 13.990 14.065 14.159
  8000. 8.5  0.916 13.582 -0.210 2.791E+09 13.380 14.058 13.792 13.619 13.413 13.288 13.144 13.155 13.136 13.145 13.151 13.155 14.205 13.856 13.775 13.808 13.907 13.905
  8500. 8.5  0.917 13.318 -0.253 2.377E+09 13.109 13.808 13.570 13.427 13.253 13.176 13.059 13.080 13.068 13.080 13.087 13.091 13.935 13.615 13.578 13.637 13.760 13.675
  9000. 8.5  0.918 13.068 -0.294 2.018E+09 12.871 13.581 13.363 13.248 13.103 13.072 12.979 13.008 13.001 13.016 13.024 13.030 13.699 13.394 13.393 13.477 13.622 13.464
  9500. 8.5  0.919 12.833 -0.334 1.706E+09 12.657 13.372 13.167 13.079 12.962 12.974 12.904 12.940 12.935 12.954 12.963 12.971 13.487 13.189 13.219 13.326 13.493 13.269
 10000. 8.5  0.919 12.609 -0.374 1.435E+09 12.461 13.178 12.983 12.921 12.831 12.884 12.834 12.875 12.871 12.893 12.902 12.913 13.293 12.998 13.057 13.186 13.374 13.087
 10500. 8.5  0.920 12.396 -0.418 1.205E+09 12.282 13.001 12.814 12.777 12.713 12.801 12.768 12.814 12.810 12.834 12.843 12.855 13.115 12.822 12.909 13.058 13.267 12.920
 11000. 8.5  0.921 12.193 -0.473 1.037E+09 12.121 12.844 12.666 12.652 12.610 12.728 12.711 12.760 12.755 12.780 12.788 12.801 12.955 12.668 12.780 12.947 13.174 12.773
 11500. 8.5  0.922 12.000 -0.543 9.044E+08 11.978 12.710 12.542 12.547 12.525 12.666 12.661 12.714 12.708 12.734 12.742 12.755 12.814 12.537 12.671 12.856 13.097 12.647
 12000. 8.5  0.922 11.814 -0.624 8.015E+08 11.851 12.595 12.438 12.458 12.454 12.614 12.617 12.673 12.669 12.695 12.703 12.717 12.688 12.425 12.580 12.779 13.031 12.539
 12500. 8.5  0.923 11.636 -0.713 7.237E+08 11.740 12.494 12.348 12.383 12.393 12.569 12.579 12.637 12.635 12.661 12.670 12.685 12.577 12.328 12.502 12.714 12.976 12.445
 13000. 8.5  0.924 11.465 -0.812 6.551E+08 11.650 12.412 12.277 12.323 12.346 12.533 12.548 12.608 12.607 12.633 12.642 12.658 12.487 12.249 12.440 12.663 12.932 12.369
 13500. 8.5  0.924 11.300 -0.922 5.927E+08 11.579 12.348 12.222 12.278 12.310 12.504 12.524 12.584 12.584 12.610 12.619 12.634 12.417 12.188 12.393 12.624 12.899 12.310
 14000. 8.5  0.925 11.141 -1.028 5.365E+08 11.508 12.284 12.169 12.233 12.274 12.476 12.499 12.560 12.560 12.586 12.595 12.610 12.346 12.127 12.346 12.586 12.865 12.252
 14500. 8.5  0.926 10.988 -1.124 4.871E+08 11.430 12.215 12.112 12.185 12.234 12.444 12.472 12.533 12.535 12.561 12.571 12.586 12.268 12.062 12.296 12.544 12.828 12.188
 15000. 8.5  0.926 10.840 -1.215 4.439E+08 11.346 12.144 12.055 12.134 12.193 12.411 12.442 12.505 12.509 12.535 12.545 12.560 12.185 11.995 12.244 12.500 12.789 12.122
 15500. 8.5  0.927 10.697 -1.302 4.060E+08 11.260 12.072 11.999 12.084 12.150 12.376 12.412 12.477 12.483 12.508 12.519 12.534 12.099 11.929 12.192 12.456 12.748 12.055
 16000. 8.5  0.927 10.558 -1.386 3.723E+08 11.174 12.003 11.945 12.034 12.107 12.342 12.381 12.447 12.456 12.482 12.493 12.508 12.014 11.866 12.140 12.411 12.707 11.990
 16500. 8.5  0.928 10.424 -1.469 3.419E+08 11.089 11.936 11.893 11.986 12.065 12.307 12.351 12.418 12.429 12.455 12.467 12.483 11.929 11.804 12.091 12.367 12.667 11.926
 17000. 8.5  0.929 10.294 -1.549 3.145E+08 11.007 11.871 11.843 11.939 12.023 12.272 12.320 12.389 12.402 12.429 12.441 12.457 11.847 11.745 12.043 12.324 12.627 11.864
 20000. 8.5  0.932  9.584 -1.984 1.966E+08 10.556 11.524 11.568 11.678 11.788 12.075 12.140 12.218 12.246 12.276 12.292 12.313 11.397 11.427 11.776 12.082 12.399 11.524
 25000. 8.5  0.938  8.608 -2.563 9.664E+07  9.943 11.040 11.171 11.300 11.441 11.780 11.865 11.958 12.009 12.047 12.070 12.098 10.785 10.978 11.392 11.727 12.063 11.042
 30000. 8.5  0.944  7.810 -2.986 4.695E+07  9.401 10.595 10.796 10.937 11.101 11.478 11.582 11.686 11.753 11.793 11.820 11.848 10.244 10.562 11.024 11.381 11.730 10.594
 35000. 8.5  0.954  7.128 -3.370 2.478E+07  9.000 10.248 10.498 10.643 10.817 11.212 11.324 11.427 11.494 11.524 11.548 11.566  9.843 10.234 10.727 11.095 11.449 10.247
 40000. 8.5  0.960  6.541 -3.771 9.758E+06  8.764 10.039 10.312 10.459 10.639 11.041 11.156 11.259 11.324 11.352 11.374 11.389  9.608 10.033 10.541 10.916 11.272 10.036
 45000. 8.5  0.966  6.023 -4.152 4.045E+06  8.596  9.887 10.176 10.324 10.508 10.915 11.031 11.133 11.198 11.224 11.245 11.258  9.440  9.887 10.405 10.784 11.142  9.884
 50000. 8.5  0.972  5.559 -4.506 2.016E+06  8.463  9.766 10.065 10.215 10.402 10.811 10.929 11.031 11.094 11.120 11.139 11.151  9.308  9.770 10.295 10.677 11.036  9.762
 55000. 8.5  0.977  5.140 -4.832 1.256E+06  8.352  9.663  9.971 10.122 10.311 10.723 10.842 10.943 11.006 11.031 11.049 11.059  9.197  9.670 10.202 10.586 10.946  9.660
 60000. 8.5  0.982  4.756 -5.132 9.136E+05  8.255  9.573  9.888 10.040 10.230 10.644 10.764 10.865 10.927 10.951 10.969 10.978  9.100  9.583 10.119 10.505 10.866  9.570
 65000. 8.5  0.987  4.403 -5.410 7.222E+05  8.169  9.493  9.813  9.966 10.158 10.573 10.694 10.795 10.857 10.880 10.897 10.905  9.014  9.504 10.044 10.432 10.794  9.489
 70000. 8.5  0.992  4.076 -5.669 6.018E+05  8.091  9.419  9.744  9.898 10.091 10.508 10.629 10.730 10.791 10.814 10.831 10.838  8.936  9.432  9.976 10.365 10.727  9.415
 75000. 8.5  0.997  3.770 -5.910 5.129E+05  8.018  9.351  9.680  9.834 10.028 10.447 10.568 10.670 10.730 10.753 10.769 10.776  8.863  9.365  9.912 10.302 10.665  9.347
 80000. 8.5  1.002  3.485 -6.135 4.510E+05  7.951  9.287  9.620  9.775  9.970 10.390 10.512 10.613 10.673 10.695 10.711 10.718  8.796  9.303  9.853 10.244 10.607  9.283
 85000. 8.5  1.006  3.217 -6.347 4.114E+05  7.888  9.228  9.564  9.719  9.916 10.336 10.458 10.559 10.619 10.641 10.657 10.663  8.733  9.245  9.797 10.189 10.553  9.223
 90000. 8.5  1.011  2.964 -6.547 3.859E+05  7.829  9.171  9.511  9.666  9.864 10.285 10.408 10.509 10.568 10.590 10.605 10.611  8.674  9.189  9.743 10.137 10.501  9.167
100000. 8.5  1.019  2.498 -6.913 3.412E+05  7.719  9.067  9.411  9.568  9.766 10.189 10.313 10.414 10.473 10.494 10.508 10.514  8.565  9.087  9.645 10.039 10.404  9.062
110000. 8.5  1.025  2.077 -7.245 2.569E+05  7.622  8.973  9.322  9.479  9.679 10.103 10.227 10.329 10.387 10.408 10.423 10.429  8.467  8.995  9.556  9.952 10.317  8.969
120000. 8.5  1.028  1.696 -7.546 1.383E+05  7.534  8.889  9.242  9.400  9.601 10.027 10.151 10.252 10.311 10.332 10.346 10.353  8.380  8.912  9.476  9.873 10.240  8.885
  1500. 9.0  1.194 21.814  1.128 7.334E+09 24.559 22.529 20.687 20.902 22.851 22.454 22.325 23.224 18.954 18.533 18.391 17.937 25.538 21.498 20.768 23.211 22.666 21.514
  1750. 9.0  1.194 21.145  1.025 7.314E+09 24.018 22.095 20.120 20.102 21.562 21.315 21.310 22.093 18.418 18.059 17.945 17.583 24.981 21.041 19.988 21.916 21.563 20.873
  2000. 9.0  1.194 20.565  0.862 7.290E+09 23.506 21.711 19.703 19.459 20.431 20.391 20.511 21.193 18.003 17.692 17.591 17.287 24.453 20.676 19.384 20.786 20.587 20.354
  2250. 9.0  1.194 20.054  0.659 7.269E+09 23.050 21.378 19.394 18.968 19.516 19.579 19.783 20.332 17.612 17.343 17.247 16.988 23.982 20.375 18.949 19.880 19.771 19.949
  2500. 9.0  1.194 19.596  0.460 7.247E+09 22.628 21.071 19.136 18.567 18.753 18.911 19.190 19.628 17.294 17.057 16.960 16.728 23.547 20.102 18.617 19.136 19.079 19.609
  2750. 9.0  1.194 19.182  0.273 7.224E+09 22.233 20.782 18.910 18.237 18.131 18.321 18.649 18.985 17.002 16.792 16.690 16.477 23.141 19.849 18.358 18.543 18.504 19.321
  3000. 9.0  1.194 18.804  0.103 7.197E+09 21.850 20.503 18.701 17.959 17.621 17.797 18.166 18.446 16.748 16.562 16.457 16.255 22.748 19.607 18.144 18.070 18.018 19.069
  3250. 9.0  1.194 18.457 -0.042 7.165E+09 21.465 20.221 18.499 17.721 17.217 17.313 17.686 17.909 16.490 16.327 16.216 16.021 22.353 19.364 17.955 17.703 17.615 18.840
  3500. 9.0  1.194 18.135 -0.158 7.126E+09 21.062 19.925 18.293 17.511 16.909 16.865 17.218 17.399 16.231 16.090 15.975 15.786 21.942 19.111 17.773 17.424 17.292 18.624
  3750. 9.0  1.194 17.835 -0.250 7.073E+09 20.650 19.623 18.085 17.324 16.681 16.459 16.754 16.901 15.967 15.842 15.727 15.545 21.522 18.852 17.596 17.210 17.045 18.416
  4000. 9.0  1.194 17.555 -0.301 6.998E+09 20.186 19.282 17.855 17.133 16.490 16.100 16.303 16.407 15.680 15.567 15.454 15.288 21.048 18.563 17.404 17.021 16.843 18.190
  4250. 9.0  1.194 17.292 -0.324 6.905E+09 19.697 18.925 17.616 16.940 16.316 15.811 15.888 15.943 15.395 15.288 15.182 15.038 20.551 18.261 17.203 16.843 16.668 17.953
  4500. 9.0  1.194 17.043 -0.308 6.781E+09 19.156 18.533 17.351 16.728 16.139 15.591 15.523 15.553 15.135 15.036 14.943 14.832 20.002 17.928 16.981 16.655 16.498 17.688
  4750. 9.0  1.194 16.808 -0.272 6.649E+09 18.603 18.136 17.081 16.511 15.959 15.422 15.232 15.222 14.910 14.824 14.753 14.684 19.441 17.589 16.752 16.464 16.331 17.411
  5000. 9.0  1.194 16.586 -0.224 6.494E+09 18.060 17.745 16.810 16.290 15.779 15.277 15.020 14.968 14.737 14.673 14.626 14.587 18.891 17.253 16.520 16.272 16.164 17.129
  5250. 9.0  1.194 16.374 -0.176 6.310E+09 17.549 17.376 16.550 16.077 15.605 15.146 14.867 14.793 14.617 14.571 14.541 14.517 18.374 16.933 16.296 16.086 16.004 16.853
  5500. 9.0  1.194 16.171 -0.134 6.048E+09 17.074 17.036 16.305 15.876 15.441 15.024 14.749 14.673 14.531 14.496 14.475 14.458 17.895 16.636 16.084 15.909 15.852 16.590
  6000. 9.0  1.195 15.793 -0.083 5.102E+09 16.246 16.448 15.876 15.521 15.149 14.811 14.562 14.505 14.401 14.380 14.370 14.362 17.061 16.119 15.714 15.597 15.583 16.117
  6500. 9.0  1.195 15.445 -0.080 4.404E+09 15.565 15.976 15.525 15.230 14.910 14.636 14.416 14.379 14.303 14.293 14.290 14.290 16.380 15.700 15.412 15.341 15.362 15.720
  7000. 9.0  1.196 15.123 -0.110 4.003E+09 15.043 15.597 15.233 14.987 14.709 14.489 14.294 14.277 14.226 14.224 14.227 14.232 15.862 15.358 15.159 15.127 15.177 15.388
  7500. 9.0  1.196 14.823 -0.154 3.677E+09 14.639 15.281 14.977 14.771 14.531 14.360 14.191 14.190 14.158 14.163 14.169 14.174 15.461 15.066 14.936 14.937 15.013 15.105
  8000. 9.0  1.196 14.543 -0.203 3.386E+09 14.312 15.007 14.746 14.574 14.366 14.244 14.100 14.111 14.092 14.101 14.108 14.112 15.135 14.809 14.731 14.761 14.860 14.855
  8500. 9.0  1.196 14.279 -0.252 3.113E+09 14.035 14.764 14.532 14.389 14.211 14.135 14.017 14.038 14.027 14.039 14.046 14.050 14.861 14.576 14.541 14.596 14.718 14.629
  9000. 9.0  1.196 14.031 -0.301 2.864E+09 13.794 14.544 14.331 14.216 14.066 14.034 13.938 13.967 13.963 13.978 13.985 13.991 14.622 14.363 14.362 14.441 14.583 14.423
  9500. 9.0  1.197 13.796 -0.347 2.643E+09 13.579 14.343 14.143 14.052 13.928 13.940 13.864 13.900 13.899 13.918 13.926 13.934 14.408 14.166 14.195 14.294 14.457 14.233
 10000. 9.0  1.197 13.573 -0.392 2.444E+09 13.383 14.156 13.965 13.898 13.799 13.850 13.793 13.834 13.836 13.858 13.868 13.878 14.213 13.981 14.037 14.156 14.339 14.055
 10500. 9.0  1.197 13.361 -0.437 2.260E+09 13.202 13.982 13.798 13.754 13.679 13.767 13.725 13.772 13.773 13.799 13.809 13.823 14.033 13.810 13.889 14.027 14.229 13.889
 11000. 9.0  1.197 13.159 -0.488 2.089E+09 13.035 13.825 13.646 13.624 13.570 13.691 13.663 13.714 13.715 13.742 13.752 13.767 13.868 13.654 13.755 13.911 14.131 13.739
 11500. 9.0  1.197 12.965 -0.550 1.933E+09 12.886 13.686 13.515 13.511 13.477 13.625 13.609 13.663 13.662 13.691 13.700 13.716 13.719 13.518 13.639 13.811 14.046 13.606
 12000. 9.0  1.198 12.780 -0.623 1.793E+09 12.752 13.565 13.404 13.416 13.399 13.568 13.560 13.617 13.617 13.647 13.657 13.674 13.586 13.400 13.541 13.727 13.974 13.491
 12500. 9.0  1.198 12.603 -0.705 1.665E+09 12.631 13.459 13.308 13.334 13.331 13.517 13.517 13.577 13.579 13.609 13.619 13.638 13.466 13.298 13.456 13.655 13.912 13.390
 13000. 9.0  1.198 12.432 -0.791 1.546E+09 12.522 13.364 13.223 13.262 13.272 13.473 13.479 13.541 13.544 13.576 13.586 13.606 13.357 13.207 13.382 13.592 13.857 13.300
 13500. 9.0  1.198 12.268 -0.883 1.434E+09 12.428 13.281 13.151 13.200 13.222 13.434 13.446 13.510 13.515 13.547 13.558 13.578 13.263 13.127 13.318 13.538 13.811 13.222
 14000. 9.0  1.199 12.110 -0.982 1.330E+09 12.351 13.214 13.092 13.151 13.182 13.404 13.419 13.485 13.492 13.524 13.535 13.555 13.187 13.063 13.267 13.496 13.774 13.159
 14500. 9.0  1.199 11.957 -1.088 1.232E+09 12.289 13.159 13.046 13.111 13.150 13.378 13.398 13.464 13.472 13.503 13.514 13.534 13.125 13.011 13.225 13.462 13.744 13.108
 15000. 9.0  1.199 11.810 -1.189 1.142E+09 12.226 13.104 12.999 13.071 13.118 13.353 13.375 13.443 13.452 13.483 13.494 13.514 13.063 12.958 13.184 13.428 13.714 13.056
 15500. 9.0  1.199 11.667 -1.282 1.059E+09 12.158 13.044 12.949 13.029 13.084 13.325 13.351 13.420 13.431 13.461 13.473 13.492 12.995 12.902 13.140 13.391 13.682 13.000
 16000. 9.0  1.199 11.529 -1.369 9.812E+08 12.085 12.982 12.898 12.984 13.047 13.296 13.326 13.396 13.408 13.439 13.450 13.469 12.923 12.843 13.094 13.353 13.648 12.942
 16500. 9.0  1.200 11.395 -1.452 9.086E+08 12.011 12.919 12.847 12.939 13.009 13.266 13.300 13.371 13.385 13.415 13.427 13.446 12.849 12.784 13.047 13.313 13.612 12.883
 17000. 9.0  1.200 11.266 -1.532 8.403E+08 11.935 12.856 12.797 12.894 12.971 13.234 13.272 13.345 13.361 13.391 13.403 13.422 12.774 12.726 13.001 13.273 13.576 12.824
 20000. 9.0  1.201 10.558 -1.967 5.130E+08 11.500 12.508 12.525 12.639 12.744 13.044 13.101 13.182 13.212 13.244 13.260 13.282 12.340 12.407 12.739 13.038 13.357 12.489
 25000. 9.0  1.204  9.587 -2.547 2.528E+08 10.896 12.022 12.134 12.266 12.404 12.752 12.833 12.928 12.980 13.020 13.043 13.072 11.737 11.959 12.360 12.690 13.027 12.010
 30000. 9.0  1.206  8.794 -2.972 1.489E+08 10.362 11.576 11.765 11.909 12.069 12.454 12.554 12.659 12.727 12.768 12.794 12.823 11.205 11.543 11.996 12.349 12.699 11.566
 35000. 9.0  1.205  8.125 -3.364 1.116E+08  9.987 11.246 11.488 11.635 11.807 12.206 12.316 12.420 12.488 12.519 12.545 12.565 10.830 11.231 11.719 12.085 12.440 11.239
 40000. 9.0  1.208  7.543 -3.768 7.077E+07  9.760 11.043 11.311 11.459 11.638 12.043 12.157 12.260 12.328 12.357 12.381 12.398 10.604 11.037 11.542 11.914 12.271 11.037
 45000. 9.0  1.210  7.029 -4.152 4.614E+07  9.600 10.897 11.181 11.331 11.514 11.923 12.039 12.142 12.209 12.237 12.259 12.275 10.444 10.897 11.413 11.789 12.148 10.891
 50000. 9.0  1.212  6.570 -4.507 2.818E+07  9.474 10.781 11.077 11.228 11.414 11.826 11.944 12.047 12.113 12.140 12.161 12.176 10.318 10.786 11.309 11.689 12.049 10.776
 55000. 9.0  1.214  6.154 -4.834 1.438E+07  9.368 10.684 10.988 11.140 11.328 11.743 11.862 11.965 12.031 12.057 12.078 12.091 10.213 10.691 11.220 11.603 11.964 10.678
 60000. 9.0  1.217  5.774 -5.136 5.487E+06  9.277 10.598 10.910 11.063 11.253 11.669 11.789 11.892 11.958 11.984 12.004 12.016 10.121 10.608 11.142 11.527 11.889 10.593
 65000. 9.0  1.220  5.423 -5.416 1.821E+06  9.194 10.521 10.839 10.993 11.184 11.602 11.723 11.826 11.891 11.917 11.936 11.948 10.039 10.533 11.072 11.458 11.821 10.516
 70000. 9.0  1.222  5.099 -5.675 9.915E+05  9.120 10.452 10.774 10.929 11.122 11.541 11.663 11.766 11.831 11.856 11.875 11.886  9.965 10.465 11.007 11.396 11.759 10.446
 75000. 9.0  1.224  4.798 -5.917 7.257E+05  9.053 10.388 10.715 10.870 11.065 11.485 11.608 11.711 11.775 11.800 11.819 11.829  9.898 10.403 10.949 11.338 11.702 10.383
 80000. 9.0  1.226  4.516 -6.144 5.943E+05  8.990 10.329 10.660 10.816 11.011 11.433 11.556 11.659 11.723 11.748 11.766 11.776  9.835 10.345 10.894 11.284 11.648 10.324
 85000. 9.0  1.228  4.251 -6.357 4.901E+05  8.932 10.273 10.608 10.764 10.961 11.384 11.507 11.610 11.674 11.699 11.716 11.726  9.777 10.291 10.842 11.234 11.598 10.268
 90000. 9.0  1.229  4.002 -6.558 3.598E+05  8.877 10.221 10.559 10.716 10.913 11.337 11.461 11.564 11.628 11.652 11.670 11.679  9.722 10.240 10.793 11.186 11.551 10.216
100000. 9.0  1.227  3.546 -6.927 8.610E+04  8.781 10.130 10.473 10.631 10.830 11.255 11.380 11.483 11.546 11.570 11.587 11.595  9.626 10.150 10.708 11.102 11.468 10.125
110000. 9.0  1.215  3.143 -7.261 4.321E+03  8.703 10.056 10.404 10.562 10.763 11.189 11.315 11.418 11.481 11.504 11.521 11.529  9.548 10.078 10.639 11.035 11.401 10.051
120000. 9.0  1.192  2.785 -7.564 5.699E+01  8.642  9.998 10.350 10.509 10.711 11.139 11.265 11.368 11.431 11.454 11.470 11.479  9.487 10.021 10.585 10.982 11.350  9.993
  1500. 9.5  1.365 22.919  1.098 3.500E+09 25.365 23.465 21.821 22.105 24.007 23.534 23.365 24.228 20.016 19.597 19.455 19.011 26.331 22.522 21.970 24.432 23.818 22.634
  1750. 9.5  1.365 22.250  1.048 3.499E+09 24.856 23.028 21.202 21.276 22.738 22.425 22.417 23.190 19.521 19.161 19.047 18.685 25.809 22.032 21.162 23.135 22.726 21.970
  2000. 9.5  1.365 21.670  0.906 3.489E+09 24.384 22.665 20.764 20.618 21.663 21.491 21.568 22.203 19.067 18.758 18.657 18.360 25.322 21.670 20.537 22.024 21.798 21.448
  2250. 9.5  1.365 21.158  0.722 3.475E+09 23.951 22.342 20.436 20.096 20.716 20.713 20.881 21.406 18.702 18.434 18.338 18.081 24.876 21.369 20.065 21.091 20.960 21.026
  2500. 9.5  1.365 20.701  0.531 3.463E+09 23.548 22.044 20.169 19.675 19.944 20.059 20.302 20.724 18.391 18.155 18.059 17.829 24.461 21.099 19.705 20.331 20.261 20.676
  2750. 9.5  1.365 20.287  0.347 3.454E+09 23.175 21.768 19.940 19.332 19.315 19.476 19.775 20.103 18.110 17.898 17.798 17.586 24.079 20.853 19.428 19.721 19.680 20.381
  3000. 9.5  1.365 19.909  0.184 3.449E+09 22.810 21.496 19.725 19.036 18.788 18.959 19.309 19.584 17.866 17.678 17.574 17.372 23.705 20.613 19.195 19.220 19.184 20.117
  3250. 9.5  1.365 19.561  0.041 3.444E+09 22.447 21.226 19.520 18.781 18.358 18.486 18.852 19.070 17.621 17.455 17.344 17.149 23.333 20.376 18.991 18.823 18.766 19.880
  3500. 9.5  1.365 19.239 -0.078 3.440E+09 22.071 20.947 19.317 18.560 18.019 18.049 18.408 18.591 17.381 17.235 17.121 16.931 22.950 20.134 18.805 18.514 18.420 19.660
  3750. 9.5  1.365 18.940 -0.172 3.438E+09 21.680 20.656 19.112 18.364 17.762 17.643 17.961 18.120 17.134 17.007 16.891 16.707 22.551 19.884 18.625 18.275 18.145 19.450
  4000. 9.5  1.365 18.660 -0.235 3.436E+09 21.249 20.338 18.895 18.177 17.559 17.277 17.526 17.646 16.864 16.749 16.635 16.463 22.112 19.612 18.442 18.080 17.928 19.234
  4250. 9.5  1.365 18.396 -0.268 3.435E+09 20.787 19.997 18.665 17.990 17.382 16.963 17.110 17.192 16.589 16.481 16.372 16.219 21.642 19.322 18.249 17.902 17.745 19.006
  4500. 9.5  1.365 18.148 -0.265 3.435E+09 20.273 19.623 18.413 17.789 17.209 16.716 16.732 16.792 16.326 16.226 16.128 16.000 21.120 19.004 18.039 17.721 17.576 18.755
  4750. 9.5  1.365 17.913 -0.241 3.410E+09 19.740 19.237 18.154 17.582 17.037 16.531 16.415 16.440 16.088 15.998 15.916 15.829 20.579 18.676 17.821 17.539 17.413 18.491
  5000. 9.5  1.365 17.690 -0.203 3.347E+09 19.211 18.857 17.894 17.372 16.865 16.381 16.173 16.148 15.891 15.817 15.761 15.712 20.043 18.351 17.600 17.355 17.252 18.220
  5250. 9.5  1.365 17.478 -0.161 3.277E+09 18.707 18.492 17.640 17.164 16.696 16.248 15.998 15.940 15.749 15.696 15.661 15.633 19.533 18.036 17.382 17.174 17.096 17.951
  5500. 9.5  1.365 17.276 -0.122 3.210E+09 18.231 18.152 17.398 16.966 16.533 16.126 15.869 15.800 15.649 15.612 15.588 15.570 19.053 17.740 17.174 17.001 16.946 17.691
  6000. 9.5  1.365 16.899 -0.069 3.036E+09 17.405 17.559 16.968 16.610 16.241 15.910 15.672 15.615 15.509 15.487 15.475 15.467 18.221 17.219 16.802 16.688 16.676 17.219
  6500. 9.5  1.365 16.551 -0.059 2.621E+09 16.715 17.074 16.610 16.314 15.996 15.730 15.519 15.482 15.404 15.392 15.389 15.388 17.529 16.791 16.495 16.426 16.450 16.815
  7000. 9.5  1.365 16.229 -0.086 2.450E+09 16.161 16.685 16.315 16.069 15.793 15.581 15.395 15.376 15.322 15.319 15.321 15.326 16.978 16.443 16.242 16.210 16.262 16.477
  7500. 9.5  1.365 15.929 -0.134 2.319E+09 15.732 16.366 16.063 15.858 15.618 15.454 15.291 15.288 15.254 15.258 15.264 15.270 16.552 16.152 16.023 16.023 16.101 16.192
  8000. 9.5  1.366 15.649 -0.190 2.187E+09 15.392 16.095 15.838 15.668 15.460 15.340 15.200 15.211 15.192 15.200 15.208 15.213 16.214 15.900 15.826 15.854 15.954 15.944
  8500. 9.5  1.366 15.385 -0.246 2.080E+09 15.108 15.857 15.632 15.491 15.311 15.236 15.118 15.139 15.130 15.142 15.149 15.153 15.933 15.675 15.644 15.695 15.816 15.723
  9000. 9.5  1.366 15.137 -0.301 1.994E+09 14.864 15.643 15.439 15.324 15.170 15.138 15.041 15.070 15.068 15.083 15.090 15.095 15.690 15.469 15.472 15.546 15.686 15.521
  9500. 9.5  1.366 14.902 -0.355 1.910E+09 14.647 15.448 15.257 15.167 15.037 15.046 14.967 15.004 15.006 15.025 15.032 15.039 15.475 15.279 15.311 15.404 15.564 15.335
 10000. 9.5  1.366 14.679 -0.406 1.825E+09 14.451 15.268 15.086 15.017 14.910 14.960 14.897 14.939 14.945 14.967 14.976 14.986 15.280 15.102 15.158 15.269 15.448 15.162
 10500. 9.5  1.366 14.468 -0.456 1.747E+09 14.269 15.100 14.923 14.876 14.791 14.878 14.829 14.876 14.884 14.910 14.921 14.933 15.099 14.936 15.013 15.142 15.338 15.000
 11000. 9.5  1.366 14.265 -0.506 1.685E+09 14.101 14.944 14.772 14.744 14.679 14.801 14.764 14.816 14.824 14.853 14.864 14.880 14.932 14.782 14.878 15.023 15.236 14.849
 11500. 9.5  1.366 14.072 -0.562 1.632E+09 13.947 14.801 14.635 14.626 14.580 14.730 14.705 14.760 14.767 14.798 14.808 14.825 14.778 14.641 14.756 14.916 15.145 14.712
 12000. 9.5  1.366 13.887 -0.629 1.579E+09 13.807 14.676 14.516 14.523 14.494 14.669 14.652 14.709 14.716 14.748 14.758 14.777 14.639 14.519 14.651 14.825 15.066 14.590
 12500. 9.5  1.366 13.710 -0.704 1.522E+09 13.681 14.565 14.414 14.434 14.420 14.614 14.604 14.665 14.672 14.705 14.716 14.736 14.514 14.411 14.559 14.746 14.998 14.483
 13000. 9.5  1.366 13.540 -0.785 1.463E+09 13.565 14.465 14.325 14.356 14.354 14.565 14.562 14.624 14.633 14.667 14.678 14.701 14.399 14.315 14.479 14.677 14.938 14.388
 13500. 9.5  1.366 13.376 -0.869 1.406E+09 13.459 14.374 14.244 14.287 14.296 14.520 14.523 14.588 14.598 14.633 14.645 14.668 14.293 14.228 14.407 14.615 14.884 14.301
 14000. 9.5  1.366 13.218 -0.955 1.356E+09 13.363 14.292 14.173 14.224 14.245 14.480 14.488 14.555 14.567 14.603 14.615 14.640 14.198 14.150 14.343 14.560 14.836 14.222
 14500. 9.5  1.366 13.065 -1.045 1.312E+09 13.280 14.220 14.110 14.171 14.201 14.446 14.458 14.527 14.541 14.578 14.590 14.615 14.115 14.082 14.288 14.513 14.794 14.154
 15000. 9.5  1.366 12.918 -1.140 1.271E+09 13.211 14.161 14.059 14.126 14.165 14.418 14.433 14.504 14.520 14.557 14.569 14.594 14.046 14.025 14.242 14.475 14.761 14.097
 15500. 9.5  1.366 12.776 -1.241 1.231E+09 13.154 14.112 14.016 14.090 14.135 14.394 14.413 14.485 14.502 14.539 14.552 14.576 13.990 13.979 14.204 14.444 14.733 14.051
 16000. 9.5  1.366 12.638 -1.338 1.191E+09 13.098 14.064 13.975 14.055 14.106 14.371 14.393 14.466 14.485 14.521 14.534 14.558 13.935 13.933 14.168 14.413 14.707 14.005
 16500. 9.5  1.367 12.504 -1.428 1.150E+09 13.040 14.014 13.932 14.018 14.076 14.347 14.373 14.447 14.467 14.502 14.516 14.539 13.877 13.885 14.129 14.381 14.678 13.957
 17000. 9.5  1.367 12.374 -1.513 1.110E+09 12.977 13.960 13.887 13.979 14.044 14.322 14.350 14.426 14.447 14.483 14.496 14.518 13.815 13.834 14.089 14.347 14.648 13.906
 20000. 9.5  1.367 11.668 -1.950 9.368E+08 12.573 13.624 13.619 13.734 13.833 14.147 14.196 14.279 14.311 14.347 14.362 14.386 13.413 13.522 13.837 14.127 14.447 13.586
 25000. 9.5  1.368 10.698 -2.530 6.892E+08 11.976 13.133 13.229 13.363 13.497 13.856 13.931 14.027 14.082 14.124 14.146 14.177 12.818 13.070 13.458 13.782 14.121 13.107
 30000. 9.5  1.369  9.906 -2.956 3.744E+08 11.449 12.683 12.862 13.007 13.164 13.556 13.652 13.757 13.828 13.870 13.895 13.924 12.292 12.650 13.096 13.444 13.795 12.664
 35000. 9.5  1.461  9.166 -3.356 5.502E+08 11.017 12.285 12.522 12.670 12.840 13.243 13.351 13.455 13.526 13.558 13.584 13.606 11.860 12.272 12.756 13.118 13.473 12.274
 40000. 9.5  1.461  8.586 -3.765 6.405E+08 10.798 12.088 12.351 12.501 12.678 13.086 13.199 13.303 13.373 13.403 13.428 13.447 11.642 12.083 12.585 12.954 13.312 12.078
 45000. 9.5  1.460  8.075 -4.151 5.451E+08 10.643 11.946 12.226 12.377 12.558 12.970 13.086 13.190 13.259 13.288 13.312 13.330 11.487 11.947 12.459 12.834 13.193 11.937
 50000. 9.5  1.460  7.617 -4.508 3.184E+08 10.521 11.833 12.125 12.278 12.462 12.877 12.994 13.098 13.167 13.196 13.219 13.236 11.365 11.838 12.359 12.737 13.097 11.825
 55000. 9.5  1.461  7.203 -4.836 1.167E+08 10.418 11.737 12.039 12.193 12.379 12.796 12.915 13.019 13.088 13.116 13.139 13.155 11.263 11.746 12.273 12.654 13.015 11.730
 60000. 9.5  1.461  6.825 -5.139 2.443E+07 10.330 11.654 11.964 12.118 12.307 12.726 12.846 12.950 13.019 13.047 13.069 13.084 11.174 11.665 12.198 12.581 12.944 11.648
 65000. 9.5  1.463  6.475 -5.419 4.000E+06 10.249 11.579 11.895 12.050 12.241 12.661 12.782 12.887 12.955 12.983 13.004 13.019 11.094 11.592 12.129 12.514 12.877 11.573
 70000. 9.5  1.463  6.153 -5.680 1.566E+06 10.178 11.512 11.833 11.989 12.181 12.603 12.726 12.830 12.898 12.926 12.947 12.961 11.023 11.527 12.068 12.455 12.819 11.506
 75000. 9.5  1.462  5.855 -5.923 9.878E+05 10.114 11.452 11.778 11.934 12.128 12.551 12.674 12.778 12.847 12.874 12.895 12.908 10.959 11.468 12.013 12.401 12.765 11.446
 80000. 9.5  1.462  5.575 -6.151 7.476E+05 10.054 11.395 11.725 11.882 12.077 12.501 12.625 12.730 12.798 12.825 12.845 12.858 10.900 11.412 11.960 12.350 12.715 11.389
 85000. 9.5  1.461  5.312 -6.364 5.774E+05  9.999 11.343 11.676 11.833 12.030 12.455 12.579 12.684 12.752 12.779 12.799 12.812 10.844 11.361 11.911 12.302 12.668 11.337
 90000. 9.5  1.459  5.065 -6.566 3.708E+05  9.948 11.294 11.631 11.789 11.986 12.412 12.538 12.642 12.710 12.737 12.757 12.769 10.794 11.314 11.867 12.259 12.625 11.289
100000. 9.5  1.445  4.619 -6.937 3.709E+04  9.863 11.213 11.556 11.714 11.913 12.341 12.467 12.572 12.640 12.666 12.686 12.697 10.708 11.234 11.792 12.186 12.552 11.208
110000. 9.5  1.410  4.231 -7.273 1.428E+02  9.802 11.156 11.504 11.663 11.864 12.293 12.420 12.525 12.593 12.619 12.638 12.649 10.648 11.179 11.740 12.136 12.503 11.151
120000. 9.5  1.353  3.898 -7.578 1.314E-02  9.767 11.125 11.476 11.636 11.838 12.269 12.397 12.502 12.569 12.595 12.614 12.625 10.613 11.149 11.713 12.110 12.478 11.120