Title: Limb-Darkening Coefficients for Eclipsing White Dwarfs
Authors: Gianninas A., Strickland B., Kilic M., Bergeron P.
Table: Limb-Darkening Coefficients for the LSST g-band
================================================================================
Byte-by-byte Description of file: apj461722t1_mrt.txt
--------------------------------------------------------------------------------
   Bytes Format Units   Label   Explanations
--------------------------------------------------------------------------------
   1-  4 F4.2   [cm/s2] log(g)  Log of the surface gravity
   6- 10 I5     K       Teff    Effective temperature
  12- 17 F6.4   ---     a       Linear "a" coefficient
  19- 25 F7.4   ---     b       Quadratic "b" coefficient
  27- 32 F6.4   ---     c       Quadratic "c" coefficient
  34- 40 F7.4   ---     d       Square-root "d" coefficient
  42- 47 F6.4   ---     f       Square-root "f" coefficient
  49- 54 F6.4   ---     g       Logarithmic "g" coefficient
  56- 61 F6.4   ---     h       Logarithmic "h" coefficient
  63- 68 F6.4   ---     j       Exponential "j" coefficient
  70- 76 F7.4   ---     k       Exponential "k" coefficient
  78- 83 F6.4   ---     l       Sing 3-parameter "l" coefficient
  85- 91 F7.4   ---     m       Sing 3-parameter "m" coefficient
  93- 99 F7.4   ---     n       Sing 3-parameter "n" coefficient
 101-107 F7.4   ---     p       Claret 4-parameter "p" coefficient
 109-115 F7.4   ---     q       Claret 4-parameter "q" coefficient
 117-123 F7.4   ---     r       Claret 4-parameter "r" coefficient
 125-131 F7.4   ---     s       Claret 4-parameter "s" coefficient
--------------------------------------------------------------------------------
5.00  4000 0.4407  0.0686 0.4937 -0.2647 1.0005 0.6491 0.4760 0.3924 -0.0046 3.1766 -4.4234  1.9034  0.8417  0.4031 -0.9647  0.4479
5.00  4250 0.4437  0.0679 0.4985 -0.2768 1.0219 0.6551 0.4830 0.3929 -0.0048 3.2958 -4.6532  2.0231  0.9980  0.0075 -0.5525  0.2973
5.00  4500 0.4612  0.0887 0.4943 -0.2430 0.9988 0.6699 0.4760 0.4139 -0.0046 3.1966 -4.4206  1.9013  0.7583  0.6979 -1.3047  0.5900
5.00  4750 0.4990  0.1369 0.4804 -0.1712 0.9506 0.7005 0.4575 0.4573 -0.0041 3.0036 -3.9755  1.6740  0.4742  1.4408 -2.0264  0.8537
5.00  5000 0.5481  0.1980 0.4645 -0.0802 0.8911 0.7407 0.4347 0.5132 -0.0036 2.7234 -3.3297  1.3399  0.1735  2.1518 -2.6169  1.0399
5.00  5250 0.5848  0.2412 0.4559 -0.0089 0.8421 0.7709 0.4182 0.5560 -0.0032 2.4137 -2.6298  0.9692 -0.1108  2.7789 -3.0852  1.1608
5.00  5500 0.6086  0.2716 0.4471  0.0416 0.8043 0.7890 0.4036 0.5836 -0.0029 2.1625 -2.0790  0.6795 -0.2026  2.8300 -2.9113  1.0298
5.00  6000 0.6356  0.3332 0.4013  0.1447 0.6963 0.7947 0.3524 0.6172 -0.0024 1.6952 -1.1668  0.2310 -0.1656  2.2409 -1.8474  0.5174
5.00  6500 0.6479  0.3853 0.3484  0.2302 0.5924 0.7846 0.2992 0.6342 -0.0020 1.3665 -0.5932 -0.0270 -0.0323  1.4729 -0.7259  0.0289
5.00  7000 0.6443  0.3951 0.3307  0.2489 0.5608 0.7737 0.2820 0.6315 -0.0019 1.2633 -0.4314 -0.0969  0.0820  0.9933 -0.0946 -0.2386
5.00  7500 0.6274  0.3557 0.3604  0.1934 0.6156 0.7684 0.3101 0.6114 -0.0022 1.3397 -0.5488 -0.0630  0.1366  0.8896  0.0124 -0.2991
5.00  8000 0.5993  0.2812 0.4221  0.0829 0.7325 0.7654 0.3703 0.5772 -0.0026 1.5925 -0.9745  0.1060  0.1326  1.1556 -0.4296 -0.1233
5.00  8500 0.5645  0.2032 0.4794 -0.0381 0.8547 0.7554 0.4302 0.5351 -0.0032 1.9898 -1.7269  0.4565  0.1408  1.5257 -1.1482  0.2129
5.00  9000 0.5434  0.1829 0.4782 -0.0740 0.8757 0.7363 0.4356 0.5109 -0.0034 2.2266 -2.2678  0.7507  0.2278  1.4761 -1.3319  0.3568
5.00  9500 0.5545  0.2618 0.3882  0.0364 0.7348 0.7139 0.3561 0.5267 -0.0030 2.1543 -2.3276  0.8731  0.3686  0.9398 -0.8131  0.2357
5.00 10000 0.5420  0.2547 0.3811  0.0274 0.7299 0.6992 0.3516 0.5134 -0.0031 2.1921 -2.4511  0.9471  0.4379  0.7491 -0.6516  0.1899
5.00 10500 0.5222  0.2280 0.3904 -0.0095 0.7543 0.6839 0.3627 0.4917 -0.0032 2.2868 -2.6656  1.0541  0.4731  0.7279 -0.7215  0.2359
5.00 11000 0.5049  0.2091 0.3924 -0.0329 0.7628 0.6678 0.3663 0.4732 -0.0033 2.3302 -2.7873  1.1181  0.5009  0.6796 -0.7289  0.2518
5.00 11500 0.4902  0.1953 0.3911 -0.0483 0.7638 0.6528 0.3663 0.4579 -0.0033 2.3435 -2.8490  1.1527  0.5201  0.6298 -0.7119  0.2533
5.00 12000 0.4774  0.1848 0.3882 -0.0586 0.7603 0.6390 0.3642 0.4449 -0.0033 2.3396 -2.8752  1.1699  0.5338  0.5806 -0.6816  0.2467
5.00 12500 0.4662  0.1764 0.3845 -0.0660 0.7548 0.6264 0.3613 0.4336 -0.0033 2.3273 -2.8824  1.1775  0.5441  0.5343 -0.6465  0.2366
5.00 13000 0.4562  0.1693 0.3806 -0.0718 0.7488 0.6149 0.3582 0.4236 -0.0033 2.3126 -2.8828  1.1816  0.5549  0.4843 -0.6028  0.2220
5.00 13500 0.4469  0.1630 0.3767 -0.0767 0.7427 0.6042 0.3550 0.4144 -0.0033 2.2970 -2.8796  1.1837  0.5659  0.4323 -0.5542  0.2051
5.00 14000 0.4384  0.1573 0.3729 -0.0808 0.7365 0.5941 0.3517 0.4059 -0.0033 2.2812 -2.8745  1.1848  0.5764  0.3820 -0.5061  0.1881
5.00 14500 0.4304  0.1523 0.3689 -0.0842 0.7298 0.5846 0.3483 0.3980 -0.0033 2.2635 -2.8644  1.1833  0.5830  0.3424 -0.4687  0.1751
5.00 15000 0.4230  0.1476 0.3654 -0.0878 0.7245 0.5758 0.3454 0.3906 -0.0033 2.2510 -2.8630  1.1861  0.5978  0.2812 -0.4065  0.1523
5.00 15500 0.4160  0.1433 0.3618 -0.0907 0.7187 0.5674 0.3423 0.3837 -0.0032 2.2367 -2.8570  1.1864  0.6085  0.2316 -0.3564  0.1340
5.00 16000 0.4093  0.1394 0.3581 -0.0929 0.7124 0.5592 0.3391 0.3771 -0.0032 2.2198 -2.8454  1.1838  0.6132  0.1994 -0.3259  0.1235
5.00 16500 0.4032  0.1356 0.3550 -0.0958 0.7078 0.5519 0.3365 0.3709 -0.0032 2.2105 -2.8469  1.1877  0.6300  0.1345 -0.2579  0.0982
5.00 17000 0.3972  0.1322 0.3515 -0.0976 0.7018 0.5445 0.3334 0.3650 -0.0032 2.1949 -2.8361  1.1854  0.6345  0.1041 -0.2287  0.0881
5.00 20000 0.3677  0.1149 0.3354 -0.1107 0.6786 0.5090 0.3201 0.3353 -0.0032 2.1513 -2.8482  1.2080  0.7200 -0.2211  0.1103 -0.0370
5.00 25000 0.3362  0.0909 0.3254 -0.1395 0.6747 0.4745 0.3144 0.3018 -0.0033 2.2007 -3.0432  1.3237  0.8877 -0.7242  0.6043 -0.2113
5.00 30000 0.3029  0.0591 0.3235 -0.1758 0.6791 0.4412 0.3155 0.2672 -0.0034 2.2499 -3.2202  1.4216  0.9198 -0.7810  0.5596 -0.1691
5.25  4000 0.4374  0.0671 0.4913 -0.2621 0.9922 0.6448 0.4736 0.3902 -0.0045 3.1553 -4.3920  1.8887  0.7374  0.7254 -1.3617  0.6135
5.25  4250 0.4380  0.0631 0.4973 -0.2817 1.0207 0.6491 0.4824 0.3873 -0.0048 3.3059 -4.6893  2.0438  0.9790  0.0799 -0.6663  0.3508
5.25  4500 0.4526  0.0776 0.4976 -0.2609 1.0120 0.6632 0.4808 0.4038 -0.0047 3.2632 -4.5690  1.9784  0.8284  0.5336 -1.1650  0.5459
5.25  4750 0.4825  0.1136 0.4894 -0.2077 0.9789 0.6885 0.4689 0.4379 -0.0043 3.1242 -4.2380  1.8072  0.5946  1.1647 -1.7942  0.7787
5.25  5000 0.5288  0.1712 0.4744 -0.1232 0.9247 0.7267 0.4480 0.4905 -0.0039 2.8836 -3.6785  1.5190  0.3129  1.8527 -2.3929  0.9780
5.25  5250 0.5685  0.2197 0.4628 -0.0445 0.8695 0.7588 0.4286 0.5369 -0.0034 2.5700 -2.9716  1.1476  0.0000  2.5698 -2.9715  1.1475
5.25  5500 0.5951  0.2513 0.4561  0.0075 0.8334 0.7803 0.4156 0.5674 -0.0031 2.3173 -2.4067  0.8481 -0.1315  2.7505 -2.9469  1.0755
5.25  6000 0.6222  0.3049 0.4211  0.0997 0.7411 0.7902 0.3739 0.6010 -0.0026 1.8640 -1.4954  0.3893 -0.1617  2.3966 -2.1597  0.6689
5.25  6500 0.6345  0.3531 0.3733  0.1816 0.6425 0.7818 0.3245 0.6181 -0.0022 1.5151 -0.8663  0.0961 -0.0613  1.7171 -1.1182  0.2021
5.25  7000 0.6336  0.3708 0.3487  0.2137 0.5957 0.7704 0.3000 0.6190 -0.0020 1.3569 -0.6022 -0.0224  0.0497  1.1931 -0.3979 -0.1084
5.25  7500 0.6198  0.3438 0.3661  0.1771 0.6279 0.7633 0.3164 0.6031 -0.0022 1.3854 -0.6453 -0.0164  0.1150  1.0065 -0.1727 -0.2153
5.25  8000 0.5948  0.2803 0.4173  0.0839 0.7247 0.7591 0.3662 0.5730 -0.0026 1.5854 -0.9814  0.1145  0.1248  1.1744 -0.4688 -0.1012
5.25  8500 0.5616  0.2036 0.4751 -0.0338 0.8445 0.7506 0.4256 0.5329 -0.0031 1.9474 -1.6554  0.4220  0.1257  1.5332 -1.1388  0.2046
5.25  9000 0.5333  0.1600 0.4954 -0.1039 0.9039 0.7328 0.4514 0.4997 -0.0035 2.2498 -2.2924  0.7469  0.1989  1.5944 -1.4751  0.4029
5.25  9500 0.5357  0.2127 0.4286 -0.0316 0.8047 0.7108 0.3939 0.5048 -0.0033 2.2513 -2.4644  0.9069  0.3252  1.1798 -1.1281  0.3445
5.25 10000 0.5382  0.2526 0.3789  0.0267 0.7255 0.6945 0.3494 0.5098 -0.0031 2.1765 -2.4323  0.9392  0.4385  0.7315 -0.6303  0.1809
5.25 10500 0.5202  0.2291 0.3862 -0.0057 0.7459 0.6801 0.3586 0.4900 -0.0032 2.2593 -2.6234  1.0354  0.4781  0.6840 -0.6590  0.2087
5.25 11000 0.5033  0.2091 0.3902 -0.0316 0.7587 0.6653 0.3642 0.4717 -0.0033 2.3154 -2.7655  1.1084  0.5062  0.6477 -0.6856  0.2331
5.25 11500 0.4885  0.1944 0.3901 -0.0490 0.7623 0.6507 0.3653 0.4562 -0.0033 2.3391 -2.8459  1.1521  0.5325  0.5846 -0.6580  0.2314
5.25 12000 0.4757  0.1833 0.3879 -0.0605 0.7605 0.6372 0.3641 0.4430 -0.0033 2.3415 -2.8835  1.1747  0.5469  0.5393 -0.6361  0.2289
5.25 12500 0.4643  0.1745 0.3844 -0.0685 0.7557 0.6246 0.3615 0.4316 -0.0033 2.3321 -2.8965  1.1852  0.5587  0.4911 -0.6006  0.2190
5.25 13000 0.4542  0.1673 0.3806 -0.0746 0.7499 0.6130 0.3584 0.4214 -0.0033 2.3185 -2.8992  1.1904  0.5696  0.4416 -0.5586  0.2054
5.25 13500 0.4449  0.1609 0.3767 -0.0794 0.7436 0.6021 0.3551 0.4121 -0.0033 2.3024 -2.8953  1.1923  0.5795  0.3929 -0.5141  0.1902
5.25 14000 0.4363  0.1553 0.3727 -0.0835 0.7371 0.5920 0.3518 0.4036 -0.0033 2.2858 -2.8890  1.1929  0.5895  0.3433 -0.4665  0.1734
5.25 14500 0.4283  0.1503 0.3688 -0.0870 0.7308 0.5824 0.3484 0.3956 -0.0033 2.2693 -2.8814  1.1927  0.5991  0.2953 -0.4197  0.1567
5.25 15000 0.4208  0.1457 0.3650 -0.0900 0.7244 0.5734 0.3451 0.3882 -0.0033 2.2531 -2.8732  1.1920  0.6084  0.2483 -0.3731  0.1399
5.25 15500 0.4137  0.1414 0.3613 -0.0928 0.7185 0.5649 0.3420 0.3812 -0.0033 2.2380 -2.8660  1.1918  0.6191  0.1981 -0.3221  0.1212
5.25 16000 0.4071  0.1375 0.3576 -0.0952 0.7124 0.5568 0.3388 0.3747 -0.0032 2.2225 -2.8571  1.1907  0.6270  0.1563 -0.2805  0.1063
5.25 16500 0.4008  0.1339 0.3540 -0.0973 0.7065 0.5491 0.3357 0.3685 -0.0032 2.2076 -2.8485  1.1896  0.6356  0.1132 -0.2366  0.0904
5.25 17000 0.3945  0.1314 0.3490 -0.0958 0.6954 0.5407 0.3308 0.3628 -0.0032 2.1712 -2.7987  1.1676  0.6055  0.1759 -0.3105  0.1205
5.25 20000 0.3648  0.1134 0.3335 -0.1113 0.6753 0.5053 0.3184 0.3325 -0.0032 2.1419 -2.8397  1.2053  0.7257 -0.2493  0.1423 -0.0496
5.25 25000 0.3320  0.0896 0.3216 -0.1386 0.6675 0.4688 0.3108 0.2979 -0.0033 2.1784 -3.0153  1.3124  0.8922 -0.7615  0.6510 -0.2305
5.25 30000 0.2980  0.0593 0.3166 -0.1710 0.6653 0.4334 0.3088 0.2629 -0.0033 2.2057 -3.1560  1.3936  0.9121 -0.7997  0.5919 -0.1837
5.50  4000 0.4351  0.0686 0.4863 -0.2516 0.9740 0.6399 0.4678 0.3902 -0.0043 3.0890 -4.2713  1.8284  0.5587  1.2479 -1.9754  0.8621
5.50  4250 0.4340  0.0599 0.4963 -0.2846 1.0192 0.6447 0.4818 0.3833 -0.0048 3.3110 -4.7110  2.0567  0.9614  0.1432 -0.7605  0.3942
5.50  4500 0.4461  0.0692 0.4999 -0.2750 1.0227 0.6581 0.4845 0.3959 -0.0048 3.3202 -4.6955  2.0446  0.9004  0.3533 -0.9956  0.4875
5.50  4750 0.4693  0.0958 0.4954 -0.2354 0.9995 0.6785 0.4769 0.4225 -0.0045 3.2139 -4.4368  1.9089  0.6999  0.9078 -1.5610  0.6986
5.50  5000 0.5101  0.1458 0.4834 -0.1631 0.9549 0.7128 0.4599 0.4687 -0.0041 3.0207 -3.9800  1.6734  0.4480  1.5444 -2.1390  0.8986
5.50  5250 0.5518  0.1971 0.4707 -0.0824 0.8996 0.7467 0.4400 0.5170 -0.0036 2.7288 -3.3170  1.3268  0.1344  2.2860 -2.7648  1.0944
5.50  5500 0.5812  0.2309 0.4648 -0.0268 0.8624 0.7712 0.4273 0.5509 -0.0033 2.4687 -2.7287  1.0139 -0.0450  2.6171 -2.9137  1.0918
5.50  6000 0.6101  0.2803 0.4376  0.0601 0.7802 0.7857 0.3922 0.5863 -0.0028 2.0198 -1.8027  0.5393 -0.1433  2.4918 -2.3914  0.7871
5.50  6500 0.6218  0.3231 0.3963  0.1354 0.6899 0.7789 0.3483 0.6028 -0.0024 1.6663 -1.1486  0.2262 -0.0820  1.9367 -1.4857  0.3681
5.50  7000 0.6228  0.3452 0.3683  0.1759 0.6339 0.7678 0.3197 0.6062 -0.0022 1.4614 -0.7918  0.0608  0.0157  1.4098 -0.7275  0.0337
5.50  7500 0.6116  0.3289 0.3751  0.1562 0.6459 0.7591 0.3258 0.5940 -0.0023 1.4409 -0.7544  0.0337  0.0881  1.1504 -0.3922 -0.1188
5.50  8000 0.5897  0.2763 0.4158  0.0802 0.7226 0.7535 0.3652 0.5678 -0.0026 1.5900 -1.0056  0.1292  0.1102  1.2269 -0.5528 -0.0614
5.50  8500 0.5587  0.2040 0.4706 -0.0296 0.8344 0.7457 0.4211 0.5306 -0.0031 1.9092 -1.5934  0.3928  0.1088  1.5507 -1.1463  0.2047
5.50  9000 0.5271  0.1497 0.5007 -0.1154 0.9113 0.7285 0.4561 0.4933 -0.0035 2.2438 -2.2791  0.7344  0.1736  1.6717 -1.5657  0.4342
5.50  9500 0.5170  0.1603 0.4733 -0.1038 0.8805 0.7093 0.4352 0.4828 -0.0035 2.3393 -2.5708  0.9199  0.2812  1.4128 -1.4154  0.4337
5.50 10000 0.5281  0.2334 0.3910  0.0009 0.7478 0.6893 0.3613 0.4985 -0.0032 2.2211 -2.5149  0.9719  0.4184  0.8422 -0.7954  0.2483
5.50 10500 0.5179  0.2295 0.3827 -0.0030 0.7388 0.6763 0.3551 0.4880 -0.0032 2.2341 -2.5849  1.0181  0.4814  0.6479 -0.6067  0.1856
5.50 11000 0.5015  0.2089 0.3881 -0.0306 0.7546 0.6626 0.3621 0.4701 -0.0033 2.3000 -2.7425  1.0980  0.5132  0.6088 -0.6335  0.2105
5.50 11500 0.4866  0.1938 0.3884 -0.0487 0.7592 0.6481 0.3637 0.4543 -0.0033 2.3284 -2.8320  1.1463  0.5376  0.5569 -0.6229  0.2166
5.50 12000 0.4738  0.1820 0.3871 -0.0617 0.7595 0.6350 0.3635 0.4411 -0.0033 2.3384 -2.8831  1.1752  0.5558  0.5069 -0.5990  0.2140
5.50 12500 0.4623  0.1729 0.3841 -0.0704 0.7556 0.6225 0.3613 0.4295 -0.0033 2.3328 -2.9031  1.1891  0.5687  0.4587 -0.5659  0.2056
5.50 13000 0.4522  0.1654 0.3805 -0.0769 0.7503 0.6109 0.3584 0.4192 -0.0033 2.3213 -2.9097  1.1963  0.5803  0.4093 -0.5253  0.1929
5.50 13500 0.4428  0.1590 0.3765 -0.0817 0.7440 0.6000 0.3551 0.4099 -0.0033 2.3055 -2.9067  1.1987  0.5900  0.3615 -0.4824  0.1785
5.50 14000 0.4341  0.1534 0.3724 -0.0858 0.7374 0.5898 0.3517 0.4013 -0.0033 2.2886 -2.8998  1.1990  0.5992  0.3143 -0.4378  0.1629
5.50 14500 0.4261  0.1484 0.3684 -0.0892 0.7308 0.5802 0.3483 0.3934 -0.0033 2.2715 -2.8913  1.1984  0.6080  0.2679 -0.3928  0.1469
5.50 15000 0.4186  0.1438 0.3645 -0.0920 0.7242 0.5711 0.3449 0.3859 -0.0033 2.2539 -2.8807  1.1966  0.6156  0.2255 -0.3511  0.1320
5.50 15500 0.4115  0.1397 0.3607 -0.0947 0.7179 0.5625 0.3416 0.3790 -0.0033 2.2380 -2.8720  1.1956  0.6251  0.1783 -0.3034  0.1147
5.50 16000 0.4048  0.1358 0.3569 -0.0968 0.7115 0.5544 0.3383 0.3724 -0.0032 2.2212 -2.8608  1.1934  0.6321  0.1382 -0.2632  0.1002
5.50 16500 0.3985  0.1322 0.3533 -0.0990 0.7056 0.5466 0.3352 0.3662 -0.0032 2.2065 -2.8526  1.1926  0.6417  0.0919 -0.2157  0.0828
5.50 17000 0.3925  0.1289 0.3498 -0.1008 0.6997 0.5392 0.3321 0.3602 -0.0032 2.1917 -2.8436  1.1912  0.6499  0.0503 -0.1731  0.0674
5.50 20000 0.3622  0.1120 0.3320 -0.1118 0.6724 0.5021 0.3170 0.3300 -0.0032 2.1331 -2.8308  1.2021  0.7260 -0.2592  0.1525 -0.0534
5.50 25000 0.3286  0.0884 0.3187 -0.1381 0.6619 0.4641 0.3080 0.2946 -0.0033 2.1608 -2.9932  1.3034  0.8939 -0.7847  0.6799 -0.2424
5.50 30000 0.2938  0.0594 0.3110 -0.1669 0.6535 0.4268 0.3033 0.2594 -0.0033 2.1668 -3.0983  1.3680  0.8991 -0.7956  0.5958 -0.1866
5.75  4000 0.4351  0.0679 0.4872 -0.2529 0.9758 0.6404 0.4688 0.3902 -0.0043 3.1031 -4.2986  1.8422  0.5375  1.3319 -2.0897  0.9127
5.75  4250 0.4316  0.0575 0.4963 -0.2880 1.0207 0.6425 0.4823 0.3808 -0.0048 3.3247 -4.7443  2.0746  0.9645  0.1467 -0.7810  0.4067
5.75  4500 0.4410  0.0627 0.5019 -0.2871 1.0327 0.6544 0.4878 0.3896 -0.0049 3.3727 -4.8105  2.1049  0.9788  0.1476 -0.7884  0.4123
5.75  4750 0.4593  0.0832 0.4991 -0.2554 1.0138 0.6706 0.4821 0.4109 -0.0046 3.2788 -4.5835  1.9848  0.7899  0.6761 -1.3378  0.6188
5.75  5000 0.4931  0.1229 0.4911 -0.1983 0.9806 0.6997 0.4700 0.4489 -0.0043 3.1328 -4.2295  1.8009  0.5718  1.2486 -1.8798  0.8121
5.75  5250 0.5342  0.1749 0.4767 -0.1173 0.9241 0.7327 0.4491 0.4966 -0.0038 2.8585 -3.6088  1.4789  0.2536  2.0229 -2.5668  1.0403
5.75  5500 0.5673  0.2133 0.4696 -0.0560 0.8842 0.7605 0.4353 0.5346 -0.0035 2.6016 -3.0223  1.1681  0.0477  2.4444 -2.8262  1.0856
5.75  6000 0.5992  0.2617 0.4478  0.0298 0.8076 0.7798 0.4044 0.5733 -0.0030 2.1473 -2.0651  0.6713 -0.1145  2.5245 -2.5354  0.8692
5.75  6500 0.6098  0.2981 0.4135  0.0963 0.7283 0.7746 0.3668 0.5885 -0.0026 1.8085 -1.4253  0.3589 -0.0896  2.1036 -1.7933  0.5138
5.75  7000 0.6112  0.3198 0.3866  0.1377 0.6716 0.7641 0.3387 0.5926 -0.0023 1.5841 -1.0244  0.1685 -0.0132  1.6275 -1.0785  0.1913
5.75  7500 0.6024  0.3114 0.3861  0.1309 0.6687 0.7546 0.3374 0.5835 -0.0024 1.5199 -0.9101  0.1071  0.0588  1.3259 -0.6680  0.0052
5.75  8000 0.5832  0.2692 0.4166  0.0712 0.7262 0.7476 0.3669 0.5611 -0.0026 1.6208 -1.0813  0.1694  0.0921  1.3171 -0.7025  0.0099
5.75  8500 0.5549  0.2045 0.4649 -0.0259 0.8238 0.7396 0.4158 0.5272 -0.0030 1.8879 -1.5720  0.3869  0.0965  1.5698 -1.1753  0.2200
5.75  9000 0.5227  0.1455 0.5003 -0.1182 0.9089 0.7237 0.4555 0.4891 -0.0035 2.2249 -2.2499  0.7189  0.1500  1.7307 -1.6336  0.4595
5.75  9500 0.5035  0.1310 0.4943 -0.1430 0.9170 0.7041 0.4550 0.4677 -0.0037 2.3888 -2.6476  0.9405  0.2546  1.5499 -1.6014  0.5002
5.75 10000 0.5103  0.1909 0.4238 -0.0577 0.8057 0.6844 0.3924 0.4781 -0.0033 2.3119 -2.6561  1.0155  0.3793  1.0619 -1.0973  0.3596
5.75 10500 0.5127  0.2254 0.3812 -0.0064 0.7362 0.6704 0.3539 0.4828 -0.0032 2.2261 -2.5831  1.0186  0.4790  0.6477 -0.6148  0.1902
5.75 11000 0.4985  0.2090 0.3841 -0.0280 0.7467 0.6579 0.3582 0.4674 -0.0032 2.2752 -2.7074  1.0831  0.5160  0.5751 -0.5873  0.1909
5.75 11500 0.4843  0.1930 0.3865 -0.0483 0.7555 0.6451 0.3619 0.4522 -0.0033 2.3160 -2.8159  1.1395  0.5419  0.5305 -0.5892  0.2024
5.75 12000 0.4716  0.1808 0.3858 -0.0624 0.7574 0.6324 0.3624 0.4389 -0.0033 2.3316 -2.8766  1.1730  0.5620  0.4796 -0.5670  0.2010
5.75 12500 0.4602  0.1713 0.3834 -0.0719 0.7548 0.6201 0.3608 0.4273 -0.0033 2.3307 -2.9050  1.1909  0.5759  0.4330 -0.5384  0.1949
5.75 13000 0.4499  0.1636 0.3799 -0.0788 0.7499 0.6086 0.3581 0.4169 -0.0033 2.3209 -2.9148  1.1996  0.5872  0.3860 -0.5019  0.1841
5.75 13500 0.4405  0.1571 0.3760 -0.0838 0.7437 0.5976 0.3549 0.4076 -0.0033 2.3059 -2.9133  1.2027  0.5965  0.3404 -0.4622  0.1712
5.75 14000 0.4319  0.1515 0.3720 -0.0878 0.7371 0.5874 0.3514 0.3990 -0.0033 2.2888 -2.9062  1.2029  0.6044  0.2971 -0.4224  0.1576
5.75 14500 0.4235  0.1472 0.3666 -0.0881 0.7257 0.5767 0.3463 0.3913 -0.0032 2.2513 -2.8596  1.1831  0.5788  0.3443 -0.4813  0.1822
5.75 15000 0.4162  0.1420 0.3639 -0.0938 0.7234 0.5685 0.3444 0.3836 -0.0033 2.2524 -2.8840  1.1990  0.6182  0.2156 -0.3439  0.1300
5.75 15500 0.4092  0.1379 0.3599 -0.0961 0.7166 0.5599 0.3410 0.3766 -0.0033 2.2343 -2.8712  1.1960  0.6242  0.1774 -0.3061  0.1165
5.75 16000 0.4025  0.1341 0.3561 -0.0981 0.7101 0.5517 0.3376 0.3701 -0.0032 2.2171 -2.8592  1.1933  0.6308  0.1384 -0.2670  0.1024
5.75 16500 0.3961  0.1306 0.3522 -0.0998 0.7034 0.5438 0.3342 0.3639 -0.0032 2.1990 -2.8449  1.1895  0.6351  0.1064 -0.2353  0.0912
5.75 17000 0.3901  0.1273 0.3487 -0.1017 0.6977 0.5364 0.3312 0.3580 -0.0032 2.1852 -2.8377  1.1890  0.6454  0.0584 -0.1854  0.0728
5.75 20000 0.3598  0.1107 0.3304 -0.1120 0.6692 0.4990 0.3156 0.3277 -0.0031 2.1223 -2.8173  1.1963  0.7175 -0.2418  0.1309 -0.0444
5.75 25000 0.3255  0.0873 0.3160 -0.1371 0.6562 0.4599 0.3054 0.2919 -0.0032 2.1410 -2.9654  1.2909  0.8825 -0.7669  0.6610 -0.2352
5.75 30000 0.2901  0.0593 0.3061 -0.1630 0.6426 0.4209 0.2984 0.2563 -0.0032 2.1297 -3.0415  1.3420  0.8775 -0.7616  0.5642 -0.1753
6.00  4000 0.4361  0.0676 0.4888 -0.2546 0.9796 0.6421 0.4706 0.3910 -0.0043 3.1230 -4.3337  1.8597  0.5322  1.3695 -2.1470  0.9394
6.00  4250 0.4306  0.0558 0.4973 -0.2915 1.0243 0.6421 0.4836 0.3794 -0.0048 3.3440 -4.7842  2.0953  0.9810  0.1115 -0.7530  0.3988
6.00  4500 0.4372  0.0573 0.5040 -0.2983 1.0431 0.6519 0.4911 0.3844 -0.0050 3.4251 -4.9222  2.1634  1.0684 -0.0954 -0.5319  0.3158
6.00  4750 0.4520  0.0741 0.5012 -0.2700 1.0239 0.6645 0.4855 0.4021 -0.0047 3.3282 -4.6964  2.0438  0.8672  0.4707 -1.1330  0.5441
6.00  5000 0.4785  0.1040 0.4969 -0.2274 1.0012 0.6883 0.4779 0.4320 -0.0045 3.2228 -4.4323  1.9050  0.6805  0.9804 -1.6359  0.7281
6.00  5250 0.5166  0.1525 0.4830 -0.1520 0.9483 0.7186 0.4582 0.4762 -0.0040 2.9785 -3.8795  1.6193  0.3773  1.7351 -2.3287  0.9666
6.00  5500 0.5522  0.1944 0.4748 -0.0869 0.9065 0.7486 0.4435 0.5170 -0.0037 2.7302 -3.3086  1.3182  0.1507  2.2337 -2.6894  1.0576
6.00  6000 0.5891  0.2447 0.4569  0.0020 0.8327 0.7742 0.4155 0.5612 -0.0031 2.2661 -2.3103  0.7950 -0.0821  2.5368 -2.6478  0.9371
6.00  6500 0.5993  0.2770 0.4276  0.0630 0.7607 0.7704 0.3823 0.5759 -0.0027 1.9339 -1.6723  0.4786 -0.0884  2.2253 -2.0357  0.6316
6.00  7000 0.5999  0.2961 0.4031  0.1013 0.7072 0.7601 0.3563 0.5792 -0.0025 1.7107 -1.2690  0.2846 -0.0325  1.8176 -1.4024  0.3407
6.00  7500 0.5925  0.2923 0.3984  0.1025 0.6951 0.7502 0.3506 0.5722 -0.0025 1.6151 -1.0972  0.1962  0.0319  1.5099 -0.9658  0.1408
6.00  8000 0.5760  0.2591 0.4205  0.0572 0.7359 0.7424 0.3716 0.5533 -0.0026 1.6702 -1.1891  0.2239  0.0707  1.4373 -0.8987  0.1017
6.00  8500 0.5504  0.2024 0.4617 -0.0268 0.8186 0.7339 0.4132 0.5229 -0.0030 1.8858 -1.5853  0.3974  0.0825  1.6140 -1.2464  0.2548
6.00  9000 0.5191  0.1427 0.4993 -0.1192 0.9054 0.7196 0.4544 0.4858 -0.0035 2.2060 -2.2206  0.7040  0.1243  1.7965 -1.7099  0.4891
6.00  9500 0.4939  0.1135 0.5048 -0.1657 0.9356 0.6986 0.4652 0.4572 -0.0037 2.4201 -2.7056  0.9614  0.2314  1.6577 -1.7548  0.5613
6.00 10000 0.4912  0.1407 0.4650 -0.1274 0.8774 0.6814 0.4311 0.4557 -0.0036 2.4125 -2.7986  1.0516  0.3401  1.2917 -1.4010  0.4634
6.00 10500 0.5013  0.2044 0.3940 -0.0347 0.7603 0.6643 0.3666 0.4702 -0.0033 2.2788 -2.6834  1.0602  0.4591  0.7661 -0.7970  0.2663
6.00 11000 0.4948  0.2076 0.3811 -0.0277 0.7411 0.6529 0.3554 0.4639 -0.0032 2.2583 -2.6878  1.0754  0.5184  0.5501 -0.5576  0.1790
6.00 11500 0.4814  0.1922 0.3837 -0.0476 0.7503 0.6410 0.3593 0.4495 -0.0033 2.2993 -2.7945  1.1306  0.5459  0.5007 -0.5515  0.1867
6.00 12000 0.4691  0.1795 0.3841 -0.0628 0.7543 0.6291 0.3608 0.4364 -0.0033 2.3225 -2.8675  1.1698  0.5665  0.4560 -0.5398  0.1902
6.00 12500 0.4578  0.1696 0.3824 -0.0734 0.7534 0.6173 0.3600 0.4248 -0.0033 2.3273 -2.9055  1.1921  0.5827  0.4072 -0.5110  0.1844
6.00 13000 0.4476  0.1616 0.3794 -0.0808 0.7494 0.6060 0.3577 0.4145 -0.0033 2.3207 -2.9209  1.2035  0.5944  0.3620 -0.4782  0.1755
6.00 13500 0.4383  0.1550 0.3757 -0.0861 0.7438 0.5953 0.3548 0.4052 -0.0033 2.3077 -2.9226  1.2081  0.6039  0.3179 -0.4413  0.1638
6.00 14000 0.4296  0.1494 0.3717 -0.0902 0.7373 0.5851 0.3514 0.3966 -0.0033 2.2912 -2.9167  1.2088  0.6120  0.2747 -0.4019  0.1505
6.00 14500 0.4216  0.1444 0.3677 -0.0935 0.7305 0.5754 0.3479 0.3887 -0.0033 2.2734 -2.9069  1.2075  0.6188  0.2345 -0.3642  0.1375
6.00 15000 0.4140  0.1400 0.3636 -0.0961 0.7235 0.5663 0.3444 0.3812 -0.0033 2.2547 -2.8940  1.2047  0.6245  0.1970 -0.3280  0.1248
6.00 15500 0.4069  0.1359 0.3596 -0.0984 0.7167 0.5576 0.3409 0.3743 -0.0033 2.2364 -2.8809  1.2016  0.6303  0.1596 -0.2911  0.1116
6.00 16000 0.4002  0.1321 0.3557 -0.1003 0.7099 0.5493 0.3374 0.3678 -0.0032 2.2182 -2.8673  1.1981  0.6356  0.1240 -0.2556  0.0990
6.00 16500 0.3939  0.1287 0.3519 -0.1020 0.7035 0.5415 0.3341 0.3616 -0.0032 2.2013 -2.8550  1.1952  0.6419  0.0863 -0.2175  0.0852
6.00 17000 0.3879  0.1254 0.3483 -0.1037 0.6972 0.5340 0.3309 0.3557 -0.0032 2.1852 -2.8435  1.1927  0.6482  0.0492 -0.1798  0.0717
6.00 20000 0.3575  0.1090 0.3297 -0.1134 0.6679 0.4964 0.3149 0.3255 -0.0031 2.1190 -2.8172  1.1970  0.7178 -0.2462  0.1323 -0.0443
6.00 25000 0.3230  0.0858 0.3147 -0.1382 0.6543 0.4569 0.3044 0.2894 -0.0032 2.1365 -2.9644  1.2917  0.8895 -0.7945  0.6907 -0.2465
6.00 30000 0.2869  0.0589 0.3026 -0.1609 0.6352 0.4162 0.2949 0.2535 -0.0032 2.1050 -3.0058  1.3263  0.8685 -0.7566  0.5628 -0.1755
6.25  4000 0.4380  0.0678 0.4910 -0.2566 0.9851 0.6451 0.4730 0.3926 -0.0044 3.1479 -4.3760  1.8804  0.5406  1.3663 -2.1540  0.9452
6.25  4250 0.4308  0.0548 0.4988 -0.2946 1.0289 0.6431 0.4854 0.3792 -0.0049 3.3656 -4.8250  2.1159  1.0028  0.0614 -0.7045  0.3818
6.25  4500 0.4344  0.0530 0.5060 -0.3087 1.0539 0.6504 0.4942 0.3801 -0.0051 3.4778 -5.0327  2.2212  1.1775 -0.4022 -0.1940  0.1849
6.25  4750 0.4464  0.0674 0.5028 -0.2811 1.0318 0.6600 0.4881 0.3955 -0.0048 3.3673 -4.7857  2.0906  0.9339  0.2902 -0.9483  0.4757
6.25  5000 0.4671  0.0900 0.5004 -0.2482 1.0146 0.6789 0.4828 0.4190 -0.0046 3.2806 -4.5676  1.9748  0.7672  0.7526 -1.4151  0.6482
6.25  5250 0.5000  0.1308 0.4898 -0.1854 0.9720 0.7056 0.4674 0.4570 -0.0042 3.0863 -4.1216  1.7437  0.4924  1.4637 -2.0979  0.8920
6.25  5500 0.5363  0.1746 0.4799 -0.1182 0.9284 0.7358 0.4515 0.4986 -0.0038 2.8521 -3.5829  1.4617  0.2578  2.0027 -2.5236  1.0159
6.25  6000 0.5790  0.2300 0.4631 -0.0223 0.8529 0.7675 0.4238 0.5494 -0.0032 2.3745 -2.5412  0.9140 -0.0365  2.4948 -2.6913  0.9772
6.25  6500 0.5902  0.2597 0.4385  0.0355 0.7868 0.7664 0.3946 0.5651 -0.0029 2.0414 -1.8870  0.5841 -0.0815  2.3101 -2.2221  0.7251
6.25  7000 0.5898  0.2755 0.4170  0.0695 0.7380 0.7562 0.3713 0.5673 -0.0026 1.8262 -1.4950  0.3932 -0.0440  1.9712 -1.6758  0.4693
6.25  7500 0.5827  0.2732 0.4106  0.0736 0.7221 0.7458 0.3638 0.5608 -0.0026 1.7186 -1.3020  0.2949  0.0099  1.6860 -1.2612  0.2778
6.25  8000 0.5680  0.2468 0.4262  0.0391 0.7502 0.7371 0.3785 0.5443 -0.0027 1.7405 -1.3378  0.2988  0.0518  1.5700 -1.1251  0.2093
6.25  8500 0.5450  0.1979 0.4606 -0.0321 0.8186 0.7284 0.4130 0.5174 -0.0030 1.9070 -1.6435  0.4300  0.0693  1.6788 -1.3589  0.3103
6.25  9000 0.5155  0.1407 0.4973 -0.1197 0.9009 0.7152 0.4525 0.4826 -0.0034 2.1943 -2.2088  0.6996  0.1028  1.8555 -1.7863  0.5218
6.25  9500 0.4872  0.1029 0.5099 -0.1789 0.9447 0.6939 0.4703 0.4501 -0.0037 2.4380 -2.7436  0.9769  0.2076  1.7540 -1.8907  0.6180
6.25 10000 0.4757  0.1053 0.4915 -0.1766 0.9252 0.6765 0.4565 0.4380 -0.0038 2.4990 -2.9427  1.1032  0.3124  1.4696 -1.6589  0.5630
6.25 10500 0.4830  0.1607 0.4277 -0.0957 0.8208 0.6594 0.3988 0.4490 -0.0035 2.3850 -2.8556  1.1198  0.4233  0.9904 -1.1163  0.3878
6.25 11000 0.4877  0.1991 0.3830 -0.0380 0.7457 0.6467 0.3577 0.4564 -0.0032 2.2729 -2.7280  1.0953  0.5149  0.5763 -0.6123  0.2050
6.25 11500 0.4778  0.1908 0.3808 -0.0476 0.7451 0.6362 0.3566 0.4460 -0.0033 2.2849 -2.7794  1.1254  0.5503  0.4716 -0.5181  0.1737
6.25 12000 0.4658  0.1780 0.3819 -0.0632 0.7504 0.6250 0.3588 0.4333 -0.0033 2.3114 -2.8568  1.1663  0.5720  0.4266 -0.5064  0.1771
6.25 12500 0.4550  0.1677 0.3811 -0.0750 0.7518 0.6140 0.3590 0.4220 -0.0033 2.3245 -2.9087  1.1951  0.5921  0.3735 -0.4757  0.1712
6.25 13000 0.4449  0.1596 0.3786 -0.0829 0.7487 0.6031 0.3572 0.4117 -0.0033 2.3208 -2.9286  1.2084  0.6030  0.3338 -0.4506  0.1656
6.25 13500 0.4357  0.1529 0.3752 -0.0886 0.7436 0.5925 0.3545 0.4025 -0.0033 2.3095 -2.9331  1.2142  0.6114  0.2950 -0.4209  0.1570
6.25 14000 0.4271  0.1471 0.3714 -0.0928 0.7375 0.5825 0.3513 0.3940 -0.0033 2.2943 -2.9292  1.2159  0.6193  0.2538 -0.3845  0.1450
6.25 14500 0.4192  0.1420 0.3677 -0.0965 0.7315 0.5731 0.3482 0.3860 -0.0033 2.2795 -2.9246  1.2172  0.6299  0.2040 -0.3363  0.1279
6.25 15000 0.4116  0.1377 0.3634 -0.0987 0.7238 0.5638 0.3444 0.3787 -0.0033 2.2580 -2.9066  1.2117  0.6307  0.1800 -0.3151  0.1211
6.25 15500 0.4046  0.1337 0.3594 -0.1009 0.7170 0.5552 0.3409 0.3718 -0.0033 2.2396 -2.8933  1.2085  0.6362  0.1433 -0.2789  0.1082
6.25 16000 0.3979  0.1301 0.3553 -0.1024 0.7096 0.5468 0.3372 0.3653 -0.0032 2.2191 -2.8751  1.2027  0.6376  0.1182 -0.2552  0.1001
6.25 16500 0.3916  0.1265 0.3517 -0.1044 0.7036 0.5391 0.3340 0.3591 -0.0032 2.2038 -2.8658  1.2013  0.6464  0.0740 -0.2098  0.0836
6.25 17000 0.3856  0.1234 0.3479 -0.1059 0.6971 0.5316 0.3307 0.3533 -0.0032 2.1866 -2.8521  1.1977  0.6514  0.0403 -0.1755  0.0712
6.25 20000 0.3553  0.1072 0.3292 -0.1152 0.6674 0.4941 0.3146 0.3233 -0.0031 2.1193 -2.8235  1.2009  0.7201 -0.2535  0.1355 -0.0444
6.25 25000 0.3207  0.0843 0.3136 -0.1392 0.6524 0.4541 0.3034 0.2871 -0.0032 2.1314 -2.9616  1.2913  0.8901 -0.8016  0.6961 -0.2480
6.25 30000 0.2839  0.0584 0.2991 -0.1584 0.6272 0.4117 0.2914 0.2510 -0.0031 2.0773 -2.9632  1.3067  0.8460 -0.7103  0.5130 -0.1562
6.50  4000 0.4405  0.0683 0.4937 -0.2589 0.9919 0.6489 0.4759 0.3946 -0.0044 3.1772 -4.4247  1.9040  0.5588  1.3359 -2.1286  0.9377
6.50  4250 0.4320  0.0544 0.5010 -0.2979 1.0352 0.6454 0.4879 0.3798 -0.0049 3.3922 -4.8720  2.1391  1.0321 -0.0086 -0.6310  0.3544
6.50  4500 0.4315  0.0537 0.5013 -0.3025 1.0412 0.6454 0.4892 0.3784 -0.0050 3.4295 -4.9500  2.1811  1.1135 -0.2396 -0.3744  0.2555
6.50  4750 0.4421  0.0620 0.5043 -0.2909 1.0396 0.6567 0.4906 0.3902 -0.0049 3.4060 -4.8711  2.1353  0.9975  0.1190 -0.7720  0.4103
6.50  5000 0.4585  0.0798 0.5024 -0.2636 1.0241 0.6714 0.4861 0.4090 -0.0047 3.3254 -4.6739  2.0304  0.8382  0.5634 -1.2296  0.5809
6.50  5250 0.4851  0.1121 0.4948 -0.2131 0.9903 0.6935 0.4744 0.4400 -0.0044 3.1679 -4.3096  1.8406  0.5913  1.2196 -1.8800  0.8182
6.50  5500 0.5200  0.1545 0.4849 -0.1493 0.9493 0.7225 0.4593 0.4798 -0.0040 2.9615 -3.8321  1.5917  0.3660  1.7555 -2.3282  0.9588
6.50  6000 0.5685  0.2159 0.4679 -0.0456 0.8710 0.7598 0.4309 0.5371 -0.0034 2.4797 -2.7699  1.0331  0.0186  2.4183 -2.6934  1.0009
6.50  6500 0.5822  0.2457 0.4464  0.0132 0.8072 0.7623 0.4038 0.5557 -0.0030 2.1327 -2.0736  0.6773 -0.0668  2.3527 -2.3480  0.7927
6.50  7000 0.5809  0.2587 0.4275  0.0431 0.7628 0.7521 0.3830 0.5568 -0.0028 1.9281 -1.6989  0.4931 -0.0455  2.0781 -1.8859  0.5718
6.50  7500 0.5732  0.2558 0.4211  0.0467 0.7467 0.7411 0.3756 0.5497 -0.0027 1.8230 -1.5124  0.3985 -0.0014  1.8278 -1.5184  0.4010
6.50  8000 0.5595  0.2333 0.4328  0.0187 0.7671 0.7319 0.3864 0.5348 -0.0028 1.8235 -1.5113  0.3862  0.0369  1.7017 -1.3594  0.3223
6.50  8500 0.5387  0.1913 0.4610 -0.0414 0.8229 0.7227 0.4146 0.5107 -0.0030 1.9515 -1.7484  0.4864  0.0600  1.7537 -1.5017  0.3826
6.50  9000 0.5114  0.1382 0.4951 -0.1216 0.8978 0.7103 0.4509 0.4785 -0.0034 2.1988 -2.2326  0.7148  0.0886  1.9067 -1.8684  0.5615
6.50  9500 0.4821  0.0959 0.5124 -0.1872 0.9494 0.6899 0.4730 0.4448 -0.0037 2.4521 -2.7770  0.9925  0.1840  1.8459 -2.0211  0.6743
6.50 10000 0.4638  0.0840 0.5039 -0.2057 0.9497 0.6697 0.4692 0.4248 -0.0039 2.5596 -3.0614  1.1550  0.2979  1.5780 -1.8372  0.6399
6.50 10500 0.4642  0.1138 0.4649 -0.1617 0.8877 0.6554 0.4343 0.4270 -0.0037 2.4996 -3.0370  1.1808  0.3930  1.2047 -1.4222  0.5013
6.50 11000 0.4736  0.1710 0.4014 -0.0769 0.7808 0.6401 0.3760 0.4404 -0.0034 2.3540 -2.8787  1.1586  0.4936  0.7276 -0.8506  0.3051
6.50 11500 0.4723  0.1863 0.3794 -0.0519 0.7436 0.6303 0.3557 0.4405 -0.0033 2.2855 -2.7955  1.1355  0.5537  0.4611 -0.5204  0.1780
6.50 12000 0.4621  0.1762 0.3793 -0.0640 0.7461 0.6202 0.3565 0.4297 -0.0033 2.3013 -2.8503  1.1653  0.5786  0.3948 -0.4728  0.1648
6.50 12500 0.4515  0.1658 0.3790 -0.0760 0.7482 0.6097 0.3571 0.4186 -0.0033 2.3154 -2.9025  1.1939  0.5959  0.3518 -0.4538  0.1633
6.50 13000 0.4418  0.1574 0.3773 -0.0847 0.7468 0.5995 0.3562 0.4086 -0.0033 2.3178 -2.9323  1.2118  0.6081  0.3142 -0.4336  0.1602
6.50 13500 0.4327  0.1505 0.3744 -0.0909 0.7428 0.5893 0.3540 0.3995 -0.0033 2.3101 -2.9426  1.2203  0.6178  0.2742 -0.4037  0.1518
6.50 14000 0.4243  0.1448 0.3709 -0.0955 0.7373 0.5795 0.3511 0.3910 -0.0033 2.2969 -2.9418  1.2233  0.6257  0.2350 -0.3705  0.1412
6.50 14500 0.4164  0.1397 0.3671 -0.0989 0.7309 0.5702 0.3478 0.3832 -0.0033 2.2808 -2.9345  1.2231  0.6328  0.1957 -0.3343  0.1289
6.50 15000 0.4090  0.1353 0.3632 -0.1016 0.7243 0.5612 0.3444 0.3760 -0.0033 2.2629 -2.9228  1.2207  0.6383  0.1596 -0.2999  0.1169
6.50 15500 0.4020  0.1313 0.3592 -0.1038 0.7174 0.5526 0.3409 0.3691 -0.0033 2.2445 -2.9094  1.2174  0.6434  0.1243 -0.2654  0.1047
6.50 16000 0.3954  0.1276 0.3554 -0.1057 0.7108 0.5445 0.3376 0.3627 -0.0033 2.2269 -2.8963  1.2142  0.6490  0.0884 -0.2295  0.0919
6.50 16500 0.3891  0.1243 0.3515 -0.1071 0.7039 0.5367 0.3341 0.3566 -0.0032 2.2080 -2.8802  1.2093  0.6521  0.0593 -0.2006  0.0816
6.50 17000 0.3832  0.1211 0.3478 -0.1087 0.6977 0.5293 0.3309 0.3508 -0.0032 2.1918 -2.8683  1.2066  0.6586  0.0218 -0.1621  0.0677
6.50 20000 0.3531  0.1052 0.3289 -0.1175 0.6674 0.4918 0.3145 0.3210 -0.0031 2.1217 -2.8341  1.2069  0.7234 -0.2620  0.1385 -0.0441
6.50 25000 0.3185  0.0827 0.3128 -0.1407 0.6512 0.4516 0.3028 0.2849 -0.0032 2.1295 -2.9643  1.2936  0.8919 -0.8092  0.7004 -0.2487
6.50 30000 0.2812  0.0575 0.2968 -0.1579 0.6229 0.4081 0.2893 0.2485 -0.0031 2.0641 -2.9470  1.3002  0.8449 -0.7198  0.5246 -0.1608
6.75  4000 0.4435  0.0690 0.4969 -0.2616 1.0001 0.6534 0.4793 0.3970 -0.0045 3.2107 -4.4802  1.9309  0.5881  1.2728 -2.0635  0.9139
6.75  4250 0.4337  0.0553 0.5020 -0.2970 1.0365 0.6475 0.4888 0.3816 -0.0049 3.3960 -4.8738  2.1392  1.0190  0.0384 -0.6866  0.3770
6.75  4500 0.4310  0.0517 0.5033 -0.3093 1.0501 0.6460 0.4919 0.3767 -0.0051 3.4688 -5.0279  2.2214  1.2018 -0.4910 -0.0898  0.1432
6.75  4750 0.4391  0.0575 0.5062 -0.2993 1.0473 0.6547 0.4932 0.3862 -0.0050 3.4423 -4.9484  2.1754  1.0562 -0.0380 -0.6083  0.3489
6.75  5000 0.4520  0.0727 0.5032 -0.2740 1.0298 0.6656 0.4879 0.4017 -0.0048 3.3532 -4.7433  2.0672  0.8929  0.4111 -1.0743  0.5231
6.75  5250 0.4727  0.0969 0.4986 -0.2358 1.0049 0.6833 0.4799 0.4259 -0.0045 3.2340 -4.4635  1.9202  0.6751  1.0095 -1.6894  0.7527
6.75  5500 0.5040  0.1347 0.4899 -0.1792 0.9689 0.7094 0.4666 0.4615 -0.0042 3.0575 -4.0528  1.7063  0.4687  1.5133 -2.1270  0.8959
6.75  6000 0.5572  0.2014 0.4720 -0.0693 0.8885 0.7510 0.4375 0.5238 -0.0035 2.5852 -3.0032  1.1555  0.0843  2.3076 -2.6570  1.0098
6.75  6500 0.5751  0.2330 0.4538 -0.0073 0.8261 0.7586 0.4124 0.5472 -0.0031 2.2177 -2.2467  0.7637 -0.0544  2.3971 -2.4704  0.8579
6.75  7000 0.5737  0.2453 0.4358  0.0220 0.7825 0.7487 0.3923 0.5483 -0.0029 2.0094 -1.8620  0.5733 -0.0448  2.1570 -2.0459  0.6507
6.75  7500 0.5649  0.2412 0.4296  0.0240 0.7673 0.7369 0.3853 0.5401 -0.0028 1.9125 -1.6939  0.4884 -0.0076  1.9376 -1.7253  0.5015
6.75  8000 0.5512  0.2205 0.4387 -0.0012 0.7834 0.7265 0.3939 0.5252 -0.0029 1.9107 -1.6954  0.4801  0.0308  1.8093 -1.5690  0.4268
6.75  8500 0.5318  0.1832 0.4625 -0.0536 0.8303 0.7169 0.4176 0.5030 -0.0031 2.0122 -1.8855  0.5592  0.0557  1.8286 -1.6566  0.4629
6.75  9000 0.5065  0.1348 0.4931 -0.1257 0.8966 0.7049 0.4499 0.4735 -0.0034 2.2219 -2.2963  0.7513  0.0829  1.9487 -1.9556  0.6079
6.75  9500 0.4777  0.0909 0.5131 -0.1932 0.9516 0.6859 0.4742 0.4403 -0.0037 2.4685 -2.8186  1.0143  0.1651  1.9246 -2.1404  0.7289
6.75 10000 0.4548  0.0704 0.5100 -0.2242 0.9630 0.6634 0.4758 0.4149 -0.0039 2.6060 -3.1613  1.2031  0.2885  1.6554 -1.9758  0.7042
6.75 10500 0.4481  0.0800 0.4883 -0.2096 0.9328 0.6489 0.4576 0.4085 -0.0039 2.6049 -3.2294  1.2617  0.3788  1.3568 -1.6729  0.6067
6.75 11000 0.4544  0.1258 0.4359 -0.1408 0.8442 0.6348 0.4094 0.4182 -0.0036 2.4756 -3.0827  1.2346  0.4661  0.9396 -1.1672  0.4285
6.75 11500 0.4616  0.1697 0.3874 -0.0746 0.7606 0.6230 0.3643 0.4287 -0.0033 2.3379 -2.9066  1.1877  0.5471  0.5351 -0.6584  0.2416
6.75 12000 0.4570  0.1729 0.3771 -0.0669 0.7432 0.6144 0.3548 0.4245 -0.0033 2.2996 -2.8631  1.1745  0.5858  0.3693 -0.4559  0.1614
6.75 12500 0.4476  0.1636 0.3767 -0.0775 0.7447 0.6048 0.3552 0.4146 -0.0033 2.3095 -2.9046  1.1974  0.6043  0.3182 -0.4214  0.1523
6.75 13000 0.4381  0.1550 0.3755 -0.0868 0.7444 0.5951 0.3547 0.4048 -0.0033 2.3145 -2.9379  1.2166  0.6176  0.2796 -0.4003  0.1487
6.75 13500 0.4294  0.1481 0.3732 -0.0935 0.7416 0.5856 0.3532 0.3960 -0.0033 2.3112 -2.9550  1.2281  0.6275  0.2437 -0.3766  0.1430
6.75 14000 0.4211  0.1422 0.3701 -0.0984 0.7369 0.5762 0.3507 0.3877 -0.0033 2.3005 -2.9580  1.2328  0.6356  0.2060 -0.3459  0.1336
6.75 14500 0.4134  0.1371 0.3665 -0.1020 0.7310 0.5670 0.3476 0.3801 -0.0033 2.2855 -2.9521  1.2333  0.6422  0.1694 -0.3131  0.1227
6.75 15000 0.4061  0.1327 0.3627 -0.1047 0.7246 0.5582 0.3443 0.3729 -0.0033 2.2685 -2.9417  1.2314  0.6474  0.1353 -0.2815  0.1118
6.75 15500 0.3992  0.1287 0.3589 -0.1069 0.7179 0.5498 0.3409 0.3661 -0.0033 2.2504 -2.9284  1.2280  0.6520  0.1020 -0.2492  0.1005
6.75 16000 0.3927  0.1251 0.3550 -0.1087 0.7111 0.5417 0.3375 0.3598 -0.0033 2.2321 -2.9137  1.2240  0.6561  0.0702 -0.2178  0.0894
6.75 16500 0.3865  0.1218 0.3512 -0.1102 0.7046 0.5340 0.3342 0.3538 -0.0032 2.2144 -2.8995  1.2200  0.6607  0.0374 -0.1847  0.0775
6.75 17000 0.3806  0.1187 0.3475 -0.1116 0.6981 0.5267 0.3309 0.3480 -0.0032 2.1974 -2.8859  1.2164  0.6657  0.0037 -0.1503  0.0651
6.75 20000 0.3508  0.1030 0.3288 -0.1203 0.6682 0.4895 0.3147 0.3185 -0.0032 2.1281 -2.8524  1.2170  0.7319 -0.2837  0.1552 -0.0488
6.75 25000 0.3163  0.0809 0.3123 -0.1425 0.6507 0.4493 0.3024 0.2826 -0.0032 2.1307 -2.9729  1.2988  0.8963 -0.8225  0.7099 -0.2511
6.75 30000 0.2785  0.0569 0.2941 -0.1562 0.6166 0.4042 0.2866 0.2463 -0.0031 2.0427 -2.9152  1.2856  0.8256 -0.6776  0.4772 -0.1420
7.00  4000 0.4469  0.0697 0.5004 -0.2647 1.0093 0.6584 0.4830 0.3997 -0.0045 3.2480 -4.5418  1.9608  0.6271  1.1816 -1.9649  0.8764
7.00  4250 0.4365  0.0556 0.5055 -0.3009 1.0459 0.6519 0.4925 0.3837 -0.0050 3.4326 -4.9353  2.1690  1.0639 -0.0728 -0.5638  0.3293
7.00  4500 0.4319  0.0509 0.5055 -0.3142 1.0583 0.6481 0.4946 0.3766 -0.0052 3.5044 -5.0946  2.2553  1.2680 -0.6736  0.1155  0.0627
7.00  4750 0.4371  0.0538 0.5085 -0.3077 1.0563 0.6540 0.4963 0.3831 -0.0051 3.4835 -5.0324  2.2186  1.1210 -0.2103 -0.4260  0.2800
7.00  5000 0.4471  0.0673 0.5039 -0.2821 1.0343 0.6612 0.4892 0.3961 -0.0048 3.3764 -4.8003  2.0974  0.9380  0.2854 -0.9455  0.4751
7.00  5250 0.4633  0.0865 0.4999 -0.2502 1.0121 0.6748 0.4823 0.4155 -0.0046 3.2660 -4.5463  1.9638  0.7373  0.8364 -1.5163  0.6886
7.00  5500 0.4894  0.1169 0.4943 -0.2056 0.9858 0.6973 0.4730 0.4450 -0.0043 3.1367 -4.2368  1.8017  0.5603  1.2905 -1.9345  0.8328
7.00  6000 0.5445  0.1858 0.4759 -0.0944 0.9062 0.7410 0.4440 0.5092 -0.0037 2.6926 -3.2434  1.2817  0.1603  2.1645 -2.5848  1.0046
7.00  6500 0.5677  0.2229 0.4574 -0.0241 0.8393 0.7533 0.4177 0.5385 -0.0032 2.2948 -2.4135  0.8505 -0.0209  2.3637 -2.4994  0.8867
7.00  7000 0.5675  0.2351 0.4410  0.0059 0.7965 0.7451 0.3986 0.5411 -0.0030 2.0770 -2.0023  0.6441 -0.0344  2.1904 -2.1437  0.7036
7.00  7500 0.5579  0.2299 0.4353  0.0063 0.7824 0.7327 0.3922 0.5320 -0.0029 1.9868 -1.8490  0.5667 -0.0047  2.0023 -1.8683  0.5749
7.00  8000 0.5437  0.2094 0.4436 -0.0184 0.7973 0.7216 0.4001 0.5167 -0.0030 1.9865 -1.8564  0.5624  0.0274  1.8963 -1.7438  0.5150
7.00  8500 0.5246  0.1750 0.4639 -0.0664 0.8383 0.7109 0.4207 0.4951 -0.0032 2.0792 -2.0366  0.6397  0.0572  1.8908 -1.8017  0.5409
7.00  9000 0.5009  0.1306 0.4913 -0.1318 0.8974 0.6991 0.4495 0.4676 -0.0034 2.2601 -2.3922  0.8050  0.0844  1.9821 -2.0455  0.6591
7.00  9500 0.4733  0.0870 0.5124 -0.1981 0.9523 0.6815 0.4743 0.4357 -0.0038 2.4913 -2.8772  1.0468  0.1550  1.9805 -2.2403  0.7787
7.00 10000 0.4478  0.0611 0.5130 -0.2369 0.9711 0.6579 0.4797 0.4073 -0.0040 2.6463 -3.2523  1.2494  0.2813  1.7194 -2.0964  0.7630
7.00 10500 0.4348  0.0586 0.4990 -0.2397 0.9566 0.6403 0.4693 0.3936 -0.0040 2.6831 -3.3923  1.3392  0.3818  1.4249 -1.8233  0.6789
7.00 11000 0.4363  0.0849 0.4662 -0.1994 0.9017 0.6290 0.4391 0.3970 -0.0038 2.6015 -3.3043  1.3245  0.4544  1.1042 -1.4372  0.5387
7.00 11500 0.4442  0.1330 0.4128 -0.1265 0.8094 0.6160 0.3895 0.4086 -0.0036 2.4518 -3.1144  1.2749  0.5298  0.7061 -0.9374  0.3587
7.00 12000 0.4483  0.1620 0.3798 -0.0813 0.7511 0.6070 0.3584 0.4151 -0.0033 2.3355 -2.9490  1.2183  0.5891  0.3942 -0.5282  0.1995
7.00 12500 0.4425  0.1605 0.3741 -0.0803 0.7415 0.5989 0.3532 0.4094 -0.0033 2.3091 -2.9210  1.2088  0.6155  0.2808 -0.3915  0.1443
7.00 13000 0.4339  0.1527 0.3731 -0.0887 0.7412 0.5900 0.3529 0.4006 -0.0033 2.3113 -2.9461  1.2234  0.6289  0.2390 -0.3617  0.1358
7.00 13500 0.4254  0.1454 0.3714 -0.0959 0.7394 0.5809 0.3517 0.3919 -0.0033 2.3102 -2.9660  1.2359  0.6389  0.2050 -0.3407  0.1311
7.00 14000 0.4175  0.1396 0.3688 -0.1012 0.7357 0.5721 0.3498 0.3840 -0.0033 2.3029 -2.9738  1.2427  0.6468  0.1716 -0.3159  0.1242
7.00 14500 0.4100  0.1345 0.3656 -0.1050 0.7305 0.5633 0.3471 0.3765 -0.0033 2.2900 -2.9710  1.2444  0.6535  0.1366 -0.2856  0.1143
7.00 15000 0.4029  0.1300 0.3620 -0.1079 0.7245 0.5548 0.3440 0.3695 -0.0033 2.2743 -2.9623  1.2433  0.6590  0.1028 -0.2544  0.1037
7.00 15500 0.3961  0.1261 0.3583 -0.1102 0.7182 0.5466 0.3408 0.3629 -0.0033 2.2571 -2.9502  1.2404  0.6635  0.0708 -0.2237  0.0930
7.00 16000 0.3899  0.1222 0.3551 -0.1131 0.7134 0.5391 0.3381 0.3566 -0.0033 2.2465 -2.9493  1.2431  0.6778  0.0130 -0.1640  0.0709
7.00 16500 0.3837  0.1192 0.3508 -0.1134 0.7050 0.5311 0.3341 0.3507 -0.0033 2.2213 -2.9209  1.2320  0.6710  0.0103 -0.1637  0.0717
7.00 17000 0.3779  0.1161 0.3473 -0.1149 0.6989 0.5239 0.3310 0.3451 -0.0032 2.2052 -2.9087  1.2290  0.6770 -0.0256 -0.1269  0.0583
7.00 20000 0.3484  0.1007 0.3286 -0.1232 0.6690 0.4871 0.3149 0.3159 -0.0032 2.1354 -2.8732  1.2284  0.7418 -0.3090  0.1752 -0.0545
7.00 25000 0.3141  0.0794 0.3113 -0.1437 0.6492 0.4467 0.3017 0.2804 -0.0032 2.1283 -2.9748  1.3008  0.8951 -0.8211  0.7032 -0.2471
7.00 30000 0.2760  0.0560 0.2919 -0.1554 0.6119 0.4008 0.2844 0.2440 -0.0030 2.0277 -2.8951  1.2770  0.8164 -0.6625  0.4598 -0.1349
7.25  4000 0.4505  0.0706 0.5041 -0.2681 1.0193 0.6638 0.4870 0.4025 -0.0046 3.2880 -4.6081  1.9931  0.6755  1.0620 -1.8319  0.8246
7.25  4250 0.4399  0.0562 0.5090 -0.3040 1.0551 0.6568 0.4962 0.3862 -0.0050 3.4673 -4.9915  2.1959  1.1050 -0.1737 -0.4510  0.2851
7.25  4500 0.4332  0.0500 0.5085 -0.3187 1.0665 0.6508 0.4978 0.3772 -0.0052 3.5350 -5.1480  2.2813  1.3133 -0.7924  0.2485  0.0102
7.25  4750 0.4360  0.0505 0.5114 -0.3163 1.0670 0.6545 0.5000 0.3808 -0.0052 3.5312 -5.1267  2.2668  1.2012 -0.4269 -0.1909  0.1897
7.25  5000 0.4434  0.0629 0.5048 -0.2891 1.0389 0.6581 0.4907 0.3917 -0.0049 3.3991 -4.8529  2.1251  0.9761  0.1828 -0.8420  0.4371
7.25  5250 0.4562  0.0788 0.5007 -0.2611 1.0175 0.6683 0.4840 0.4075 -0.0047 3.2930 -4.6155  2.0005  0.7851  0.7059 -1.3890  0.6426
7.25  5500 0.4768  0.1023 0.4969 -0.2266 0.9976 0.6863 0.4773 0.4309 -0.0045 3.1940 -4.3760  1.8745  0.6372  1.0944 -1.7576  0.7726
7.25  6000 0.5309  0.1691 0.4800 -0.1209 0.9245 0.7300 0.4507 0.4936 -0.0038 2.7994 -3.4838  1.4079  0.2439  1.9957 -2.4815  0.9861
7.25  6500 0.5598  0.2118 0.4618 -0.0424 0.8542 0.7480 0.4238 0.5293 -0.0033 2.3784 -2.5928  0.9433  0.0126  2.3368 -2.5409  0.9215
7.25  7000 0.5622  0.2268 0.4451 -0.0075 0.8081 0.7419 0.4037 0.5349 -0.0030 2.1345 -2.1225  0.7051 -0.0233  2.2112 -2.2181  0.7454
7.25  7500 0.5525  0.2216 0.4390 -0.0067 0.7931 0.7292 0.3970 0.5258 -0.0030 2.0417 -1.9650  0.6258 -0.0002  2.0422 -1.9656  0.6261
7.25  8000 0.5373  0.2010 0.4461 -0.0314 0.8067 0.7168 0.4040 0.5095 -0.0030 2.0481 -1.9914  0.6330  0.0321  1.9422 -1.8594  0.5774
7.25  8500 0.5182  0.1680 0.4646 -0.0773 0.8446 0.7053 0.4229 0.4879 -0.0032 2.1378 -2.1704  0.7115  0.0614  1.9353 -1.9179  0.6053
7.25  9000 0.4950  0.1263 0.4891 -0.1383 0.8982 0.6928 0.4489 0.4612 -0.0035 2.3050 -2.5038  0.8677  0.0935  1.9968 -2.1195  0.7060
7.25  9500 0.4684  0.0839 0.5101 -0.2024 0.9514 0.6761 0.4732 0.4306 -0.0038 2.5202 -2.9538  1.0906  0.1576  2.0008 -2.3060  0.8180
7.25 10000 0.4420  0.0545 0.5141 -0.2463 0.9762 0.6529 0.4818 0.4010 -0.0040 2.6853 -3.3426  1.2973  0.2776  1.7707 -2.2021  0.8173
7.25 10500 0.4242  0.0448 0.5034 -0.2591 0.9692 0.6319 0.4749 0.3820 -0.0041 2.7438 -3.5298  1.4094  0.3934  1.4477 -1.9135  0.7292
7.25 11000 0.4197  0.0556 0.4830 -0.2417 0.9380 0.6197 0.4570 0.3781 -0.0040 2.7129 -3.5278  1.4287  0.4664  1.1762 -1.6114  0.6222
7.25 11500 0.4250  0.0906 0.4437 -0.1875 0.8687 0.6094 0.4200 0.3862 -0.0038 2.5851 -3.3525  1.3731  0.5250  0.8552 -1.1952  0.4652
7.25 12000 0.4326  0.1335 0.3969 -0.1218 0.7864 0.5986 0.3761 0.3974 -0.0035 2.4374 -3.1500  1.3101  0.5846  0.5112 -0.7478  0.2992
7.25 12500 0.4343  0.1521 0.3745 -0.0912 0.7454 0.5912 0.3546 0.4008 -0.0034 2.3392 -2.9996  1.2510  0.6267  0.2740 -0.4243  0.1672
7.25 13000 0.4286  0.1495 0.3704 -0.0917 0.7380 0.5838 0.3508 0.3952 -0.0033 2.3137 -2.9692  1.2387  0.6441  0.1915 -0.3227  0.1249
7.25 13500 0.4209  0.1429 0.3689 -0.0982 0.7363 0.5756 0.3498 0.3874 -0.0033 2.3089 -2.9790  1.2454  0.6536  0.1554 -0.2934  0.1152
7.25 14000 0.4133  0.1368 0.3668 -0.1038 0.7334 0.5672 0.3483 0.3796 -0.0033 2.3028 -2.9877  1.2522  0.6607  0.1256 -0.2725  0.1096
7.25 14500 0.4062  0.1318 0.3642 -0.1080 0.7294 0.5591 0.3462 0.3726 -0.0033 2.2938 -2.9903  1.2563  0.6678  0.0933 -0.2462  0.1015
7.25 15000 0.3993  0.1273 0.3609 -0.1111 0.7240 0.5509 0.3434 0.3657 -0.0033 2.2797 -2.9839  1.2561  0.6733  0.0611 -0.2172  0.0917
7.25 15500 0.3928  0.1233 0.3575 -0.1137 0.7183 0.5430 0.3405 0.3593 -0.0033 2.2649 -2.9755  1.2549  0.6793  0.0265 -0.1840  0.0801
7.25 16000 0.3865  0.1199 0.3536 -0.1149 0.7111 0.5351 0.3370 0.3532 -0.0033 2.2438 -2.9548  1.2476  0.6776  0.0109 -0.1702  0.0757
7.25 16500 0.3805  0.1166 0.3501 -0.1166 0.7051 0.5278 0.3338 0.3473 -0.0033 2.2280 -2.9436  1.2450  0.6838 -0.0253 -0.1336  0.0625
7.25 17000 0.3748  0.1135 0.3467 -0.1182 0.6993 0.5207 0.3309 0.3418 -0.0032 2.2132 -2.9332  1.2428  0.6907 -0.0628 -0.0949  0.0484
7.25 20000 0.3459  0.0985 0.3282 -0.1261 0.6694 0.4845 0.3148 0.3132 -0.0032 2.1423 -2.8938  1.2400  0.7527 -0.3380  0.1992 -0.0617
7.25 25000 0.3120  0.0775 0.3112 -0.1464 0.6502 0.4446 0.3018 0.2781 -0.0032 2.1364 -2.9967  1.3128  0.9085 -0.8572  0.7366 -0.2583
7.25 30000 0.2736  0.0551 0.2899 -0.1551 0.6080 0.3975 0.2826 0.2417 -0.0030 2.0165 -2.8819  1.2718  0.8123 -0.6600  0.4559 -0.1329
7.50  4000 0.4544  0.0715 0.5080 -0.2719 1.0301 0.6694 0.4912 0.4054 -0.0047 3.3309 -4.6794  2.0278  0.7309  0.9221 -1.6754  0.7636
7.50  4250 0.4435  0.0572 0.5126 -0.3067 1.0640 0.6621 0.4999 0.3892 -0.0051 3.5006 -5.0441  2.2209  1.1429 -0.2652 -0.3480  0.2445
7.50  4500 0.4355  0.0505 0.5108 -0.3207 1.0726 0.6541 0.5003 0.3789 -0.0053 3.5573 -5.1837  2.2982  1.3411 -0.8618  0.3271 -0.0209
7.50  4750 0.4354  0.0479 0.5142 -0.3261 1.0801 0.6555 0.5039 0.3785 -0.0053 3.5906 -5.2447  2.3280  1.3357 -0.8107  0.2440  0.0181
7.50  5000 0.4408  0.0593 0.5061 -0.2954 1.0442 0.6563 0.4926 0.3885 -0.0049 3.4236 -4.9058  2.1524  1.0109  0.0925 -0.7517  0.4041
7.50  5250 0.4508  0.0731 0.5009 -0.2693 1.0212 0.6631 0.4850 0.4014 -0.0047 3.3144 -4.6709  2.0303  0.8238  0.5998 -1.2855  0.6055
7.50  5500 0.4672  0.0907 0.4996 -0.2436 1.0082 0.6782 0.4812 0.4200 -0.0046 3.2418 -4.4888  1.9329  0.6989  0.9387 -1.6167  0.7242
7.50  6000 0.5167  0.1519 0.4840 -0.1477 0.9423 0.7183 0.4572 0.4772 -0.0040 2.8988 -3.7105  1.5268  0.3332  1.8010 -2.3415  0.9506
7.50  6500 0.5510  0.2004 0.4652 -0.0612 0.8684 0.7413 0.4291 0.5190 -0.0034 2.4657 -2.7844  1.0437  0.0599  2.2684 -2.5384  0.9402
7.50  7000 0.5574  0.2191 0.4488 -0.0199 0.8189 0.7390 0.4084 0.5292 -0.0031 2.1885 -2.2355  0.7627 -0.0109  2.2245 -2.2805  0.7816
7.50  7500 0.5484  0.2157 0.4414 -0.0159 0.8003 0.7263 0.4001 0.5210 -0.0030 2.0815 -2.0505  0.6698  0.0058  2.0622 -2.0265  0.6597
7.50  8000 0.5325  0.1956 0.4470 -0.0399 0.8119 0.7127 0.4059 0.5041 -0.0031 2.0898 -2.0863  0.6836  0.0385  1.9631 -1.9282  0.6171
7.50  8500 0.5127  0.1631 0.4638 -0.0849 0.8476 0.7001 0.4235 0.4820 -0.0032 2.1828 -2.2776  0.7704  0.0697  1.9533 -1.9914  0.6499
7.50  9000 0.4896  0.1229 0.4865 -0.1436 0.8981 0.6868 0.4478 0.4554 -0.0035 2.3453 -2.6061  0.9258  0.1048  1.9998 -2.1753  0.7445
7.50  9500 0.4636  0.0815 0.5070 -0.2058 0.9495 0.6705 0.4714 0.4256 -0.0038 2.5498 -3.0335  1.1369  0.1650  2.0060 -2.3554  0.8515
7.50 10000 0.4368  0.0499 0.5132 -0.2530 0.9782 0.6477 0.4821 0.3954 -0.0040 2.7218 -3.4323  1.3468  0.2832  1.7886 -2.2685  0.8570
7.50 10500 0.4155  0.0355 0.5041 -0.2723 0.9755 0.6241 0.4771 0.3725 -0.0041 2.7938 -3.6502  1.4739  0.4117  1.4372 -1.9585  0.7620
7.50 11000 0.4057  0.0369 0.4893 -0.2682 0.9559 0.6089 0.4649 0.3626 -0.0041 2.7933 -3.7083  1.5203  0.4963  1.1580 -1.6691  0.6621
7.50 11500 0.4070  0.0574 0.4638 -0.2359 0.9119 0.6002 0.4412 0.3655 -0.0040 2.7134 -3.6051  1.4898  0.5479  0.9081 -1.3537  0.5423
7.50 12000 0.4132  0.0936 0.4239 -0.1792 0.8402 0.5904 0.4034 0.3748 -0.0037 2.5713 -3.3994  1.4182  0.5923  0.6197 -0.9656  0.3940
7.50 12500 0.4199  0.1294 0.3855 -0.1236 0.7709 0.5818 0.3669 0.3846 -0.0035 2.4311 -3.1928  1.3447  0.6366  0.3336 -0.5770  0.2439
7.50 13000 0.4205  0.1421 0.3693 -0.1012 0.7400 0.5756 0.3510 0.3865 -0.0034 2.3433 -3.0505  1.2838  0.6639  0.1557 -0.3224  0.1357
7.50 13500 0.4153  0.1397 0.3658 -0.1014 0.7329 0.5689 0.3476 0.3816 -0.0033 2.3139 -3.0093  1.2650  0.6740  0.0929 -0.2394  0.0993
7.50 14000 0.4086  0.1342 0.3641 -0.1062 0.7301 0.5615 0.3462 0.3748 -0.0033 2.3033 -3.0055  1.2646  0.6792  0.0653 -0.2146  0.0901
7.50 14500 0.4017  0.1290 0.3618 -0.1106 0.7266 0.5538 0.3444 0.3680 -0.0033 2.2938 -3.0058  1.2670  0.6832  0.0426 -0.1984  0.0856
7.50 15000 0.3951  0.1245 0.3590 -0.1139 0.7219 0.5461 0.3420 0.3614 -0.0033 2.2819 -3.0024  1.2680  0.6872  0.0174 -0.1784  0.0796
7.50 15500 0.3890  0.1208 0.3558 -0.1160 0.7163 0.5386 0.3392 0.3554 -0.0033 2.2653 -2.9887  1.2637  0.6891 -0.0053 -0.1571  0.0721
7.50 16000 0.3829  0.1172 0.3524 -0.1181 0.7105 0.5312 0.3362 0.3494 -0.0033 2.2499 -2.9782  1.2615  0.6943 -0.0380 -0.1251  0.0608
7.50 16500 0.3771  0.1140 0.3491 -0.1197 0.7047 0.5241 0.3333 0.3438 -0.0033 2.2341 -2.9660  1.2582  0.6988 -0.0684 -0.0945  0.0498
7.50 17000 0.3716  0.1110 0.3458 -0.1214 0.6993 0.5173 0.3305 0.3384 -0.0033 2.2204 -2.9572  1.2567  0.7063 -0.1070 -0.0547  0.0352
7.50 20000 0.3432  0.0962 0.3277 -0.1291 0.6699 0.4818 0.3147 0.3103 -0.0032 2.1502 -2.9173  1.2532  0.7672 -0.3778  0.2353 -0.0735
7.50 25000 0.3098  0.0758 0.3105 -0.1484 0.6498 0.4423 0.3015 0.2758 -0.0032 2.1397 -3.0097  1.3205  0.9164 -0.8800  0.7560 -0.2643
7.50 30000 0.2711  0.0543 0.2876 -0.1543 0.6034 0.3941 0.2805 0.2395 -0.0030 2.0020 -2.8626  1.2636  0.8045 -0.6489  0.4432 -0.1276
7.75  4000 0.4583  0.0724 0.5119 -0.2759 1.0412 0.6751 0.4954 0.4083 -0.0048 3.3753 -4.7538  2.0642  0.7922  0.7650 -1.4986  0.6943
7.75  4250 0.4475  0.0585 0.5160 -0.3088 1.0727 0.6676 0.5034 0.3925 -0.0052 3.5321 -5.0926  2.2437  1.1783 -0.3506 -0.2506  0.2060
7.75  4500 0.4385  0.0512 0.5136 -0.3226 1.0793 0.6583 0.5031 0.3814 -0.0053 3.5814 -5.2206  2.3154  1.3666 -0.9216  0.3949 -0.0478
7.75  4750 0.4354  0.0480 0.5141 -0.3274 1.0821 0.6557 0.5041 0.3781 -0.0054 3.5997 -5.2638  2.3384  1.3792 -0.9447  0.4033 -0.0465
7.75  5000 0.4393  0.0562 0.5082 -0.3016 1.0509 0.6558 0.4952 0.3864 -0.0050 3.4524 -4.9637  2.1816  1.0447  0.0102 -0.6711  0.3751
7.75  5250 0.4466  0.0688 0.5013 -0.2754 1.0240 0.6593 0.4858 0.3968 -0.0047 3.3292 -4.7094  2.0508  0.8516  0.5229 -1.2098  0.5780
7.75  5500 0.4598  0.0830 0.4999 -0.2540 1.0123 0.6712 0.4824 0.4118 -0.0046 3.2633 -4.5483  1.9649  0.7439  0.8119 -1.4913  0.6784
7.75  6000 0.5026  0.1348 0.4880 -0.1737 0.9593 0.7067 0.4635 0.4612 -0.0041 2.9884 -3.9162  1.6342  0.4204  1.6030 -2.1886  0.9071
7.75  6500 0.5410  0.1874 0.4690 -0.0825 0.8843 0.7336 0.4352 0.5073 -0.0035 2.5615 -2.9952  1.1541  0.1156  2.1804 -2.5200  0.9541
7.75  7000 0.5520  0.2119 0.4512 -0.0319 0.8282 0.7351 0.4121 0.5229 -0.0032 2.2458 -2.3600  0.8277  0.0128  2.2036 -2.3073  0.8055
7.75  7500 0.5450  0.2114 0.4426 -0.0227 0.8051 0.7237 0.4020 0.5172 -0.0030 2.1133 -2.1208  0.7067  0.0154  2.0625 -2.0575  0.6801
7.75  8000 0.5291  0.1926 0.4464 -0.0443 0.8134 0.7093 0.4062 0.5005 -0.0031 2.1142 -2.1457  0.7163  0.0458  1.9635 -1.9577  0.6372
7.75  8500 0.5089  0.1608 0.4618 -0.0882 0.8469 0.6957 0.4225 0.4779 -0.0033 2.2075 -2.3424  0.8075  0.0769  1.9539 -2.0262  0.6745
7.75  9000 0.4853  0.1210 0.4833 -0.1462 0.8957 0.6817 0.4459 0.4510 -0.0035 2.3708 -2.6765  0.9671  0.1133  1.9975 -2.2110  0.7712
7.75  9500 0.4592  0.0803 0.5026 -0.2073 0.9453 0.6647 0.4684 0.4210 -0.0038 2.5732 -3.1029  1.1789  0.1787  1.9843 -2.3686  0.8698
7.75 10000 0.4321  0.0470 0.5109 -0.2573 0.9778 0.6426 0.4811 0.3904 -0.0041 2.7533 -3.5135  1.3930  0.2918  1.7917 -2.3143  0.8884
7.75 10500 0.4085  0.0291 0.5034 -0.2817 0.9790 0.6173 0.4779 0.3649 -0.0042 2.8380 -3.7588  1.5334  0.4310  1.4178 -1.9876  0.7880
7.75 11000 0.3942  0.0249 0.4900 -0.2852 0.9637 0.5983 0.4674 0.3500 -0.0042 2.8523 -3.8533  1.5982  0.5338  1.0935 -1.6600  0.6751
7.75 11500 0.3903  0.0342 0.4724 -0.2695 0.9357 0.5876 0.4517 0.3467 -0.0041 2.8127 -3.8248  1.6002  0.5947  0.8530 -1.3809  0.5718
7.75 12000 0.3945  0.0597 0.4442 -0.2290 0.8844 0.5805 0.4248 0.3532 -0.0040 2.7026 -3.6596  1.5389  0.6299  0.6271 -1.0712  0.4496
7.75 12500 0.4005  0.0933 0.4076 -0.1759 0.8176 0.5718 0.3899 0.3623 -0.0037 2.5630 -3.4509  1.4624  0.6596  0.3896 -0.7406  0.3218
7.75 13000 0.4064  0.1225 0.3766 -0.1294 0.7599 0.5651 0.3599 0.3708 -0.0035 2.4312 -3.2445  1.3816  0.6882  0.1635 -0.4165  0.1915
7.75 13500 0.4067  0.1324 0.3639 -0.1109 0.7341 0.5600 0.3471 0.3723 -0.0034 2.3474 -3.1020  1.3171  0.7032  0.0302 -0.2124  0.1010
7.75 14000 0.4025  0.1308 0.3605 -0.1097 0.7265 0.5543 0.3436 0.3685 -0.0034 2.3117 -3.0452  1.2897  0.7062 -0.0154 -0.1431  0.0684
7.75 14500 0.3968  0.1264 0.3587 -0.1130 0.7231 0.5478 0.3420 0.3628 -0.0033 2.2953 -3.0274  1.2818  0.7065 -0.0326 -0.1244  0.0601
7.75 15000 0.3906  0.1218 0.3566 -0.1165 0.7193 0.5408 0.3402 0.3568 -0.0033 2.2832 -3.0205  1.2802  0.7080 -0.0496 -0.1113  0.0559
7.75 15500 0.3846  0.1179 0.3539 -0.1193 0.7147 0.5337 0.3379 0.3508 -0.0033 2.2703 -3.0131  1.2789  0.7100 -0.0694 -0.0954  0.0510
7.75 16000 0.3790  0.1146 0.3509 -0.1211 0.7094 0.5269 0.3352 0.3454 -0.0033 2.2550 -3.0008  1.2752  0.7131 -0.0948 -0.0705  0.0421
7.75 16500 0.3735  0.1114 0.3477 -0.1228 0.7039 0.5200 0.3324 0.3399 -0.0033 2.2400 -2.9893  1.2722  0.7172 -0.1234 -0.0421  0.0319
7.75 17000 0.3681  0.1086 0.3443 -0.1239 0.6977 0.5132 0.3293 0.3347 -0.0033 2.2224 -2.9728  1.2667  0.7189 -0.1466 -0.0186  0.0234
7.75 20000 0.3404  0.0940 0.3270 -0.1321 0.6703 0.4789 0.3145 0.3073 -0.0032 2.1584 -2.9418  1.2672  0.7842 -0.4257  0.2807 -0.0890
7.75 25000 0.3076  0.0741 0.3097 -0.1503 0.6494 0.4399 0.3010 0.2735 -0.0032 2.1431 -3.0233  1.3286  0.9255 -0.9065  0.7798 -0.2719
7.75 30000 0.2687  0.0535 0.2855 -0.1537 0.5991 0.3908 0.2784 0.2373 -0.0030 1.9891 -2.8463  1.2569  0.7992 -0.6443  0.4377 -0.1251
8.00  4000 0.4622  0.0733 0.5158 -0.2800 1.0526 0.6809 0.4997 0.4112 -0.0049 3.4204 -4.8294  2.1012  0.8581  0.5928 -1.3032  0.6173
8.00  4250 0.4516  0.0600 0.5194 -0.3106 1.0810 0.6732 0.5069 0.3960 -0.0052 3.5624 -5.1384  2.2651  1.2124 -0.4326 -0.1564  0.1684
8.00  4500 0.4417  0.0526 0.5163 -0.3234 1.0853 0.6628 0.5057 0.3844 -0.0054 3.6017 -5.2490  2.3282  1.3828 -0.9544  0.4327 -0.0629
8.00  4750 0.4366  0.0477 0.5159 -0.3321 1.0903 0.6579 0.5064 0.3781 -0.0055 3.6332 -5.3264  2.3705  1.4698 -1.2097  0.7130 -0.1711
8.00  5000 0.4388  0.0536 0.5110 -0.3079 1.0590 0.6566 0.4984 0.3851 -0.0050 3.4871 -5.0299  2.2148  1.0832 -0.0823 -0.5788  0.3416
8.00  5250 0.4437  0.0653 0.5019 -0.2806 1.0271 0.6567 0.4869 0.3934 -0.0048 3.3443 -4.7455  2.0697  0.8747  0.4622 -1.1514  0.5572
8.00  5500 0.4540  0.0769 0.5003 -0.2627 1.0165 0.6659 0.4836 0.4054 -0.0047 3.2870 -4.6085  1.9970  0.7800  0.7168 -1.4033  0.6481
8.00  6000 0.4896  0.1190 0.4917 -0.1974 0.9744 0.6959 0.4691 0.4464 -0.0043 3.0646 -4.0927  1.7261  0.5007  1.4149 -2.0354  0.8603
8.00  6500 0.5297  0.1730 0.4732 -0.1059 0.9016 0.7250 0.4417 0.4943 -0.0037 2.6629 -3.2193  1.2713  0.1807  2.0675 -2.4767  0.9588
8.00  7000 0.5462  0.2035 0.4546 -0.0459 0.8397 0.7311 0.4167 0.5160 -0.0032 2.3119 -2.5014  0.9010  0.0384  2.1853 -2.3435  0.8345
8.00  7500 0.5418  0.2078 0.4430 -0.0286 0.8091 0.7210 0.4033 0.5135 -0.0031 2.1446 -2.1915  0.7446  0.0299  2.0461 -2.0686  0.6928
8.00  8000 0.5268  0.1915 0.4449 -0.0460 0.8125 0.7066 0.4052 0.4980 -0.0031 2.1273 -2.1817  0.7374  0.0547  1.9470 -1.9569  0.6428
8.00  8500 0.5065  0.1609 0.4585 -0.0876 0.8427 0.6922 0.4199 0.4755 -0.0033 2.2140 -2.3695  0.8256  0.0846  1.9352 -2.0219  0.6792
8.00  9000 0.4828  0.1217 0.4790 -0.1446 0.8899 0.6776 0.4424 0.4485 -0.0035 2.3759 -2.7037  0.9862  0.1197  1.9813 -2.2116  0.7791
8.00  9500 0.4560  0.0808 0.4978 -0.2063 0.9393 0.6599 0.4647 0.4179 -0.0038 2.5833 -3.1429  1.2053  0.1886  1.9618 -2.3679  0.8792
8.00 10000 0.4284  0.0459 0.5074 -0.2587 0.9746 0.6378 0.4787 0.3866 -0.0041 2.7734 -3.5722  1.4284  0.3026  1.7763 -2.3288  0.9051
8.00 10500 0.4027  0.0249 0.5013 -0.2879 0.9796 0.6111 0.4771 0.3587 -0.0042 2.8740 -3.8515  1.5859  0.4529  1.3816 -1.9904  0.8026
8.00 11000 0.3851  0.0170 0.4883 -0.2963 0.9665 0.5891 0.4675 0.3401 -0.0043 2.8973 -3.9706  1.6634  0.5717  1.0135 -1.6214  0.6747
8.00 11500 0.3764  0.0195 0.4735 -0.2902 0.9455 0.5749 0.4549 0.3315 -0.0042 2.8797 -3.9904  1.6889  0.6502  0.7372 -1.3187  0.5645
8.00 12000 0.3763  0.0342 0.4539 -0.2660 0.9110 0.5670 0.4365 0.3327 -0.0041 2.8100 -3.8965  1.6577  0.6943  0.5223 -1.0436  0.4571
8.00 12500 0.3814  0.0604 0.4259 -0.2241 0.8587 0.5607 0.4094 0.3402 -0.0039 2.6887 -3.7056  1.5822  0.7144  0.3347 -0.7699  0.3467
8.00 13000 0.3870  0.0901 0.3940 -0.1765 0.7993 0.5534 0.3787 0.3487 -0.0037 2.5573 -3.5025  1.5041  0.7290  0.1551 -0.5068  0.2433
8.00 13500 0.3923  0.1145 0.3686 -0.1368 0.7504 0.5482 0.3538 0.3563 -0.0035 2.4335 -3.2995  1.4195  0.7426 -0.0136 -0.2478  0.1352
8.00 14000 0.3931  0.1234 0.3578 -0.1197 0.7273 0.5443 0.3426 0.3584 -0.0034 2.3498 -3.1514  1.3500  0.7461 -0.1085 -0.0857  0.0598
8.00 14500 0.3901  0.1229 0.3545 -0.1169 0.7191 0.5397 0.3390 0.3559 -0.0034 2.3075 -3.0777  1.3133  0.7415 -0.1359 -0.0306  0.0310
8.00 15000 0.3853  0.1192 0.3530 -0.1191 0.7154 0.5342 0.3375 0.3512 -0.0033 2.2866 -3.0481  1.2988  0.7369 -0.1415 -0.0201  0.0245
8.00 15500 0.3801  0.1154 0.3512 -0.1217 0.7118 0.5282 0.3359 0.3461 -0.0033 2.2718 -3.0329  1.2923  0.7342 -0.1475 -0.0159  0.0226
8.00 16000 0.3746  0.1119 0.3486 -0.1239 0.7071 0.5217 0.3336 0.3408 -0.0033 2.2590 -3.0243  1.2903  0.7346 -0.1617 -0.0056  0.0199
8.00 16500 0.3689  0.1101 0.3434 -0.1212 0.6951 0.5137 0.3283 0.3358 -0.0032 2.2140 -2.9559  1.2584  0.7031 -0.1028 -0.0668  0.0426
8.00 17000 0.3644  0.1060 0.3429 -0.1271 0.6971 0.5092 0.3285 0.3307 -0.0033 2.2299 -2.9997  1.2827  0.7419 -0.2148  0.0489 -0.0003
8.00 20000 0.3375  0.0917 0.3262 -0.1351 0.6704 0.4757 0.3141 0.3041 -0.0032 2.1665 -2.9670  1.2817  0.8031 -0.4797  0.3330 -0.1071
8.00 25000 0.3054  0.0725 0.3090 -0.1521 0.6489 0.4374 0.3005 0.2712 -0.0033 2.1465 -3.0370  1.3368  0.9355 -0.9360  0.8071 -0.2809
8.00 30000 0.2664  0.0528 0.2833 -0.1530 0.5948 0.3875 0.2764 0.2352 -0.0030 1.9760 -2.8294  1.2500  0.7940 -0.6404  0.4334 -0.1232
8.25  4000 0.4660  0.0743 0.5197 -0.2839 1.0637 0.6867 0.5039 0.4140 -0.0049 3.4644 -4.9032  2.1374  0.9258  0.4137 -1.0988  0.5364
8.25  4250 0.4557  0.0618 0.5226 -0.3120 1.0889 0.6788 0.5101 0.3996 -0.0053 3.5910 -5.1809  2.2849  1.2450 -0.5112 -0.0653  0.1320
8.25  4500 0.4456  0.0539 0.5198 -0.3253 1.0935 0.6682 0.5092 0.3877 -0.0054 3.6307 -5.2923  2.3482  1.4115 -1.0204  0.5079 -0.0928
8.25  4750 0.4387  0.0484 0.5179 -0.3341 1.0961 0.6609 0.5086 0.3797 -0.0055 3.6547 -5.3617  2.3876  1.5114 -1.3255  0.8489 -0.2261
8.25  5000 0.4388  0.0533 0.5114 -0.3080 1.0592 0.6568 0.4988 0.3852 -0.0050 3.4884 -5.0316  2.2153  1.0623 -0.0120 -0.6664  0.3782
8.25  5250 0.4417  0.0624 0.5032 -0.2854 1.0313 0.6554 0.4886 0.3911 -0.0048 3.3625 -4.7842  2.0893  0.8948  0.4138 -1.1069  0.5418
8.25  5500 0.4497  0.0730 0.4997 -0.2673 1.0169 0.6614 0.4834 0.4008 -0.0047 3.2912 -4.6277  2.0080  0.8030  0.6451 -1.3279  0.6193
8.25  6000 0.4785  0.1059 0.4943 -0.2166 0.9860 0.6864 0.4733 0.4338 -0.0044 3.1224 -4.2296  1.7977  0.5698  1.2450 -1.8883  0.8124
8.25  6500 0.5175  0.1579 0.4771 -0.1302 0.9186 0.7153 0.4480 0.4802 -0.0038 2.7620 -3.4412  1.3876  0.2562  1.9178 -2.3884  0.9446
8.25  7000 0.5391  0.1942 0.4576 -0.0617 0.8521 0.7259 0.4215 0.5077 -0.0033 2.3876 -2.6661  0.9871  0.0762  2.1366 -2.3531  0.8554
8.25  7500 0.5385  0.2040 0.4439 -0.0353 0.8138 0.7184 0.4050 0.5097 -0.0031 2.1799 -2.2699  0.7862  0.0466  2.0264 -2.0785  0.7056
8.25  8000 0.5252  0.1914 0.4429 -0.0462 0.8105 0.7044 0.4038 0.4963 -0.0031 2.1353 -2.2071  0.7531  0.0658  1.9184 -1.9366  0.6393
8.25  8500 0.5054  0.1631 0.4541 -0.0840 0.8359 0.6895 0.4161 0.4746 -0.0032 2.2074 -2.3696  0.8299  0.0941  1.8975 -1.9831  0.6673
8.25  9000 0.4817  0.1248 0.4735 -0.1393 0.8807 0.6744 0.4375 0.4477 -0.0035 2.3633 -2.6940  0.9864  0.1267  1.9459 -2.1734  0.7673
8.25  9500 0.4546  0.0834 0.4925 -0.2015 0.9305 0.6565 0.4599 0.4168 -0.0038 2.5741 -3.1408  1.2096  0.1933  1.9372 -2.3465  0.8753
8.25 10000 0.4262  0.0468 0.5034 -0.2570 0.9690 0.6342 0.4755 0.3846 -0.0040 2.7783 -3.5974  1.4461  0.3082  1.7628 -2.3310  0.9131
8.25 10500 0.3991  0.0227 0.4994 -0.2914 0.9794 0.6070 0.4763 0.3547 -0.0042 2.9004 -3.9191  1.6244  0.4639  1.3719 -2.0130  0.8222
8.25 11000 0.3778  0.0119 0.4854 -0.3034 0.9662 0.5811 0.4661 0.3322 -0.0043 2.9304 -4.0626  1.7162  0.6075  0.9287 -1.5663  0.6656
8.25 11500 0.3654  0.0101 0.4714 -0.3031 0.9481 0.5637 0.4547 0.3196 -0.0043 2.9249 -4.1131  1.7575  0.7027  0.6094 -1.2257  0.5424
8.25 12000 0.3606  0.0173 0.4555 -0.2899 0.9226 0.5527 0.4404 0.3154 -0.0043 2.8819 -4.0749  1.7527  0.7654  0.3600 -0.9299  0.4292
8.25 12500 0.3627  0.0349 0.4349 -0.2609 0.8846 0.5465 0.4205 0.3191 -0.0041 2.7925 -3.9376  1.6989  0.7939  0.1764 -0.6752  0.3260
8.25 13000 0.3676  0.0590 0.4094 -0.2217 0.8359 0.5409 0.3957 0.3264 -0.0039 2.6738 -3.7459  1.6205  0.7991  0.0404 -0.4619  0.2385
8.25 13500 0.3729  0.0847 0.3824 -0.1801 0.7843 0.5351 0.3694 0.3343 -0.0037 2.5529 -3.5532  1.5431  0.7997 -0.0822 -0.2670  0.1602
8.25 14000 0.3780  0.1059 0.3610 -0.1452 0.7420 0.5313 0.3482 0.3416 -0.0035 2.4369 -3.3560  1.4576  0.7994 -0.1973 -0.0710  0.0751
8.25 14500 0.3795  0.1146 0.3514 -0.1284 0.7203 0.5285 0.3380 0.3444 -0.0034 2.3534 -3.2036  1.3846  0.7925 -0.2581  0.0530  0.0141
8.25 15000 0.3778  0.1153 0.3483 -0.1238 0.7114 0.5252 0.3343 0.3433 -0.0034 2.3047 -3.1137  1.3391  0.7807 -0.2676  0.0941 -0.0109
8.25 15500 0.3743  0.1127 0.3470 -0.1244 0.7074 0.5210 0.3327 0.3401 -0.0033 2.2778 -3.0682  1.3157  0.7696 -0.2582  0.0943 -0.0153
8.25 16000 0.3697  0.1093 0.3454 -0.1265 0.7038 0.5157 0.3312 0.3356 -0.0033 2.2613 -3.0475  1.3060  0.7644 -0.2574  0.0934 -0.0158
8.25 16500 0.3654  0.1059 0.3444 -0.1299 0.7025 0.5110 0.3304 0.3312 -0.0033 2.2575 -3.0514  1.3092  0.7740 -0.2928  0.1291 -0.0293
8.25 17000 0.3604  0.1035 0.3409 -0.1298 0.6953 0.5045 0.3271 0.3266 -0.0033 2.2339 -3.0217  1.2966  0.7644 -0.2848  0.1192 -0.0252
8.25 20000 0.3345  0.0896 0.3251 -0.1379 0.6701 0.4725 0.3135 0.3009 -0.0032 2.1736 -2.9909  1.2957  0.8228 -0.5377  0.3902 -0.1272
8.25 25000 0.3032  0.0711 0.3080 -0.1538 0.6482 0.4349 0.2999 0.2689 -0.0033 2.1491 -3.0495  1.3445  0.9451 -0.9650  0.8340 -0.2898
8.25 30000 0.2640  0.0522 0.2811 -0.1522 0.5903 0.3843 0.2743 0.2330 -0.0029 1.9626 -2.8121  1.2428  0.7892 -0.6379  0.4308 -0.1220
8.50  4000 0.4699  0.0754 0.5234 -0.2878 1.0746 0.6922 0.5079 0.4168 -0.0050 3.5076 -4.9758  2.1731  0.9941  0.2320 -0.8909  0.4539
8.50  4250 0.4599  0.0639 0.5253 -0.3120 1.0948 0.6841 0.5127 0.4033 -0.0053 3.6114 -5.2083  2.2971  1.2645 -0.5551 -0.0124  0.1105
8.50  4500 0.4498  0.0556 0.5230 -0.3264 1.1008 0.6737 0.5124 0.3914 -0.0055 3.6561 -5.3283  2.3644  1.4340 -1.0691  0.5643 -0.1154
8.50  4750 0.4416  0.0498 0.5198 -0.3340 1.1001 0.6646 0.5104 0.3823 -0.0055 3.6670 -5.3764  2.3937  1.5224 -1.3494  0.8793 -0.2389
8.50  5000 0.4402  0.0498 0.5179 -0.3219 1.0810 0.6616 0.5066 0.3843 -0.0052 3.5809 -5.2046  2.3024  1.2134 -0.4175 -0.2183  0.2040
8.50  5250 0.4408  0.0600 0.5052 -0.2901 1.0368 0.6556 0.4909 0.3898 -0.0048 3.3850 -4.8277  2.1109  0.9135  0.3751 -1.0741  0.5313
8.50  5500 0.4469  0.0690 0.5013 -0.2733 1.0214 0.6593 0.4853 0.3975 -0.0047 3.3094 -4.6678  2.0282  0.8187  0.6117 -1.3035  0.6124
8.50  6000 0.4696  0.0959 0.4957 -0.2309 0.9936 0.6784 0.4759 0.4239 -0.0044 3.1615 -4.3262  1.8486  0.6252  1.1016 -1.7573  0.7675
8.50  6500 0.5051  0.1424 0.4812 -0.1545 0.9356 0.7053 0.4543 0.4658 -0.0039 2.8557 -3.6520  1.4978  0.3345  1.7534 -2.2774  0.9193
8.50  7000 0.5308  0.1828 0.4617 -0.0806 0.8673 0.7201 0.4275 0.4980 -0.0034 2.4757 -2.8564  1.0861  0.1200  2.0804 -2.3634  0.8787
8.50  7500 0.5348  0.1990 0.4455 -0.0438 0.8207 0.7157 0.4076 0.5053 -0.0032 2.2238 -2.3649  0.8360  0.0654  2.0082 -2.0960  0.7229
8.50  8000 0.5239  0.1914 0.4410 -0.0464 0.8088 0.7024 0.4024 0.4949 -0.0031 2.1443 -2.2335  0.7694  0.0791  1.8836 -1.9084  0.6325
8.50  8500 0.5050  0.1664 0.4493 -0.0786 0.8277 0.6872 0.4116 0.4745 -0.0032 2.1943 -2.3557  0.8273  0.1062  1.8445 -1.9195  0.6437
8.50  9000 0.4818  0.1298 0.4670 -0.1309 0.8690 0.6720 0.4313 0.4484 -0.0034 2.3372 -2.6560  0.9722  0.1354  1.8912 -2.0997  0.7381
8.50  9500 0.4550  0.0885 0.4862 -0.1927 0.9186 0.6543 0.4539 0.4177 -0.0037 2.5452 -3.0961  1.1917  0.1952  1.9019 -2.2939  0.8540
8.50 10000 0.4261  0.0501 0.4989 -0.2514 0.9610 0.6324 0.4713 0.3849 -0.0040 2.7635 -3.5782  1.4401  0.3045  1.7600 -2.3268  0.9135
8.50 10500 0.3974  0.0226 0.4973 -0.2915 0.9771 0.6047 0.4748 0.3530 -0.0042 2.9114 -3.9511  1.6439  0.4664  1.3746 -2.0346  0.8373
8.50 11000 0.3731  0.0089 0.4832 -0.3078 0.9658 0.5759 0.4651 0.3272 -0.0043 2.9553 -4.1300  1.7549  0.6291  0.8822 -1.5445  0.6668
8.50 11500 0.3569  0.0042 0.4680 -0.3108 0.9471 0.5543 0.4529 0.3105 -0.0043 2.9532 -4.1990  1.8075  0.7469  0.4921 -1.1298  0.5159
8.50 12000 0.3484  0.0065 0.4536 -0.3045 0.9260 0.5403 0.4404 0.3021 -0.0043 2.9275 -4.2005  1.8227  0.8274  0.2012 -0.8007  0.3919
8.50 12500 0.3461  0.0167 0.4370 -0.2864 0.8971 0.5314 0.4248 0.3007 -0.0042 2.8637 -4.1155  1.7932  0.8757 -0.0218 -0.5171  0.2789
8.50 13000 0.3492  0.0348 0.4171 -0.2565 0.8591 0.5263 0.4054 0.3057 -0.0041 2.7668 -3.9585  1.7280  0.8888 -0.1617 -0.3064  0.1911
8.50 13500 0.3537  0.0559 0.3951 -0.2217 0.8160 0.5217 0.3838 0.3124 -0.0039 2.6573 -3.7779  1.6522  0.8811 -0.2460 -0.1573  0.1285
8.50 14000 0.3586  0.0779 0.3725 -0.1856 0.7719 0.5173 0.3616 0.3196 -0.0037 2.5481 -3.5988  1.5777  0.8694 -0.3166 -0.0263  0.0743
8.50 14500 0.3636  0.0966 0.3543 -0.1545 0.7349 0.5146 0.3433 0.3267 -0.0036 2.4416 -3.4133  1.4954  0.8573 -0.3832  0.1094  0.0129
8.50 15000 0.3662  0.1060 0.3452 -0.1369 0.7135 0.5130 0.3334 0.3306 -0.0034 2.3573 -3.2558  1.4192  0.8411 -0.4141  0.2003 -0.0353
8.50 15500 0.3659  0.1081 0.3420 -0.1304 0.7039 0.5111 0.3295 0.3311 -0.0034 2.3031 -3.1515  1.3658  0.8219 -0.4052  0.2259 -0.0556
8.50 16000 0.3634  0.1064 0.3409 -0.1297 0.6994 0.5078 0.3279 0.3289 -0.0033 2.2720 -3.0949  1.3363  0.8063 -0.3847  0.2181 -0.0580
8.50 16500 0.3599  0.1037 0.3398 -0.1309 0.6961 0.5038 0.3266 0.3257 -0.0033 2.2518 -3.0629  1.3200  0.7955 -0.3695  0.2060 -0.0557
8.50 17000 0.3558  0.1009 0.3381 -0.1325 0.6926 0.4990 0.3251 0.3217 -0.0033 2.2378 -3.0466  1.3129  0.7910 -0.3686  0.2037 -0.0550
8.50 20000 0.3315  0.0875 0.3237 -0.1405 0.6695 0.4690 0.3126 0.2976 -0.0033 2.1800 -3.0142  1.3096  0.8435 -0.5995  0.4520 -0.1491
8.50 25000 0.3011  0.0696 0.3071 -0.1553 0.6474 0.4325 0.2993 0.2667 -0.0033 2.1518 -3.0619  1.3522  0.9550 -0.9952  0.8625 -0.2993
8.50 30000 0.2617  0.0516 0.2788 -0.1513 0.5858 0.3810 0.2721 0.2309 -0.0029 1.9487 -2.7938  1.2351  0.7843 -0.6358  0.4291 -0.1212
8.75  4000 0.4735  0.0764 0.5268 -0.2913 1.0847 0.6975 0.5116 0.4195 -0.0051 3.5480 -5.0435  2.2064  1.0597  0.0560 -0.6888  0.3737
8.75  4250 0.4640  0.0656 0.5286 -0.3140 1.1035 0.6898 0.5161 0.4068 -0.0054 3.6435 -5.2575  2.3204  1.3065 -0.6614  0.1109  0.0612
8.75  4500 0.4539  0.0578 0.5255 -0.3256 1.1056 0.6789 0.5147 0.3953 -0.0055 3.6709 -5.3443  2.3706  1.4396 -1.0725  0.5711 -0.1188
8.75  4750 0.4448  0.0519 0.5213 -0.3324 1.1024 0.6684 0.5116 0.3856 -0.0055 3.6714 -5.3747  2.3912  1.5146 -1.3195  0.8492 -0.2280
8.75  5000 0.4416  0.0483 0.5218 -0.3314 1.0964 0.6651 0.5115 0.3838 -0.0054 3.6476 -5.3306  2.3669  1.3516 -0.8060  0.2232  0.0296
8.75  5250 0.4412  0.0583 0.5080 -0.2947 1.0438 0.6572 0.4939 0.3895 -0.0049 3.4118 -4.8758  2.1342  0.9333  0.3367 -1.0408  0.5203
8.75  5500 0.4443  0.0667 0.5011 -0.2766 1.0225 0.6568 0.4855 0.3947 -0.0047 3.3180 -4.6916  2.0414  0.8372  0.5594 -1.2514  0.5936
8.75  6000 0.4627  0.0885 0.4965 -0.2416 0.9989 0.6722 0.4776 0.4162 -0.0045 3.1914 -4.4009  1.8884  0.6676  0.9916 -1.6576  0.7339
8.75  6500 0.4932  0.1273 0.4854 -0.1780 0.9520 0.6959 0.4606 0.4521 -0.0041 2.9414 -3.8447  1.5981  0.4087  1.5946 -2.1651  0.8912
8.75  7000 0.5213  0.1702 0.4658 -0.1015 0.8834 0.7130 0.4336 0.4868 -0.0036 2.5702 -3.0629  1.1940  0.1767  1.9880 -2.3369  0.8885
8.75  7500 0.5301  0.1927 0.4476 -0.0547 0.8295 0.7124 0.4109 0.4998 -0.0032 2.2798 -2.4858  0.8994  0.0921  1.9763 -2.1074  0.7401
8.75  8000 0.5224  0.1909 0.4398 -0.0477 0.8086 0.7007 0.4018 0.4932 -0.0031 2.1590 -2.2705  0.7906  0.0943  1.8483 -1.8830  0.6276
8.75  8500 0.5051  0.1702 0.4444 -0.0727 0.8196 0.6853 0.4071 0.4748 -0.0032 2.1807 -2.3399  0.8236  0.1211  1.7818 -1.8425  0.6143
8.75  9000 0.4828  0.1363 0.4598 -0.1203 0.8554 0.6700 0.4243 0.4500 -0.0034 2.3029 -2.6011  0.9498  0.1478  1.8160 -1.9938  0.6942
8.75  9500 0.4568  0.0958 0.4789 -0.1804 0.9038 0.6530 0.4465 0.4203 -0.0037 2.5000 -3.0168  1.1559  0.1973  1.8500 -2.2062  0.8148
8.75 10000 0.4281  0.0559 0.4939 -0.2416 0.9499 0.6322 0.4661 0.3875 -0.0039 2.7273 -3.5116  1.4090  0.2933  1.7608 -2.3063  0.9018
8.75 10500 0.3984  0.0250 0.4954 -0.2878 0.9732 0.6049 0.4730 0.3543 -0.0042 2.9042 -3.9388  1.6391  0.4531  1.4113 -2.0771  0.8556
8.75 11000 0.3713  0.0078 0.4822 -0.3095 0.9657 0.5739 0.4647 0.3253 -0.0043 2.9703 -4.1676  1.7762  0.6312  0.8905 -1.5739  0.6847
8.75 11500 0.3515  0.0008 0.4654 -0.3153 0.9458 0.5482 0.4514 0.3048 -0.0044 2.9720 -4.2560  1.8410  0.7719  0.4284 -1.0840  0.5061
8.75 12000 0.3392 -0.0003 0.4504 -0.3132 0.9253 0.5303 0.4388 0.2923 -0.0044 2.9534 -4.2821  1.8701  0.8746  0.0716 -0.6882  0.3576
8.75 12500 0.3332  0.0048 0.4357 -0.3026 0.9018 0.5186 0.4255 0.2868 -0.0043 2.9091 -4.2402  1.8621  0.9423 -0.1960 -0.3679  0.2325
8.75 13000 0.3325  0.0164 0.4194 -0.2822 0.8719 0.5113 0.4099 0.2872 -0.0042 2.8335 -4.1263  1.8166  0.9751 -0.3795 -0.1195  0.1304
8.75 13500 0.3360  0.0334 0.4015 -0.2539 0.8366 0.5073 0.3921 0.2925 -0.0041 2.7389 -3.9683  1.7489  0.9744 -0.4719  0.0357  0.0639
8.75 14000 0.3401  0.0514 0.3830 -0.2237 0.7996 0.5037 0.3738 0.2986 -0.0039 2.6412 -3.8040  1.6784  0.9567 -0.5113  0.1273  0.0239
8.75 14500 0.3446  0.0700 0.3644 -0.1928 0.7623 0.5004 0.3553 0.3052 -0.0037 2.5443 -3.6410  1.6087  0.9355 -0.5382  0.2030 -0.0090
8.75 15000 0.3497  0.0869 0.3486 -0.1646 0.7294 0.4988 0.3393 0.3122 -0.0036 2.4477 -3.4699  1.5317  0.9134 -0.5621  0.2835 -0.0479
8.75 15500 0.3531  0.0971 0.3397 -0.1461 0.7081 0.4981 0.3295 0.3171 -0.0035 2.3646 -3.3126  1.4554  0.8895 -0.5662  0.3422 -0.0826
8.75 16000 0.3540  0.1005 0.3363 -0.1379 0.6976 0.4972 0.3252 0.3188 -0.0034 2.3070 -3.1996  1.3976  0.8651 -0.5435  0.3550 -0.0983
8.75 16500 0.3529  0.1004 0.3351 -0.1351 0.6922 0.4953 0.3234 0.3183 -0.0033 2.2688 -3.1251  1.3584  0.8435 -0.5107  0.3411 -0.1003
8.75 17000 0.3504  0.0984 0.3343 -0.1353 0.6889 0.4923 0.3223 0.3160 -0.0033 2.2453 -3.0834  1.3366  0.8288 -0.4856  0.3221 -0.0965
8.75 20000 0.3284  0.0855 0.3223 -0.1431 0.6687 0.4655 0.3117 0.2943 -0.0033 2.1865 -3.0378  1.3239  0.8656 -0.6659  0.5192 -0.1730
8.75 25000 0.2989  0.0683 0.3060 -0.1567 0.6463 0.4300 0.2985 0.2644 -0.0033 2.1534 -3.0728  1.3592  0.9645 -1.0247  0.8906 -0.3087
8.75 30000 0.2594  0.0510 0.2765 -0.1503 0.5811 0.3778 0.2699 0.2289 -0.0029 1.9344 -2.7747  1.2271  0.7794 -0.6337  0.4279 -0.1207
9.00  4000 0.4770  0.0776 0.5299 -0.2945 1.0942 0.7025 0.5151 0.4221 -0.0052 3.5856 -5.1064  2.2372  1.1219 -0.1110 -0.4965  0.2972
9.00  4250 0.4681  0.0676 0.5313 -0.3145 1.1100 0.6950 0.5188 0.4104 -0.0054 3.6665 -5.2903  2.3355  1.3342 -0.7297  0.1921  0.0283
9.00  4500 0.4582  0.0599 0.5284 -0.3258 1.1120 0.6845 0.5175 0.3992 -0.0055 3.6922 -5.3720  2.3827  1.4563 -1.1063  0.6121 -0.1356
9.00  4750 0.4488  0.0528 0.5254 -0.3355 1.1124 0.6742 0.5158 0.3888 -0.0056 3.7072 -5.4306  2.4174  1.5558 -1.4191  0.9623 -0.2729
9.00  5000 0.4431  0.0493 0.5224 -0.3348 1.1033 0.6671 0.5127 0.3840 -0.0055 3.6786 -5.3909  2.3990  1.4715 -1.1701  0.6556 -0.1456
9.00  5250 0.4424  0.0568 0.5114 -0.2998 1.0525 0.6599 0.4975 0.3900 -0.0049 3.4465 -4.9369  2.1640  0.9617  0.2778 -0.9854  0.5010
9.00  5500 0.4433  0.0643 0.5028 -0.2809 1.0271 0.6566 0.4875 0.3933 -0.0047 3.3361 -4.7268  2.0587  0.8491  0.5380 -1.2373  0.5901
9.00  6000 0.4574  0.0827 0.4972 -0.2500 1.0034 0.6674 0.4790 0.4103 -0.0045 3.2177 -4.4650  1.9225  0.7008  0.9083 -1.5850  0.7104
9.00  6500 0.4826  0.1143 0.4887 -0.1981 0.9654 0.6873 0.4656 0.4400 -0.0042 3.0116 -4.0045  1.6814  0.4770  1.4399 -2.0445  0.8565
9.00  7000 0.5109  0.1565 0.4702 -0.1241 0.9006 0.7053 0.4402 0.4746 -0.0037 2.6678 -3.2766  1.3054  0.2405  1.8755 -2.2885  0.8896
9.00  7500 0.5242  0.1845 0.4508 -0.0689 0.8413 0.7084 0.4155 0.4928 -0.0033 2.3503 -2.6369  0.9782  0.1251  1.9380 -2.1227  0.7618
9.00  8000 0.5202  0.1893 0.4390 -0.0511 0.8104 0.6985 0.4019 0.4906 -0.0032 2.1857 -2.3327  0.8251  0.1159  1.8038 -1.8564  0.6246
9.00  8500 0.5052  0.1736 0.4399 -0.0677 0.8126 0.6837 0.4031 0.4751 -0.0032 2.1716 -2.3323  0.8239  0.1385  1.7151 -1.7629  0.5843
9.00  9000 0.4844  0.1434 0.4524 -0.1089 0.8415 0.6685 0.4170 0.4521 -0.0033 2.2669 -2.5422  0.9253  0.1636  1.7278 -1.8700  0.6424
9.00  9500 0.4597  0.1048 0.4708 -0.1656 0.8869 0.6524 0.4381 0.4241 -0.0036 2.4443 -2.9156  1.1092  0.2015  1.7802 -2.0876  0.7607
9.00 10000 0.4316  0.0640 0.4877 -0.2278 0.9353 0.6329 0.4593 0.3920 -0.0039 2.6721 -3.4054  1.3577  0.2811  1.7458 -2.2503  0.8716
9.00 10500 0.4016  0.0301 0.4929 -0.2795 0.9660 0.6069 0.4699 0.3581 -0.0041 2.8745 -3.8768  1.6080  0.4299  1.4578 -2.1102  0.8645
9.00 11000 0.3726  0.0092 0.4821 -0.3077 0.9649 0.5751 0.4645 0.3268 -0.0043 2.9700 -4.1646  1.7747  0.6150  0.9437 -1.6377  0.7113
9.00 11500 0.3494 -0.0007 0.4645 -0.3172 0.9454 0.5458 0.4509 0.3025 -0.0044 2.9824 -4.2846  1.8574  0.7746  0.4299 -1.1015  0.5178
9.00 12000 0.3336 -0.0042 0.4482 -0.3180 0.9242 0.5241 0.4375 0.2864 -0.0044 2.9683 -4.3307  1.8987  0.8977  0.0104 -0.6419  0.3463
9.00 12500 0.3240 -0.0027 0.4334 -0.3122 0.9023 0.5088 0.4246 0.2768 -0.0044 2.9348 -4.3192  1.9073  0.9881 -0.3212 -0.2588  0.1985
9.00 13000 0.3198  0.0039 0.4190 -0.2991 0.8777 0.4989 0.4112 0.2733 -0.0043 2.8773 -4.2455  1.8816  1.0417 -0.5553  0.0352  0.0802
9.00 13500 0.3201  0.0155 0.4040 -0.2786 0.8491 0.4930 0.3965 0.2749 -0.0042 2.7992 -4.1207  1.8290  1.0597 -0.6927  0.2338 -0.0035
9.00 14000 0.3235  0.0306 0.3886 -0.2532 0.8179 0.4899 0.3811 0.2800 -0.0041 2.7125 -3.9730  1.7644  1.0490 -0.7440  0.3375 -0.0496
9.00 14500 0.3273  0.0459 0.3733 -0.2273 0.7866 0.4873 0.3658 0.2856 -0.0039 2.6268 -3.8261  1.7001  1.0241 -0.7477  0.3822 -0.0709
9.00 15000 0.3314  0.0615 0.3580 -0.2011 0.7552 0.4850 0.3505 0.2916 -0.0037 2.5420 -3.6802  1.6363  0.9958 -0.7392  0.4116 -0.0857
9.00 15500 0.3363  0.0767 0.3444 -0.1757 0.7262 0.4840 0.3365 0.2982 -0.0036 2.4558 -3.5258  1.5663  0.9663 -0.7279  0.4445 -0.1045
9.00 16000 0.3404  0.0875 0.3355 -0.1567 0.7050 0.4841 0.3268 0.3038 -0.0035 2.3766 -3.3750  1.4935  0.9365 -0.7093  0.4731 -0.1259
9.00 16500 0.3426  0.0929 0.3313 -0.1457 0.6926 0.4842 0.3217 0.3071 -0.0034 2.3138 -3.2503  1.4301  0.9073 -0.6759  0.4780 -0.1389
9.00 17000 0.3428  0.0943 0.3297 -0.1408 0.6860 0.4834 0.3193 0.3079 -0.0034 2.2698 -3.1622  1.3839  0.8816 -0.6352  0.4605 -0.1407
9.00 20000 0.3253  0.0835 0.3208 -0.1456 0.6679 0.4619 0.3108 0.2909 -0.0033 2.1938 -3.0634  1.3392  0.8895 -0.7372  0.5917 -0.1990
9.00 25000 0.2968  0.0671 0.3048 -0.1579 0.6450 0.4275 0.2976 0.2623 -0.0033 2.1548 -3.0831  1.3659  0.9736 -1.0533  0.9176 -0.3177
9.00 30000 0.2572  0.0506 0.2742 -0.1491 0.5764 0.3746 0.2677 0.2269 -0.0029 1.9197 -2.7549  1.2187  0.7743 -0.6317  0.4269 -0.1203
9.25  4000 0.4803  0.0786 0.5329 -0.2975 1.1031 0.7072 0.5184 0.4245 -0.0053 3.6206 -5.1650  2.2660  1.1800 -0.2677 -0.3160  0.2254
9.25  4250 0.4719  0.0698 0.5334 -0.3142 1.1149 0.6998 0.5208 0.4139 -0.0055 3.6837 -5.3126  2.3455  1.3533 -0.7753  0.2480  0.0054
9.25  4500 0.4624  0.0621 0.5311 -0.3258 1.1179 0.6898 0.5200 0.4031 -0.0055 3.7120 -5.3976  2.3939  1.4746 -1.1468  0.6616 -0.1561
9.25  4750 0.4528  0.0560 0.5264 -0.3313 1.1121 0.6784 0.5163 0.3931 -0.0056 3.7011 -5.4069  2.4036  1.5234 -1.3187  0.8530 -0.2308
9.25  5000 0.4455  0.0506 0.5239 -0.3370 1.1099 0.6704 0.5146 0.3856 -0.0056 3.7037 -5.4339  2.4207  1.5479 -1.3968  0.9268 -0.2561
9.25  5250 0.4442  0.0557 0.5155 -0.3056 1.0634 0.6637 0.5020 0.3910 -0.0050 3.4913 -5.0157  2.2026  1.0044  0.1817 -0.8885  0.4657
9.25  5500 0.4433  0.0625 0.5052 -0.2848 1.0328 0.6577 0.4900 0.3929 -0.0048 3.3575 -4.7652  2.0771  0.8597  0.5247 -1.2325  0.5904
9.25  6000 0.4534  0.0794 0.4962 -0.2539 1.0032 0.6631 0.4785 0.4060 -0.0046 3.2203 -4.4813  1.9322  0.7223  0.8401 -1.5131  0.6831
9.25  6500 0.4739  0.1036 0.4913 -0.2145 0.9764 0.6801 0.4697 0.4300 -0.0043 3.0691 -4.1360  1.7500  0.5348  1.3065 -1.9377  0.8248
9.25  7000 0.5002  0.1422 0.4750 -0.1473 0.9183 0.6973 0.4471 0.4620 -0.0038 2.7638 -3.4869  1.4146  0.3074  1.7510 -2.2239  0.8831
9.25  7500 0.5172  0.1744 0.4548 -0.0861 0.8557 0.7036 0.4212 0.4843 -0.0034 2.4330 -2.8140  1.0702  0.1663  1.8850 -2.1306  0.7826
9.25  8000 0.5173  0.1859 0.4396 -0.0576 0.8154 0.6962 0.4035 0.4870 -0.0032 2.2256 -2.4203  0.8719  0.1400  1.7644 -1.8452  0.6299
9.25  8500 0.5051  0.1761 0.4365 -0.0644 0.8078 0.6824 0.4001 0.4750 -0.0032 2.1710 -2.3403  0.8318  0.1580  1.6503 -1.6909  0.5585
9.25  9000 0.4860  0.1504 0.4452 -0.0981 0.8285 0.6672 0.4101 0.4543 -0.0033 2.2345 -2.4897  0.9040  0.1823  1.6337 -1.7406  0.5887
9.25  9500 0.4629  0.1145 0.4622 -0.1499 0.8691 0.6519 0.4293 0.4283 -0.0035 2.3860 -2.8097  1.0604  0.2104  1.6926 -1.9450  0.6965
9.25 10000 0.4361  0.0747 0.4795 -0.2102 0.9167 0.6337 0.4504 0.3977 -0.0038 2.6014 -3.2699  1.2925  0.2756  1.6932 -2.1372  0.8158
9.25 10500 0.4068  0.0383 0.4890 -0.2661 0.9545 0.6101 0.4651 0.3644 -0.0041 2.8200 -3.7625  1.5499  0.4006  1.4999 -2.1161  0.8571
9.25 11000 0.3768  0.0132 0.4824 -0.3019 0.9626 0.5792 0.4641 0.3315 -0.0043 2.9518 -4.1168  1.7485  0.5809  1.0376 -1.7297  0.7439
9.25 11500 0.3506  0.0001 0.4650 -0.3160 0.9455 0.5472 0.4513 0.3040 -0.0044 2.9813 -4.2783  1.8534  0.7547  0.4945 -1.1770  0.5482
9.25 12000 0.3314 -0.0059 0.4476 -0.3200 0.9240 0.5218 0.4372 0.2841 -0.0044 2.9748 -4.3501  1.9098  0.8959  0.0227 -0.6686  0.3604
9.25 12500 0.3187 -0.0070 0.4320 -0.3176 0.9024 0.5032 0.4240 0.2712 -0.0044 2.9491 -4.3636  1.9326  1.0064 -0.3672 -0.2280  0.1922
9.25 13000 0.3110 -0.0039 0.4177 -0.3093 0.8798 0.4899 0.4112 0.2638 -0.0043 2.9035 -4.3216  1.9242  1.0835 -0.6666  0.1304  0.0506
9.25 13500 0.3079  0.0031 0.4044 -0.2955 0.8558 0.4815 0.3985 0.2616 -0.0043 2.8407 -4.2318  1.8888  1.1229 -0.8591  0.3821 -0.0529
9.25 14000 0.3089  0.0139 0.3913 -0.2763 0.8300 0.4769 0.3855 0.2638 -0.0042 2.7667 -4.1094  1.8355  1.1294 -0.9546  0.5314 -0.1175
9.25 14500 0.3122  0.0271 0.3782 -0.2539 0.8029 0.4746 0.3723 0.2686 -0.0040 2.6887 -3.9738  1.7752  1.1111 -0.9724  0.5917 -0.1461
9.25 15000 0.3157  0.0401 0.3657 -0.2318 0.7766 0.4729 0.3596 0.2738 -0.0039 2.6143 -3.8438  1.7173  1.0817 -0.9500  0.6011 -0.1533
9.25 15500 0.3195  0.0532 0.3533 -0.2096 0.7504 0.4714 0.3470 0.2792 -0.0038 2.5409 -3.7151  1.6600  1.0482 -0.9131  0.5921 -0.1527
9.25 16000 0.3241  0.0667 0.3414 -0.1869 0.7247 0.4709 0.3348 0.2854 -0.0037 2.4647 -3.5774  1.5972  1.0142 -0.8773  0.5902 -0.1567
9.25 16500 0.3286  0.0779 0.3326 -0.1677 0.7040 0.4715 0.3253 0.2914 -0.0035 2.3910 -3.4370  1.5299  0.9800 -0.8382  0.5900 -0.1648
9.25 17000 0.3318  0.0849 0.3275 -0.1546 0.6899 0.4722 0.3193 0.2957 -0.0034 2.3262 -3.3085  1.4653  0.9478 -0.7970  0.5864 -0.1738
9.25 20000 0.3217  0.0823 0.3176 -0.1459 0.6632 0.4571 0.3080 0.2873 -0.0033 2.1864 -3.0639  1.3427  0.9078 -0.8049  0.6665 -0.2271
9.25 25000 0.2948  0.0660 0.3035 -0.1590 0.6436 0.4250 0.2966 0.2602 -0.0033 2.1559 -3.0928  1.3725  0.9826 -1.0819  0.9449 -0.3268
9.25 30000 0.2550  0.0502 0.2717 -0.1479 0.5714 0.3713 0.2653 0.2250 -0.0028 1.9044 -2.7339  1.2098  0.7691 -0.6298  0.4264 -0.1202
9.50  4000 0.4832  0.0794 0.5356 -0.3003 1.1112 0.7114 0.5214 0.4266 -0.0054 3.6527 -5.2187  2.2924  1.2334 -0.4113 -0.1506  0.1595
9.50  4250 0.4757  0.0717 0.5358 -0.3147 1.1209 0.7046 0.5232 0.4172 -0.0055 3.7063 -5.3456  2.3610  1.3836 -0.8528  0.3398 -0.0316
9.50  4500 0.4666  0.0645 0.5335 -0.3250 1.1227 0.6950 0.5222 0.4070 -0.0056 3.7272 -5.4142  2.4005  1.4837 -1.1617  0.6824 -0.1652
9.50  4750 0.4568  0.0587 0.5282 -0.3289 1.1145 0.6832 0.5177 0.3973 -0.0056 3.7052 -5.4023  2.3993  1.5106 -1.2725  0.8051 -0.2130
9.50  5000 0.4489  0.0523 0.5261 -0.3373 1.1151 0.6747 0.5167 0.3886 -0.0056 3.7209 -5.4571  2.4311  1.5747 -1.4679  1.0136 -0.2920
9.50  5250 0.4465  0.0545 0.5201 -0.3129 1.0771 0.6683 0.5073 0.3921 -0.0051 3.5488 -5.1189  2.2539  1.0760  0.0033 -0.6974  0.3931
9.50  5500 0.4444  0.0613 0.5082 -0.2887 1.0398 0.6602 0.4932 0.3936 -0.0048 3.3845 -4.8113  2.0990  0.8719  0.5114 -1.2284  0.5912
9.50  6000 0.4504  0.0758 0.4970 -0.2593 1.0066 0.6605 0.4798 0.4026 -0.0046 3.2381 -4.5228  1.9539  0.7399  0.8002 -1.4825  0.6744
9.50  6500 0.4670  0.0967 0.4914 -0.2243 0.9806 0.6736 0.4707 0.4224 -0.0043 3.0958 -4.2057  1.7877  0.5823  1.1770 -1.8129  0.7807
9.50  7000 0.4900  0.1287 0.4794 -0.1689 0.9346 0.6896 0.4534 0.4502 -0.0040 2.8500 -3.6764  1.5129  0.3734  1.6194 -2.1419  0.8671
9.50  7500 0.5091  0.1626 0.4597 -0.1062 0.8727 0.6982 0.4280 0.4746 -0.0035 2.5259 -3.0117  1.1724  0.2134  1.8228 -2.1349  0.8034
9.50  8000 0.5135  0.1804 0.4419 -0.0677 0.8243 0.6938 0.4069 0.4824 -0.0033 2.2797 -2.5352  0.9319  0.1656  1.7340 -1.8547  0.6455
9.50  8500 0.5044  0.1771 0.4343 -0.0638 0.8060 0.6811 0.3986 0.4742 -0.0032 2.1819 -2.3700  0.8500  0.1787  1.5930 -1.6355  0.5409
9.50  9000 0.4875  0.1567 0.4389 -0.0887 0.8173 0.6662 0.4040 0.4562 -0.0033 2.2097 -2.4513  0.8895  0.2031  1.5405 -1.6168  0.5383
9.50  9500 0.4661  0.1247 0.4530 -0.1339 0.8509 0.6512 0.4200 0.4323 -0.0034 2.3314 -2.7133  1.0174  0.2278  1.5807 -1.7771  0.6234
9.50 10000 0.4412  0.0866 0.4704 -0.1906 0.8962 0.6347 0.4406 0.4040 -0.0037 2.5238 -3.1211  1.2209  0.2739  1.6214 -1.9957  0.7473
9.50 10500 0.4134  0.0489 0.4836 -0.2485 0.9389 0.6140 0.4584 0.3723 -0.0040 2.7461 -3.6084  1.4718  0.3694  1.5290 -2.0907  0.8331
9.50 11000 0.3836  0.0198 0.4826 -0.2917 0.9578 0.5856 0.4630 0.3391 -0.0042 2.9137 -4.0228  1.6974  0.5323  1.1596 -1.8354  0.7769
9.50 11500 0.3553  0.0032 0.4671 -0.3118 0.9461 0.5524 0.4525 0.3090 -0.0043 2.9692 -4.2380  1.8295  0.7133  0.6187 -1.3067  0.5959
9.50 12000 0.3329 -0.0053 0.4487 -0.3189 0.9244 0.5235 0.4380 0.2858 -0.0044 2.9711 -4.3366  1.9014  0.8689  0.1080 -0.7661  0.3987
9.50 12500 0.3169 -0.0089 0.4323 -0.3198 0.9032 0.5016 0.4245 0.2694 -0.0044 2.9552 -4.3792  1.9408  0.9976 -0.3321 -0.2797  0.2156
9.50 13000 0.3063 -0.0084 0.4176 -0.3152 0.8816 0.4854 0.4117 0.2588 -0.0044 2.9194 -4.3649  1.9477  1.0955 -0.6905  0.1369  0.0532
9.50 13500 0.3001 -0.0046 0.4042 -0.3057 0.8593 0.4739 0.3993 0.2530 -0.0043 2.8671 -4.3035  1.9279  1.1588 -0.9511  0.4579 -0.0759
9.50 14000 0.2978  0.0021 0.3924 -0.2924 0.8372 0.4667 0.3879 0.2516 -0.0042 2.8054 -4.2104  1.8893  1.1868 -1.1053  0.6664 -0.1631
9.50 14500 0.2991  0.0118 0.3812 -0.2752 0.8146 0.4633 0.3767 0.2541 -0.0041 2.7379 -4.0960  1.8384  1.1840 -1.1633  0.7690 -0.2090
9.50 15000 0.3023  0.0232 0.3703 -0.2557 0.7915 0.4618 0.3655 0.2587 -0.0040 2.6693 -3.9745  1.7835  1.1617 -1.1586  0.7991 -0.2254
9.50 15500 0.3057  0.0344 0.3600 -0.2367 0.7693 0.4608 0.3550 0.2635 -0.0039 2.6049 -3.8600  1.7318  1.1293 -1.1161  0.7804 -0.2211
9.50 16000 0.3091  0.0455 0.3498 -0.2177 0.7473 0.4599 0.3446 0.2684 -0.0038 2.5409 -3.7457  1.6800  1.0935 -1.0622  0.7476 -0.2110
9.50 16500 0.3133  0.0574 0.3396 -0.1977 0.7249 0.4597 0.3341 0.2741 -0.0037 2.4739 -3.6237  1.6241  1.0563 -1.0066  0.7167 -0.2025
9.50 17000 0.3179  0.0684 0.3310 -0.1791 0.7048 0.4604 0.3249 0.2800 -0.0036 2.4062 -3.4953  1.5631  1.0199 -0.9545  0.6957 -0.2007
9.50 20000 0.3186  0.0806 0.3158 -0.1487 0.6627 0.4535 0.3070 0.2839 -0.0033 2.2013 -3.1062  1.3675  0.9377 -0.8886  0.7470 -0.2541
9.50 25000 0.2929  0.0652 0.3021 -0.1596 0.6418 0.4226 0.2955 0.2582 -0.0033 2.1561 -3.1010  1.3784  0.9912 -1.1101  0.9721 -0.3358
9.50 30000 0.2529  0.0500 0.2693 -0.1464 0.5664 0.3682 0.2629 0.2231 -0.0028 1.8891 -2.7129  1.2008  0.7639 -0.6280  0.4262 -0.1202
