Title: Limb-Darkening Coefficients for Eclipsing White Dwarfs
Authors: Gianninas A., Strickland B., Kilic M., Bergeron P.
Table: Limb-Darkening Coefficients for the LSST u-band
================================================================================
Byte-by-byte Description of file: apj461722t2_mrt.txt
--------------------------------------------------------------------------------
   Bytes Format Units   Label   Explanations
--------------------------------------------------------------------------------
   1-  4 F4.2   [cm/s2] log(g)  Log of the surface gravity
   6- 10 I5     K       Teff    Effective temperature
  12- 17 F6.4   ---     a       Linear "a" coefficient
  19- 24 F6.4   ---     b       Quadratic "b" coefficient
  26- 31 F6.4   ---     c       Quadratic "c" coefficient
  33- 39 F7.4   ---     d       Square-root "d" coefficient
  41- 46 F6.4   ---     f       Square-root "f" coefficient
  48- 53 F6.4   ---     g       Logarithmic "g" coefficient
  55- 60 F6.4   ---     h       Logarithmic "h" coefficient
  62- 67 F6.4   ---     j       Exponential "j" coefficient
  69- 75 F7.4   ---     k       Exponential "k" coefficient
  77- 82 F6.4   ---     l       Sing 3-parameter "l" coefficient
  84- 90 F7.4   ---     m       Sing 3-parameter "m" coefficient
  92- 98 F7.4   ---     n       Sing 3-parameter "n" coefficient
 100-106 F7.4   ---     p       Claret 4-parameter "p" coefficient
 108-114 F7.4   ---     q       Claret 4-parameter "q" coefficient
 116-122 F7.4   ---     r       Claret 4-parameter "r" coefficient
 124-130 F7.4   ---     s       Claret 4-parameter "s" coefficient
--------------------------------------------------------------------------------
5.00  4000 0.5731 0.2169 0.4726 -0.0863 0.9352 0.7558 0.4420 0.5163 -0.0044 2.8267 -3.4723  1.4091  0.9965 -0.4566  0.6222 -0.3140
5.00  4250 0.5763 0.2207 0.4719 -0.0817 0.9334 0.7580 0.4403 0.5201 -0.0043 2.8600 -3.5365  1.4446  0.8932 -0.0833  0.1338 -0.1001
5.00  4500 0.5992 0.2740 0.4313  0.0207 0.8205 0.7643 0.3995 0.5532 -0.0035 2.4410 -2.7204  1.0429  0.3803  1.1877 -1.1575  0.3852
5.00  4750 0.6382 0.3419 0.3932  0.1335 0.7159 0.7876 0.3608 0.6017 -0.0028 2.0777 -1.9803  0.6799 -0.0853  2.3587 -2.3306  0.8274
5.00  5000 0.6788 0.3980 0.3726  0.2180 0.6536 0.8194 0.3392 0.6481 -0.0023 1.8361 -1.4452  0.4106 -0.3579  3.0153 -2.9158  1.0295
5.00  5250 0.7036 0.4170 0.3802  0.2515 0.6413 0.8459 0.3430 0.6763 -0.0020 1.6735 -1.0349  0.1806 -0.6576  3.8405 -3.7372  1.3179
5.00  5500 0.7190 0.4166 0.4012  0.2449 0.6725 0.8690 0.3612 0.6906 -0.0021 1.6744 -0.9497  0.1134 -0.6592  3.8465 -3.6584  1.2534
5.00  6000 0.7350 0.4249 0.4114  0.2539 0.6823 0.8878 0.3678 0.7060 -0.0022 1.5589 -0.6493 -0.0595 -0.5172  3.2633 -2.7747  0.8350
5.00  6500 0.7349 0.4432 0.3870  0.2847 0.6386 0.8776 0.3434 0.7072 -0.0021 1.3826 -0.3449 -0.2001 -0.2811  2.3088 -1.5000  0.2860
5.00  7000 0.7147 0.4486 0.3530  0.2966 0.5930 0.8446 0.3130 0.6873 -0.0021 1.3506 -0.4088 -0.1314 -0.0321  1.4563 -0.5407 -0.0760
5.00  7500 0.6787 0.4325 0.3266  0.2769 0.5699 0.7994 0.2916 0.6501 -0.0022 1.4554 -0.7711  0.0913  0.1830  0.8522 -0.0189 -0.2253
5.00  8000 0.6345 0.4028 0.3074  0.2378 0.5626 0.7491 0.2776 0.6038 -0.0023 1.6178 -1.2521  0.3712  0.3860  0.3461  0.3338 -0.2962
5.00  8500 0.5861 0.3654 0.2928  0.1860 0.5674 0.6964 0.2680 0.5524 -0.0026 1.8345 -1.8428  0.7058  0.5989 -0.1389  0.6181 -0.3298
5.00  9000 0.5423 0.3318 0.2793  0.1402 0.5704 0.6483 0.2586 0.5060 -0.0027 2.0204 -2.3569  0.9979  0.7885 -0.5779  0.8832 -0.3657
5.00  9500 0.5072 0.2988 0.2766  0.0972 0.5816 0.6126 0.2576 0.4690 -0.0029 2.1367 -2.6797  1.1756  0.9063 -0.8495  1.0443 -0.3916
5.00 10000 0.4935 0.2868 0.2742  0.0840 0.5808 0.5979 0.2556 0.4549 -0.0029 2.1438 -2.7294  1.2049  0.9461 -0.9737  1.1583 -0.4312
5.00 10500 0.4870 0.2809 0.2734  0.0788 0.5789 0.5911 0.2547 0.4484 -0.0029 2.1265 -2.7090  1.1947  0.9520 -1.0104  1.2028 -0.4516
5.00 11000 0.4807 0.2740 0.2743  0.0724 0.5791 0.5851 0.2553 0.4423 -0.0029 2.1071 -2.6793  1.1777  0.9476 -1.0152  1.2144 -0.4610
5.00 11500 0.4739 0.2650 0.2771  0.0629 0.5829 0.5793 0.2577 0.4354 -0.0029 2.0962 -2.6635  1.1662  0.9383 -0.9956  1.1921 -0.4564
5.00 12000 0.4666 0.2555 0.2800  0.0525 0.5873 0.5730 0.2602 0.4280 -0.0029 2.0911 -2.6607  1.1618  0.9312 -0.9774  1.1659 -0.4485
5.00 12500 0.4592 0.2468 0.2818  0.0434 0.5899 0.5663 0.2618 0.4206 -0.0029 2.0844 -2.6573  1.1582  0.9242 -0.9610  1.1405 -0.4400
5.00 13000 0.4523 0.2391 0.2828  0.0354 0.5912 0.5597 0.2627 0.4135 -0.0029 2.0765 -2.6528  1.1548  0.9196 -0.9536  1.1258 -0.4354
5.00 13500 0.4456 0.2321 0.2833  0.0284 0.5917 0.5532 0.2631 0.4069 -0.0029 2.0683 -2.6484  1.1519  0.9170 -0.9533  1.1197 -0.4338
5.00 14000 0.4393 0.2257 0.2833  0.0223 0.5915 0.5470 0.2631 0.4007 -0.0029 2.0588 -2.6413  1.1480  0.9140 -0.9528  1.1143 -0.4325
5.00 14500 0.4332 0.2203 0.2826  0.0181 0.5888 0.5406 0.2623 0.3949 -0.0029 2.0399 -2.6168  1.1355  0.8993 -0.9232  1.0784 -0.4196
5.00 15000 0.4278 0.2144 0.2831  0.0116 0.5902 0.5353 0.2628 0.3893 -0.0029 2.0387 -2.6242  1.1390  0.9069 -0.9495  1.1023 -0.4293
5.00 15500 0.4224 0.2092 0.2829  0.0069 0.5894 0.5299 0.2626 0.3840 -0.0029 2.0290 -2.6156  1.1345  0.9029 -0.9461  1.0945 -0.4268
5.00 16000 0.4173 0.2044 0.2825  0.0028 0.5879 0.5245 0.2621 0.3791 -0.0029 2.0163 -2.6010  1.1271  0.8916 -0.9215  1.0626 -0.4147
5.00 16500 0.4126 0.1994 0.2828 -0.0026 0.5888 0.5199 0.2625 0.3742 -0.0029 2.0147 -2.6067  1.1298  0.8981 -0.9444  1.0836 -0.4232
5.00 17000 0.4078 0.1949 0.2825 -0.0065 0.5876 0.5151 0.2621 0.3696 -0.0029 2.0042 -2.5954  1.1240  0.8871 -0.9190  1.0500 -0.4101
5.00 20000 0.3844 0.1691 0.2857 -0.0359 0.5961 0.4929 0.2651 0.3456 -0.0029 2.0172 -2.6629  1.1573  0.9109 -0.9843  1.0801 -0.4179
5.00 25000 0.3612 0.1326 0.3033 -0.0879 0.6369 0.4758 0.2810 0.3196 -0.0031 2.1569 -2.9572  1.2992  0.9448 -0.9562  0.9250 -0.3345
5.00 30000 0.3313 0.0938 0.3152 -0.1318 0.6568 0.4503 0.2918 0.2893 -0.0031 2.1891 -3.0558  1.3408  0.8385 -0.5738  0.3898 -0.1093
5.25  4000 0.5701 0.2107 0.4768 -0.0880 0.9335 0.7534 0.4441 0.5150 -0.0042 2.8158 -3.4445  1.3898  0.7490  0.3478 -0.3668  0.0945
5.25  4250 0.5691 0.2052 0.4828 -0.1019 0.9518 0.7538 0.4485 0.5128 -0.0043 2.9338 -3.6772  1.5099  0.7397  0.4966 -0.6379  0.2308
5.25  4500 0.5875 0.2478 0.4507 -0.0201 0.8617 0.7591 0.4164 0.5393 -0.0036 2.5943 -3.0145  1.1829  0.3354  1.4890 -1.6361  0.6029
5.25  4750 0.6218 0.3049 0.4204  0.0743 0.7765 0.7809 0.3854 0.5815 -0.0030 2.2922 -2.3912  0.8754 -0.0611  2.4936 -2.6424  0.9811
5.25  5000 0.6627 0.3631 0.3975  0.1592 0.7142 0.8125 0.3625 0.6277 -0.0026 2.0751 -1.9125  0.6389 -0.2860  3.0176 -3.0880  1.1336
5.25  5250 0.6915 0.3935 0.3954  0.2085 0.6851 0.8396 0.3577 0.6607 -0.0023 1.8834 -1.4583  0.3949 -0.5622  3.7359 -3.7684  1.3671
5.25  5500 0.7089 0.3967 0.4142  0.2072 0.7116 0.8640 0.3743 0.6772 -0.0024 1.8693 -1.3437  0.3139 -0.5670  3.7375 -3.6734  1.2943
5.25  6000 0.7237 0.3989 0.4310  0.2080 0.7315 0.8845 0.3875 0.6913 -0.0024 1.7692 -1.0601  0.1434 -0.4736  3.3298 -3.0062  0.9625
5.25  6500 0.7238 0.4113 0.4146  0.2326 0.6967 0.8775 0.3701 0.6927 -0.0023 1.5755 -0.6987 -0.0360 -0.2933  2.5419 -1.9038  0.4712
5.25  7000 0.7077 0.4202 0.3814  0.2530 0.6450 0.8485 0.3392 0.6778 -0.0023 1.4660 -0.5902 -0.0615 -0.0735  1.7081 -0.8922  0.0656
5.25  7500 0.6770 0.4149 0.3477  0.2511 0.6040 0.8056 0.3104 0.6471 -0.0023 1.4906 -0.7932  0.0822  0.1403  1.0282 -0.2166 -0.1605
5.25  8000 0.6377 0.3977 0.3185  0.2317 0.5758 0.7562 0.2867 0.6069 -0.0023 1.5862 -1.1506  0.3051  0.3455  0.4477  0.2692 -0.2924
5.25  8500 0.5939 0.3719 0.2945  0.1985 0.5608 0.7045 0.2683 0.5613 -0.0025 1.7412 -1.6274  0.5874  0.5543 -0.0852  0.6502 -0.3711
5.25  9000 0.5507 0.3436 0.2747  0.1605 0.5534 0.6546 0.2534 0.5159 -0.0026 1.9157 -2.1332  0.8813  0.7520 -0.5620  0.9567 -0.4191
5.25  9500 0.5120 0.3108 0.2671  0.1174 0.5597 0.6137 0.2485 0.4752 -0.0028 2.0582 -2.5308  1.1044  0.8841 -0.8549  1.1020 -0.4244
5.25 10000 0.4896 0.2885 0.2668  0.0902 0.5665 0.5914 0.2489 0.4518 -0.0029 2.1037 -2.6731  1.1817  0.9442 -1.0076  1.2068 -0.4511
5.25 10500 0.4815 0.2818 0.2650  0.0842 0.5634 0.5825 0.2472 0.4437 -0.0028 2.0884 -2.6629  1.1781  0.9554 -1.0598  1.2630 -0.4741
5.25 11000 0.4755 0.2758 0.2650  0.0795 0.5617 0.5765 0.2470 0.4380 -0.0028 2.0635 -2.6235  1.1567  0.9457 -1.0528  1.2628 -0.4788
5.25 11500 0.4694 0.2675 0.2679  0.0701 0.5664 0.5714 0.2495 0.4317 -0.0028 2.0584 -2.6181  1.1509  0.9488 -1.0681  1.2809 -0.4900
5.25 12000 0.4626 0.2585 0.2708  0.0606 0.5702 0.5656 0.2519 0.4248 -0.0029 2.0489 -2.6048  1.1408  0.9364 -1.0365  1.2428 -0.4784
5.25 12500 0.4557 0.2498 0.2731  0.0513 0.5736 0.5595 0.2539 0.4178 -0.0029 2.0428 -2.6006  1.1362  0.9282 -1.0158  1.2136 -0.4690
5.25 13000 0.4489 0.2419 0.2747  0.0428 0.5760 0.5534 0.2554 0.4110 -0.0029 2.0373 -2.5992  1.1338  0.9235 -1.0057  1.1957 -0.4632
5.25 13500 0.4424 0.2347 0.2756  0.0355 0.5772 0.5472 0.2562 0.4045 -0.0029 2.0300 -2.5950  1.1307  0.9190 -0.9980  1.1811 -0.4585
5.25 14000 0.4363 0.2282 0.2761  0.0290 0.5777 0.5412 0.2566 0.3984 -0.0029 2.0219 -2.5897  1.1273  0.9153 -0.9939  1.1712 -0.4554
5.25 14500 0.4305 0.2222 0.2763  0.0231 0.5777 0.5355 0.2567 0.3926 -0.0029 2.0134 -2.5834  1.1236  0.9118 -0.9912  1.1634 -0.4532
5.25 15000 0.4250 0.2166 0.2763  0.0179 0.5773 0.5300 0.2567 0.3871 -0.0029 2.0038 -2.5748  1.1190  0.9071 -0.9852  1.1526 -0.4497
5.25 15500 0.4198 0.2113 0.2765  0.0126 0.5774 0.5249 0.2569 0.3820 -0.0029 1.9970 -2.5711  1.1168  0.9049 -0.9845  1.1469 -0.4479
5.25 16000 0.4147 0.2064 0.2764  0.0082 0.5767 0.5198 0.2567 0.3770 -0.0028 1.9867 -2.5604  1.1111  0.8979 -0.9720  1.1294 -0.4417
5.25 16500 0.4099 0.2016 0.2764  0.0037 0.5762 0.5150 0.2567 0.3723 -0.0028 1.9787 -2.5536  1.1074  0.8925 -0.9621  1.1138 -0.4360
5.25 17000 0.4041 0.1999 0.2709  0.0102 0.5587 0.5069 0.2511 0.3683 -0.0027 1.8995 -2.4151  1.0379  0.7875 -0.6952  0.8207 -0.3239
5.25 20000 0.3821 0.1706 0.2806 -0.0314 0.5864 0.4887 0.2606 0.3438 -0.0029 1.9901 -2.6244  1.1416  0.9146 -1.0235  1.1337 -0.4400
5.25 25000 0.3582 0.1330 0.2988 -0.0851 0.6287 0.4712 0.2769 0.3170 -0.0031 2.1338 -2.9271  1.2875  0.9546 -1.0116  0.9954 -0.3633
5.25 30000 0.3280 0.0948 0.3094 -0.1270 0.6454 0.4449 0.2864 0.2867 -0.0031 2.1548 -3.0061  1.3197  0.8364 -0.6014  0.4310 -0.1268
5.50  4000 0.5676 0.2123 0.4714 -0.0674 0.9006 0.7471 0.4354 0.5175 -0.0038 2.6777 -3.1761  1.2498  0.3017  1.6835 -1.9362  0.7280
5.50  4250 0.5642 0.1949 0.4899 -0.1144 0.9625 0.7503 0.4530 0.5081 -0.0042 2.9806 -3.7667  1.5513  0.6043  0.9892 -1.2834  0.5062
5.50  4500 0.5783 0.2270 0.4661 -0.0533 0.8959 0.7551 0.4297 0.5282 -0.0038 2.7271 -3.2702  1.3060  0.3126  1.6972 -1.9859  0.7655
5.50  4750 0.6076 0.2752 0.4411  0.0261 0.8248 0.7740 0.4041 0.5640 -0.0033 2.4686 -2.7351  1.0411 -0.0120  2.5082 -2.7845  1.0619
5.50  5000 0.6462 0.3292 0.4207  0.1028 0.7708 0.8045 0.3839 0.6071 -0.0029 2.2906 -2.3365  0.8455 -0.1944  2.9311 -3.1352  1.1816
5.50  5250 0.6788 0.3683 0.4120  0.1617 0.7335 0.8333 0.3740 0.6439 -0.0026 2.1039 -1.9014  0.6184 -0.4126  3.4634 -3.5968  1.3319
5.50  5500 0.6990 0.3771 0.4270  0.1696 0.7509 0.8591 0.3872 0.6638 -0.0026 2.0612 -1.7312  0.5111 -0.4455  3.5290 -3.5617  1.2814
5.50  6000 0.7139 0.3771 0.4469  0.1689 0.7731 0.8812 0.4036 0.6783 -0.0027 1.9553 -1.4274  0.3266 -0.4124  3.3143 -3.1222  1.0398
5.50  6500 0.7136 0.3831 0.4385  0.1856 0.7489 0.8767 0.3934 0.6793 -0.0026 1.7631 -1.0493  0.1301 -0.2918  2.7246 -2.2483  0.6348
5.50  7000 0.7008 0.3920 0.4098  0.2087 0.6980 0.8525 0.3657 0.6683 -0.0025 1.5947 -0.7993  0.0234 -0.1145  1.9721 -1.2699  0.2214
5.50  7500 0.6753 0.3943 0.3729  0.2206 0.6450 0.8132 0.3329 0.6439 -0.0024 1.5385 -0.8312  0.0776  0.0875  1.2501 -0.4716 -0.0738
5.50  8000 0.6412 0.3883 0.3356  0.2192 0.5985 0.7658 0.3012 0.6100 -0.0024 1.5642 -1.0528  0.2350  0.2923  0.6010  0.1483 -0.2705
5.50  8500 0.6017 0.3735 0.3028  0.2035 0.5648 0.7149 0.2745 0.5698 -0.0024 1.6589 -1.4180  0.4656  0.4976  0.0195  0.6265 -0.3948
5.50  9000 0.5590 0.3517 0.2750  0.1756 0.5438 0.6627 0.2524 0.5256 -0.0025 1.8136 -1.9020  0.7557  0.7049 -0.5090  0.9944 -0.4632
5.50  9500 0.5223 0.3282 0.2575  0.1455 0.5344 0.6202 0.2389 0.4874 -0.0026 1.9470 -2.3023  0.9901  0.8491 -0.8508  1.1868 -0.4782
5.50 10000 0.4904 0.2951 0.2591  0.1027 0.5498 0.5892 0.2417 0.4536 -0.0028 2.0499 -2.5795  1.1388  0.9281 -1.0081  1.2338 -0.4660
5.50 10500 0.4780 0.2835 0.2581  0.0902 0.5501 0.5765 0.2410 0.4410 -0.0028 2.0518 -2.6117  1.1572  0.9500 -1.0784  1.2918 -0.4856
5.50 11000 0.4719 0.2776 0.2577  0.0852 0.5485 0.5702 0.2405 0.4350 -0.0028 2.0324 -2.5849  1.1431  0.9498 -1.0974  1.3180 -0.4994
5.50 11500 0.4657 0.2707 0.2587  0.0789 0.5487 0.5643 0.2412 0.4290 -0.0028 2.0132 -2.5552  1.1260  0.9417 -1.0898  1.3145 -0.5025
5.50 12000 0.4595 0.2622 0.2617  0.0696 0.5530 0.5592 0.2438 0.4227 -0.0028 2.0054 -2.5440  1.1169  0.9332 -1.0695  1.2905 -0.4968
5.50 12500 0.4529 0.2536 0.2643  0.0604 0.5567 0.5535 0.2460 0.4160 -0.0028 1.9985 -2.5367  1.1103  0.9234 -1.0443  1.2578 -0.4866
5.50 13000 0.4464 0.2455 0.2665  0.0515 0.5601 0.5478 0.2480 0.4094 -0.0028 1.9948 -2.5369  1.1083  0.9182 -1.0308  1.2362 -0.4796
5.50 13500 0.4401 0.2381 0.2679  0.0437 0.5622 0.5420 0.2492 0.4030 -0.0028 1.9890 -2.5344  1.1055  0.9127 -1.0185  1.2161 -0.4729
5.50 14000 0.4340 0.2314 0.2688  0.0368 0.5634 0.5363 0.2500 0.3970 -0.0028 1.9826 -2.5312  1.1029  0.9079 -1.0087  1.1990 -0.4669
5.50 14500 0.4284 0.2253 0.2695  0.0306 0.5642 0.5309 0.2505 0.3913 -0.0028 1.9758 -2.5272  1.1001  0.9047 -1.0053  1.1903 -0.4644
5.50 15000 0.4229 0.2196 0.2697  0.0252 0.5641 0.5255 0.2507 0.3859 -0.0028 1.9664 -2.5185  1.0951  0.8988 -0.9951  1.1747 -0.4591
5.50 15500 0.4178 0.2142 0.2701  0.0197 0.5646 0.5205 0.2510 0.3808 -0.0028 1.9605 -2.5156  1.0931  0.8958 -0.9910  1.1650 -0.4558
5.50 16000 0.4129 0.2092 0.2702  0.0151 0.5642 0.5156 0.2511 0.3759 -0.0028 1.9513 -2.5064  1.0880  0.8890 -0.9779  1.1465 -0.4493
5.50 16500 0.4082 0.2041 0.2708  0.0098 0.5651 0.5112 0.2515 0.3713 -0.0028 1.9478 -2.5074  1.0880  0.8879 -0.9780  1.1413 -0.4475
5.50 17000 0.4037 0.1993 0.2711  0.0050 0.5655 0.5068 0.2518 0.3668 -0.0028 1.9428 -2.5055  1.0867  0.8844 -0.9714  1.1287 -0.4428
5.50 20000 0.3807 0.1725 0.2761 -0.0264 0.5774 0.4856 0.2565 0.3428 -0.0029 1.9638 -2.5845  1.1244  0.9102 -1.0354  1.1557 -0.4496
5.50 25000 0.3563 0.1339 0.2951 -0.0821 0.6218 0.4680 0.2737 0.3155 -0.0030 2.1137 -2.8985  1.2756  0.9580 -1.0430  1.0381 -0.3811
5.50 30000 0.3255 0.0959 0.3046 -0.1226 0.6356 0.4406 0.2821 0.2848 -0.0030 2.1234 -2.9582  1.2984  0.8277 -0.6039  0.4430 -0.1329
5.75  4000 0.5687 0.2109 0.4748 -0.0662 0.9006 0.7485 0.4368 0.5198 -0.0037 2.6786 -3.1665  1.2412  0.1309  2.2472 -2.6286  1.0148
5.75  4250 0.5615 0.1883 0.4951 -0.1223 0.9699 0.7485 0.4560 0.5056 -0.0042 3.0141 -3.8289  1.5799  0.4960  1.3798 -1.7908  0.7221
5.75  4500 0.5716 0.2106 0.4790 -0.0809 0.9255 0.7526 0.4406 0.5197 -0.0039 2.8453 -3.4973  1.4162  0.3101  1.8236 -2.2231  0.8800
5.75  4750 0.5957 0.2517 0.4563 -0.0123 0.8623 0.7675 0.4180 0.5494 -0.0034 2.6105 -3.0163  1.1782  0.0522  2.4386 -2.8020  1.0880
5.75  5000 0.6303 0.2980 0.4409  0.0517 0.8206 0.7960 0.4027 0.5875 -0.0032 2.4746 -2.7009  1.0228 -0.0936  2.7829 -3.0853  1.1845
5.75  5250 0.6645 0.3432 0.4262  0.1186 0.7743 0.8242 0.3877 0.6261 -0.0028 2.2850 -2.2721  0.8051 -0.2962  3.2611 -3.4893  1.3173
5.75  5500 0.6883 0.3610 0.4343  0.1396 0.7783 0.8513 0.3947 0.6505 -0.0028 2.2148 -2.0549  0.6793 -0.3347  3.3178 -3.4304  1.2581
5.75  6000 0.7056 0.3621 0.4556  0.1413 0.8003 0.8764 0.4127 0.6676 -0.0028 2.0984 -1.7207  0.4769 -0.3499  3.2514 -3.1586  1.0820
5.75  6500 0.7040 0.3617 0.4541  0.1490 0.7872 0.8736 0.4092 0.6671 -0.0028 1.9288 -1.3741  0.2905 -0.2752  2.8358 -2.5052  0.7665
5.75  7000 0.6922 0.3658 0.4331  0.1664 0.7458 0.8531 0.3882 0.6571 -0.0026 1.7480 -1.0765  0.1503 -0.1433  2.2203 -1.6654  0.3981
5.75  7500 0.6704 0.3704 0.3981  0.1839 0.6901 0.8180 0.3561 0.6369 -0.0025 1.6340 -0.9750  0.1303  0.0346  1.5200 -0.8328  0.0704
5.75  8000 0.6408 0.3714 0.3574  0.1947 0.6327 0.7734 0.3205 0.6084 -0.0025 1.5951 -1.0616  0.2179  0.2319  0.8311 -0.1088 -0.1831
5.75  8500 0.6058 0.3666 0.3173  0.1954 0.5820 0.7241 0.2865 0.5738 -0.0024 1.6219 -1.2948  0.3844  0.4359  0.1855  0.4965 -0.3695
5.75  9000 0.5667 0.3542 0.2820  0.1824 0.5451 0.6726 0.2573 0.5342 -0.0025 1.7247 -1.6823  0.6297  0.6454 -0.4021  0.9699 -0.4865
5.75  9500 0.5307 0.3389 0.2545  0.1644 0.5196 0.6271 0.2350 0.4973 -0.0025 1.8400 -2.0694  0.8670  0.8115 -0.8339  1.2651 -0.5363
5.75 10000 0.4970 0.3096 0.2486  0.1264 0.5257 0.5917 0.2316 0.4619 -0.0026 1.9638 -2.4134  1.0593  0.9036 -1.0138  1.2998 -0.5034
5.75 10500 0.4768 0.2876 0.2509  0.0993 0.5354 0.5725 0.2343 0.4407 -0.0027 2.0079 -2.5415  1.1264  0.9375 -1.0812  1.3108 -0.4949
5.75 11000 0.4691 0.2806 0.2500  0.0930 0.5334 0.5645 0.2334 0.4331 -0.0027 1.9923 -2.5274  1.1196  0.9393 -1.1026  1.3321 -0.5046
5.75 11500 0.4634 0.2742 0.2510  0.0871 0.5337 0.5591 0.2341 0.4275 -0.0027 1.9739 -2.4982  1.1028  0.9315 -1.0953  1.3293 -0.5080
5.75 12000 0.4574 0.2664 0.2534  0.0790 0.5367 0.5540 0.2362 0.4215 -0.0027 1.9626 -2.4808  1.0910  0.9227 -1.0778  1.3106 -0.5046
5.75 12500 0.4511 0.2581 0.2561  0.0701 0.5404 0.5486 0.2385 0.4151 -0.0027 1.9549 -2.4710  1.0829  0.9125 -1.0517  1.2785 -0.4950
5.75 13000 0.4448 0.2499 0.2585  0.0612 0.5440 0.5432 0.2406 0.4087 -0.0027 1.9503 -2.4681  1.0790  0.9041 -1.0289  1.2470 -0.4845
5.75 13500 0.4386 0.2423 0.2604  0.0531 0.5468 0.5377 0.2422 0.4024 -0.0027 1.9454 -2.4662  1.0761  0.8964 -1.0083  1.2172 -0.4741
5.75 14000 0.4326 0.2354 0.2617  0.0459 0.5485 0.5322 0.2434 0.3965 -0.0027 1.9395 -2.4628  1.0729  0.8891 -0.9900  1.1905 -0.4645
5.75 14500 0.4259 0.2315 0.2578  0.0478 0.5362 0.5239 0.2396 0.3909 -0.0026 1.8768 -2.3563  1.0191  0.8248 -0.8408  1.0327 -0.4071
5.75 15000 0.4217 0.2232 0.2632  0.0337 0.5503 0.5218 0.2447 0.3856 -0.0027 1.9252 -2.4517  1.0654  0.8751 -0.9584  1.1443 -0.4480
5.75 15500 0.4166 0.2178 0.2637  0.0284 0.5506 0.5169 0.2451 0.3805 -0.0027 1.9176 -2.4453  1.0614  0.8687 -0.9448  1.1244 -0.4409
5.75 16000 0.4118 0.2125 0.2643  0.0231 0.5513 0.5123 0.2455 0.3757 -0.0027 1.9119 -2.4419  1.0589  0.8641 -0.9355  1.1090 -0.4354
5.75 16500 0.4071 0.2077 0.2646  0.0185 0.5512 0.5077 0.2457 0.3711 -0.0027 1.9033 -2.4331  1.0539  0.8560 -0.9174  1.0845 -0.4264
5.75 17000 0.4027 0.2025 0.2656  0.0126 0.5534 0.5037 0.2467 0.3666 -0.0027 1.9052 -2.4434  1.0585  0.8597 -0.9276  1.0893 -0.4282
5.75 20000 0.3800 0.1749 0.2721 -0.0208 0.5684 0.4833 0.2527 0.3428 -0.0028 1.9353 -2.5370  1.1027  0.8925 -1.0054  1.1303 -0.4406
5.75 25000 0.3552 0.1353 0.2918 -0.0778 0.6142 0.4656 0.2705 0.3150 -0.0030 2.0881 -2.8558  1.2558  0.9421 -1.0163  1.0155 -0.3734
5.75 30000 0.3237 0.0971 0.3007 -0.1180 0.6265 0.4373 0.2783 0.2837 -0.0030 2.0922 -2.9070  1.2746  0.8071 -0.5672  0.4093 -0.1210
6.00  4000 0.5713 0.2111 0.4779 -0.0641 0.9012 0.7514 0.4380 0.5233 -0.0036 2.6823 -3.1609  1.2350 -0.0072  2.7062 -3.1907  1.2476
6.00  4250 0.5607 0.1846 0.4990 -0.1271 0.9755 0.7484 0.4582 0.5051 -0.0041 3.0402 -3.8748  1.6008  0.4159  1.6697 -2.1658  0.8816
6.00  4500 0.5671 0.1974 0.4904 -0.1045 0.9526 0.7516 0.4502 0.5134 -0.0040 2.9569 -3.7100  1.5201  0.3273  1.8783 -2.3649  0.9540
6.00  4750 0.5859 0.2330 0.4681 -0.0433 0.8924 0.7619 0.4288 0.5373 -0.0036 2.7271 -3.2494  1.2927  0.1213  2.3275 -2.7510  1.0830
6.00  5000 0.6161 0.2713 0.4574  0.0083 0.8621 0.7878 0.4181 0.5701 -0.0034 2.6271 -3.0056  1.1713  0.0045  2.6123 -2.9872  1.1636
6.00  5250 0.6495 0.3176 0.4404  0.0753 0.8145 0.8146 0.4013 0.6077 -0.0031 2.4533 -2.6175  0.9780 -0.1667  3.0026 -3.3024  1.2663
6.00  5500 0.6767 0.3432 0.4424  0.1077 0.8071 0.8428 0.4030 0.6361 -0.0030 2.3643 -2.3699  0.8418 -0.2156  3.0749 -3.2560  1.2147
6.00  6000 0.6979 0.3490 0.4629  0.1170 0.8240 0.8718 0.4205 0.6579 -0.0030 2.2254 -1.9827  0.6115 -0.2866  3.1697 -3.1603  1.1071
6.00  6500 0.6960 0.3448 0.4660  0.1194 0.8179 0.8705 0.4213 0.6569 -0.0029 2.0689 -1.6520  0.4292 -0.2513  2.8969 -2.6846  0.8638
6.00  7000 0.6839 0.3430 0.4524  0.1287 0.7875 0.8526 0.4070 0.6463 -0.0028 1.8995 -1.3596  0.2844 -0.1575  2.4186 -2.0069  0.5568
6.00  7500 0.6646 0.3455 0.4233  0.1448 0.7373 0.8218 0.3797 0.6288 -0.0027 1.7541 -1.1722  0.2120 -0.0136  1.7989 -1.2281  0.2355
6.00  8000 0.6392 0.3505 0.3830  0.1632 0.6752 0.7814 0.3436 0.6052 -0.0026 1.6571 -1.1276  0.2280  0.1663  1.1093 -0.4445 -0.0594
6.00  8500 0.6089 0.3536 0.3387  0.1772 0.6122 0.7349 0.3049 0.5762 -0.0025 1.6178 -1.2241  0.3247  0.3637  0.4194  0.2704 -0.3043
6.00  9000 0.5745 0.3510 0.2965  0.1802 0.5593 0.6854 0.2690 0.5422 -0.0024 1.6570 -1.4873  0.5095  0.5712 -0.2252  0.8599 -0.4783
6.00  9500 0.5389 0.3425 0.2605  0.1725 0.5197 0.6371 0.2391 0.5063 -0.0025 1.7503 -1.8497  0.7418  0.7599 -0.7537  1.2730 -0.5723
6.00 10000 0.5088 0.3268 0.2414  0.1535 0.5038 0.6005 0.2240 0.4754 -0.0025 1.8513 -2.1727  0.9359  0.8666 -1.0040  1.3881 -0.5626
6.00 10500 0.4805 0.2967 0.2438  0.1147 0.5189 0.5735 0.2274 0.4455 -0.0026 1.9489 -2.4291  1.0725  0.9175 -1.0743  1.3410 -0.5141
6.00 11000 0.4684 0.2843 0.2442  0.1009 0.5213 0.5616 0.2280 0.4332 -0.0027 1.9565 -2.4690  1.0938  0.9253 -1.0926  1.3333 -0.5064
6.00 11500 0.4621 0.2779 0.2444  0.0952 0.5204 0.5554 0.2281 0.4271 -0.0026 1.9381 -2.4434  1.0797  0.9188 -1.0894  1.3321 -0.5092
6.00 12000 0.4565 0.2708 0.2463  0.0882 0.5223 0.5504 0.2297 0.4215 -0.0026 1.9233 -2.4193  1.0647  0.9074 -1.0668  1.3095 -0.5045
6.00 12500 0.4504 0.2627 0.2490  0.0795 0.5260 0.5453 0.2320 0.4153 -0.0026 1.9156 -2.4088  1.0563  0.8981 -1.0436  1.2815 -0.4967
6.00 13000 0.4443 0.2546 0.2516  0.0707 0.5299 0.5401 0.2343 0.4091 -0.0027 1.9106 -2.4045  1.0514  0.8888 -1.0180  1.2478 -0.4856
6.00 13500 0.4382 0.2469 0.2539  0.0623 0.5332 0.5349 0.2362 0.4029 -0.0027 1.9067 -2.4031  1.0484  0.8803 -0.9941  1.2143 -0.4739
6.00 14000 0.4324 0.2397 0.2556  0.0546 0.5358 0.5296 0.2377 0.3970 -0.0027 1.9026 -2.4023  1.0463  0.8727 -0.9730  1.1837 -0.4629
6.00 14500 0.4268 0.2332 0.2569  0.0477 0.5377 0.5246 0.2389 0.3914 -0.0027 1.8978 -2.4005  1.0439  0.8658 -0.9551  1.1573 -0.4533
6.00 15000 0.4215 0.2271 0.2579  0.0415 0.5389 0.5196 0.2397 0.3861 -0.0027 1.8916 -2.3960  1.0405  0.8585 -0.9372  1.1317 -0.4441
6.00 15500 0.4165 0.2214 0.2588  0.0357 0.5400 0.5149 0.2404 0.3811 -0.0027 1.8862 -2.3928  1.0379  0.8527 -0.9235  1.1110 -0.4366
6.00 16000 0.4117 0.2160 0.2596  0.0302 0.5411 0.5104 0.2411 0.3763 -0.0027 1.8810 -2.3900  1.0356  0.8474 -0.9114  1.0922 -0.4299
6.00 16500 0.4071 0.2108 0.2605  0.0246 0.5425 0.5061 0.2419 0.3717 -0.0027 1.8783 -2.3915  1.0355  0.8448 -0.9054  1.0799 -0.4254
6.00 17000 0.4027 0.2057 0.2614  0.0191 0.5441 0.5021 0.2428 0.3672 -0.0027 1.8765 -2.3945  1.0362  0.8428 -0.9007  1.0688 -0.4213
6.00 20000 0.3801 0.1772 0.2692 -0.0162 0.5621 0.4824 0.2500 0.3434 -0.0028 1.9153 -2.5022  1.0868  0.8812 -0.9884  1.1189 -0.4372
6.00 25000 0.3552 0.1360 0.2909 -0.0768 0.6128 0.4653 0.2697 0.3150 -0.0030 2.0854 -2.8527  1.2550  0.9510 -1.0484  1.0553 -0.3896
6.00 30000 0.3227 0.0980 0.2981 -0.1150 0.6208 0.4353 0.2760 0.2830 -0.0030 2.0721 -2.8740  1.2593  0.7970 -0.5540  0.4009 -0.1189
6.25  4000 0.5749 0.2125 0.4808 -0.0614 0.9026 0.7553 0.4392 0.5276 -0.0035 2.6898 -3.1614  1.2324 -0.1157  3.0710 -3.6367  1.4324
6.25  4250 0.5614 0.1831 0.5019 -0.1293 0.9797 0.7496 0.4598 0.5060 -0.0041 3.0595 -3.9058  1.6146  0.3570  1.8831 -2.4387  0.9972
6.25  4500 0.5642 0.1868 0.5008 -0.1261 0.9791 0.7521 0.4590 0.5086 -0.0041 3.0707 -3.9263  1.6269  0.3758  1.8324 -2.3820  0.9770
6.25  4750 0.5781 0.2184 0.4771 -0.0679 0.9161 0.7574 0.4372 0.5275 -0.0037 2.8185 -3.4330  1.3833  0.1888  2.1964 -2.6572  1.0568
6.25  5000 0.6037 0.2506 0.4684 -0.0247 0.8912 0.7796 0.4285 0.5554 -0.0036 2.7333 -3.2244  1.2789  0.0969  2.4140 -2.8262  1.1114
6.25  5250 0.6346 0.2912 0.4555  0.0321 0.8546 0.8054 0.4157 0.5895 -0.0033 2.6064 -2.9287  1.1316 -0.0469  2.7608 -3.1213  1.2126
6.25  5500 0.6639 0.3242 0.4507  0.0751 0.8352 0.8332 0.4113 0.6206 -0.0032 2.5029 -2.6642  0.9930 -0.1010  2.8356 -3.0790  1.1676
6.25  6000 0.6906 0.3388 0.4668  0.0977 0.8409 0.8661 0.4249 0.6489 -0.0031 2.3307 -2.2075  0.7295 -0.2173  3.0466 -3.1003  1.1051
6.25  6500 0.6895 0.3322 0.4741  0.0969 0.8406 0.8674 0.4298 0.6486 -0.0031 2.1829 -1.8824  0.5459 -0.2238  2.9205 -2.8022  0.9330
6.25  7000 0.6769 0.3248 0.4670  0.0981 0.8209 0.8514 0.4216 0.6371 -0.0030 2.0338 -1.6163  0.4088 -0.1616  2.5662 -2.2802  0.6883
6.25  7500 0.6583 0.3226 0.4453  0.1077 0.7810 0.8242 0.4007 0.6202 -0.0029 1.8870 -1.4053  0.3162 -0.0504  2.0530 -1.6123  0.4033
6.25  8000 0.6356 0.3269 0.4095  0.1264 0.7222 0.7878 0.3679 0.5995 -0.0027 1.7577 -1.2762  0.2821  0.1049  1.4120 -0.8451  0.1007
6.25  8500 0.6097 0.3346 0.3650  0.1488 0.6536 0.7454 0.3283 0.5756 -0.0026 1.6603 -1.2427  0.3085  0.2874  0.7134 -0.0619 -0.1884
6.25  9000 0.5802 0.3401 0.3186  0.1654 0.5883 0.6991 0.2879 0.5475 -0.0025 1.6302 -1.3618  0.4193  0.4867  0.0266  0.6380 -0.4222
6.25  9500 0.5470 0.3396 0.2752  0.1704 0.5341 0.6502 0.2508 0.5147 -0.0024 1.6810 -1.6500  0.6190  0.6909 -0.5957  1.1891 -0.5758
6.25 10000 0.5195 0.3348 0.2451  0.1676 0.4992 0.6121 0.2257 0.4874 -0.0024 1.7486 -1.9263  0.7988  0.8197 -0.9524  1.4419 -0.6187
6.25 10500 0.4905 0.3117 0.2371  0.1380 0.5000 0.5807 0.2205 0.4570 -0.0025 1.8597 -2.2396  0.9765  0.8882 -1.0670  1.4103 -0.5595
6.25 11000 0.4705 0.2897 0.2399  0.1104 0.5107 0.5620 0.2238 0.4361 -0.0026 1.9162 -2.3920  1.0564  0.9079 -1.0755  1.3389 -0.5137
6.25 11500 0.4625 0.2818 0.2397  0.1027 0.5102 0.5539 0.2237 0.4281 -0.0026 1.9071 -2.3900  1.0554  0.9028 -1.0677  1.3197 -0.5057
6.25 12000 0.4566 0.2750 0.2409  0.0963 0.5110 0.5484 0.2246 0.4223 -0.0026 1.8914 -2.3664  1.0415  0.8925 -1.0494  1.3009 -0.5019
6.25 12500 0.4510 0.2671 0.2440  0.0874 0.5156 0.5440 0.2273 0.4166 -0.0026 1.8873 -2.3617  1.0358  0.8855 -1.0306  1.2771 -0.4955
6.25 13000 0.4449 0.2592 0.2463  0.0792 0.5186 0.5387 0.2293 0.4104 -0.0026 1.8783 -2.3496  1.0270  0.8728 -0.9976  1.2368 -0.4823
6.25 13500 0.4388 0.2515 0.2486  0.0709 0.5219 0.5335 0.2313 0.4044 -0.0026 1.8728 -2.3448  1.0221  0.8621 -0.9678  1.1977 -0.4688
6.25 14000 0.4330 0.2441 0.2507  0.0629 0.5250 0.5284 0.2331 0.3984 -0.0026 1.8700 -2.3455  1.0204  0.8540 -0.9440  1.1637 -0.4564
6.25 14500 0.4277 0.2370 0.2529  0.0546 0.5291 0.5239 0.2351 0.3929 -0.0026 1.8730 -2.3572  1.0245  0.8521 -0.9348  1.1442 -0.4491
6.25 15000 0.4222 0.2310 0.2536  0.0491 0.5292 0.5186 0.2356 0.3875 -0.0026 1.8613 -2.3427  1.0159  0.8390 -0.9034  1.1051 -0.4350
6.25 15500 0.4172 0.2251 0.2548  0.0428 0.5311 0.5141 0.2367 0.3825 -0.0026 1.8579 -2.3427  1.0147  0.8338 -0.8895  1.0834 -0.4271
6.25 16000 0.4123 0.2197 0.2555  0.0375 0.5315 0.5094 0.2372 0.3776 -0.0026 1.8493 -2.3334  1.0090  0.8243 -0.8668  1.0537 -0.4164
6.25 16500 0.4078 0.2141 0.2571  0.0309 0.5347 0.5055 0.2387 0.3730 -0.0026 1.8528 -2.3458  1.0142  0.8265 -0.8706  1.0505 -0.4152
6.25 17000 0.4034 0.2089 0.2581  0.0252 0.5365 0.5015 0.2396 0.3685 -0.0026 1.8514 -2.3492  1.0150  0.8244 -0.8651  1.0384 -0.4107
6.25 20000 0.3810 0.1794 0.2675 -0.0124 0.5579 0.4826 0.2483 0.3445 -0.0027 1.9010 -2.4753  1.0739  0.8701 -0.9660  1.1001 -0.4308
6.25 25000 0.3557 0.1370 0.2901 -0.0751 0.6109 0.4655 0.2690 0.3156 -0.0030 2.0782 -2.8388  1.2483  0.9456 -1.0376  1.0469 -0.3870
6.25 30000 0.3219 0.0988 0.2960 -0.1117 0.6151 0.4337 0.2738 0.2827 -0.0029 2.0499 -2.8349  1.2403  0.7733 -0.4980  0.3424 -0.0969
6.50  4000 0.5793 0.2148 0.4836 -0.0587 0.9050 0.7602 0.4407 0.5324 -0.0034 2.7014 -3.1690  1.2336 -0.1976  3.3526 -3.9811  1.5754
6.50  4250 0.5639 0.1827 0.5058 -0.1322 0.9873 0.7531 0.4627 0.5081 -0.0041 3.0916 -3.9576  1.6389  0.3382  1.9770 -2.5673  1.0537
6.50  4500 0.5604 0.1858 0.4969 -0.1164 0.9600 0.7452 0.4524 0.5076 -0.0038 2.9960 -3.7886  1.5562  0.1282  2.5736 -3.2618  1.3345
6.50  4750 0.5724 0.2065 0.4854 -0.0887 0.9376 0.7547 0.4449 0.5202 -0.0039 2.9016 -3.5966  1.4636  0.2455  2.0927 -2.5879  1.0391
6.50  5000 0.5934 0.2339 0.4769 -0.0511 0.9142 0.7725 0.4366 0.5432 -0.0037 2.8192 -3.4028  1.3671  0.1715  2.2540 -2.6980  1.0704
6.50  5250 0.6205 0.2684 0.4672 -0.0040 0.8858 0.7957 0.4269 0.5728 -0.0035 2.7213 -3.1673  1.2492  0.0558  2.5373 -2.9379  1.1526
6.50  5500 0.6501 0.3037 0.4595  0.0418 0.8627 0.8227 0.4199 0.6043 -0.0034 2.6265 -2.9281  1.1273  0.0061  2.6065 -2.9031  1.1168
6.50  6000 0.6830 0.3295 0.4691  0.0806 0.8545 0.8595 0.4277 0.6397 -0.0032 2.4246 -2.4134  0.8388 -0.1456  2.9046 -3.0119  1.0906
6.50  6500 0.6842 0.3233 0.4788  0.0806 0.8562 0.8641 0.4349 0.6420 -0.0032 2.2722 -2.0675  0.6416 -0.1921  2.9053 -2.8571  0.9739
6.50  7000 0.6711 0.3118 0.4767  0.0751 0.8452 0.8496 0.4315 0.6297 -0.0031 2.1455 -1.8362  0.5183 -0.1539  2.6527 -2.4687  0.7845
6.50  7500 0.6521 0.3035 0.4625  0.0758 0.8175 0.8248 0.4174 0.6119 -0.0030 2.0182 -1.6472  0.4302 -0.0700  2.2487 -1.9347  0.5512
6.50  8000 0.6309 0.3036 0.4342  0.0888 0.7688 0.7927 0.3911 0.5925 -0.0029 1.8815 -1.4799  0.3677  0.0538  1.7043 -1.2589  0.2747
6.50  8500 0.6078 0.3112 0.3936  0.1124 0.7027 0.7544 0.3543 0.5717 -0.0027 1.7512 -1.3619  0.3444  0.2144  1.0446 -0.4806 -0.0265
6.50  9000 0.5829 0.3214 0.3470  0.1378 0.6313 0.7122 0.3129 0.5489 -0.0026 1.6591 -1.3428  0.3807  0.3977  0.3486  0.2915 -0.3071
6.50  9500 0.5539 0.3288 0.2987  0.1558 0.5647 0.6656 0.2709 0.5212 -0.0025 1.6479 -1.5052  0.5170  0.6040 -0.3423  0.9766 -0.5275
6.50 10000 0.5270 0.3311 0.2599  0.1642 0.5146 0.6246 0.2376 0.4949 -0.0024 1.6841 -1.7379  0.6819  0.7627 -0.8292  1.3963 -0.6371
6.50 10500 0.5035 0.3241 0.2380  0.1574 0.4909 0.5935 0.2198 0.4713 -0.0024 1.7551 -1.9918  0.8413  0.8453 -1.0302  1.4817 -0.6205
6.50 11000 0.4779 0.2996 0.2366  0.1258 0.4994 0.5679 0.2201 0.4445 -0.0025 1.8530 -2.2533  0.9845  0.8843 -1.0607  1.3803 -0.5447
6.50 11500 0.4646 0.2858 0.2373  0.1096 0.5035 0.5551 0.2212 0.4308 -0.0026 1.8776 -2.3303  1.0255  0.8846 -1.0374  1.3048 -0.5043
6.50 12000 0.4580 0.2788 0.2378  0.1030 0.5035 0.5486 0.2216 0.4243 -0.0026 1.8664 -2.3196  1.0192  0.8741 -1.0138  1.2722 -0.4923
6.50 12500 0.4521 0.2715 0.2396  0.0956 0.5056 0.5434 0.2232 0.4184 -0.0025 1.8548 -2.3030  1.0084  0.8627 -0.9880  1.2422 -0.4836
6.50 13000 0.4463 0.2638 0.2422  0.0875 0.5089 0.5385 0.2254 0.4126 -0.0026 1.8465 -2.2911  0.9994  0.8496 -0.9531  1.2002 -0.4699
6.50 13500 0.4403 0.2559 0.2447  0.0789 0.5126 0.5335 0.2275 0.4065 -0.0026 1.8424 -2.2884  0.9954  0.8399 -0.9251  1.1629 -0.4570
6.50 14000 0.4345 0.2484 0.2470  0.0706 0.5162 0.5285 0.2296 0.4006 -0.0026 1.8406 -2.2907  0.9944  0.8317 -0.9001  1.1271 -0.4440
6.50 14500 0.4290 0.2413 0.2490  0.0627 0.5195 0.5237 0.2314 0.3949 -0.0026 1.8396 -2.2949  0.9946  0.8251 -0.8791  1.0954 -0.4322
6.50 15000 0.4237 0.2348 0.2506  0.0556 0.5221 0.5190 0.2328 0.3896 -0.0026 1.8373 -2.2971  0.9941  0.8190 -0.8612  1.0682 -0.4221
6.50 15500 0.4186 0.2285 0.2522  0.0488 0.5245 0.5145 0.2341 0.3844 -0.0026 1.8355 -2.2998  0.9941  0.8140 -0.8468  1.0451 -0.4135
6.50 16000 0.4139 0.2227 0.2537  0.0422 0.5271 0.5103 0.2355 0.3796 -0.0026 1.8354 -2.3057  0.9958  0.8116 -0.8389  1.0293 -0.4077
6.50 16500 0.4092 0.2172 0.2548  0.0363 0.5289 0.5061 0.2365 0.3749 -0.0026 1.8327 -2.3066  0.9952  0.8076 -0.8283  1.0117 -0.4013
6.50 17000 0.4049 0.2117 0.2564  0.0299 0.5319 0.5023 0.2379 0.3704 -0.0026 1.8356 -2.3178  0.9997  0.8088 -0.8293  1.0056 -0.3989
6.50 20000 0.3823 0.1813 0.2667 -0.0093 0.5555 0.4836 0.2475 0.3461 -0.0027 1.8913 -2.4541  1.0632  0.8577 -0.9350  1.0704 -0.4201
6.50 25000 0.3566 0.1378 0.2902 -0.0740 0.6107 0.4664 0.2691 0.3165 -0.0030 2.0760 -2.8320  1.2444  0.9395 -1.0198  1.0287 -0.3803
6.50 30000 0.3217 0.0991 0.2953 -0.1107 0.6133 0.4331 0.2732 0.2826 -0.0029 2.0429 -2.8228  1.2344  0.7689 -0.4906  0.3367 -0.0952
6.75  4000 0.5843 0.2176 0.4865 -0.0562 0.9085 0.7656 0.4423 0.5376 -0.0034 2.7181 -3.1859  1.2400 -0.2548  3.5577 -4.2331  1.6806
6.75  4250 0.5665 0.1864 0.5044 -0.1227 0.9776 0.7545 0.4599 0.5123 -0.0040 3.0512 -3.8714  1.5935  0.2009  2.3892 -3.0458  1.2461
6.75  4500 0.5606 0.1794 0.5058 -0.1368 0.9893 0.7490 0.4613 0.5048 -0.0041 3.1222 -4.0282  1.6771  0.3162  2.0802 -2.7288  1.1303
6.75  4750 0.5686 0.1977 0.4920 -0.1045 0.9546 0.7534 0.4511 0.5150 -0.0040 2.9662 -3.7220  1.5250  0.2929  2.0009 -2.5183  1.0184
6.75  5000 0.5847 0.2212 0.4822 -0.0704 0.9292 0.7659 0.4418 0.5331 -0.0038 2.8740 -3.5215  1.4261  0.2330  2.1064 -2.5642  1.0232
6.75  5250 0.6083 0.2490 0.4766 -0.0339 0.9109 0.7871 0.4359 0.5585 -0.0037 2.8123 -3.3583  1.3432  0.1348  2.3682 -2.8044  1.1102
6.75  5500 0.6359 0.2828 0.4684  0.0093 0.8887 0.8118 0.4285 0.5878 -0.0036 2.7326 -3.1558  1.2418  0.1000  2.4032 -2.7451  1.0689
6.75  6000 0.6746 0.3200 0.4705  0.0637 0.8664 0.8517 0.4296 0.6298 -0.0033 2.5121 -2.6098  0.9438 -0.0716  2.7481 -2.9041  1.0677
6.75  6500 0.6796 0.3158 0.4827  0.0665 0.8695 0.8611 0.4393 0.6362 -0.0033 2.3515 -2.2327  0.7272 -0.1648  2.8945 -2.9098  1.0122
6.75  7000 0.6669 0.3025 0.4835  0.0585 0.8630 0.8483 0.4385 0.6243 -0.0032 2.2319 -2.0075  0.6044 -0.1456  2.7116 -2.6057  0.8561
6.75  7500 0.6473 0.2890 0.4754  0.0508 0.8461 0.8252 0.4301 0.6054 -0.0032 2.1296 -1.8561  0.5305 -0.0809  2.3962 -2.1885  0.6704
6.75  8000 0.6258 0.2831 0.4546  0.0549 0.8097 0.7955 0.4105 0.5852 -0.0030 2.0125 -1.7109  0.4726  0.0206  1.9446 -1.6263  0.4370
6.75  8500 0.6044 0.2869 0.4211  0.0734 0.7531 0.7614 0.3799 0.5659 -0.0029 1.8740 -1.5535  0.4207  0.1520  1.3731 -0.9289  0.1579
6.75  9000 0.5826 0.2975 0.3782  0.1007 0.6834 0.7236 0.3412 0.5465 -0.0027 1.7439 -1.4392  0.4017  0.3123  0.7149 -0.1560 -0.1383
6.75  9500 0.5583 0.3098 0.3297  0.1277 0.6108 0.6814 0.2981 0.5243 -0.0026 1.6695 -1.4605  0.4617  0.5047  0.0064  0.6135 -0.4111
6.75 10000 0.5326 0.3185 0.2840  0.1467 0.5474 0.6389 0.2583 0.4999 -0.0025 1.6617 -1.6167  0.5921  0.6879 -0.6050  1.2100 -0.5975
6.75 10500 0.5132 0.3226 0.2529  0.1567 0.5056 0.6083 0.2316 0.4812 -0.0024 1.6836 -1.7839  0.7138  0.7887 -0.9154  1.4572 -0.6501
6.75 11000 0.4900 0.3104 0.2384  0.1423 0.4933 0.5803 0.2203 0.4577 -0.0025 1.7659 -2.0417  0.8681  0.8472 -1.0255  1.4394 -0.5969
6.75 11500 0.4701 0.2910 0.2376  0.1178 0.4997 0.5605 0.2209 0.4369 -0.0025 1.8367 -2.2328  0.9724  0.8629 -1.0066  1.3130 -0.5198
6.75 12000 0.4606 0.2818 0.2372  0.1079 0.5003 0.5509 0.2209 0.4273 -0.0025 1.8464 -2.2739  0.9950  0.8538 -0.9670  1.2346 -0.4815
6.75 12500 0.4544 0.2749 0.2382  0.1011 0.5012 0.5451 0.2217 0.4211 -0.0025 1.8367 -2.2639  0.9886  0.8418 -0.9373  1.1953 -0.4672
6.75 13000 0.4484 0.2673 0.2403  0.0932 0.5039 0.5399 0.2235 0.4151 -0.0025 1.8284 -2.2537  0.9810  0.8308 -0.9092  1.1603 -0.4557
6.75 13500 0.4427 0.2597 0.2429  0.0849 0.5076 0.5351 0.2257 0.4094 -0.0025 1.8236 -2.2489  0.9758  0.8190 -0.8749  1.1163 -0.4404
6.75 14000 0.4369 0.2520 0.2453  0.0764 0.5113 0.5302 0.2279 0.4034 -0.0025 1.8219 -2.2512  0.9747  0.8102 -0.8475  1.0776 -0.4262
6.75 14500 0.4312 0.2447 0.2474  0.0683 0.5148 0.5253 0.2297 0.3976 -0.0025 1.8211 -2.2560  0.9752  0.8037 -0.8270  1.0463 -0.4146
6.75 15000 0.4259 0.2380 0.2492  0.0608 0.5178 0.5206 0.2314 0.3922 -0.0025 1.8203 -2.2606  0.9758  0.7980 -0.8092  1.0185 -0.4042
6.75 15500 0.4207 0.2316 0.2509  0.0537 0.5206 0.5161 0.2328 0.3869 -0.0026 1.8197 -2.2658  0.9770  0.7937 -0.7956  0.9956 -0.3956
6.75 16000 0.4159 0.2256 0.2524  0.0470 0.5232 0.5118 0.2342 0.3820 -0.0026 1.8195 -2.2714  0.9784  0.7907 -0.7859  0.9777 -0.3889
6.75 16500 0.4113 0.2198 0.2540  0.0404 0.5261 0.5078 0.2356 0.3772 -0.0026 1.8209 -2.2798  0.9814  0.7897 -0.7814  0.9654 -0.3843
6.75 17000 0.4069 0.2142 0.2556  0.0338 0.5292 0.5039 0.2371 0.3726 -0.0026 1.8238 -2.2909  0.9858  0.7907 -0.7815  0.9580 -0.3815
6.75 20000 0.3842 0.1827 0.2673 -0.0079 0.5561 0.4857 0.2480 0.3480 -0.0027 1.8915 -2.4491  1.0598  0.8499 -0.9089  1.0432 -0.4098
6.75 25000 0.3578 0.1383 0.2913 -0.0739 0.6124 0.4680 0.2700 0.3177 -0.0030 2.0802 -2.8354  1.2452  0.9349 -1.0003  1.0060 -0.3713
6.75 30000 0.3215 0.0995 0.2944 -0.1089 0.6104 0.4326 0.2723 0.2827 -0.0029 2.0304 -2.7991  1.2225  0.7481 -0.4345  0.2747 -0.0711
7.00  4000 0.5896 0.2207 0.4895 -0.0544 0.9134 0.7716 0.4442 0.5428 -0.0034 2.7405 -3.2140  1.2522 -0.2865  3.6838 -4.3899  1.7469
7.00  4250 0.5712 0.1879 0.5086 -0.1251 0.9877 0.7607 0.4636 0.5163 -0.0040 3.0922 -3.9363  1.6245  0.2277  2.3415 -2.9997  1.2303
7.00  4500 0.5625 0.1759 0.5129 -0.1512 1.0123 0.7539 0.4687 0.5043 -0.0043 3.2197 -4.2093  1.7682  0.4669  1.6809 -2.2900  0.9604
7.00  4750 0.5667 0.1905 0.4991 -0.1186 0.9721 0.7541 0.4576 0.5119 -0.0041 3.0336 -3.8481  1.5862  0.3309  1.9429 -2.4876  1.0136
7.00  5000 0.5778 0.2112 0.4863 -0.0854 0.9406 0.7606 0.4459 0.5252 -0.0039 2.9141 -3.6089  1.4694  0.2773  2.0004 -2.4695  0.9898
7.00  5250 0.5975 0.2350 0.4809 -0.0538 0.9238 0.7781 0.4402 0.5466 -0.0038 2.8561 -3.4608  1.3945  0.2002  2.1960 -2.6374  1.0479
7.00  5500 0.6223 0.2634 0.4762 -0.0198 0.9107 0.8013 0.4360 0.5724 -0.0037 2.8155 -3.3366  1.3319  0.1775  2.2302 -2.6064  1.0245
7.00  6000 0.6648 0.3091 0.4719  0.0455 0.8784 0.8426 0.4315 0.6186 -0.0034 2.5972 -2.8037  1.0474  0.0040  2.5840 -2.7872  1.0405
7.00  6500 0.6750 0.3114 0.4824  0.0579 0.8753 0.8566 0.4396 0.6308 -0.0033 2.4105 -2.3659  0.7997 -0.1214  2.8107 -2.8650  1.0097
7.00  7000 0.6640 0.2975 0.4863  0.0485 0.8730 0.8466 0.4417 0.6204 -0.0033 2.2954 -2.1389  0.6728 -0.1282  2.7180 -2.6658  0.8946
7.00  7500 0.6438 0.2796 0.4832  0.0337 0.8653 0.8249 0.4381 0.6006 -0.0033 2.2175 -2.0264  0.6149 -0.0794  2.4790 -2.3525  0.7521
7.00  8000 0.6216 0.2667 0.4708  0.0269 0.8435 0.7978 0.4262 0.5792 -0.0032 2.1295 -1.9215  0.5705 -0.0028  2.1387 -1.9329  0.5753
7.00  8500 0.5999 0.2644 0.4452  0.0360 0.7998 0.7664 0.4026 0.5591 -0.0031 2.0116 -1.7872  0.5233  0.1061  1.6620 -1.3513  0.3399
7.00  9000 0.5800 0.2717 0.4091  0.0592 0.7388 0.7328 0.3697 0.5415 -0.0029 1.8705 -1.6282  0.4733  0.2375  1.0879 -0.6523  0.0626
7.00  9500 0.5594 0.2846 0.3645  0.0886 0.6677 0.6955 0.3295 0.5232 -0.0027 1.7521 -1.5401  0.4701  0.4046  0.4190  0.1223 -0.2295
7.00 10000 0.5363 0.2982 0.3158  0.1164 0.5955 0.6543 0.2863 0.5020 -0.0026 1.6904 -1.5863  0.5438  0.5959 -0.2732  0.8624 -0.4867
7.00 10500 0.5178 0.3077 0.2787  0.1355 0.5422 0.6221 0.2538 0.4849 -0.0025 1.6732 -1.6857  0.6348  0.7216 -0.7044  1.2794 -0.6130
7.00 11000 0.5015 0.3107 0.2532  0.1433 0.5081 0.5968 0.2321 0.4693 -0.0024 1.6976 -1.8367  0.7422  0.7890 -0.9023  1.4055 -0.6223
7.00 11500 0.4801 0.2970 0.2430  0.1266 0.5015 0.5721 0.2246 0.4474 -0.0025 1.7760 -2.0713  0.8795  0.8292 -0.9562  1.3359 -0.5544
7.00 12000 0.4652 0.2839 0.2406  0.1108 0.5027 0.5567 0.2234 0.4321 -0.0025 1.8230 -2.2064  0.9550  0.8308 -0.9145  1.2074 -0.4816
7.00 12500 0.4575 0.2768 0.2397  0.1036 0.5019 0.5487 0.2229 0.4244 -0.0025 1.8278 -2.2352  0.9715  0.8197 -0.8732  1.1331 -0.4460
7.00 13000 0.4514 0.2700 0.2407  0.0968 0.5029 0.5430 0.2237 0.4184 -0.0025 1.8197 -2.2281  0.9667  0.8084 -0.8440  1.0936 -0.4312
7.00 13500 0.4454 0.2624 0.2428  0.0888 0.5059 0.5378 0.2255 0.4123 -0.0025 1.8141 -2.2235  0.9621  0.7985 -0.8171  1.0578 -0.4188
7.00 14000 0.4398 0.2549 0.2453  0.0805 0.5096 0.5330 0.2277 0.4066 -0.0025 1.8118 -2.2242  0.9600  0.7880 -0.7846  1.0136 -0.4025
7.00 14500 0.4341 0.2475 0.2475  0.0722 0.5132 0.5281 0.2296 0.4007 -0.0025 1.8117 -2.2301  0.9611  0.7819 -0.7648  0.9828 -0.3911
7.00 15000 0.4286 0.2405 0.2494  0.0643 0.5166 0.5233 0.2314 0.3951 -0.0025 1.8124 -2.2380  0.9633  0.7773 -0.7487  0.9559 -0.3808
7.00 15500 0.4234 0.2340 0.2512  0.0569 0.5198 0.5188 0.2330 0.3898 -0.0025 1.8134 -2.2461  0.9659  0.7743 -0.7379  0.9355 -0.3730
7.00 16000 0.4189 0.2271 0.2544  0.0477 0.5265 0.5155 0.2359 0.3849 -0.0026 1.8298 -2.2815  0.9820  0.7816 -0.7456  0.9300 -0.3695
7.00 16500 0.4138 0.2219 0.2545  0.0431 0.5258 0.5104 0.2360 0.3799 -0.0026 1.8164 -2.2639  0.9723  0.7723 -0.7283  0.9094 -0.3632
7.00 17000 0.4093 0.2161 0.2564  0.0360 0.5296 0.5067 0.2377 0.3752 -0.0026 1.8223 -2.2805  0.9794  0.7755 -0.7330  0.9060 -0.3616
7.00 20000 0.3864 0.1837 0.2688 -0.0074 0.5584 0.4884 0.2493 0.3501 -0.0027 1.8973 -2.4527  1.0603  0.8425 -0.8788  1.0093 -0.3966
7.00 25000 0.3591 0.1389 0.2921 -0.0732 0.6132 0.4696 0.2707 0.3191 -0.0030 2.0801 -2.8303  1.2417  0.9239 -0.9643  0.9662 -0.3561
7.00 30000 0.3215 0.0997 0.2942 -0.1081 0.6093 0.4325 0.2720 0.2829 -0.0029 2.0246 -2.7876  1.2164  0.7362 -0.4011  0.2374 -0.0566
7.25  4000 0.5950 0.2237 0.4925 -0.0534 0.9197 0.7778 0.4465 0.5480 -0.0034 2.7695 -3.2552  1.2715 -0.2978  3.7506 -4.4788  1.7864
7.25  4250 0.5764 0.1903 0.5124 -0.1265 0.9971 0.7673 0.4671 0.5208 -0.0041 3.1306 -3.9955  1.6528  0.2581  2.2802 -2.9350  1.2065
7.25  4500 0.5652 0.1750 0.5177 -0.1592 1.0274 0.7586 0.4737 0.5054 -0.0044 3.2816 -4.3202  1.8234  0.5623  1.4289 -2.0097  0.8511
7.25  4750 0.5666 0.1845 0.5069 -0.1323 0.9913 0.7567 0.4645 0.5104 -0.0041 3.1109 -3.9892  1.6549  0.3670  1.9017 -2.4812  1.0202
7.25  5000 0.5727 0.2034 0.4899 -0.0969 0.9496 0.7569 0.4493 0.5194 -0.0039 2.9440 -3.6728  1.5005  0.3057  1.9367 -2.4166  0.9718
7.25  5250 0.5886 0.2234 0.4845 -0.0698 0.9339 0.7706 0.4438 0.5368 -0.0038 2.8904 -3.5417  1.4347  0.2395  2.1012 -2.5575  1.0206
7.25  5500 0.6101 0.2467 0.4822 -0.0435 0.9272 0.7914 0.4418 0.5588 -0.0038 2.8741 -3.4687  1.3975  0.2337  2.1039 -2.5082  0.9933
7.25  6000 0.6539 0.2965 0.4742  0.0254 0.8915 0.8325 0.4341 0.6062 -0.0036 2.6795 -2.9923  1.1473  0.0779  2.4227 -2.6721  1.0126
7.25  6500 0.6699 0.3062 0.4826  0.0479 0.8822 0.8517 0.4403 0.6248 -0.0034 2.4729 -2.5062  0.8755 -0.0802  2.7371 -2.8356  1.0142
7.25  7000 0.6618 0.2942 0.4876  0.0415 0.8797 0.8450 0.4435 0.6176 -0.0033 2.3455 -2.2444  0.7286 -0.1114  2.7127 -2.7023  0.9214
7.25  7500 0.6419 0.2741 0.4879  0.0230 0.8778 0.8250 0.4430 0.5978 -0.0033 2.2806 -2.1496  0.6769 -0.0758  2.5303 -2.4609  0.8080
7.25  8000 0.6185 0.2557 0.4814  0.0072 0.8671 0.7990 0.4366 0.5747 -0.0033 2.2242 -2.0977  0.6554 -0.0109  2.2601 -2.1425  0.6742
7.25  8500 0.5961 0.2460 0.4645  0.0047 0.8388 0.7701 0.4210 0.5532 -0.0032 2.1389 -2.0105  0.6250  0.0746  1.8929 -1.7038  0.4959
7.25  9000 0.5760 0.2472 0.4363  0.0184 0.7908 0.7394 0.3953 0.5349 -0.0031 2.0174 -1.8723  0.5783  0.1822  1.4170 -1.1235  0.2632
7.25  9500 0.5573 0.2568 0.3987  0.0438 0.7284 0.7065 0.3611 0.5185 -0.0029 1.8865 -1.7359  0.5420  0.3196  0.8334 -0.4226 -0.0107
7.25 10000 0.5374 0.2717 0.3526  0.0751 0.6558 0.6692 0.3194 0.5009 -0.0028 1.7779 -1.6708  0.5529  0.4951  0.1467  0.3634 -0.3032
7.25 10500 0.5193 0.2846 0.3114  0.1007 0.5938 0.6358 0.2828 0.4846 -0.0026 1.7212 -1.6974  0.6084  0.6414 -0.3923  0.9381 -0.5006
7.25 11000 0.5066 0.2941 0.2819  0.1188 0.5500 0.6122 0.2570 0.4732 -0.0025 1.7001 -1.7567  0.6701  0.7186 -0.6679  1.1963 -0.5726
7.25 11500 0.4910 0.2949 0.2602  0.1233 0.5216 0.5889 0.2387 0.4582 -0.0025 1.7287 -1.9053  0.7724  0.7715 -0.8134  1.2649 -0.5618
7.25 12000 0.4732 0.2842 0.2507  0.1108 0.5140 0.5680 0.2316 0.4400 -0.0025 1.7891 -2.0932  0.8836  0.7974 -0.8382  1.1833 -0.4953
7.25 12500 0.4617 0.2760 0.2462  0.1018 0.5103 0.5551 0.2283 0.4284 -0.0025 1.8217 -2.1969  0.9443  0.7948 -0.7973  1.0692 -0.4302
7.25 13000 0.4547 0.2704 0.2445  0.0966 0.5080 0.5476 0.2270 0.4216 -0.0025 1.8231 -2.2186  0.9578  0.7853 -0.7644  1.0081 -0.4001
7.25 13500 0.4488 0.2639 0.2452  0.0900 0.5088 0.5419 0.2275 0.4157 -0.0025 1.8171 -2.2168  0.9561  0.7763 -0.7408  0.9730 -0.3863
7.25 14000 0.4428 0.2567 0.2469  0.0823 0.5114 0.5366 0.2291 0.4097 -0.0025 1.8130 -2.2160  0.9539  0.7681 -0.7179  0.9401 -0.3742
7.25 14500 0.4374 0.2495 0.2492  0.0742 0.5152 0.5321 0.2311 0.4041 -0.0025 1.8133 -2.2221  0.9549  0.7615 -0.6958  0.9069 -0.3619
7.25 15000 0.4318 0.2424 0.2512  0.0661 0.5188 0.5272 0.2329 0.3984 -0.0025 1.8149 -2.2318  0.9582  0.7581 -0.6831  0.8833 -0.3528
7.25 15500 0.4266 0.2356 0.2533  0.0581 0.5227 0.5227 0.2348 0.3929 -0.0025 1.8192 -2.2462  0.9639  0.7577 -0.6773  0.8671 -0.3463
7.25 16000 0.4213 0.2297 0.2542  0.0519 0.5239 0.5178 0.2356 0.3876 -0.0025 1.8135 -2.2430  0.9613  0.7535 -0.6695  0.8534 -0.3418
7.25 16500 0.4165 0.2233 0.2563  0.0442 0.5282 0.5138 0.2375 0.3826 -0.0026 1.8204 -2.2620  0.9695  0.7568 -0.6732  0.8478 -0.3392
7.25 17000 0.4121 0.2173 0.2585  0.0366 0.5326 0.5102 0.2395 0.3779 -0.0026 1.8291 -2.2837  0.9791  0.7623 -0.6826  0.8485 -0.3390
7.25 20000 0.3887 0.1844 0.2710 -0.0077 0.5623 0.4915 0.2513 0.3523 -0.0027 1.9078 -2.4641  1.0643  0.8367 -0.8491  0.9739 -0.3825
7.25 25000 0.3610 0.1386 0.2950 -0.0756 0.6193 0.4725 0.2733 0.3205 -0.0030 2.1008 -2.8622  1.2561  0.9293 -0.9612  0.9562 -0.3508
7.25 30000 0.3217 0.0996 0.2946 -0.1082 0.6098 0.4329 0.2724 0.2831 -0.0029 2.0255 -2.7879  1.2162  0.7303 -0.3809  0.2130 -0.0468
7.50  4000 0.6004 0.2268 0.4958 -0.0534 0.9274 0.7843 0.4491 0.5529 -0.0034 2.8050 -3.3096  1.2977 -0.2844  3.7420 -4.4781  1.7894
7.50  4250 0.5822 0.1935 0.5158 -0.1269 1.0058 0.7744 0.4703 0.5258 -0.0041 3.1664 -4.0493  1.6785  0.2933  2.2000 -2.8441  1.1713
7.50  4500 0.5686 0.1764 0.5204 -0.1614 1.0355 0.7632 0.4765 0.5081 -0.0045 3.3145 -4.3745  1.8501  0.6132  1.2940 -1.8548  0.7898
7.50  4750 0.5671 0.1780 0.5163 -0.1498 1.0169 0.7602 0.4726 0.5088 -0.0043 3.2241 -4.1997  1.7596  0.4426  1.7658 -2.3813  0.9943
7.50  5000 0.5695 0.1978 0.4931 -0.1054 0.9572 0.7549 0.4524 0.5156 -0.0040 2.9676 -3.7203  1.5229  0.3204  1.9117 -2.4035  0.9688
7.50  5250 0.5816 0.2144 0.4872 -0.0818 0.9410 0.7646 0.4464 0.5292 -0.0039 2.9138 -3.5981  1.4627  0.2603  2.0559 -2.5283  1.0125
7.50  5500 0.5997 0.2331 0.4863 -0.0621 0.9386 0.7825 0.4458 0.5473 -0.0039 2.9134 -3.5617  1.4438  0.2710  2.0203 -2.4481  0.9751
7.50  6000 0.6419 0.2823 0.4771  0.0039 0.9050 0.8216 0.4371 0.5928 -0.0037 2.7544 -3.1659  1.2385  0.1487  2.2643 -2.5548  0.9813
7.50  6500 0.6639 0.3009 0.4816  0.0383 0.8874 0.8454 0.4400 0.6179 -0.0034 2.5319 -2.6443  0.9513 -0.0302  2.6313 -2.7683  1.0035
7.50  7000 0.6598 0.2918 0.4883  0.0360 0.8848 0.8435 0.4446 0.6151 -0.0034 2.3890 -2.3375  0.7785 -0.0946  2.7008 -2.7264  0.9421
7.50  7500 0.6413 0.2717 0.4903  0.0173 0.8850 0.8254 0.4456 0.5966 -0.0033 2.3238 -2.2349  0.7208 -0.0710  2.5577 -2.5266  0.8436
7.50  8000 0.6172 0.2495 0.4879 -0.0049 0.8824 0.8003 0.4432 0.5724 -0.0034 2.2915 -2.2239  0.7172 -0.0138  2.3370 -2.2806  0.7411
7.50  8500 0.5933 0.2329 0.4782 -0.0183 0.8675 0.7727 0.4342 0.5487 -0.0033 2.2449 -2.2020  0.7151  0.0580  2.0538 -1.9637  0.6148
7.50  9000 0.5720 0.2264 0.4586 -0.0170 0.8354 0.7441 0.4164 0.5286 -0.0033 2.1603 -2.1207  0.6906  0.1444  1.6845 -1.5273  0.4409
7.50  9500 0.5538 0.2299 0.4298 -0.0008 0.7866 0.7149 0.3901 0.5122 -0.0031 2.0434 -1.9898  0.6485  0.2509  1.2167 -0.9588  0.2147
7.50 10000 0.5356 0.2421 0.3895  0.0272 0.7211 0.6815 0.3535 0.4963 -0.0030 1.9202 -1.8756  0.6269  0.4038  0.5898 -0.2164 -0.0713
7.50 10500 0.5182 0.2562 0.3476  0.0561 0.6554 0.6483 0.3157 0.4809 -0.0028 1.8275 -1.8274  0.6427  0.5576 -0.0099  0.4639 -0.3215
7.50 11000 0.5062 0.2675 0.3167  0.0778 0.6075 0.6248 0.2882 0.4705 -0.0027 1.7766 -1.8265  0.6731  0.6469 -0.3552  0.8318 -0.4457
7.50 11500 0.4965 0.2768 0.2915  0.0952 0.5692 0.6059 0.2662 0.4621 -0.0026 1.7547 -1.8665  0.7199  0.6959 -0.5385  0.9933 -0.4836
7.50 12000 0.4818 0.2767 0.2722  0.0985 0.5438 0.5844 0.2499 0.4480 -0.0026 1.7781 -1.9962  0.8096  0.7408 -0.6630  1.0480 -0.4715
7.50 12500 0.4674 0.2704 0.2614  0.0924 0.5319 0.5663 0.2412 0.4336 -0.0026 1.8189 -2.1395  0.8980  0.7602 -0.6860  0.9843 -0.4166
7.50 13000 0.4582 0.2665 0.2544  0.0892 0.5234 0.5548 0.2357 0.4246 -0.0025 1.8376 -2.2157  0.9463  0.7590 -0.6635  0.9033 -0.3663
7.50 13500 0.4520 0.2625 0.2513  0.0862 0.5188 0.5474 0.2331 0.4186 -0.0025 1.8355 -2.2324  0.9584  0.7535 -0.6474  0.8639 -0.3447
7.50 14000 0.4462 0.2569 0.2512  0.0808 0.5183 0.5416 0.2329 0.4129 -0.0025 1.8287 -2.2306  0.9576  0.7480 -0.6361  0.8431 -0.3360
7.50 14500 0.4405 0.2503 0.2523  0.0739 0.5200 0.5363 0.2339 0.4071 -0.0025 1.8243 -2.2303  0.9563  0.7440 -0.6271  0.8267 -0.3302
7.50 15000 0.4349 0.2434 0.2540  0.0662 0.5229 0.5313 0.2354 0.4013 -0.0025 1.8233 -2.2357  0.9575  0.7418 -0.6210  0.8125 -0.3253
7.50 15500 0.4297 0.2371 0.2554  0.0593 0.5253 0.5266 0.2366 0.3960 -0.0025 1.8218 -2.2399  0.9584  0.7384 -0.6111  0.7941 -0.3185
7.50 16000 0.4245 0.2305 0.2574  0.0513 0.5292 0.5221 0.2384 0.3906 -0.0026 1.8275 -2.2573  0.9659  0.7411 -0.6144  0.7878 -0.3157
7.50 16500 0.4196 0.2243 0.2592  0.0439 0.5330 0.5179 0.2401 0.3855 -0.0026 1.8327 -2.2737  0.9729  0.7450 -0.6220  0.7875 -0.3153
7.50 17000 0.4151 0.2181 0.2615  0.0359 0.5379 0.5143 0.2422 0.3807 -0.0026 1.8435 -2.2996  0.9847  0.7524 -0.6358  0.7922 -0.3165
7.50 20000 0.3913 0.1847 0.2741 -0.0094 0.5683 0.4953 0.2541 0.3546 -0.0028 1.9266 -2.4899  1.0752  0.8361 -0.8284  0.9457 -0.3707
7.50 25000 0.3627 0.1385 0.2974 -0.0773 0.6241 0.4752 0.2756 0.3220 -0.0030 2.1163 -2.8845  1.2657  0.9290 -0.9450  0.9331 -0.3409
7.50 30000 0.3218 0.0996 0.2948 -0.1080 0.6096 0.4331 0.2725 0.2833 -0.0029 2.0230 -2.7819  1.2127  0.7215 -0.3544  0.1828 -0.0350
7.75  4000 0.6058 0.2295 0.4992 -0.0547 0.9367 0.7907 0.4522 0.5574 -0.0035 2.8475 -3.3781  1.3314 -0.2486  3.6667 -4.3997  1.7613
7.75  4250 0.5881 0.1970 0.5188 -0.1266 1.0137 0.7814 0.4732 0.5309 -0.0042 3.1990 -4.0971  1.7015  0.3307  2.1094 -2.7384  1.1296
7.75  4500 0.5730 0.1788 0.5229 -0.1619 1.0423 0.7686 0.4791 0.5118 -0.0045 3.3416 -4.4153  1.8698  0.6518  1.1939 -1.7370  0.7426
7.75  4750 0.5679 0.1767 0.5189 -0.1535 1.0232 0.7614 0.4740 0.5093 -0.0043 3.2561 -4.2582  1.7886  0.4365  1.8178 -2.4645  1.0337
7.75  5000 0.5681 0.1937 0.4966 -0.1120 0.9646 0.7549 0.4557 0.5138 -0.0040 2.9897 -3.7601  1.5410  0.3243  1.9212 -2.4276  0.9802
7.75  5250 0.5754 0.2067 0.4891 -0.0916 0.9460 0.7592 0.4485 0.5226 -0.0039 2.9267 -3.6328  1.4795  0.2751  2.0203 -2.5024  1.0038
7.75  5500 0.5906 0.2231 0.4875 -0.0742 0.9429 0.7739 0.4471 0.5378 -0.0039 2.9249 -3.6017  1.4642  0.2967  1.9472 -2.3825  0.9512
7.75  6000 0.6296 0.2673 0.4807 -0.0179 0.9184 0.8106 0.4407 0.5791 -0.0037 2.8189 -3.3169  1.3167  0.2104  2.1258 -2.4525  0.9529
7.75  6500 0.6565 0.2938 0.4812  0.0263 0.8938 0.8379 0.4401 0.6095 -0.0035 2.5955 -2.7936  1.0327  0.0234  2.5184 -2.6974  0.9922
7.75  7000 0.6574 0.2903 0.4870  0.0322 0.8868 0.8407 0.4438 0.6122 -0.0034 2.4280 -2.4272  0.8284 -0.0672  2.6493 -2.7033  0.9445
7.75  7500 0.6413 0.2715 0.4906  0.0152 0.8881 0.8257 0.4463 0.5963 -0.0034 2.3537 -2.2963  0.7538 -0.0626  2.5599 -2.5535  0.8620
7.75  8000 0.6174 0.2472 0.4912 -0.0107 0.8909 0.8019 0.4466 0.5720 -0.0034 2.3344 -2.3042  0.7574 -0.0138  2.3800 -2.3611  0.7814
7.75  8500 0.5923 0.2250 0.4873 -0.0335 0.8876 0.7753 0.4431 0.5466 -0.0034 2.3211 -2.3393  0.7804  0.0477  2.1639 -2.1432  0.6979
7.75  9000 0.5693 0.2107 0.4758 -0.0446 0.8707 0.7481 0.4329 0.5240 -0.0034 2.2798 -2.3308  0.7872  0.1179  1.8913 -1.8463  0.5833
7.75  9500 0.5497 0.2069 0.4548 -0.0400 0.8364 0.7205 0.4138 0.5055 -0.0033 2.2004 -2.2609  0.7704  0.2078  1.5158 -1.4072  0.4112
7.75 10000 0.5322 0.2129 0.4236 -0.0212 0.7849 0.6912 0.3854 0.4898 -0.0032 2.0902 -2.1485  0.7407  0.3291  1.0057 -0.7961  0.1715
7.75 10500 0.5152 0.2256 0.3843  0.0067 0.7213 0.6594 0.3496 0.4750 -0.0030 1.9768 -2.0497  0.7265  0.4782  0.4013 -0.0848 -0.1004
7.75 11000 0.5026 0.2366 0.3530  0.0290 0.6718 0.6350 0.3214 0.4641 -0.0029 1.9064 -2.0103  0.7364  0.5797 -0.0038  0.3717 -0.2661
7.75 11500 0.4946 0.2464 0.3294  0.0474 0.6343 0.6183 0.3005 0.4575 -0.0028 1.8653 -2.0026  0.7559  0.6289 -0.2070  0.5816 -0.3317
7.75 12000 0.4862 0.2552 0.3064  0.0639 0.5989 0.6014 0.2803 0.4502 -0.0027 1.8427 -2.0331  0.7954  0.6668 -0.3545  0.7070 -0.3578
7.75 12500 0.4734 0.2564 0.2879  0.0692 0.5732 0.5820 0.2645 0.4381 -0.0027 1.8509 -2.1249  0.8636  0.7059 -0.4751  0.7758 -0.3571
7.75 13000 0.4620 0.2550 0.2747  0.0702 0.5558 0.5660 0.2535 0.4272 -0.0026 1.8699 -2.2224  0.9296  0.7240 -0.5157  0.7526 -0.3224
7.75 13500 0.4546 0.2547 0.2652  0.0723 0.5422 0.5552 0.2455 0.4202 -0.0026 1.8746 -2.2726  0.9664  0.7277 -0.5232  0.7176 -0.2920
7.75 14000 0.4490 0.2529 0.2602  0.0724 0.5342 0.5477 0.2411 0.4149 -0.0026 1.8659 -2.2793  0.9750  0.7279 -0.5327  0.7120 -0.2838
7.75 14500 0.4437 0.2488 0.2586  0.0691 0.5313 0.5418 0.2396 0.4098 -0.0026 1.8553 -2.2722  0.9728  0.7280 -0.5436  0.7193 -0.2862
7.75 15000 0.4383 0.2430 0.2590  0.0632 0.5320 0.5365 0.2399 0.4043 -0.0026 1.8497 -2.2706  0.9714  0.7289 -0.5520  0.7244 -0.2890
7.75 15500 0.4329 0.2368 0.2602  0.0563 0.5342 0.5316 0.2410 0.3988 -0.0026 1.8479 -2.2750  0.9727  0.7312 -0.5616  0.7297 -0.2919
7.75 16000 0.4279 0.2306 0.2617  0.0491 0.5372 0.5271 0.2424 0.3937 -0.0026 1.8505 -2.2870  0.9776  0.7332 -0.5655  0.7259 -0.2903
7.75 16500 0.4229 0.2244 0.2634  0.0417 0.5408 0.5228 0.2439 0.3885 -0.0026 1.8556 -2.3036  0.9849  0.7391 -0.5798  0.7335 -0.2932
7.75 17000 0.4180 0.2185 0.2647  0.0348 0.5435 0.5184 0.2451 0.3834 -0.0026 1.8582 -2.3159  0.9903  0.7451 -0.5967  0.7454 -0.2979
7.75 20000 0.3939 0.1844 0.2780 -0.0124 0.5763 0.4994 0.2577 0.3568 -0.0028 1.9524 -2.5278  1.0918  0.8398 -0.8149  0.9230 -0.3604
7.75 25000 0.3645 0.1382 0.3002 -0.0795 0.6299 0.4781 0.2782 0.3235 -0.0031 2.1349 -2.9122  1.2779  0.9312 -0.9334  0.9142 -0.3324
7.75 30000 0.3220 0.0994 0.2954 -0.1083 0.6104 0.4335 0.2730 0.2835 -0.0029 2.0242 -2.7826  1.2125  0.7163 -0.3361  0.1609 -0.0262
8.00  4000 0.6109 0.2319 0.5028 -0.0570 0.9474 0.7972 0.4555 0.5615 -0.0036 2.8958 -3.4588  1.3715 -0.1926  3.5303 -4.2501  1.7046
8.00  4250 0.5940 0.2009 0.5215 -0.1259 1.0210 0.7883 0.4759 0.5361 -0.0042 3.2297 -4.1420  1.7231  0.3711  2.0067 -2.6169  1.0813
8.00  4500 0.5778 0.1825 0.5244 -0.1595 1.0457 0.7740 0.4805 0.5162 -0.0045 3.3542 -4.4280  1.8752  0.6689  1.1502 -1.6795  0.7185
8.00  4750 0.5702 0.1736 0.5262 -0.1706 1.0508 0.7668 0.4819 0.5083 -0.0046 3.3778 -4.4884  1.9061  0.6650  1.1865 -1.7557  0.7561
8.00  5000 0.5684 0.1908 0.5010 -0.1178 0.9734 0.7568 0.4597 0.5137 -0.0041 3.0182 -3.8073  1.5622  0.3216  1.9586 -2.4860  1.0061
8.00  5250 0.5712 0.2016 0.4904 -0.0975 0.9484 0.7556 0.4497 0.5182 -0.0039 2.9287 -3.6426  1.4835  0.2758  2.0200 -2.5094  1.0066
8.00  5500 0.5832 0.2140 0.4898 -0.0855 0.9485 0.7674 0.4493 0.5300 -0.0039 2.9420 -3.6470  1.4865  0.3049  1.9371 -2.3935  0.9590
8.00  6000 0.6176 0.2526 0.4843 -0.0382 0.9302 0.8000 0.4442 0.5660 -0.0038 2.8691 -3.4372  1.3784  0.2596  2.0137 -2.3705  0.9295
8.00  6500 0.6478 0.2850 0.4814  0.0121 0.9016 0.8293 0.4407 0.5997 -0.0036 2.6613 -2.9485  1.1164  0.0799  2.3979 -2.6200  0.9782
8.00  7000 0.6542 0.2877 0.4862  0.0265 0.8902 0.8373 0.4436 0.6083 -0.0034 2.4727 -2.5293  0.8845 -0.0386  2.5998 -2.6878  0.9512
8.00  7500 0.6414 0.2725 0.4895  0.0149 0.8886 0.8254 0.4455 0.5961 -0.0034 2.3778 -2.3495  0.7838 -0.0487  2.5382 -2.5495  0.8679
8.00  8000 0.6187 0.2477 0.4922 -0.0118 0.8943 0.8037 0.4477 0.5730 -0.0034 2.3595 -2.3516  0.7821 -0.0112  2.3964 -2.3976  0.8015
8.00  8500 0.5930 0.2219 0.4924 -0.0409 0.8991 0.7781 0.4482 0.5466 -0.0035 2.3690 -2.4244  0.8213  0.0424  2.2292 -2.2501  0.7480
8.00  9000 0.5685 0.2009 0.4877 -0.0628 0.8954 0.7519 0.4443 0.5218 -0.0035 2.3675 -2.4845  0.8587  0.1010  2.0345 -2.0693  0.6839
8.00  9500 0.5467 0.1892 0.4743 -0.0711 0.8763 0.7251 0.4324 0.5003 -0.0035 2.3353 -2.4977  0.8792  0.1793  1.7446 -1.7611  0.5693
8.00 10000 0.5281 0.1877 0.4517 -0.0643 0.8403 0.6981 0.4120 0.4829 -0.0034 2.2611 -2.4404  0.8707  0.2794  1.3406 -1.2924  0.3876
8.00 10500 0.5109 0.1958 0.4181 -0.0430 0.7857 0.6681 0.3813 0.4675 -0.0033 2.1546 -2.3415  0.8508  0.4155  0.7854 -0.6341  0.1322
8.00 11000 0.4975 0.2052 0.3877 -0.0219 0.7367 0.6431 0.3537 0.4557 -0.0031 2.0700 -2.2721  0.8436  0.5240  0.3433 -0.1189 -0.0626
8.00 11500 0.4888 0.2130 0.3660 -0.0063 0.7022 0.6265 0.3344 0.4483 -0.0030 2.0258 -2.2542  0.8555  0.5802  0.1139  0.1300 -0.1478
8.00 12000 0.4829 0.2221 0.3460  0.0104 0.6701 0.6131 0.3166 0.4436 -0.0030 1.9929 -2.2504  0.8735  0.6105 -0.0189  0.2585 -0.1823
8.00 12500 0.4752 0.2308 0.3242  0.0269 0.6359 0.5974 0.2974 0.4372 -0.0029 1.9629 -2.2604  0.9007  0.6443 -0.1599  0.3869 -0.2134
8.00 13000 0.4648 0.2344 0.3057  0.0360 0.6082 0.5803 0.2813 0.4277 -0.0028 1.9513 -2.3059  0.9439  0.6774 -0.2808  0.4775 -0.2274
8.00 13500 0.4561 0.2374 0.2901  0.0435 0.5852 0.5659 0.2678 0.4198 -0.0027 1.9476 -2.3571  0.9873  0.6963 -0.3467  0.5040 -0.2168
8.00 14000 0.4502 0.2408 0.2778  0.0511 0.5661 0.5556 0.2572 0.4146 -0.0027 1.9353 -2.3754  1.0094  0.7059 -0.3907  0.5253 -0.2113
8.00 14500 0.4456 0.2418 0.2704  0.0553 0.5536 0.5482 0.2505 0.4105 -0.0026 1.9153 -2.3628  1.0100  0.7131 -0.4343  0.5673 -0.2231
8.00 15000 0.4409 0.2394 0.2673  0.0545 0.5480 0.5423 0.2476 0.4061 -0.0026 1.8980 -2.3445  1.0032  0.7195 -0.4726  0.6119 -0.2409
8.00 15500 0.4361 0.2352 0.2665  0.0507 0.5465 0.5372 0.2468 0.4014 -0.0026 1.8867 -2.3331  0.9978  0.7260 -0.5055  0.6503 -0.2577
8.00 16000 0.4310 0.2295 0.2673  0.0445 0.5482 0.5323 0.2475 0.3961 -0.0026 1.8837 -2.3352  0.9982  0.7333 -0.5327  0.6781 -0.2700
8.00 16500 0.4243 0.2266 0.2623  0.0459 0.5367 0.5239 0.2430 0.3902 -0.0026 1.8314 -2.2531  0.9586  0.7280 -0.5673  0.7383 -0.3002
8.00 17000 0.4214 0.2177 0.2702  0.0303 0.5547 0.5239 0.2502 0.3861 -0.0026 1.8940 -2.3691  1.0136  0.7487 -0.5731  0.7075 -0.2812
8.00 20000 0.3966 0.1836 0.2827 -0.0165 0.5860 0.5039 0.2620 0.3589 -0.0028 1.9843 -2.5767  1.1137  0.8487 -0.8123  0.9108 -0.3540
8.00 25000 0.3664 0.1377 0.3034 -0.0822 0.6363 0.4811 0.2811 0.3250 -0.0031 2.1562 -2.9446  1.2923  0.9360 -0.9279  0.9014 -0.3262
8.00 30000 0.3222 0.0991 0.2961 -0.1089 0.6115 0.4339 0.2736 0.2837 -0.0029 2.0266 -2.7854  1.2133  0.7125 -0.3209  0.1421 -0.0187
8.25  4000 0.6158 0.2341 0.5064 -0.0603 0.9589 0.8035 0.4591 0.5652 -0.0037 2.9483 -3.5489  1.4167 -0.1200  3.3438 -4.0421  1.6243
8.25  4250 0.5997 0.2049 0.5238 -0.1249 1.0278 0.7951 0.4783 0.5412 -0.0043 3.2587 -4.1845  1.7438  0.4148  1.8919 -2.4800  1.0265
8.25  4500 0.5836 0.1858 0.5279 -0.1602 1.0550 0.7813 0.4841 0.5213 -0.0046 3.3907 -4.4828  1.9014  0.7165  1.0296 -1.5384  0.6623
8.25  4750 0.5738 0.1728 0.5320 -0.1823 1.0725 0.7733 0.4886 0.5094 -0.0048 3.4702 -4.6585  1.9924  0.8519  0.6633 -1.1580  0.5193
8.25  5000 0.5698 0.1905 0.5031 -0.1164 0.9732 0.7585 0.4608 0.5157 -0.0040 3.0113 -3.7847  1.5478  0.2298  2.2536 -2.8395  1.1499
8.25  5250 0.5687 0.1982 0.4916 -0.1011 0.9500 0.7536 0.4509 0.5157 -0.0039 2.9265 -3.6400  1.4809  0.2662  2.0495 -2.5463  1.0207
8.25  5500 0.5767 0.2083 0.4888 -0.0906 0.9466 0.7607 0.4485 0.5236 -0.0039 2.9278 -3.6332  1.4800  0.3099  1.9067 -2.3599  0.9442
8.25  6000 0.6069 0.2402 0.4864 -0.0544 0.9380 0.7900 0.4464 0.5545 -0.0039 2.8998 -3.5180  1.4200  0.2953  1.9267 -2.3045  0.9093
8.25  6500 0.6379 0.2747 0.4819 -0.0036 0.9099 0.8196 0.4416 0.5887 -0.0037 2.7234 -3.0973  1.1966  0.1394  2.2640 -2.5245  0.9555
8.25  7000 0.6497 0.2844 0.4847  0.0200 0.8932 0.8324 0.4427 0.6033 -0.0035 2.5203 -2.6417  0.9469  0.0000  2.5202 -2.6417  0.9469
8.25  7500 0.6411 0.2733 0.4879  0.0146 0.8887 0.8247 0.4445 0.5956 -0.0034 2.4023 -2.4052  0.8154 -0.0322  2.5084 -2.5375  0.8711
8.25  8000 0.6205 0.2501 0.4915 -0.0101 0.8945 0.8053 0.4473 0.5747 -0.0034 2.3742 -2.3800  0.7982 -0.0057  2.3929 -2.4034  0.8080
8.25  8500 0.5951 0.2224 0.4944 -0.0422 0.9039 0.7809 0.4502 0.5484 -0.0035 2.3945 -2.4680  0.8430  0.0416  2.2574 -2.2970  0.7710
8.25  9000 0.5695 0.1965 0.4948 -0.0724 0.9104 0.7556 0.4511 0.5218 -0.0036 2.4240 -2.5819  0.9043  0.0924  2.1194 -2.2021  0.7445
8.25  9500 0.5456 0.1775 0.4884 -0.0927 0.9054 0.7295 0.4458 0.4976 -0.0036 2.4370 -2.6756  0.9615  0.1609  1.9067 -2.0142  0.6832
8.25 10000 0.5251 0.1680 0.4738 -0.0990 0.8852 0.7036 0.4330 0.4774 -0.0036 2.4106 -2.7012  0.9900  0.2483  1.5923 -1.6808  0.5606
8.25 10500 0.5070 0.1694 0.4480 -0.0883 0.8444 0.6758 0.4096 0.4605 -0.0035 2.3325 -2.6431  0.9844  0.3666  1.1244 -1.1365  0.3503
8.25 11000 0.4917 0.1761 0.4186 -0.0707 0.7976 0.6493 0.3829 0.4467 -0.0034 2.2487 -2.5766  0.9776  0.4863  0.6463 -0.5783  0.1366
8.25 11500 0.4816 0.1811 0.3987 -0.0587 0.7663 0.6318 0.3650 0.4376 -0.0033 2.2055 -2.5594  0.9882  0.5507  0.3908 -0.2963  0.0358
8.25 12000 0.4752 0.1870 0.3823 -0.0471 0.7407 0.6193 0.3505 0.4321 -0.0032 2.1824 -2.5673  1.0089  0.5853  0.2538 -0.1622 -0.0032
8.25 12500 0.4703 0.1964 0.3634 -0.0303 0.7101 0.6075 0.3337 0.4285 -0.0031 2.1491 -2.5570  1.0223  0.6101  0.1389 -0.0502 -0.0327
8.25 13000 0.4637 0.2054 0.3427 -0.0132 0.6764 0.5932 0.3153 0.4233 -0.0030 2.1071 -2.5370  1.0321  0.6386  0.0030  0.0870 -0.0722
8.25 13500 0.4557 0.2115 0.3239  0.0000 0.6464 0.5783 0.2987 0.4164 -0.0030 2.0752 -2.5358  1.0502  0.6655 -0.1176  0.1987 -0.1006
8.25 14000 0.4493 0.2184 0.3063  0.0135 0.6182 0.5654 0.2832 0.4111 -0.0029 2.0483 -2.5390  1.0696  0.6850 -0.2088  0.2757 -0.1149
8.25 14500 0.4451 0.2251 0.2918  0.0262 0.5942 0.5558 0.2702 0.4079 -0.0028 2.0170 -2.5202  1.0739  0.6988 -0.2857  0.3514 -0.1346
8.25 15000 0.4416 0.2291 0.2820  0.0348 0.5770 0.5486 0.2613 0.4053 -0.0027 1.9828 -2.4817  1.0629  0.7121 -0.3634  0.4442 -0.1685
8.25 15500 0.4379 0.2294 0.2767  0.0379 0.5674 0.5429 0.2564 0.4020 -0.0027 1.9540 -2.4429  1.0471  0.7245 -0.4334  0.5343 -0.2059
8.25 16000 0.4335 0.2261 0.2752  0.0355 0.5645 0.5379 0.2549 0.3977 -0.0027 1.9389 -2.4245  1.0387  0.7361 -0.4867  0.6003 -0.2343
8.25 16500 0.4297 0.2204 0.2776  0.0257 0.5730 0.5351 0.2575 0.3929 -0.0028 1.9667 -2.4844  1.0688  0.8105 -0.7038  0.8459 -0.3328
8.25 17000 0.4245 0.2163 0.2763  0.0247 0.5672 0.5293 0.2558 0.3885 -0.0027 1.9344 -2.4310  1.0411  0.7566 -0.5588  0.6781 -0.2673
8.25 20000 0.3994 0.1825 0.2877 -0.0214 0.5967 0.5085 0.2667 0.3609 -0.0029 2.0204 -2.6333  1.1393  0.8605 -0.8149  0.9025 -0.3487
8.25 25000 0.3683 0.1372 0.3066 -0.0852 0.6431 0.4842 0.2841 0.3264 -0.0031 2.1786 -2.9790  1.3077  0.9413 -0.9232  0.8891 -0.3202
8.25 30000 0.3224 0.0986 0.2969 -0.1097 0.6129 0.4344 0.2744 0.2838 -0.0029 2.0302 -2.7904  1.2152  0.7103 -0.3105  0.1285 -0.0132
8.50  4000 0.6203 0.2359 0.5101 -0.0644 0.9712 0.8095 0.4629 0.5684 -0.0038 3.0041 -3.6462  1.4658 -0.0340  3.1162 -3.7860  1.5247
8.50  4250 0.6050 0.2094 0.5248 -0.1213 1.0302 0.8007 0.4792 0.5462 -0.0043 3.2700 -4.1945  1.7482  0.4289  1.8564 -2.4313  1.0061
8.50  4500 0.5896 0.1896 0.5307 -0.1595 1.0625 0.7885 0.4869 0.5265 -0.0047 3.4205 -4.5249  1.9214  0.7574  0.9246 -1.4124  0.6114
8.50  4750 0.5779 0.1752 0.5343 -0.1843 1.0811 0.7786 0.4914 0.5124 -0.0049 3.5060 -4.7185  2.0227  0.9341  0.4280 -0.8801  0.4073
8.50  5000 0.5735 0.1858 0.5143 -0.1334 1.0027 0.7665 0.4714 0.5170 -0.0042 3.1311 -3.9976  1.6520  0.3328  2.0344 -2.6300  1.0764
8.50  5250 0.5680 0.1964 0.4930 -0.1027 0.9513 0.7534 0.4521 0.5151 -0.0039 2.9223 -3.6293  1.4738  0.2483  2.1042 -2.6089  1.0444
8.50  5500 0.5730 0.2034 0.4903 -0.0956 0.9483 0.7575 0.4499 0.5199 -0.0039 2.9228 -3.6267  1.4750  0.2940  1.9540 -2.4185  0.9665
8.50  6000 0.5974 0.2302 0.4872 -0.0663 0.9414 0.7809 0.4471 0.5446 -0.0039 2.9121 -3.5618  1.4430  0.3180  1.8643 -2.2550  0.8931
8.50  6500 0.6273 0.2631 0.4831 -0.0204 0.9187 0.8095 0.4431 0.5771 -0.0037 2.7794 -3.2329  1.2688  0.1948  2.1374 -2.4323  0.9319
8.50  7000 0.6439 0.2790 0.4840  0.0106 0.8983 0.8264 0.4426 0.5966 -0.0035 2.5761 -2.7719  1.0181  0.0421  2.4373 -2.5989  0.9452
8.50  7500 0.6401 0.2733 0.4867  0.0128 0.8897 0.8233 0.4437 0.5943 -0.0034 2.4321 -2.4728  0.8533 -0.0132  2.4755 -2.5269  0.8761
8.50  8000 0.6224 0.2531 0.4900 -0.0072 0.8930 0.8066 0.4461 0.5766 -0.0034 2.3849 -2.4025  0.8120  0.0027  2.3759 -2.3913  0.8072
8.50  8500 0.5980 0.2256 0.4941 -0.0394 0.9041 0.7837 0.4500 0.5512 -0.0035 2.4047 -2.4841  0.8521  0.0448  2.2570 -2.2999  0.7746
8.50  9000 0.5719 0.1965 0.4981 -0.0749 0.9175 0.7593 0.4542 0.5239 -0.0036 2.4538 -2.6304  0.9274  0.0899  2.1576 -2.2611  0.7719
8.50  9500 0.5466 0.1718 0.4974 -0.1048 0.9241 0.7340 0.4543 0.4976 -0.0037 2.5030 -2.7877  1.0133  0.1503  2.0078 -2.1701  0.7534
8.50 10000 0.5241 0.1546 0.4903 -0.1239 0.9190 0.7090 0.4486 0.4745 -0.0037 2.5260 -2.9013  1.0820  0.2275  1.7762 -1.9662  0.6885
8.50 10500 0.5041 0.1484 0.4718 -0.1255 0.8929 0.6821 0.4322 0.4549 -0.0037 2.4921 -2.9202  1.1106  0.3368  1.3822 -1.5361  0.5282
8.50 11000 0.4868 0.1507 0.4459 -0.1144 0.8527 0.6550 0.4088 0.4388 -0.0036 2.4219 -2.8772  1.1132  0.4586  0.9110 -0.9929  0.3203
8.50 11500 0.4744 0.1533 0.4261 -0.1055 0.8224 0.6352 0.3910 0.4272 -0.0035 2.3818 -2.8709  1.1297  0.5412  0.5982 -0.6466  0.1936
8.50 12000 0.4664 0.1554 0.4126 -0.0997 0.8030 0.6223 0.3792 0.4198 -0.0035 2.3728 -2.9036  1.1608  0.5835  0.4501 -0.5058  0.1517
8.50 12500 0.4611 0.1612 0.3979 -0.0890 0.7803 0.6115 0.3661 0.4153 -0.0034 2.3563 -2.9186  1.1838  0.6136  0.3345 -0.3974  0.1227
8.50 13000 0.4572 0.1713 0.3794 -0.0712 0.7495 0.6007 0.3495 0.4127 -0.0033 2.3152 -2.8893  1.1863  0.6356  0.2207 -0.2773  0.0871
8.50 13500 0.4520 0.1809 0.3597 -0.0528 0.7160 0.5882 0.3319 0.4090 -0.0032 2.2607 -2.8374  1.1779  0.6568  0.0964 -0.1384  0.0420
8.50 14000 0.4462 0.1893 0.3409 -0.0362 0.6842 0.5754 0.3150 0.4046 -0.0031 2.2109 -2.7946  1.1735  0.6767 -0.0189 -0.0139  0.0032
8.50 14500 0.4419 0.1990 0.3223 -0.0182 0.6526 0.5642 0.2983 0.4017 -0.0030 2.1634 -2.7530  1.1696  0.6937 -0.1223  0.0975 -0.0300
8.50 15000 0.4393 0.2088 0.3058 -0.0007 0.6241 0.5554 0.2835 0.4004 -0.0029 2.1130 -2.6961  1.1552  0.7099 -0.2262  0.2211 -0.0724
8.50 15500 0.4372 0.2157 0.2939  0.0125 0.6025 0.5488 0.2726 0.3993 -0.0029 2.0632 -2.6274  1.1299  0.7261 -0.3293  0.3562 -0.1258
8.50 16000 0.4344 0.2179 0.2873  0.0184 0.5900 0.5435 0.2664 0.3971 -0.0028 2.0247 -2.5700  1.1054  0.7422 -0.4210  0.4798 -0.1781
8.50 16500 0.4310 0.2168 0.2842  0.0194 0.5838 0.5388 0.2633 0.3940 -0.0028 1.9985 -2.5307  1.0872  0.7570 -0.4960  0.5800 -0.2219
8.50 17000 0.4270 0.2133 0.2835  0.0162 0.5826 0.5344 0.2625 0.3900 -0.0028 1.9864 -2.5158  1.0798  0.7713 -0.5549  0.6535 -0.2539
8.50 20000 0.4020 0.1811 0.2931 -0.0269 0.6084 0.5132 0.2717 0.3628 -0.0030 2.0603 -2.6968  1.1683  0.8752 -0.8234  0.8993 -0.3451
8.50 25000 0.3702 0.1365 0.3101 -0.0884 0.6504 0.4874 0.2872 0.3279 -0.0032 2.2028 -3.0166  1.3247  0.9486 -0.9228  0.8813 -0.3157
8.50 30000 0.3225 0.0981 0.2977 -0.1107 0.6145 0.4348 0.2751 0.2839 -0.0029 2.0343 -2.7967  1.2178  0.7093 -0.3028  0.1179 -0.0087
8.75  4000 0.6244 0.2373 0.5136 -0.0692 0.9838 0.8152 0.4666 0.5711 -0.0039 3.0616 -3.7483  1.5176  0.0613  2.8596 -3.4964  1.4116
8.75  4250 0.6105 0.2126 0.5279 -0.1233 1.0407 0.8077 0.4827 0.5505 -0.0044 3.3159 -4.2708  1.7865  0.5129  1.6258 -2.1632  0.8995
8.75  4500 0.5949 0.1949 0.5306 -0.1533 1.0612 0.7937 0.4868 0.5319 -0.0047 3.4150 -4.5031  1.9096  0.7500  0.9437 -1.4212  0.6127
8.75  4750 0.5821 0.1794 0.5342 -0.1804 1.0815 0.7829 0.4916 0.5164 -0.0049 3.5081 -4.7144  2.0205  0.9592  0.3476 -0.7731  0.3619
8.75  5000 0.5769 0.1819 0.5241 -0.1481 1.0283 0.7730 0.4797 0.5184 -0.0043 3.2452 -4.2030  1.7535  0.3947  1.9445 -2.5810  1.0709
8.75  5250 0.5690 0.1964 0.4944 -0.1023 0.9522 0.7550 0.4534 0.5163 -0.0039 2.9162 -3.6106  1.4622  0.2245  2.1763 -2.6879  1.0739
8.75  5500 0.5691 0.2001 0.4896 -0.0980 0.9462 0.7534 0.4493 0.5162 -0.0039 2.9105 -3.6112  1.4674  0.2872  1.9642 -2.4310  0.9707
8.75  6000 0.5894 0.2220 0.4875 -0.0756 0.9433 0.7730 0.4475 0.5364 -0.0039 2.9181 -3.5902  1.4581  0.3268  1.8412 -2.2473  0.8929
8.75  6500 0.6167 0.2511 0.4851 -0.0373 0.9276 0.7996 0.4451 0.5655 -0.0038 2.8266 -3.3486  1.3295  0.2402  2.0351 -2.3615  0.9141
8.75  7000 0.6366 0.2723 0.4833 -0.0006 0.9038 0.8189 0.4425 0.5884 -0.0036 2.6331 -2.9080  1.0925  0.0922  2.3293 -2.5291  0.9331
8.75  7500 0.6379 0.2723 0.4851  0.0097 0.8911 0.8206 0.4426 0.5917 -0.0035 2.4678 -2.5558  0.8999  0.0139  2.4220 -2.4987  0.8759
8.75  8000 0.6239 0.2560 0.4881 -0.0045 0.8914 0.8075 0.4446 0.5780 -0.0034 2.3971 -2.4297  0.8285  0.0139  2.3514 -2.3726  0.8045
8.75  8500 0.6012 0.2302 0.4923 -0.0343 0.9015 0.7863 0.4484 0.5545 -0.0035 2.4070 -2.4868  0.8553  0.0519  2.2360 -2.2735  0.7656
8.75  9000 0.5756 0.2000 0.4983 -0.0719 0.9184 0.7630 0.4543 0.5275 -0.0036 2.4634 -2.6424  0.9336  0.0931  2.1565 -2.2596  0.7726
8.75  9500 0.5497 0.1712 0.5021 -0.1086 0.9337 0.7388 0.4588 0.5001 -0.0037 2.5371 -2.8402  1.0370  0.1451  2.0589 -2.2438  0.7860
8.75 10000 0.5254 0.1473 0.5016 -0.1387 0.9420 0.7146 0.4593 0.4746 -0.0038 2.6030 -3.0297  1.1402  0.2125  1.9028 -2.1565  0.7728
8.75 10500 0.5033 0.1335 0.4906 -0.1533 0.9313 0.6886 0.4501 0.4520 -0.0038 2.6203 -3.1402  1.2111  0.3137  1.5865 -1.8511  0.6686
8.75 11000 0.4838 0.1303 0.4690 -0.1506 0.8998 0.6610 0.4307 0.4332 -0.0038 2.5761 -3.1452  1.2355  0.4377  1.1338 -1.3466  0.4785
8.75 11500 0.4688 0.1301 0.4493 -0.1454 0.8711 0.6386 0.4131 0.4188 -0.0037 2.5412 -3.1546  1.2602  0.5368  0.7725 -0.9491  0.3320
8.75 12000 0.4584 0.1293 0.4366 -0.1439 0.8542 0.6235 0.4019 0.4087 -0.0037 2.5421 -3.2113  1.3036  0.5979  0.5720 -0.7545  0.2697
8.75 12500 0.4515 0.1308 0.4254 -0.1401 0.8392 0.6125 0.3922 0.4020 -0.0037 2.5473 -3.2654  1.3441  0.6377  0.4462 -0.6452  0.2414
8.75 13000 0.4472 0.1375 0.4108 -0.1283 0.8162 0.6026 0.3790 0.3985 -0.0036 2.5254 -3.2671  1.3597  0.6680  0.3244 -0.5224  0.2046
8.75 13500 0.4442 0.1481 0.3928 -0.1094 0.7852 0.5930 0.3628 0.3970 -0.0035 2.4743 -3.2132  1.3484  0.6852  0.2164 -0.3975  0.1635
8.75 14000 0.4406 0.1584 0.3744 -0.0898 0.7524 0.5824 0.3461 0.3950 -0.0034 2.4098 -3.1342  1.3241  0.6979  0.1102 -0.2665  0.1173
8.75 14500 0.4368 0.1684 0.3560 -0.0707 0.7198 0.5718 0.3295 0.3927 -0.0033 2.3463 -3.0575  1.3008  0.7100  0.0067 -0.1399  0.0730
8.75 15000 0.4343 0.1802 0.3372 -0.0495 0.6863 0.5623 0.3125 0.3918 -0.0032 2.2823 -2.9782  1.2768  0.7222 -0.0972 -0.0107  0.0279
8.75 15500 0.4333 0.1923 0.3196 -0.0283 0.6547 0.5547 0.2966 0.3923 -0.0031 2.2162 -2.8880  1.2454  0.7365 -0.2108  0.1386 -0.0283
8.75 16000 0.4324 0.2013 0.3066 -0.0120 0.6302 0.5488 0.2845 0.3926 -0.0030 2.1538 -2.7938  1.2074  0.7523 -0.3250  0.2975 -0.0935
8.75 16500 0.4309 0.2064 0.2979 -0.0015 0.6133 0.5440 0.2763 0.3920 -0.0029 2.1008 -2.7087  1.1700  0.7690 -0.4331  0.4512 -0.1598
8.75 17000 0.4283 0.2071 0.2935  0.0021 0.6045 0.5397 0.2720 0.3899 -0.0029 2.0654 -2.6516  1.1434  0.7857 -0.5235  0.5768 -0.2152
8.75 20000 0.4046 0.1794 0.2989 -0.0332 0.6210 0.5179 0.2771 0.3646 -0.0030 2.1037 -2.7669  1.2005  0.8920 -0.8357  0.8986 -0.3421
8.75 25000 0.3720 0.1357 0.3134 -0.0916 0.6576 0.4905 0.2904 0.3292 -0.0032 2.2271 -3.0546  1.3419  0.9568 -0.9257  0.8771 -0.3127
8.75 30000 0.3226 0.0976 0.2985 -0.1118 0.6161 0.4352 0.2759 0.2838 -0.0029 2.0389 -2.8038  1.2209  0.7094 -0.2987  0.1112 -0.0059
9.00  4000 0.6282 0.2386 0.5169 -0.0742 0.9962 0.8204 0.4703 0.5734 -0.0040 3.1187 -3.8510  1.5700  0.1626  2.5829 -3.1829  1.2888
9.00  4250 0.6153 0.2162 0.5295 -0.1224 1.0464 0.8132 0.4844 0.5547 -0.0045 3.3419 -4.3109  1.8066  0.5636  1.4849 -1.9950  0.8320
9.00  4500 0.6007 0.1992 0.5326 -0.1514 1.0667 0.8004 0.4889 0.5372 -0.0047 3.4375 -4.5325  1.9235  0.7839  0.8545 -1.3114  0.5680
9.00  4750 0.5879 0.1823 0.5382 -0.1830 1.0935 0.7905 0.4959 0.5210 -0.0050 3.5565 -4.7930  2.0592  1.0406  0.1278 -0.5172  0.2598
9.00  5000 0.5787 0.1803 0.5286 -0.1581 1.0451 0.7758 0.4830 0.5185 -0.0044 3.3339 -4.3727  1.8410  0.4957  1.7004 -2.3356  0.9837
9.00  5250 0.5715 0.1968 0.4971 -0.1024 0.9559 0.7584 0.4558 0.5187 -0.0039 2.9221 -3.6107  1.4596  0.1986  2.2677 -2.7946  1.1161
9.00  5500 0.5678 0.1986 0.4899 -0.0984 0.9450 0.7523 0.4496 0.5152 -0.0039 2.8954 -3.5813  1.4508  0.2642  2.0248 -2.4955  0.9939
9.00  6000 0.5827 0.2146 0.4883 -0.0840 0.9455 0.7666 0.4484 0.5295 -0.0039 2.9248 -3.6158  1.4711  0.3246  1.8549 -2.2815  0.9095
9.00  6500 0.6070 0.2405 0.4862 -0.0513 0.9337 0.7903 0.4463 0.5551 -0.0039 2.8582 -3.4317  1.3735  0.2756  1.9502 -2.2994  0.8969
9.00  7000 0.6282 0.2639 0.4834 -0.0138 0.9105 0.8105 0.4429 0.5791 -0.0037 2.6904 -3.0448  1.1666  0.1436  2.2171 -2.4546  0.9183
9.00  7500 0.6343 0.2696 0.4839  0.0040 0.8940 0.8167 0.4420 0.5875 -0.0035 2.5127 -2.6600  0.9576  0.0471  2.3574 -2.4664  0.8761
9.00  8000 0.6244 0.2584 0.4856 -0.0026 0.8894 0.8072 0.4426 0.5784 -0.0035 2.4146 -2.4716  0.8537  0.0333  2.3051 -2.3350  0.7962
9.00  8500 0.6043 0.2353 0.4897 -0.0285 0.8976 0.7885 0.4461 0.5577 -0.0035 2.4071 -2.4873  0.8582  0.0625  2.2013 -2.2307  0.7502
9.00  9000 0.5798 0.2056 0.4965 -0.0655 0.9153 0.7665 0.4526 0.5318 -0.0036 2.4604 -2.6321  0.9298  0.1006  2.1288 -2.2186  0.7558
9.00  9500 0.5541 0.1744 0.5037 -0.1062 0.9365 0.7437 0.4601 0.5043 -0.0037 2.5466 -2.8467  1.0389  0.1439  2.0724 -2.2553  0.7901
9.00 10000 0.5287 0.1457 0.5082 -0.1445 0.9548 0.7204 0.4654 0.4772 -0.0039 2.6444 -3.0920  1.1674  0.2030  1.9757 -2.2581  0.8164
9.00 10500 0.5048 0.1250 0.5038 -0.1707 0.9580 0.6952 0.4626 0.4521 -0.0039 2.7098 -3.2894  1.2787  0.2974  1.7300 -2.0676  0.7645
9.00 11000 0.4832 0.1157 0.4875 -0.1780 0.9378 0.6675 0.4483 0.4304 -0.0039 2.7024 -3.3616  1.3341  0.4201  1.3181 -1.6352  0.6076
9.00 11500 0.4654 0.1121 0.4688 -0.1773 0.9117 0.6428 0.4316 0.4131 -0.0039 2.6757 -3.3915  1.3691  0.5320  0.9228 -1.2056  0.4491
9.00 12000 0.4524 0.1086 0.4562 -0.1795 0.8963 0.6251 0.4205 0.4001 -0.0039 2.6841 -3.4691  1.4238  0.6116  0.6687 -0.9558  0.3661
9.00 12500 0.4433 0.1068 0.4464 -0.1810 0.8854 0.6123 0.4120 0.3909 -0.0039 2.7047 -3.5565  1.4809  0.6698  0.4976 -0.8041  0.3226
9.00 13000 0.4372 0.1091 0.4353 -0.1764 0.8702 0.6020 0.4021 0.3850 -0.0039 2.7069 -3.6027  1.5171  0.7131  0.3571 -0.6724  0.2839
9.00 13500 0.4337 0.1166 0.4207 -0.1630 0.8463 0.5930 0.3889 0.3825 -0.0038 2.6749 -3.5812  1.5200  0.7415  0.2314 -0.5340  0.2376
9.00 14000 0.4320 0.1278 0.4035 -0.1431 0.8157 0.5848 0.3733 0.3823 -0.0037 2.6149 -3.5043  1.4955  0.7526  0.1352 -0.4119  0.1941
9.00 14500 0.4298 0.1387 0.3863 -0.1229 0.7839 0.5762 0.3577 0.3818 -0.0036 2.5442 -3.4058  1.4593  0.7567  0.0506 -0.2963  0.1507
9.00 15000 0.4277 0.1496 0.3689 -0.1024 0.7518 0.5676 0.3419 0.3813 -0.0035 2.4720 -3.3050  1.4221  0.7609 -0.0351 -0.1785  0.1063
9.00 15500 0.4268 0.1625 0.3507 -0.0795 0.7181 0.5599 0.3253 0.3821 -0.0033 2.3977 -3.1994  1.3831  0.7662 -0.1269 -0.0510  0.0582
9.00 16000 0.4270 0.1759 0.3331 -0.0561 0.6852 0.5535 0.3092 0.3840 -0.0032 2.3206 -3.0839  1.3381  0.7749 -0.2329  0.1004 -0.0020
9.00 16500 0.4274 0.1873 0.3185 -0.0360 0.6573 0.5484 0.2958 0.3859 -0.0031 2.2455 -2.9641  1.2877  0.7872 -0.3485  0.2709 -0.0737
9.00 17000 0.4271 0.1946 0.3085 -0.0222 0.6373 0.5442 0.2863 0.3866 -0.0030 2.1816 -2.8576  1.2400  0.8025 -0.4627  0.4399 -0.1477
9.00 20000 0.4073 0.1774 0.3050 -0.0400 0.6345 0.5229 0.2828 0.3663 -0.0031 2.1508 -2.8436  1.2359  0.9102 -0.8485  0.8966 -0.3381
9.00 25000 0.3738 0.1350 0.3169 -0.0950 0.6649 0.4936 0.2936 0.3305 -0.0032 2.2518 -3.0935  1.3595  0.9652 -0.9285  0.8725 -0.3095
9.00 30000 0.3226 0.0970 0.2994 -0.1130 0.6178 0.4355 0.2766 0.2838 -0.0029 2.0437 -2.8116  1.2243  0.7105 -0.2975  0.1080 -0.0044
9.25  4000 0.6316 0.2395 0.5202 -0.0793 1.0083 0.8253 0.4739 0.5754 -0.0041 3.1736 -3.9500  1.6204  0.2625  2.3087 -2.8715  1.1665
9.25  4250 0.6196 0.2199 0.5302 -0.1203 1.0494 0.8179 0.4854 0.5585 -0.0045 3.3570 -4.3315  1.8170  0.5957  1.3941 -1.8836  0.7869
9.25  4500 0.6061 0.2032 0.5345 -0.1501 1.0725 0.8066 0.4909 0.5419 -0.0047 3.4625 -4.5686  1.9413  0.8283  0.7331 -1.1649  0.5088
9.25  4750 0.5926 0.1886 0.5361 -0.1726 1.0854 0.7943 0.4936 0.5266 -0.0049 3.5220 -4.7166  2.0199  0.9821  0.2860 -0.6812  0.3216
9.25  5000 0.5822 0.1791 0.5348 -0.1741 1.0727 0.7824 0.4904 0.5184 -0.0047 3.4588 -4.6099  1.9633  0.7721  0.9148 -1.4373  0.6282
9.25  5250 0.5753 0.1972 0.5017 -0.1041 0.9638 0.7639 0.4598 0.5223 -0.0039 2.9464 -3.6413  1.4715  0.1737  2.3741 -2.9277  1.1712
9.25  5500 0.5681 0.1987 0.4902 -0.0969 0.9433 0.7527 0.4498 0.5159 -0.0039 2.8780 -3.5436  1.4301  0.2364  2.0990 -2.5721  1.0212
9.25  6000 0.5766 0.2101 0.4862 -0.0869 0.9410 0.7597 0.4464 0.5237 -0.0039 2.9028 -3.5883  1.4583  0.3244  1.8337 -2.2550  0.8972
9.25  6500 0.5984 0.2314 0.4869 -0.0627 0.9376 0.7820 0.4471 0.5461 -0.0039 2.8784 -3.4901  1.4044  0.2967  1.9006 -2.2707  0.8913
9.25  7000 0.6191 0.2542 0.4841 -0.0281 0.9180 0.8017 0.4440 0.5690 -0.0037 2.7437 -3.1732  1.2355  0.1920  2.1111 -2.3843  0.9035
9.25  7500 0.6293 0.2652 0.4831 -0.0041 0.8984 0.8114 0.4418 0.5817 -0.0036 2.5640 -2.7798  1.0233  0.0865  2.2791 -2.4244  0.8737
9.25  8000 0.6239 0.2594 0.4836 -0.0030 0.8891 0.8059 0.4411 0.5775 -0.0035 2.4408 -2.5327  0.8889  0.0562  2.2555 -2.3015  0.7916
9.25  8500 0.6070 0.2400 0.4868 -0.0230 0.8936 0.7900 0.4435 0.5604 -0.0035 2.4098 -2.4948  0.8651  0.0761  2.1590 -2.1821  0.7336
9.25  9000 0.5841 0.2122 0.4934 -0.0574 0.9099 0.7697 0.4498 0.5364 -0.0036 2.4514 -2.6121  0.9221  0.1114  2.0844 -2.1544  0.7295
9.25  9500 0.5591 0.1802 0.5027 -0.0995 0.9341 0.7484 0.4591 0.5095 -0.0037 2.5399 -2.8247  1.0280  0.1473  2.0545 -2.2193  0.7732
9.25 10000 0.5335 0.1491 0.5101 -0.1420 0.9581 0.7259 0.4670 0.4819 -0.0039 2.6542 -3.0973  1.1683  0.2021  1.9883 -2.2669  0.8189
9.25 10500 0.5086 0.1227 0.5120 -0.1778 0.9737 0.7021 0.4701 0.4552 -0.0040 2.7583 -3.3613  1.3094  0.2835  1.8240 -2.1961  0.8191
9.25 11000 0.4852 0.1068 0.5021 -0.1964 0.9668 0.6751 0.4619 0.4309 -0.0041 2.7963 -3.5152  1.4028  0.4008  1.4757 -1.8685  0.7098
9.25 11500 0.4649 0.0994 0.4850 -0.2011 0.9447 0.6485 0.4468 0.4107 -0.0041 2.7830 -3.5746  1.4521  0.5216  1.0643 -1.4312  0.5501
9.25 12000 0.4492 0.0934 0.4720 -0.2064 0.9298 0.6279 0.4355 0.3948 -0.0041 2.7950 -3.6661  1.5147  0.6176  0.7598 -1.1281  0.4466
9.25 12500 0.4375 0.0886 0.4629 -0.2122 0.9216 0.6128 0.4277 0.3828 -0.0041 2.8278 -3.7825  1.5869  0.6935  0.5426 -0.9326  0.3875
9.25 13000 0.4292 0.0873 0.4536 -0.2134 0.9114 0.6010 0.4194 0.3743 -0.0041 2.8490 -3.8682  1.6426  0.7556  0.3591 -0.7631  0.3358
9.25 13500 0.4239 0.0908 0.4420 -0.2069 0.8946 0.5912 0.4088 0.3695 -0.0041 2.8397 -3.8901  1.6661  0.8006  0.2016 -0.6002  0.2816
9.25 14000 0.4214 0.0990 0.4278 -0.1922 0.8704 0.5834 0.3959 0.3681 -0.0040 2.7982 -3.8455  1.6561  0.8240  0.0831 -0.4596  0.2312
9.25 14500 0.4208 0.1106 0.4115 -0.1717 0.8404 0.5766 0.3810 0.3689 -0.0039 2.7313 -3.7496  1.6204  0.8301 -0.0041 -0.3383  0.1848
9.25 15000 0.4201 0.1218 0.3957 -0.1512 0.8102 0.5700 0.3666 0.3698 -0.0037 2.6581 -3.6394  1.5765  0.8262 -0.0643 -0.2445  0.1478
9.25 15500 0.4193 0.1331 0.3798 -0.1303 0.7796 0.5633 0.3521 0.3708 -0.0036 2.5826 -3.5250  1.5305  0.8212 -0.1233 -0.1505  0.1103
9.25 16000 0.4196 0.1463 0.3626 -0.1069 0.7468 0.5572 0.3365 0.3728 -0.0035 2.5028 -3.4027  1.4814  0.8187 -0.1947 -0.0388  0.0657
9.25 16500 0.4210 0.1606 0.3455 -0.0824 0.7139 0.5522 0.3209 0.3760 -0.0034 2.4197 -3.2709  1.4270  0.8187 -0.2781  0.0935  0.0111
9.25 17000 0.4225 0.1734 0.3304 -0.0600 0.6843 0.5480 0.3069 0.3790 -0.0033 2.3368 -3.1342  1.3680  0.8262 -0.3856  0.2608 -0.0607
9.25 20000 0.4089 0.1763 0.3085 -0.0443 0.6427 0.5257 0.2860 0.3672 -0.0031 2.1800 -2.8923  1.2588  0.9341 -0.8980  0.9461 -0.3565
9.25 25000 0.3755 0.1342 0.3202 -0.0984 0.6722 0.4966 0.2967 0.3318 -0.0033 2.2768 -3.1331  1.3776  0.9743 -0.9335  0.8702 -0.3072
9.25 30000 0.3225 0.0963 0.3002 -0.1142 0.6195 0.4358 0.2774 0.2836 -0.0029 2.0483 -2.8193  1.2276  0.7126 -0.2997  0.1088 -0.0046
9.50  4000 0.6345 0.2402 0.5232 -0.0845 1.0199 0.8296 0.4773 0.5770 -0.0042 3.2259 -4.0452  1.6689  0.3606  2.0376 -2.5633  1.0453
9.50  4250 0.6237 0.2227 0.5321 -0.1212 1.0566 0.8230 0.4875 0.5618 -0.0046 3.3899 -4.3867  1.8451  0.6641  1.2017 -1.6579  0.6967
9.50  4500 0.6112 0.2076 0.5354 -0.1469 1.0752 0.8122 0.4920 0.5467 -0.0048 3.4746 -4.5808  1.9469  0.8516  0.6686 -1.0816  0.4743
9.50  4750 0.5973 0.1944 0.5345 -0.1645 1.0805 0.7984 0.4920 0.5317 -0.0049 3.5025 -4.6703  1.9964  0.9639  0.3263 -0.7093  0.3294
9.50  5000 0.5871 0.1803 0.5398 -0.1832 1.0927 0.7899 0.4965 0.5208 -0.0049 3.5442 -4.7646  2.0422  0.9625  0.3725 -0.8092  0.3775
9.50  5250 0.5802 0.1963 0.5093 -0.1102 0.9793 0.7714 0.4665 0.5264 -0.0040 3.0052 -3.7341  1.5142  0.1611  2.4743 -3.0720  1.2356
9.50  5500 0.5700 0.2000 0.4909 -0.0940 0.9419 0.7549 0.4504 0.5181 -0.0038 2.8614 -3.5031  1.4074  0.2031  2.1921 -2.6685  1.0562
9.50  6000 0.5723 0.2054 0.4868 -0.0914 0.9414 0.7557 0.4470 0.5195 -0.0039 2.8979 -3.5854  1.4562  0.3090  1.8795 -2.3155  0.9218
9.50  6500 0.5907 0.2253 0.4848 -0.0685 0.9350 0.7734 0.4451 0.5384 -0.0039 2.8720 -3.4983  1.4110  0.3161  1.8303 -2.1993  0.8643
9.50  7000 0.6101 0.2447 0.4848 -0.0416 0.9244 0.7931 0.4449 0.5593 -0.0038 2.7854 -3.2770  1.2910  0.2336  2.0157 -2.3171  0.8870
9.50  7500 0.6229 0.2588 0.4831 -0.0148 0.9045 0.8052 0.4423 0.5745 -0.0036 2.6204 -2.9107  1.0943  0.1285  2.1971 -2.3828  0.8721
9.50  8000 0.6220 0.2584 0.4825 -0.0062 0.8910 0.8038 0.4405 0.5753 -0.0035 2.4769 -2.6147  0.9345  0.0815  2.2082 -2.2796  0.7934
9.50  8500 0.6088 0.2438 0.4842 -0.0191 0.8906 0.7909 0.4413 0.5622 -0.0035 2.4187 -2.5166  0.8796  0.0924  2.1142 -2.1369  0.7198
9.50  9000 0.5882 0.2190 0.4898 -0.0489 0.9036 0.7724 0.4465 0.5407 -0.0036 2.4418 -2.5929  0.9153  0.1248  2.0307 -2.0803  0.6996
9.50  9500 0.5644 0.1881 0.4992 -0.0895 0.9274 0.7522 0.4557 0.5151 -0.0037 2.5234 -2.7884  1.0118  0.1591  1.9992 -2.1347  0.7367
9.50 10000 0.5394 0.1555 0.5093 -0.1343 0.9555 0.7314 0.4660 0.4880 -0.0038 2.6422 -3.0621  1.1501  0.2027  1.9744 -2.2293  0.7996
9.50 10500 0.5144 0.1251 0.5164 -0.1771 0.9807 0.7095 0.4740 0.4606 -0.0040 2.7727 -3.3679  1.3086  0.2684  1.8883 -2.2650  0.8445
9.50 11000 0.4898 0.1030 0.5132 -0.2063 0.9874 0.6839 0.4721 0.4345 -0.0041 2.8568 -3.6032  1.4395  0.3750  1.6212 -2.0624  0.7910
9.50 11500 0.4673 0.0913 0.4988 -0.2177 0.9716 0.6562 0.4597 0.4117 -0.0042 2.8660 -3.7066  1.5098  0.5008  1.2159 -1.6488  0.6438
9.50 12000 0.4488 0.0831 0.4852 -0.2255 0.9564 0.6327 0.4479 0.3930 -0.0042 2.8778 -3.8051  1.5768  0.6108  0.8650 -1.2950  0.5204
9.50 12500 0.4347 0.0759 0.4760 -0.2346 0.9493 0.6150 0.4400 0.3783 -0.0042 2.9171 -3.9406  1.6594  0.7031  0.6003 -1.0513  0.4434
9.50 13000 0.4240 0.0714 0.4678 -0.2407 0.9428 0.6012 0.4328 0.3671 -0.0042 2.9545 -4.0620  1.7334  0.7819  0.3782 -0.8492  0.3814
9.50 13500 0.4165 0.0712 0.4581 -0.2401 0.9312 0.5899 0.4239 0.3596 -0.0042 2.9656 -4.1263  1.7780  0.8467  0.1757 -0.6471  0.3138
9.50 14000 0.4121 0.0758 0.4462 -0.2316 0.9129 0.5809 0.4130 0.3557 -0.0042 2.9436 -4.1203  1.7866  0.8899  0.0111 -0.4634  0.2476
9.50 14500 0.4106 0.0845 0.4326 -0.2161 0.8888 0.5742 0.4005 0.3553 -0.0041 2.8940 -4.0555  1.7651  0.9088 -0.1006 -0.3211  0.1935
9.50 15000 0.4109 0.0960 0.4178 -0.1959 0.8606 0.5690 0.3870 0.3572 -0.0040 2.8259 -3.9512  1.7234  0.9082 -0.1667 -0.2192  0.1528
9.50 15500 0.4114 0.1074 0.4034 -0.1754 0.8324 0.5642 0.3739 0.3593 -0.0039 2.7532 -3.8359  1.6753  0.8972 -0.2032 -0.1490  0.1237
9.50 16000 0.4119 0.1188 0.3888 -0.1547 0.8036 0.5592 0.3607 0.3614 -0.0038 2.6774 -3.7146  1.6241  0.8847 -0.2379 -0.0791  0.0942
9.50 16500 0.4130 0.1318 0.3731 -0.1316 0.7725 0.5545 0.3464 0.3643 -0.0036 2.5965 -3.5845  1.5694  0.8744 -0.2847  0.0084  0.0574
9.50 17000 0.4151 0.1462 0.3568 -0.1070 0.7405 0.5506 0.3315 0.3682 -0.0035 2.5115 -3.4449  1.5100  0.8680 -0.3485  0.1216  0.0090
9.50 20000 0.4112 0.1729 0.3162 -0.0540 0.6597 0.5309 0.2930 0.3684 -0.0032 2.2415 -2.9960  1.3074  0.9529 -0.8983  0.9196 -0.3404
9.50 25000 0.3772 0.1333 0.3235 -0.1018 0.6794 0.4995 0.2998 0.3330 -0.0033 2.3012 -3.1722  1.3955  0.9837 -0.9401  0.8701 -0.3056
9.50 30000 0.3225 0.0956 0.3011 -0.1156 0.6213 0.4360 0.2782 0.2834 -0.0029 2.0537 -2.8285  1.2317  0.7153 -0.3034  0.1110 -0.0053
