Title: Limb-Darkening Coefficients for Eclipsing White Dwarfs
Authors: Gianninas A., Strickland B., Kilic M., Bergeron P.
Table: Limb-Darkening Coefficients for the LSST z-band
================================================================================
Byte-by-byte Description of file: apj461722t5_mrt.txt
--------------------------------------------------------------------------------
   Bytes Format Units   Label   Explanations
--------------------------------------------------------------------------------
   1-  4 F4.2   [cm/s2] log(g)  Log of the surface gravity
   6- 10 I5     K       Teff    Effective temperature
  12- 17 F6.4   ---     a       Linear "a" coefficient
  19- 25 F7.4   ---     b       Quadratic "b" coefficient
  27- 32 F6.4   ---     c       Quadratic "c" coefficient
  34- 40 F7.4   ---     d       Square-root "d" coefficient
  42- 47 F6.4   ---     f       Square-root "f" coefficient
  49- 54 F6.4   ---     g       Logarithmic "g" coefficient
  56- 61 F6.4   ---     h       Logarithmic "h" coefficient
  63- 68 F6.4   ---     j       Exponential "j" coefficient
  70- 76 F7.4   ---     k       Exponential "k" coefficient
  78- 83 F6.4   ---     l       Sing 3-parameter "l" coefficient
  85- 91 F7.4   ---     m       Sing 3-parameter "m" coefficient
  93- 98 F6.4   ---     n       Sing 3-parameter "n" coefficient
 100-105 F6.4   ---     p       Claret 4-parameter "p" coefficient
 107-113 F7.4   ---     q       Claret 4-parameter "q" coefficient
 115-121 F7.4   ---     r       Claret 4-parameter "r" coefficient
 123-129 F7.4   ---     s       Claret 4-parameter "s" coefficient
--------------------------------------------------------------------------------
5.00  4000 0.2709 -0.0304 0.3998 -0.3532 0.8853 0.4453 0.4017 0.2176 -0.0048 3.0546 -4.7670 2.1835 1.6727 -2.4571  2.1065 -0.7091
5.00  4250 0.2750 -0.0268 0.4004 -0.3484 0.8842 0.4495 0.4019 0.2221 -0.0048 3.0477 -4.7425 2.1696 1.6334 -2.3343  1.9692 -0.6550
5.00  4500 0.2880 -0.0117 0.3976 -0.3117 0.8505 0.4595 0.3944 0.2410 -0.0043 2.8732 -4.3588 1.9645 1.1610 -0.9522  0.4118 -0.0432
5.00  4750 0.3147  0.0159 0.3964 -0.2653 0.8227 0.4839 0.3879 0.2727 -0.0039 2.7065 -3.9584 1.7487 0.8064  0.0493 -0.6447  0.3541
5.00  5000 0.3498  0.0556 0.3903 -0.1984 0.7776 0.5138 0.3743 0.3143 -0.0034 2.4337 -3.3321 1.4153 0.4302  1.0163 -1.5645  0.6715
5.00  5250 0.3783  0.0944 0.3767 -0.1271 0.7170 0.5336 0.3528 0.3496 -0.0029 2.0776 -2.5651 1.0133 0.1168  1.6929 -2.0854  0.8114
5.00  5500 0.3966  0.1272 0.3573 -0.0680 0.6589 0.5417 0.3282 0.3725 -0.0025 1.7735 -1.9431 0.6957 0.0185  1.7123 -1.8669  0.6636
5.00  6000 0.4120  0.1840 0.3025  0.0308 0.5407 0.5330 0.2706 0.3944 -0.0020 1.3417 -1.1528 0.3222 0.0580  1.1505 -0.9144  0.2219
5.00  6500 0.4132  0.2223 0.2534  0.0946 0.4520 0.5144 0.2238 0.3992 -0.0017 1.1350 -0.8467 0.2054 0.1610  0.6043 -0.1849 -0.0731
5.00  7000 0.4045  0.2295 0.2322  0.1078 0.4208 0.4978 0.2055 0.3909 -0.0017 1.1079 -0.8636 0.2358 0.2538  0.2717  0.1793 -0.2031
5.00  7500 0.3897  0.2127 0.2348  0.0845 0.4329 0.4845 0.2097 0.3744 -0.0018 1.1607 -0.9980 0.3061 0.3455  0.0224  0.4216 -0.2914
5.00  8000 0.3704  0.1838 0.2476  0.0431 0.4643 0.4710 0.2239 0.3525 -0.0020 1.2564 -1.2045 0.4051 0.4313 -0.1648  0.5679 -0.3408
5.00  8500 0.3464  0.1530 0.2566 -0.0018 0.4938 0.4518 0.2362 0.3255 -0.0022 1.3992 -1.5289 0.5719 0.5170 -0.3044  0.5956 -0.3222
5.00  9000 0.3225  0.1370 0.2461 -0.0228 0.4898 0.4251 0.2305 0.3000 -0.0023 1.4931 -1.8021 0.7305 0.6147 -0.5322  0.7236 -0.3324
5.00  9500 0.2982  0.1230 0.2324 -0.0384 0.4775 0.3965 0.2213 0.2748 -0.0023 1.5556 -2.0186 0.8615 0.6806 -0.6870  0.7781 -0.3154
5.00 10000 0.2852  0.1116 0.2303 -0.0515 0.4776 0.3830 0.2207 0.2612 -0.0024 1.5802 -2.1026 0.9092 0.6953 -0.7109  0.7545 -0.2932
5.00 10500 0.2777  0.1047 0.2294 -0.0587 0.4771 0.3753 0.2204 0.2535 -0.0024 1.5808 -2.1218 0.9204 0.7019 -0.7319  0.7624 -0.2934
5.00 11000 0.2705  0.0991 0.2273 -0.0639 0.4742 0.3673 0.2188 0.2463 -0.0024 1.5731 -2.1261 0.9248 0.7116 -0.7714  0.7976 -0.3056
5.00 11500 0.2642  0.0944 0.2253 -0.0681 0.4712 0.3602 0.2171 0.2399 -0.0024 1.5647 -2.1270 0.9273 0.7247 -0.8231  0.8508 -0.3258
5.00 12000 0.2583  0.0900 0.2233 -0.0721 0.4686 0.3536 0.2155 0.2339 -0.0024 1.5582 -2.1310 0.9315 0.7418 -0.8859  0.9170 -0.3512
5.00 12500 0.2529  0.0863 0.2210 -0.0753 0.4655 0.3473 0.2137 0.2284 -0.0024 1.5511 -2.1334 0.9351 0.7585 -0.9481  0.9834 -0.3766
5.00 13000 0.2480  0.0831 0.2187 -0.0779 0.4622 0.3415 0.2118 0.2234 -0.0024 1.5435 -2.1338 0.9376 0.7740 -1.0068  1.0466 -0.4008
5.00 13500 0.2434  0.0803 0.2163 -0.0801 0.4588 0.3360 0.2098 0.2187 -0.0024 1.5359 -2.1337 0.9399 0.7895 -1.0657  1.1106 -0.4254
5.00 14000 0.2391  0.0778 0.2140 -0.0819 0.4553 0.3308 0.2078 0.2145 -0.0024 1.5277 -2.1316 0.9412 0.8030 -1.1183  1.1682 -0.4475
5.00 14500 0.2351  0.0758 0.2113 -0.0826 0.4506 0.3257 0.2055 0.2106 -0.0023 1.5143 -2.1188 0.9369 0.8066 -1.1437  1.1958 -0.4580
5.00 15000 0.2315  0.0735 0.2096 -0.0848 0.4487 0.3216 0.2041 0.2068 -0.0024 1.5122 -2.1265 0.9428 0.8266 -1.2113  1.2700 -0.4866
5.00 15500 0.2281  0.0716 0.2077 -0.0861 0.4457 0.3174 0.2025 0.2034 -0.0023 1.5056 -2.1247 0.9438 0.8373 -1.2535  1.3160 -0.5042
5.00 16000 0.2249  0.0699 0.2056 -0.0869 0.4423 0.3133 0.2007 0.2002 -0.0023 1.4963 -2.1174 0.9418 0.8406 -1.2736  1.3368 -0.5119
5.00 16500 0.2220  0.0679 0.2044 -0.0890 0.4411 0.3100 0.1998 0.1972 -0.0023 1.4964 -2.1268 0.9481 0.8586 -1.3328  1.4013 -0.5366
5.00 17000 0.2191  0.0663 0.2027 -0.0899 0.4382 0.3065 0.1983 0.1944 -0.0023 1.4888 -2.1214 0.9469 0.8602 -1.3457  1.4134 -0.5407
5.00 20000 0.2060  0.0556 0.1996 -0.1036 0.4391 0.2926 0.1970 0.1803 -0.0024 1.5142 -2.2095 0.9977 0.9444 -1.5977  1.6711 -0.6354
5.00 25000 0.1978  0.0358 0.2149 -0.1405 0.4797 0.2917 0.2145 0.1688 -0.0027 1.6868 -2.5474 1.1656 1.0421 -1.7468  1.7346 -0.6364
5.00 30000 0.1904  0.0219 0.2236 -0.1565 0.4921 0.2876 0.2226 0.1614 -0.0027 1.6999 -2.5673 1.1677 0.9570 -1.4536  1.3652 -0.4873
5.25  4000 0.2707 -0.0300 0.3989 -0.3518 0.8829 0.4446 0.4008 0.2175 -0.0048 3.0448 -4.7493 2.1748 1.6623 -2.4325  2.0812 -0.6998
5.25  4250 0.2727 -0.0280 0.3990 -0.3512 0.8849 0.4468 0.4010 0.2192 -0.0048 3.0557 -4.7676 2.1846 1.6995 -2.5442  2.2159 -0.7543
5.25  4500 0.2830 -0.0153 0.3958 -0.3167 0.8507 0.4540 0.3934 0.2354 -0.0043 2.8834 -4.3950 1.9858 1.2147 -1.1192  0.5965 -0.1147
5.25  4750 0.3040  0.0059 0.3955 -0.2796 0.8278 0.4733 0.3886 0.2607 -0.0040 2.7446 -4.0625 1.8060 0.8923 -0.1957 -0.3958  0.2629
5.25  5000 0.3363  0.0412 0.3916 -0.2210 0.7905 0.5017 0.3781 0.2988 -0.0036 2.5196 -3.5360 1.5245 0.5339  0.7604 -1.3419  0.6011
5.25  5250 0.3661  0.0800 0.3795 -0.1500 0.7320 0.5234 0.3581 0.3356 -0.0030 2.1794 -2.7958 1.1356 0.1790  1.5894 -2.0601  0.8260
5.25  5500 0.3866  0.1123 0.3639 -0.0921 0.6789 0.5352 0.3368 0.3609 -0.0026 1.8810 -2.1712 0.8127 0.0443  1.7351 -1.9892  0.7361
5.25  6000 0.4043  0.1654 0.3170  0.0021 0.5704 0.5315 0.2856 0.3851 -0.0021 1.4369 -1.3298 0.4036 0.0370  1.3150 -1.1778  0.3397
5.25  6500 0.4072  0.2042 0.2694  0.0683 0.4807 0.5147 0.2391 0.3919 -0.0018 1.1940 -0.9409 0.2405 0.1283  0.7710 -0.4134  0.0185
5.25  7000 0.4008  0.2182 0.2422  0.0929 0.4366 0.4978 0.2146 0.3867 -0.0017 1.1218 -0.8743 0.2316 0.2224  0.3889  0.0397 -0.1531
5.25  7500 0.3879  0.2082 0.2384  0.0800 0.4367 0.4839 0.2127 0.3727 -0.0018 1.1486 -0.9670 0.2856 0.3122  0.1200  0.3158 -0.2542
5.25  8000 0.3705  0.1843 0.2470  0.0465 0.4595 0.4705 0.2226 0.3531 -0.0019 1.2219 -1.1339 0.3675 0.3957 -0.0821  0.4922 -0.3168
5.25  8500 0.3492  0.1563 0.2558  0.0061 0.4865 0.4537 0.2340 0.3292 -0.0021 1.3404 -1.4026 0.5042 0.4741 -0.2217  0.5454 -0.3155
5.25  9000 0.3267  0.1392 0.2488 -0.0173 0.4879 0.4297 0.2313 0.3050 -0.0022 1.4363 -1.6676 0.6549 0.5711 -0.4457  0.6793 -0.3328
5.25  9500 0.3036  0.1298 0.2306 -0.0266 0.4684 0.4007 0.2181 0.2813 -0.0023 1.4926 -1.8806 0.7885 0.6492 -0.6467  0.7873 -0.3343
5.25 10000 0.2854  0.1159 0.2249 -0.0425 0.4651 0.3809 0.2150 0.2623 -0.0023 1.5341 -2.0198 0.8696 0.6743 -0.6877  0.7508 -0.2964
5.25 10500 0.2768  0.1083 0.2235 -0.0503 0.4639 0.3719 0.2143 0.2535 -0.0023 1.5361 -2.0455 0.8849 0.6787 -0.7001  0.7430 -0.2886
5.25 11000 0.2699  0.1027 0.2218 -0.0552 0.4611 0.3642 0.2129 0.2466 -0.0023 1.5271 -2.0459 0.8869 0.6798 -0.7128  0.7475 -0.2887
5.25 11500 0.2634  0.0977 0.2199 -0.0600 0.4587 0.3571 0.2115 0.2400 -0.0023 1.5218 -2.0533 0.8929 0.6972 -0.7753  0.8114 -0.3127
5.25 12000 0.2576  0.0935 0.2177 -0.0634 0.4554 0.3504 0.2097 0.2341 -0.0023 1.5115 -2.0494 0.8929 0.7057 -0.8140  0.8505 -0.3275
5.25 12500 0.2521  0.0897 0.2154 -0.0666 0.4519 0.3440 0.2078 0.2286 -0.0023 1.5025 -2.0481 0.8945 0.7186 -0.8653  0.9046 -0.3481
5.25 13000 0.2470  0.0864 0.2131 -0.0692 0.4485 0.3380 0.2059 0.2235 -0.0023 1.4940 -2.0470 0.8961 0.7317 -0.9169  0.9596 -0.3691
5.25 13500 0.2423  0.0835 0.2107 -0.0712 0.4448 0.3324 0.2038 0.2188 -0.0023 1.4849 -2.0441 0.8970 0.7440 -0.9668  1.0133 -0.3896
5.25 14000 0.2380  0.0810 0.2083 -0.0730 0.4411 0.3272 0.2018 0.2145 -0.0023 1.4759 -2.0405 0.8974 0.7556 -1.0138  1.0643 -0.4092
5.25 14500 0.2340  0.0788 0.2060 -0.0745 0.4376 0.3223 0.1999 0.2105 -0.0023 1.4671 -2.0365 0.8976 0.7664 -1.0581  1.1127 -0.4277
5.25 15000 0.2303  0.0767 0.2038 -0.0758 0.4341 0.3177 0.1980 0.2068 -0.0023 1.4586 -2.0320 0.8973 0.7757 -1.0974  1.1554 -0.4441
5.25 15500 0.2269  0.0747 0.2020 -0.0772 0.4314 0.3136 0.1964 0.2033 -0.0023 1.4526 -2.0315 0.8989 0.7873 -1.1416  1.2036 -0.4626
5.25 16000 0.2237  0.0728 0.2001 -0.0783 0.4283 0.3096 0.1948 0.2001 -0.0022 1.4445 -2.0263 0.8980 0.7934 -1.1699  1.2340 -0.4741
5.25 16500 0.2206  0.0711 0.1984 -0.0795 0.4257 0.3059 0.1933 0.1971 -0.0022 1.4382 -2.0238 0.8983 0.8003 -1.1989  1.2647 -0.4856
5.25 17000 0.2170  0.0715 0.1931 -0.0728 0.4111 0.2998 0.1876 0.1948 -0.0021 1.3813 -1.9264 0.8508 0.7276 -1.0163  1.0635 -0.4074
5.25 20000 0.2045  0.0585 0.1937 -0.0943 0.4238 0.2883 0.1906 0.1799 -0.0023 1.4559 -2.1068 0.9480 0.8888 -1.4727  1.5453 -0.5890
5.25 25000 0.1954  0.0386 0.2082 -0.1305 0.4624 0.2863 0.2073 0.1679 -0.0026 1.6205 -2.4313 1.1094 0.9781 -1.6025  1.5880 -0.5821
5.25 30000 0.1874  0.0253 0.2150 -0.1437 0.4696 0.2806 0.2133 0.1602 -0.0025 1.6135 -2.4159 1.0942 0.8685 -1.2481  1.1528 -0.4076
5.50  4000 0.2708 -0.0289 0.3975 -0.3478 0.8773 0.4439 0.3989 0.2183 -0.0047 3.0204 -4.7018 2.1504 1.6148 -2.3004  1.9335 -0.6420
5.50  4250 0.2711 -0.0286 0.3976 -0.3517 0.8833 0.4446 0.3998 0.2174 -0.0048 3.0518 -4.7666 2.1855 1.7258 -2.6349  2.3250 -0.7989
5.50  4500 0.2793 -0.0182 0.3947 -0.3214 0.8520 0.4501 0.3930 0.2311 -0.0044 2.8978 -4.4357 2.0091 1.2697 -1.2859  0.7815 -0.1865
5.50  4750 0.2955 -0.0016 0.3942 -0.2901 0.8306 0.4647 0.3886 0.2513 -0.0041 2.7703 -4.1371 1.8477 0.9639 -0.4059 -0.1762  0.1808
5.50  5000 0.3237  0.0281 0.3922 -0.2410 0.8009 0.4900 0.3810 0.2845 -0.0037 2.5889 -3.7053 1.6157 0.6340  0.4997 -1.1000  0.5193
5.50  5250 0.3539  0.0654 0.3828 -0.1741 0.7489 0.5136 0.3641 0.3214 -0.0032 2.2853 -3.0335 1.2611 0.2636  1.4167 -1.9503  0.8052
5.50  5500 0.3770  0.0975 0.3709 -0.1170 0.7007 0.5294 0.3459 0.3494 -0.0028 1.9948 -2.4102 0.9352 0.0860  1.7112 -2.0566  0.7864
5.50  6000 0.3972  0.1486 0.3298 -0.0245 0.5981 0.5300 0.2991 0.3764 -0.0022 1.5342 -1.5142 0.4907 0.0275  1.4435 -1.4011  0.4431
5.50  6500 0.4013  0.1863 0.2853  0.0416 0.5102 0.5154 0.2546 0.3847 -0.0019 1.2643 -1.0585 0.2883 0.0988  0.9390 -0.6527  0.1176
5.50  7000 0.3972  0.2057 0.2541  0.0756 0.4561 0.4989 0.2255 0.3825 -0.0018 1.1463 -0.9019 0.2347 0.1892  0.5229 -0.1244 -0.0925
5.50  7500 0.3864  0.2023 0.2443  0.0733 0.4442 0.4845 0.2176 0.3713 -0.0018 1.1411 -0.9390 0.2645 0.2770  0.2284  0.1992 -0.2145
5.50  8000 0.3711  0.1836 0.2487  0.0478 0.4586 0.4714 0.2233 0.3542 -0.0019 1.1916 -1.0649 0.3284 0.3583  0.0109  0.4075 -0.2913
5.50  8500 0.3520  0.1585 0.2568  0.0120 0.4823 0.4563 0.2334 0.3329 -0.0021 1.2875 -1.2837 0.4388 0.4307 -0.1317  0.4862 -0.3060
5.50  9000 0.3298  0.1396 0.2524 -0.0144 0.4881 0.4336 0.2331 0.3087 -0.0022 1.3906 -1.5566 0.5911 0.5245 -0.3376  0.5984 -0.3157
5.50  9500 0.3102  0.1340 0.2338 -0.0190 0.4669 0.4078 0.2191 0.2887 -0.0022 1.4335 -1.7353 0.7066 0.6086 -0.5717  0.7653 -0.3457
5.50 10000 0.2885  0.1213 0.2217 -0.0327 0.4556 0.3823 0.2111 0.2662 -0.0022 1.4864 -1.9223 0.8200 0.6533 -0.6663  0.7622 -0.3098
5.50 10500 0.2774  0.1121 0.2192 -0.0426 0.4539 0.3705 0.2098 0.2548 -0.0022 1.5002 -1.9806 0.8540 0.6593 -0.6722  0.7284 -0.2860
5.50 11000 0.2704  0.1062 0.2178 -0.0482 0.4519 0.3630 0.2088 0.2478 -0.0022 1.4945 -1.9870 0.8589 0.6618 -0.6860  0.7323 -0.2855
5.50 11500 0.2635  0.1011 0.2155 -0.0524 0.4480 0.3551 0.2068 0.2408 -0.0022 1.4832 -1.9841 0.8597 0.6668 -0.7139  0.7558 -0.2934
5.50 12000 0.2576  0.0968 0.2134 -0.0560 0.4448 0.3485 0.2051 0.2350 -0.0022 1.4735 -1.9814 0.8603 0.6750 -0.7507  0.7924 -0.3070
5.50 12500 0.2520  0.0929 0.2111 -0.0589 0.4410 0.3419 0.2031 0.2293 -0.0022 1.4627 -1.9767 0.8601 0.6836 -0.7900  0.8325 -0.3221
5.50 13000 0.2469  0.0895 0.2087 -0.0615 0.4374 0.3359 0.2012 0.2242 -0.0022 1.4534 -1.9740 0.8610 0.6942 -0.8342  0.8788 -0.3396
5.50 13500 0.2421  0.0866 0.2063 -0.0636 0.4336 0.3301 0.1991 0.2194 -0.0022 1.4435 -1.9697 0.8611 0.7042 -0.8769  0.9240 -0.3567
5.50 14000 0.2377  0.0840 0.2039 -0.0654 0.4298 0.3248 0.1971 0.2150 -0.0022 1.4339 -1.9649 0.8609 0.7134 -0.9167  0.9662 -0.3726
5.50 14500 0.2336  0.0816 0.2016 -0.0669 0.4262 0.3198 0.1951 0.2110 -0.0022 1.4247 -1.9602 0.8606 0.7231 -0.9579  1.0111 -0.3898
5.50 15000 0.2298  0.0795 0.1994 -0.0680 0.4225 0.3152 0.1931 0.2073 -0.0022 1.4148 -1.9532 0.8590 0.7296 -0.9892  1.0445 -0.4025
5.50 15500 0.2264  0.0775 0.1975 -0.0695 0.4197 0.3110 0.1916 0.2038 -0.0022 1.4082 -1.9517 0.8601 0.7402 -1.0307  1.0898 -0.4199
5.50 16000 0.2231  0.0756 0.1956 -0.0705 0.4165 0.3070 0.1899 0.2005 -0.0022 1.3997 -1.9457 0.8588 0.7455 -1.0568  1.1176 -0.4304
5.50 16500 0.2201  0.0737 0.1941 -0.0721 0.4144 0.3034 0.1887 0.1975 -0.0022 1.3956 -1.9472 0.8611 0.7552 -1.0929  1.1561 -0.4449
5.50 17000 0.2172  0.0720 0.1927 -0.0734 0.4122 0.2999 0.1875 0.1946 -0.0022 1.3906 -1.9466 0.8622 0.7621 -1.1205  1.1849 -0.4557
5.50 20000 0.2037  0.0609 0.1893 -0.0869 0.4121 0.2855 0.1858 0.1801 -0.0022 1.4104 -2.0249 0.9079 0.8378 -1.3499  1.4173 -0.5406
5.50 25000 0.1941  0.0408 0.2034 -0.1229 0.4496 0.2827 0.2021 0.1676 -0.0025 1.5707 -2.3426 1.0661 0.9242 -1.4746  1.4551 -0.5321
5.50 30000 0.1852  0.0281 0.2085 -0.1335 0.4520 0.2753 0.2061 0.1595 -0.0024 1.5447 -2.2939 1.0346 0.7920 -1.0649  0.9605 -0.3350
5.75  4000 0.2719 -0.0291 0.3993 -0.3498 0.8818 0.4459 0.4008 0.2191 -0.0048 3.0367 -4.7287 2.1632 1.6319 -2.3404  1.9768 -0.6587
5.75  4250 0.2702 -0.0288 0.3967 -0.3515 0.8818 0.4434 0.3990 0.2166 -0.0048 3.0467 -4.7599 2.1827 1.7312 -2.6578  2.3539 -0.8110
5.75  4500 0.2765 -0.0207 0.3943 -0.3264 0.8552 0.4473 0.3933 0.2275 -0.0044 2.9187 -4.4863 2.0369 1.3343 -1.4779  0.9966 -0.2705
5.75  4750 0.2891 -0.0069 0.3928 -0.2975 0.8321 0.4580 0.3881 0.2442 -0.0041 2.7875 -4.1901 1.8779 1.0231 -0.5837  0.0140  0.1086
5.75  5000 0.3123  0.0167 0.3922 -0.2580 0.8088 0.4793 0.3828 0.2716 -0.0038 2.6423 -3.8405 1.6890 0.7269  0.2471 -0.8534  0.4319
5.75  5250 0.3413  0.0521 0.3837 -0.1945 0.7599 0.5022 0.3674 0.3072 -0.0033 2.3654 -3.2245 1.3637 0.3422  1.2379 -1.8185  0.7720
5.75  5500 0.3663  0.0845 0.3739 -0.1380 0.7152 0.5207 0.3512 0.3371 -0.0029 2.0916 -2.6270 1.0497 0.1375  1.6386 -2.0620  0.8120
5.75  6000 0.3901  0.1350 0.3384 -0.0461 0.6186 0.5269 0.3088 0.3680 -0.0023 1.6212 -1.6884 0.5766 0.0280  1.5288 -1.5732  0.5281
5.75  6500 0.3949  0.1700 0.2984  0.0168 0.5363 0.5145 0.2679 0.3770 -0.0020 1.3417 -1.1992 0.3515 0.0765  1.0896 -0.8846  0.2191
5.75  7000 0.3923  0.1911 0.2669  0.0547 0.4788 0.4991 0.2377 0.3766 -0.0018 1.1929 -0.9761 0.2620 0.1553  0.6811 -0.3379 -0.0066
5.75  7500 0.3836  0.1932 0.2526  0.0613 0.4571 0.4848 0.2251 0.3681 -0.0018 1.1549 -0.9522 0.2634 0.2392  0.3666  0.0308 -0.1503
5.75  8000 0.3700  0.1794 0.2528  0.0435 0.4631 0.4717 0.2266 0.3532 -0.0019 1.1831 -1.0390 0.3103 0.3183  0.1344  0.2687 -0.2401
5.75  8500 0.3526  0.1576 0.2587  0.0131 0.4815 0.4573 0.2343 0.3339 -0.0020 1.2578 -1.2156 0.4001 0.3886 -0.0226  0.3811 -0.2719
5.75  9000 0.3320  0.1384 0.2569 -0.0139 0.4907 0.4372 0.2361 0.3115 -0.0022 1.3552 -1.4662 0.5376 0.4755 -0.2115  0.4875 -0.2846
5.75  9500 0.3132  0.1326 0.2396 -0.0193 0.4715 0.4125 0.2231 0.2920 -0.0022 1.3973 -1.6386 0.6484 0.5666 -0.4694  0.6893 -0.3313
5.75 10000 0.2935  0.1266 0.2214 -0.0237 0.4498 0.3867 0.2093 0.2720 -0.0022 1.4351 -1.8056 0.7571 0.6280 -0.6343  0.7751 -0.3290
5.75 10500 0.2782  0.1153 0.2162 -0.0362 0.4459 0.3699 0.2063 0.2563 -0.0022 1.4663 -1.9161 0.8221 0.6419 -0.6485  0.7212 -0.2877
5.75 11000 0.2706  0.1090 0.2143 -0.0421 0.4435 0.3616 0.2050 0.2485 -0.0022 1.4639 -1.9319 0.8326 0.6423 -0.6525  0.7073 -0.2781
5.75 11500 0.2643  0.1041 0.2126 -0.0463 0.4406 0.3546 0.2036 0.2423 -0.0022 1.4549 -1.9306 0.8336 0.6431 -0.6641  0.7118 -0.2784
5.75 12000 0.2583  0.0997 0.2104 -0.0498 0.4369 0.3477 0.2018 0.2363 -0.0022 1.4438 -1.9259 0.8333 0.6484 -0.6926  0.7383 -0.2879
5.75 12500 0.2526  0.0958 0.2080 -0.0527 0.4329 0.3411 0.1997 0.2306 -0.0022 1.4320 -1.9193 0.8321 0.6540 -0.7230  0.7681 -0.2989
5.75 13000 0.2473  0.0924 0.2056 -0.0552 0.4290 0.3348 0.1977 0.2253 -0.0022 1.4212 -1.9142 0.8318 0.6616 -0.7589  0.8045 -0.3124
5.75 13500 0.2424  0.0893 0.2031 -0.0573 0.4250 0.3290 0.1956 0.2205 -0.0021 1.4107 -1.9089 0.8313 0.6691 -0.7939  0.8405 -0.3257
5.75 14000 0.2379  0.0866 0.2007 -0.0590 0.4211 0.3235 0.1935 0.2160 -0.0021 1.4001 -1.9024 0.8302 0.6758 -0.8267  0.8745 -0.3385
5.75 14500 0.2331  0.0859 0.1953 -0.0543 0.4076 0.3163 0.1879 0.2122 -0.0021 1.3497 -1.8214 0.7917 0.6287 -0.7218  0.7619 -0.2954
5.75 15000 0.2299  0.0821 0.1962 -0.0616 0.4135 0.3138 0.1896 0.2082 -0.0021 1.3798 -1.8884 0.8271 0.6874 -0.8852  0.9362 -0.3616
5.75 15500 0.2264  0.0801 0.1942 -0.0627 0.4100 0.3094 0.1877 0.2047 -0.0021 1.3704 -1.8816 0.8255 0.6925 -0.9115  0.9641 -0.3721
5.75 16000 0.2231  0.0781 0.1923 -0.0639 0.4071 0.3054 0.1862 0.2014 -0.0021 1.3628 -1.8772 0.8249 0.6983 -0.9382  0.9923 -0.3826
5.75 16500 0.2200  0.0764 0.1904 -0.0647 0.4038 0.3015 0.1845 0.1984 -0.0021 1.3533 -1.8688 0.8223 0.7003 -0.9541  1.0086 -0.3887
5.75 17000 0.2171  0.0744 0.1893 -0.0667 0.4025 0.2983 0.1837 0.1954 -0.0021 1.3522 -1.8754 0.8270 0.7121 -0.9940  1.0505 -0.4044
5.75 20000 0.2035  0.0631 0.1862 -0.0805 0.4027 0.2837 0.1822 0.1808 -0.0022 1.3728 -1.9551 0.8733 0.7881 -1.2241  1.2834 -0.4896
5.75 25000 0.1933  0.0429 0.1996 -0.1158 0.4383 0.2800 0.1977 0.1678 -0.0024 1.5251 -2.2591 1.0247 0.8649 -1.3247  1.2948 -0.4709
5.75 30000 0.1836  0.0304 0.2032 -0.1247 0.4372 0.2713 0.2003 0.1592 -0.0023 1.4860 -2.1883 0.9826 0.7189 -0.8828  0.7658 -0.2606
6.00  4000 0.2736 -0.0294 0.4020 -0.3527 0.8884 0.4488 0.4036 0.2203 -0.0048 3.0603 -4.7674 2.1815 1.6542 -2.3904  2.0298 -0.6790
6.00  4250 0.2700 -0.0288 0.3965 -0.3512 0.8811 0.4431 0.3987 0.2165 -0.0048 3.0432 -4.7537 2.1796 1.7273 -2.6486  2.3442 -0.8075
6.00  4500 0.2744 -0.0231 0.3947 -0.3327 0.8611 0.4458 0.3945 0.2244 -0.0045 2.9495 -4.5538 2.0731 1.4195 -1.7278  1.2790 -0.3816
6.00  4750 0.2844 -0.0107 0.3915 -0.3030 0.8332 0.4530 0.3876 0.2389 -0.0042 2.8018 -4.2330 1.9024 1.0732 -0.7343  0.1768  0.0466
6.00  5000 0.3028  0.0073 0.3920 -0.2720 0.8153 0.4702 0.3842 0.2608 -0.0039 2.6868 -3.9537 1.7506 0.8087  0.0220 -0.6306  0.3520
6.00  5250 0.3291  0.0393 0.3844 -0.2141 0.7704 0.4911 0.3704 0.2934 -0.0034 2.4380 -3.3994 1.4577 0.4273  1.0301 -1.6437  0.7189
6.00  5500 0.3553  0.0711 0.3770 -0.1598 0.7305 0.5119 0.3568 0.3244 -0.0030 2.1895 -2.8458 1.1652 0.2036  1.5185 -2.0092  0.8131
6.00  6000 0.3835  0.1225 0.3463 -0.0663 0.6380 0.5240 0.3178 0.3601 -0.0025 1.7052 -1.8567 0.6599 0.0334  1.5951 -1.7194  0.6021
6.00  6500 0.3892  0.1559 0.3095 -0.0050 0.5592 0.5136 0.2794 0.3700 -0.0021 1.4153 -1.3356 0.4143 0.0614  1.2129 -1.0833  0.3081
6.00  7000 0.3872  0.1764 0.2796  0.0328 0.5026 0.4991 0.2502 0.3704 -0.0019 1.2528 -1.0787 0.3049 0.1263  0.8364 -0.5595  0.0865
6.00  7500 0.3801  0.1821 0.2627  0.0458 0.4742 0.4854 0.2346 0.3641 -0.0018 1.1853 -0.9963 0.2772 0.2025  0.5179 -0.1640 -0.0731
6.00  8000 0.3686  0.1732 0.2593  0.0356 0.4724 0.4728 0.2324 0.3518 -0.0019 1.1883 -1.0355 0.3018 0.2779  0.2728  0.1062 -0.1786
6.00  8500 0.3532  0.1549 0.2631  0.0107 0.4857 0.4593 0.2377 0.3347 -0.0020 1.2417 -1.1696 0.3707 0.3458  0.1022  0.2515 -0.2273
6.00  9000 0.3347  0.1363 0.2632 -0.0153 0.4964 0.4418 0.2406 0.3144 -0.0021 1.3272 -1.3862 0.4881 0.4243 -0.0709  0.3573 -0.2457
6.00  9500 0.3157  0.1289 0.2479 -0.0235 0.4812 0.4179 0.2297 0.2947 -0.0022 1.3758 -1.5667 0.6011 0.5234 -0.3488  0.5840 -0.3040
6.00 10000 0.2998  0.1287 0.2270 -0.0200 0.4536 0.3946 0.2129 0.2788 -0.0021 1.3921 -1.6882 0.6879 0.5923 -0.5595  0.7454 -0.3363
6.00 10500 0.2817  0.1191 0.2157 -0.0297 0.4417 0.3728 0.2049 0.2603 -0.0022 1.4317 -1.8381 0.7804 0.6258 -0.6302  0.7333 -0.3018
6.00 11000 0.2717  0.1114 0.2126 -0.0375 0.4385 0.3618 0.2030 0.2500 -0.0022 1.4422 -1.8889 0.8110 0.6270 -0.6239  0.6876 -0.2733
6.00 11500 0.2652  0.1064 0.2107 -0.0417 0.4353 0.3546 0.2014 0.2436 -0.0021 1.4336 -1.8893 0.8132 0.6254 -0.6270  0.6803 -0.2682
6.00 12000 0.2594  0.1021 0.2087 -0.0451 0.4319 0.3480 0.1998 0.2379 -0.0021 1.4226 -1.8837 0.8121 0.6259 -0.6396  0.6880 -0.2702
6.00 12500 0.2537  0.0982 0.2063 -0.0480 0.4280 0.3414 0.1978 0.2322 -0.0021 1.4110 -1.8774 0.8110 0.6301 -0.6651  0.7115 -0.2785
6.00 13000 0.2484  0.0947 0.2039 -0.0504 0.4238 0.3351 0.1957 0.2269 -0.0021 1.3994 -1.8707 0.8098 0.6351 -0.6935  0.7392 -0.2885
6.00 13500 0.2434  0.0916 0.2014 -0.0525 0.4197 0.3291 0.1935 0.2220 -0.0021 1.3882 -1.8642 0.8088 0.6403 -0.7216  0.7667 -0.2984
6.00 14000 0.2388  0.0888 0.1990 -0.0542 0.4157 0.3236 0.1914 0.2175 -0.0021 1.3775 -1.8578 0.8077 0.6461 -0.7515  0.7972 -0.3096
6.00 14500 0.2346  0.0864 0.1967 -0.0557 0.4118 0.3184 0.1894 0.2133 -0.0021 1.3672 -1.8511 0.8064 0.6515 -0.7795  0.8260 -0.3202
6.00 15000 0.2307  0.0841 0.1945 -0.0569 0.4080 0.3136 0.1875 0.2095 -0.0021 1.3567 -1.8432 0.8044 0.6557 -0.8039  0.8512 -0.3295
6.00 15500 0.2271  0.0821 0.1924 -0.0582 0.4046 0.3092 0.1857 0.2059 -0.0021 1.3476 -1.8370 0.8030 0.6605 -0.8290  0.8773 -0.3392
6.00 16000 0.2237  0.0801 0.1905 -0.0593 0.4014 0.3051 0.1841 0.2026 -0.0021 1.3392 -1.8312 0.8018 0.6650 -0.8519  0.9011 -0.3481
6.00 16500 0.2206  0.0782 0.1890 -0.0606 0.3989 0.3014 0.1827 0.1995 -0.0020 1.3331 -1.8291 0.8023 0.6710 -0.8778  0.9279 -0.3580
6.00 17000 0.2177  0.0763 0.1876 -0.0621 0.3968 0.2979 0.1815 0.1966 -0.0020 1.3280 -1.8284 0.8033 0.6771 -0.9029  0.9537 -0.3676
6.00 20000 0.2039  0.0647 0.1846 -0.0763 0.3974 0.2833 0.1803 0.1817 -0.0021 1.3502 -1.9112 0.8511 0.7541 -1.1348  1.1877 -0.4531
6.00 25000 0.1934  0.0438 0.1984 -0.1131 0.4347 0.2795 0.1964 0.1683 -0.0023 1.5098 -2.2300 1.0100 0.8422 -1.2654  1.2309 -0.4465
6.00 30000 0.1826  0.0320 0.1999 -0.1189 0.4277 0.2687 0.1966 0.1591 -0.0022 1.4478 -2.1192 0.9485 0.6723 -0.7676  0.6435 -0.2141
6.25  4000 0.2758 -0.0299 0.4056 -0.3567 0.8971 0.4526 0.4073 0.2219 -0.0049 3.0921 -4.8201 2.2065 1.6838 -2.4562  2.0991 -0.7054
6.25  4250 0.2704 -0.0287 0.3968 -0.3509 0.8812 0.4435 0.3989 0.2169 -0.0048 3.0419 -4.7495 2.1769 1.7184 -2.6205  2.3119 -0.7947
6.25  4500 0.2729 -0.0255 0.3959 -0.3406 0.8702 0.4452 0.3967 0.2215 -0.0047 2.9930 -4.6445 2.1210 1.5415 -2.0862  1.6895 -0.5446
6.25  4750 0.2809 -0.0135 0.3906 -0.3073 0.8343 0.4493 0.3873 0.2350 -0.0042 2.8142 -4.2685 1.9225 1.1169 -0.8661  0.3210 -0.0089
6.25  5000 0.2953  0.0008 0.3907 -0.2813 0.8178 0.4626 0.3841 0.2525 -0.0040 2.7098 -4.0205 1.7880 0.8754 -0.1748 -0.4232  0.2741
6.25  5250 0.3178  0.0274 0.3853 -0.2323 0.7803 0.4809 0.3733 0.2806 -0.0035 2.5022 -3.5544 1.5408 0.5118  0.8156 -1.4511  0.6556
6.25  5500 0.3439  0.0579 0.3794 -0.1811 0.7447 0.5024 0.3616 0.3113 -0.0032 2.2811 -3.0543 1.2757 0.2779  1.3653 -1.9122  0.7951
6.25  6000 0.3766  0.1110 0.3523 -0.0853 0.6550 0.5202 0.3253 0.3519 -0.0026 1.7902 -2.0327 0.7492 0.0516  1.6203 -1.8208  0.6600
6.25  6500 0.3841  0.1440 0.3185 -0.0237 0.5784 0.5124 0.2889 0.3638 -0.0022 1.4820 -1.4619 0.4737 0.0523  1.3096 -1.2469  0.3832
6.25  7000 0.3823  0.1632 0.2907  0.0129 0.5240 0.4989 0.2613 0.3645 -0.0020 1.3125 -1.1844 0.3512 0.1041  0.9695 -0.7567  0.1712
6.25  7500 0.3763  0.1703 0.2734  0.0285 0.4933 0.4859 0.2449 0.3595 -0.0019 1.2289 -1.0675 0.3051 0.1699  0.6689 -0.3692  0.0112
6.25  8000 0.3664  0.1646 0.2677  0.0236 0.4863 0.4738 0.2403 0.3491 -0.0019 1.2131 -1.0702 0.3123 0.2394  0.4241 -0.0863 -0.1018
6.25  8500 0.3529  0.1498 0.2695  0.0042 0.4947 0.4614 0.2433 0.3344 -0.0020 1.2455 -1.1611 0.3597 0.3044  0.2424  0.0898 -0.1668
6.25  9000 0.3364  0.1325 0.2706 -0.0198 0.5052 0.4461 0.2466 0.3163 -0.0021 1.3150 -1.3377 0.4543 0.3747  0.0804  0.2019 -0.1937
6.25  9500 0.3181  0.1234 0.2583 -0.0309 0.4949 0.4239 0.2383 0.2970 -0.0022 1.3685 -1.5195 0.5651 0.4744 -0.1948  0.4300 -0.2553
6.25 10000 0.3040  0.1249 0.2377 -0.0252 0.4669 0.4025 0.2214 0.2830 -0.0022 1.3727 -1.6112 0.6354 0.5514 -0.4442  0.6545 -0.3181
6.25 10500 0.2875  0.1222 0.2193 -0.0250 0.4434 0.3796 0.2070 0.2665 -0.0021 1.3964 -1.7428 0.7251 0.6032 -0.5910  0.7357 -0.3180
6.25 11000 0.2737  0.1133 0.2128 -0.0343 0.4368 0.3637 0.2026 0.2524 -0.0021 1.4238 -1.8458 0.7875 0.6146 -0.6012  0.6794 -0.2752
6.25 11500 0.2665  0.1081 0.2102 -0.0388 0.4331 0.3556 0.2007 0.2452 -0.0021 1.4213 -1.8621 0.7989 0.6114 -0.5932  0.6500 -0.2583
6.25 12000 0.2607  0.1038 0.2081 -0.0421 0.4295 0.3490 0.1989 0.2394 -0.0021 1.4103 -1.8567 0.7980 0.6099 -0.5996  0.6496 -0.2567
6.25 12500 0.2553  0.0997 0.2063 -0.0456 0.4267 0.3428 0.1975 0.2340 -0.0021 1.4028 -1.8572 0.8001 0.6155 -0.6254  0.6721 -0.2644
6.25 13000 0.2499  0.0963 0.2037 -0.0476 0.4219 0.3364 0.1952 0.2287 -0.0021 1.3883 -1.8450 0.7961 0.6154 -0.6395  0.6837 -0.2681
6.25 13500 0.2448  0.0933 0.2011 -0.0494 0.4173 0.3303 0.1928 0.2238 -0.0021 1.3751 -1.8348 0.7932 0.6174 -0.6593  0.7022 -0.2745
6.25 14000 0.2402  0.0905 0.1986 -0.0511 0.4131 0.3246 0.1907 0.2192 -0.0021 1.3639 -1.8276 0.7918 0.6215 -0.6839  0.7261 -0.2829
6.25 14500 0.2359  0.0877 0.1966 -0.0533 0.4102 0.3197 0.1891 0.2150 -0.0021 1.3578 -1.8289 0.7944 0.6310 -0.7215  0.7642 -0.2968
6.25 15000 0.2319  0.0857 0.1939 -0.0537 0.4050 0.3145 0.1866 0.2111 -0.0020 1.3419 -1.8113 0.7876 0.6286 -0.7294  0.7718 -0.2994
6.25 15500 0.2282  0.0836 0.1919 -0.0550 0.4016 0.3100 0.1848 0.2075 -0.0020 1.3329 -1.8053 0.7865 0.6332 -0.7535  0.7965 -0.3085
6.25 16000 0.2247  0.0817 0.1897 -0.0556 0.3975 0.3056 0.1828 0.2041 -0.0020 1.3205 -1.7926 0.7817 0.6329 -0.7648  0.8080 -0.3127
6.25 16500 0.2216  0.0796 0.1884 -0.0575 0.3959 0.3020 0.1818 0.2009 -0.0020 1.3180 -1.7972 0.7855 0.6428 -0.8000  0.8441 -0.3260
6.25 17000 0.2186  0.0777 0.1869 -0.0588 0.3936 0.2984 0.1805 0.1980 -0.0020 1.3122 -1.7952 0.7859 0.6478 -0.8221  0.8663 -0.3341
6.25 20000 0.2047  0.0658 0.1842 -0.0737 0.3949 0.2839 0.1795 0.1829 -0.0021 1.3374 -1.8838 0.8366 0.7281 -1.0619  1.1083 -0.4225
6.25 25000 0.1937  0.0448 0.1977 -0.1105 0.4315 0.2795 0.1954 0.1691 -0.0023 1.4945 -2.1993 0.9941 0.8150 -1.1908  1.1494 -0.4151
6.25 30000 0.1819  0.0334 0.1970 -0.1134 0.4189 0.2666 0.1933 0.1593 -0.0021 1.4112 -2.0519 0.9149 0.6208 -0.6343  0.4990 -0.1586
6.50  4000 0.2785 -0.0306 0.4101 -0.3619 0.9083 0.4573 0.4121 0.2237 -0.0049 3.1334 -4.8887 2.2391 1.7229 -2.5436  2.1909 -0.7403
6.50  4250 0.2713 -0.0286 0.3979 -0.3511 0.8829 0.4449 0.3999 0.2178 -0.0048 3.0461 -4.7534 2.1780 1.7106 -2.5905  2.2757 -0.7801
6.50  4500 0.2709 -0.0237 0.3909 -0.3336 0.8574 0.4409 0.3914 0.2204 -0.0046 2.9423 -4.5559 2.0779 1.4964 -1.9885  1.5932 -0.5099
6.50  4750 0.2783 -0.0160 0.3904 -0.3119 0.8371 0.4468 0.3877 0.2317 -0.0043 2.8327 -4.3132 1.9470 1.1621 -0.9964  0.4619 -0.0626
6.50  5000 0.2896 -0.0042 0.3898 -0.2887 0.8203 0.4568 0.3841 0.2461 -0.0040 2.7318 -4.0807 1.8215 0.9316 -0.3380 -0.2525  0.2105
6.50  5250 0.3079  0.0176 0.3852 -0.2467 0.7866 0.4714 0.3747 0.2695 -0.0036 2.5473 -3.6696 1.6034 0.5876  0.6109 -1.2547  0.5871
6.50  5500 0.3325  0.0454 0.3810 -0.2009 0.7566 0.4924 0.3654 0.2983 -0.0033 2.3604 -3.2395 1.3745 0.3591  1.1772 -1.7639  0.7535
6.50  6000 0.3692  0.0997 0.3575 -0.1040 0.6712 0.5155 0.3320 0.3431 -0.0027 1.8770 -2.2159 0.8434 0.0795  1.6149 -1.8891  0.7058
6.50  6500 0.3794  0.1340 0.3255 -0.0397 0.5943 0.5108 0.2966 0.3581 -0.0023 1.5440 -1.5831 0.5324 0.0508  1.3766 -1.3743  0.4445
6.50  7000 0.3778  0.1519 0.2997 -0.0047 0.5425 0.4982 0.2706 0.3590 -0.0021 1.3717 -1.2939 0.4014 0.0898  1.0757 -0.9249  0.2461
6.50  7500 0.3721  0.1585 0.2834  0.0108 0.5125 0.4858 0.2549 0.3544 -0.0020 1.2830 -1.1633 0.3470 0.1442  0.8080 -0.5709  0.0977
6.50  8000 0.3635  0.1549 0.2769  0.0092 0.5026 0.4747 0.2491 0.3457 -0.0020 1.2520 -1.1334 0.3373 0.2053  0.5756 -0.2899 -0.0177
6.50  8500 0.3516  0.1424 0.2775 -0.0065 0.5079 0.4632 0.2507 0.3327 -0.0020 1.2708 -1.1958 0.3705 0.2658  0.3950 -0.1037 -0.0891
6.50  9000 0.3370  0.1266 0.2791 -0.0279 0.5176 0.4498 0.2541 0.3167 -0.0021 1.3237 -1.3325 0.4430 0.3284  0.2416  0.0169 -0.1249
6.50  9500 0.3200  0.1162 0.2703 -0.0412 0.5123 0.4302 0.2486 0.2986 -0.0022 1.3766 -1.5013 0.5433 0.4215 -0.0124  0.2308 -0.1857
6.50 10000 0.3057  0.1169 0.2504 -0.0368 0.4857 0.4088 0.2324 0.2843 -0.0022 1.3791 -1.5880 0.6101 0.5103 -0.3024  0.5089 -0.2723
6.50 10500 0.2935  0.1206 0.2294 -0.0278 0.4557 0.3890 0.2148 0.2725 -0.0021 1.3754 -1.6605 0.6704 0.5685 -0.4977  0.6755 -0.3126
6.50 11000 0.2780  0.1151 0.2161 -0.0320 0.4396 0.3690 0.2048 0.2569 -0.0021 1.4026 -1.7840 0.7506 0.6002 -0.5751  0.6823 -0.2873
6.50 11500 0.2682  0.1089 0.2114 -0.0378 0.4339 0.3576 0.2014 0.2470 -0.0021 1.4145 -1.8416 0.7866 0.6007 -0.5647  0.6265 -0.2520
6.50 12000 0.2622  0.1047 0.2089 -0.0409 0.4298 0.3507 0.1994 0.2411 -0.0021 1.4067 -1.8444 0.7906 0.5973 -0.5613  0.6099 -0.2422
6.50 12500 0.2567  0.1010 0.2066 -0.0435 0.4258 0.3443 0.1974 0.2357 -0.0021 1.3944 -1.8360 0.7883 0.5958 -0.5689  0.6124 -0.2421
6.50 13000 0.2515  0.0975 0.2043 -0.0457 0.4216 0.3382 0.1954 0.2306 -0.0021 1.3815 -1.8258 0.7851 0.5942 -0.5764  0.6159 -0.2424
6.50 13500 0.2465  0.0944 0.2018 -0.0476 0.4171 0.3321 0.1932 0.2257 -0.0021 1.3686 -1.8160 0.7823 0.5962 -0.5959  0.6338 -0.2487
6.50 14000 0.2418  0.0916 0.1993 -0.0492 0.4128 0.3264 0.1910 0.2211 -0.0020 1.3570 -1.8081 0.7806 0.5993 -0.6176  0.6543 -0.2557
6.50 14500 0.2374  0.0890 0.1969 -0.0508 0.4088 0.3211 0.1889 0.2168 -0.0020 1.3465 -1.8015 0.7793 0.6029 -0.6399  0.6755 -0.2631
6.50 15000 0.2334  0.0867 0.1946 -0.0520 0.4048 0.3161 0.1869 0.2128 -0.0020 1.3360 -1.7939 0.7776 0.6065 -0.6625  0.6982 -0.2712
6.50 15500 0.2296  0.0845 0.1925 -0.0533 0.4013 0.3115 0.1851 0.2091 -0.0020 1.3266 -1.7877 0.7763 0.6109 -0.6862  0.7224 -0.2801
6.50 16000 0.2262  0.0825 0.1907 -0.0547 0.3984 0.3074 0.1836 0.2057 -0.0020 1.3194 -1.7846 0.7764 0.6165 -0.7119  0.7486 -0.2897
6.50 16500 0.2229  0.0806 0.1889 -0.0557 0.3953 0.3034 0.1820 0.2025 -0.0020 1.3109 -1.7783 0.7748 0.6195 -0.7304  0.7673 -0.2964
6.50 17000 0.2200  0.0786 0.1875 -0.0574 0.3934 0.3000 0.1809 0.1995 -0.0020 1.3073 -1.7805 0.7773 0.6273 -0.7595  0.7969 -0.3073
6.50 20000 0.2058  0.0666 0.1847 -0.0723 0.3944 0.2851 0.1797 0.1843 -0.0021 1.3313 -1.8676 0.8274 0.7072 -0.9989  1.0383 -0.3955
6.50 25000 0.1944  0.0454 0.1978 -0.1089 0.4303 0.2801 0.1952 0.1700 -0.0023 1.4865 -2.1810 0.9841 0.7941 -1.1300  1.0820 -0.3891
6.50 30000 0.1817  0.0340 0.1959 -0.1111 0.4153 0.2658 0.1919 0.1594 -0.0021 1.3956 -2.0228 0.9003 0.5996 -0.5802  0.4411 -0.1366
6.75  4000 0.2816 -0.0317 0.4157 -0.3687 0.9224 0.4631 0.4180 0.2258 -0.0050 3.1856 -4.9765 2.2810 1.7736 -2.6585  2.3115 -0.7860
6.75  4250 0.2725 -0.0275 0.3980 -0.3482 0.8803 0.4459 0.3995 0.2195 -0.0048 3.0315 -4.7203 2.1600 1.6625 -2.4465  2.1111 -0.7150
6.75  4500 0.2706 -0.0248 0.3920 -0.3384 0.8638 0.4413 0.3930 0.2192 -0.0047 2.9700 -4.6113 2.1069 1.5781 -2.2298  1.8732 -0.6221
6.75  4750 0.2764 -0.0181 0.3908 -0.3165 0.8410 0.4453 0.3887 0.2292 -0.0043 2.8539 -4.3602 1.9720 1.2081 -1.1268  0.6040 -0.1171
6.75  5000 0.2854 -0.0075 0.3886 -0.2935 0.8210 0.4523 0.3836 0.2413 -0.0041 2.7436 -4.1172 1.8426 0.9766 -0.4743 -0.1044  0.1538
6.75  5250 0.2998  0.0096 0.3850 -0.2587 0.7921 0.4636 0.3759 0.2603 -0.0037 2.5870 -3.7699 1.6579 0.6523  0.4377 -1.0896  0.5299
6.75  5500 0.3216  0.0337 0.3820 -0.2189 0.7667 0.4827 0.3684 0.2859 -0.0034 2.4274 -3.3993 1.4601 0.4395  0.9791 -1.5932  0.7000
6.75  6000 0.3610  0.0882 0.3620 -0.1233 0.6870 0.5100 0.3384 0.3335 -0.0028 1.9673 -2.4094 0.9437 0.1181  1.5781 -1.9240  0.7394
6.75  6500 0.3752  0.1248 0.3322 -0.0544 0.6093 0.5096 0.3038 0.3530 -0.0023 1.6015 -1.6943 0.5860 0.0479  1.4435 -1.4973  0.5031
6.75  7000 0.3741  0.1428 0.3068 -0.0187 0.5571 0.4976 0.2779 0.3545 -0.0021 1.4191 -1.3821 0.4421 0.0805  1.1539 -1.0513  0.3029
6.75  7500 0.3684  0.1486 0.2916 -0.0044 0.5287 0.4856 0.2632 0.3498 -0.0020 1.3316 -1.2509 0.3863 0.1261  0.9158 -0.7324  0.1680
6.75  8000 0.3601  0.1449 0.2856 -0.0060 0.5194 0.4749 0.2578 0.3415 -0.0020 1.3020 -1.2222 0.3767 0.1787  0.7130 -0.4875  0.0675
6.75  8500 0.3495  0.1339 0.2860 -0.0195 0.5233 0.4646 0.2591 0.3301 -0.0021 1.3113 -1.2626 0.3981 0.2323  0.5458 -0.3079 -0.0037
6.75  9000 0.3363  0.1191 0.2882 -0.0392 0.5327 0.4527 0.2625 0.3157 -0.0022 1.3533 -1.3721 0.4553 0.2877  0.4053 -0.1898 -0.0422
6.75  9500 0.3210  0.1077 0.2829 -0.0541 0.5320 0.4360 0.2599 0.2991 -0.0022 1.4023 -1.5201 0.5408 0.3689  0.1869 -0.0044 -0.0970
6.75 10000 0.3063  0.1067 0.2648 -0.0523 0.5086 0.4149 0.2453 0.2843 -0.0022 1.4075 -1.6086 0.6069 0.4663 -0.1289  0.3074 -0.1994
6.75 10500 0.2965  0.1123 0.2444 -0.0406 0.4781 0.3975 0.2278 0.2750 -0.0022 1.3860 -1.6374 0.6430 0.5280 -0.3539  0.5324 -0.2702
6.75 11000 0.2837  0.1142 0.2250 -0.0341 0.4508 0.3778 0.2118 0.2626 -0.0021 1.3870 -1.7164 0.7051 0.5751 -0.5079  0.6467 -0.2894
6.75 11500 0.2710  0.1088 0.2153 -0.0384 0.4389 0.3618 0.2045 0.2498 -0.0021 1.4076 -1.8110 0.7661 0.5908 -0.5391  0.6166 -0.2555
6.75 12000 0.2637  0.1046 0.2110 -0.0415 0.4329 0.3530 0.2012 0.2426 -0.0021 1.4094 -1.8411 0.7867 0.5875 -0.5266  0.5732 -0.2294
6.75 12500 0.2583  0.1012 0.2085 -0.0437 0.4284 0.3466 0.1990 0.2373 -0.0021 1.3987 -1.8368 0.7869 0.5842 -0.5263  0.5638 -0.2234
6.75 13000 0.2532  0.0979 0.2060 -0.0458 0.4240 0.3405 0.1969 0.2323 -0.0021 1.3855 -1.8262 0.7836 0.5827 -0.5344  0.5679 -0.2239
6.75 13500 0.2483  0.0948 0.2037 -0.0476 0.4198 0.3347 0.1948 0.2276 -0.0021 1.3728 -1.8159 0.7804 0.5819 -0.5446  0.5752 -0.2259
6.75 14000 0.2436  0.0920 0.2012 -0.0492 0.4153 0.3289 0.1926 0.2229 -0.0020 1.3604 -1.8065 0.7778 0.5835 -0.5624  0.5914 -0.2313
6.75 14500 0.2392  0.0895 0.1987 -0.0506 0.4110 0.3235 0.1904 0.2186 -0.0020 1.3488 -1.7980 0.7757 0.5860 -0.5823  0.6102 -0.2378
6.75 15000 0.2351  0.0871 0.1963 -0.0518 0.4069 0.3185 0.1883 0.2146 -0.0020 1.3378 -1.7897 0.7736 0.5892 -0.6035  0.6312 -0.2452
6.75 15500 0.2313  0.0850 0.1941 -0.0530 0.4032 0.3138 0.1864 0.2109 -0.0020 1.3279 -1.7828 0.7720 0.5929 -0.6257  0.6534 -0.2533
6.75 16000 0.2278  0.0830 0.1921 -0.0541 0.3998 0.3095 0.1847 0.2074 -0.0020 1.3191 -1.7770 0.7709 0.5971 -0.6484  0.6767 -0.2618
6.75 16500 0.2245  0.0810 0.1904 -0.0555 0.3971 0.3056 0.1832 0.2042 -0.0020 1.3124 -1.7742 0.7711 0.6024 -0.6724  0.7008 -0.2705
6.75 17000 0.2215  0.0790 0.1890 -0.0570 0.3949 0.3020 0.1820 0.2011 -0.0020 1.3076 -1.7743 0.7726 0.6095 -0.7008  0.7302 -0.2814
6.75 20000 0.2072  0.0668 0.1862 -0.0724 0.3966 0.2871 0.1811 0.1857 -0.0021 1.3351 -1.8686 0.8264 0.6945 -0.9535  0.9854 -0.3747
6.75 25000 0.1953  0.0456 0.1986 -0.1086 0.4311 0.2813 0.1959 0.1710 -0.0023 1.4860 -2.1756 0.9803 0.7800 -1.0841  1.0294 -0.3684
6.75 30000 0.1814  0.0348 0.1945 -0.1079 0.4104 0.2648 0.1902 0.1597 -0.0021 1.3741 -1.9821 0.8796 0.5639 -0.4840  0.3352 -0.0956
7.00  4000 0.2853 -0.0332 0.4226 -0.3772 0.9397 0.4698 0.4252 0.2281 -0.0051 3.2501 -5.0856 2.3334 1.8374 -2.8044  2.4646 -0.8441
7.00  4250 0.2745 -0.0279 0.4012 -0.3515 0.8880 0.4494 0.4029 0.2210 -0.0048 3.0591 -4.7650 2.1810 1.6845 -2.4916  2.1569 -0.7321
7.00  4500 0.2711 -0.0252 0.3931 -0.3409 0.8680 0.4424 0.3944 0.2192 -0.0047 2.9873 -4.6435 2.1232 1.6157 -2.3364  1.9955 -0.6708
7.00  4750 0.2752 -0.0203 0.3920 -0.3221 0.8472 0.4449 0.3906 0.2272 -0.0044 2.8843 -4.4230 2.0048 1.2656 -1.2859  0.7775 -0.1838
7.00  5000 0.2822 -0.0101 0.3878 -0.2976 0.8223 0.4490 0.3835 0.2377 -0.0041 2.7560 -4.1517 1.8620 1.0154 -0.5899  0.0208  0.1061
7.00  5250 0.2935  0.0046 0.3833 -0.2654 0.7926 0.4569 0.3751 0.2534 -0.0037 2.5999 -3.8143 1.6837 0.7040  0.2801 -0.9214  0.4662
7.00  5500 0.3119  0.0236 0.3825 -0.2343 0.7747 0.4737 0.3706 0.2748 -0.0035 2.4813 -3.5309 1.5309 0.5141  0.7874 -1.4183  0.6419
7.00  6000 0.3521  0.0762 0.3660 -0.1434 0.7027 0.5034 0.3445 0.3230 -0.0029 2.0602 -2.6114 1.0491 0.1679  1.5070 -1.9215  0.7588
7.00  6500 0.3701  0.1164 0.3367 -0.0685 0.6221 0.5069 0.3093 0.3470 -0.0024 1.6664 -1.8286 0.6543 0.0626  1.4602 -1.5715  0.5461
7.00  7000 0.3706  0.1354 0.3120 -0.0305 0.5689 0.4965 0.2836 0.3503 -0.0022 1.4653 -1.4722 0.4857 0.0790  1.2049 -1.1474  0.3491
7.00  7500 0.3649  0.1404 0.2978 -0.0171 0.5418 0.4848 0.2697 0.3456 -0.0021 1.3774 -1.3379 0.4272 0.1163  0.9941 -0.8597  0.2260
7.00  8000 0.3570  0.1363 0.2928 -0.0192 0.5336 0.4749 0.2652 0.3377 -0.0021 1.3465 -1.3027 0.4132 0.1584  0.8246 -0.6519  0.1393
7.00  8500 0.3468  0.1251 0.2941 -0.0331 0.5389 0.4653 0.2671 0.3266 -0.0021 1.3607 -1.3505 0.4378 0.2053  0.6841 -0.5067  0.0827
7.00  9000 0.3348  0.1108 0.2972 -0.0523 0.5490 0.4549 0.2713 0.3135 -0.0022 1.3980 -1.4451 0.4859 0.2534  0.5630 -0.4038  0.0477
7.00  9500 0.3208  0.0984 0.2951 -0.0688 0.5527 0.4407 0.2713 0.2984 -0.0023 1.4453 -1.5783 0.5602 0.3216  0.3854 -0.2565  0.0039
7.00 10000 0.3063  0.0953 0.2799 -0.0703 0.5342 0.4208 0.2593 0.2834 -0.0023 1.4546 -1.6676 0.6237 0.4197  0.0716  0.0571 -0.1021
7.00 10500 0.2963  0.1000 0.2604 -0.0597 0.5049 0.4036 0.2425 0.2739 -0.0022 1.4272 -1.6819 0.6510 0.4904 -0.1886  0.3331 -0.1970
7.00 11000 0.2880  0.1069 0.2403 -0.0462 0.4740 0.3878 0.2251 0.2664 -0.0022 1.4009 -1.6965 0.6790 0.5368 -0.3677  0.5090 -0.2491
7.00 11500 0.2757  0.1068 0.2240 -0.0424 0.4511 0.3696 0.2117 0.2543 -0.0021 1.4042 -1.7716 0.7361 0.5724 -0.4818  0.5803 -0.2537
7.00 12000 0.2658  0.1032 0.2158 -0.0446 0.4403 0.3569 0.2053 0.2445 -0.0021 1.4145 -1.8350 0.7786 0.5788 -0.4926  0.5433 -0.2223
7.00 12500 0.2598  0.1003 0.2115 -0.0460 0.4337 0.3493 0.2019 0.2386 -0.0021 1.4101 -1.8494 0.7906 0.5760 -0.4879  0.5175 -0.2054
7.00 13000 0.2548  0.0975 0.2087 -0.0474 0.4287 0.3432 0.1994 0.2338 -0.0021 1.3971 -1.8400 0.7884 0.5731 -0.4914  0.5151 -0.2027
7.00 13500 0.2500  0.0946 0.2062 -0.0489 0.4240 0.3373 0.1971 0.2291 -0.0021 1.3833 -1.8278 0.7843 0.5720 -0.5016  0.5228 -0.2049
7.00 14000 0.2455  0.0918 0.2038 -0.0505 0.4198 0.3319 0.1950 0.2247 -0.0021 1.3708 -1.8174 0.7811 0.5713 -0.5117  0.5303 -0.2069
7.00 14500 0.2410  0.0893 0.2013 -0.0518 0.4153 0.3264 0.1928 0.2204 -0.0020 1.3587 -1.8078 0.7784 0.5731 -0.5296  0.5470 -0.2126
7.00 15000 0.2369  0.0870 0.1989 -0.0530 0.4111 0.3213 0.1907 0.2163 -0.0020 1.3475 -1.7995 0.7763 0.5759 -0.5502  0.5670 -0.2197
7.00 15500 0.2331  0.0848 0.1966 -0.0541 0.4073 0.3166 0.1887 0.2126 -0.0020 1.3374 -1.7922 0.7745 0.5798 -0.5730  0.5902 -0.2280
7.00 16000 0.2298  0.0823 0.1956 -0.0569 0.4066 0.3130 0.1881 0.2091 -0.0020 1.3397 -1.8066 0.7834 0.5931 -0.6146  0.6304 -0.2422
7.00 16500 0.2262  0.0809 0.1927 -0.0564 0.4008 0.3082 0.1853 0.2058 -0.0020 1.3206 -1.7817 0.7728 0.5892 -0.6206  0.6391 -0.2459
7.00 17000 0.2231  0.0789 0.1913 -0.0580 0.3988 0.3046 0.1842 0.2027 -0.0020 1.3169 -1.7839 0.7754 0.5973 -0.6512  0.6702 -0.2574
7.00 20000 0.2087  0.0667 0.1884 -0.0735 0.4002 0.2894 0.1831 0.1871 -0.0021 1.3441 -1.8786 0.8297 0.6855 -0.9148  0.9383 -0.3558
7.00 25000 0.1962  0.0460 0.1993 -0.1078 0.4312 0.2824 0.1963 0.1720 -0.0023 1.4820 -2.1639 0.9733 0.7635 -1.0337  0.9733 -0.3469
7.00 30000 0.1814  0.0353 0.1939 -0.1061 0.4078 0.2644 0.1894 0.1600 -0.0020 1.3621 -1.9587 0.8675 0.5432 -0.4277  0.2733 -0.0718
7.25  4000 0.2895 -0.0351 0.4306 -0.3875 0.9603 0.4777 0.4338 0.2307 -0.0053 3.3276 -5.2175 2.3967 1.9148 -2.9817  2.6506 -0.9145
7.25  4250 0.2770 -0.0284 0.4051 -0.3556 0.8972 0.4536 0.4069 0.2229 -0.0049 3.0921 -4.8188 2.2062 1.7114 -2.5471  2.2136 -0.7533
7.25  4500 0.2719 -0.0257 0.3949 -0.3432 0.8725 0.4440 0.3963 0.2196 -0.0047 3.0026 -4.6690 2.1353 1.6347 -2.3838  2.0481 -0.6916
7.25  4750 0.2745 -0.0226 0.3941 -0.3291 0.8561 0.4454 0.3934 0.2254 -0.0045 2.9255 -4.5050 2.0472 1.3460 -1.5095  1.0257 -0.2804
7.25  5000 0.2798 -0.0124 0.3877 -0.3016 0.8247 0.4468 0.3839 0.2349 -0.0041 2.7715 -4.1892 1.8824 1.0511 -0.6921  0.1300  0.0647
7.25  5250 0.2887  0.0005 0.3823 -0.2711 0.7939 0.4520 0.3749 0.2481 -0.0038 2.6154 -3.8593 1.7091 0.7453  0.1594 -0.7965  0.4201
7.25  5500 0.3036  0.0154 0.3825 -0.2467 0.7806 0.4659 0.3720 0.2655 -0.0036 2.5228 -3.6346 1.5871 0.5800  0.6113 -1.2507  0.5839
7.25  6000 0.3425  0.0639 0.3696 -0.1637 0.7180 0.4962 0.3502 0.3118 -0.0030 2.1520 -2.8135 1.1550 0.2270  1.4039 -1.8805  0.7624
7.25  6500 0.3649  0.1073 0.3418 -0.0837 0.6363 0.5042 0.3156 0.3407 -0.0025 1.7354 -1.9701 0.7258 0.0769  1.4821 -1.6542  0.5928
7.25  7000 0.3676  0.1292 0.3163 -0.0406 0.5790 0.4954 0.2884 0.3466 -0.0022 1.5058 -1.5518 0.5246 0.0798  1.2428 -1.2238  0.3866
7.25  7500 0.3622  0.1345 0.3021 -0.0264 0.5512 0.4840 0.2744 0.3424 -0.0021 1.4120 -1.4043 0.4588 0.1109  1.0465 -0.9485  0.2670
7.25  8000 0.3540  0.1295 0.2979 -0.0299 0.5445 0.4741 0.2706 0.3341 -0.0021 1.3876 -1.3814 0.4507 0.1472  0.9025 -0.7765  0.1961
7.25  8500 0.3441  0.1177 0.3004 -0.0448 0.5517 0.4654 0.2737 0.3234 -0.0022 1.4057 -1.4334 0.4764 0.1857  0.7938 -0.6703  0.1552
7.25  9000 0.3325  0.1027 0.3050 -0.0655 0.5645 0.4560 0.2793 0.3106 -0.0023 1.4506 -1.5391 0.5291 0.2276  0.7004 -0.6036  0.1353
7.25  9500 0.3195  0.0890 0.3058 -0.0842 0.5726 0.4438 0.2819 0.2963 -0.0024 1.5022 -1.6720 0.6002 0.2845  0.5649 -0.5030  0.1083
7.25 10000 0.3056  0.0834 0.2949 -0.0898 0.5608 0.4262 0.2736 0.2818 -0.0024 1.5179 -1.7621 0.6600 0.3739  0.2858 -0.2256  0.0134
7.25 10500 0.2948  0.0864 0.2765 -0.0815 0.5337 0.4085 0.2578 0.2713 -0.0023 1.4910 -1.7762 0.6860 0.4546 -0.0069  0.0917 -0.1001
7.25 11000 0.2883  0.0934 0.2586 -0.0679 0.5052 0.3952 0.2419 0.2655 -0.0023 1.4545 -1.7602 0.6953 0.5001 -0.1934  0.2947 -0.1695
7.25 11500 0.2799  0.0996 0.2393 -0.0551 0.4751 0.3796 0.2251 0.2579 -0.0022 1.4268 -1.7703 0.7201 0.5395 -0.3509  0.4467 -0.2129
7.25 12000 0.2692  0.0994 0.2253 -0.0517 0.4551 0.3638 0.2136 0.2475 -0.0022 1.4253 -1.8256 0.7640 0.5641 -0.4336  0.4925 -0.2116
7.25 12500 0.2614  0.0976 0.2174 -0.0514 0.4436 0.3532 0.2072 0.2399 -0.0021 1.4265 -1.8652 0.7934 0.5685 -0.4468  0.4710 -0.1898
7.25 13000 0.2562  0.0959 0.2128 -0.0512 0.4361 0.3462 0.2032 0.2349 -0.0021 1.4167 -1.8676 0.7993 0.5668 -0.4509  0.4615 -0.1808
7.25 13500 0.2516  0.0936 0.2096 -0.0519 0.4304 0.3404 0.2004 0.2305 -0.0021 1.4023 -1.8553 0.7958 0.5651 -0.4599  0.4670 -0.1815
7.25 14000 0.2471  0.0911 0.2069 -0.0529 0.4255 0.3347 0.1980 0.2261 -0.0021 1.3878 -1.8414 0.7910 0.5645 -0.4721  0.4780 -0.1852
7.25 14500 0.2429  0.0886 0.2047 -0.0542 0.4215 0.3297 0.1960 0.2220 -0.0021 1.3763 -1.8319 0.7881 0.5648 -0.4848  0.4889 -0.1886
7.25 15000 0.2387  0.0863 0.2022 -0.0554 0.4172 0.3245 0.1938 0.2180 -0.0020 1.3647 -1.8228 0.7856 0.5676 -0.5056  0.5095 -0.1960
7.25 15500 0.2350  0.0842 0.2001 -0.0567 0.4136 0.3199 0.1920 0.2142 -0.0020 1.3558 -1.8178 0.7850 0.5725 -0.5308  0.5349 -0.2051
7.25 16000 0.2312  0.0825 0.1974 -0.0569 0.4086 0.3150 0.1895 0.2107 -0.0020 1.3404 -1.8005 0.7784 0.5731 -0.5478  0.5542 -0.2126
7.25 16500 0.2279  0.0804 0.1957 -0.0584 0.4061 0.3111 0.1881 0.2074 -0.0020 1.3352 -1.8010 0.7802 0.5806 -0.5779  0.5849 -0.2238
7.25 17000 0.2248  0.0784 0.1944 -0.0602 0.4044 0.3075 0.1871 0.2043 -0.0020 1.3325 -1.8051 0.7838 0.5899 -0.6113  0.6189 -0.2363
7.25 20000 0.2102  0.0663 0.1909 -0.0752 0.4049 0.2920 0.1855 0.1885 -0.0021 1.3571 -1.8958 0.8364 0.6800 -0.8836  0.8984 -0.3395
7.25 25000 0.1975  0.0454 0.2018 -0.1100 0.4362 0.2847 0.1987 0.1731 -0.0023 1.4979 -2.1878 0.9838 0.7630 -1.0162  0.9474 -0.3356
7.25 30000 0.1815  0.0354 0.1939 -0.1055 0.4072 0.2645 0.1893 0.1602 -0.0020 1.3580 -1.9497 0.8626 0.5298 -0.3877  0.2272 -0.0535
7.50  4000 0.2942 -0.0375 0.4401 -0.3998 0.9843 0.4867 0.4439 0.2335 -0.0054 3.4182 -5.3721 2.4711 2.0037 -3.1840  2.8613 -0.9939
7.50  4250 0.2799 -0.0290 0.4098 -0.3605 0.9083 0.4586 0.4117 0.2250 -0.0049 3.1323 -4.8844 2.2371 1.7451 -2.6178  2.2863 -0.7806
7.50  4500 0.2734 -0.0258 0.3969 -0.3449 0.8770 0.4463 0.3983 0.2208 -0.0047 3.0178 -4.6926 2.1461 1.6462 -2.4065  2.0717 -0.7006
7.50  4750 0.2741 -0.0249 0.3967 -0.3389 0.8694 0.4466 0.3972 0.2230 -0.0046 2.9856 -4.6245 2.1093 1.4938 -1.9365  1.5137 -0.4739
7.50  5000 0.2782 -0.0145 0.3884 -0.3059 0.8285 0.4456 0.3850 0.2327 -0.0042 2.7919 -4.2335 1.9058 1.0865 -0.7882  0.2311  0.0269
7.50  5250 0.2850 -0.0026 0.3816 -0.2758 0.7954 0.4482 0.3749 0.2439 -0.0038 2.6313 -3.9021 1.7330 0.7813  0.0569 -0.6917  0.3819
7.50  5500 0.2971  0.0090 0.3822 -0.2564 0.7850 0.4596 0.3729 0.2581 -0.0037 2.5553 -3.7166 1.6318 0.6346  0.4644 -1.1091  0.5345
7.50  6000 0.3326  0.0520 0.3724 -0.1832 0.7317 0.4882 0.3551 0.3003 -0.0031 2.2365 -3.0031 1.2550 0.2955  1.2628 -1.7889  0.7441
7.50  6500 0.3588  0.0977 0.3465 -0.1000 0.6508 0.5006 0.3217 0.3334 -0.0026 1.8129 -2.1324 0.8091 0.1029  1.4740 -1.7097  0.6312
7.50  7000 0.3648  0.1233 0.3204 -0.0502 0.5886 0.4945 0.2929 0.3432 -0.0023 1.5452 -1.6294 0.5626 0.0824  1.2736 -1.2906  0.4200
7.50  7500 0.3601  0.1301 0.3051 -0.0332 0.5579 0.4832 0.2776 0.3399 -0.0022 1.4379 -1.4550 0.4834 0.1098  1.0761 -1.0039  0.2935
7.50  8000 0.3517  0.1249 0.3010 -0.0371 0.5515 0.4732 0.2740 0.3314 -0.0022 1.4167 -1.4388 0.4787 0.1417  0.9499 -0.8568  0.2338
7.50  8500 0.3417  0.1122 0.3046 -0.0537 0.5609 0.4649 0.2783 0.3205 -0.0022 1.4435 -1.5064 0.5117 0.1737  0.8713 -0.7928  0.2114
7.50  9000 0.3303  0.0958 0.3110 -0.0767 0.5772 0.4564 0.2857 0.3077 -0.0023 1.4992 -1.6297 0.5721 0.2084  0.8124 -0.7732  0.2117
7.50  9500 0.3178  0.0805 0.3148 -0.0983 0.5902 0.4459 0.2909 0.2938 -0.0024 1.5601 -1.7730 0.6460 0.2551  0.7195 -0.7247  0.2048
7.50 10000 0.3041  0.0719 0.3080 -0.1090 0.5859 0.4302 0.2866 0.2792 -0.0025 1.5927 -1.8870 0.7146 0.3368  0.4829 -0.5031  0.1321
7.50 10500 0.2924  0.0726 0.2916 -0.1042 0.5626 0.4125 0.2727 0.2676 -0.0025 1.5717 -1.9102 0.7435 0.4236  0.1757 -0.1693  0.0108
7.50 11000 0.2857  0.0780 0.2756 -0.0930 0.5370 0.3995 0.2584 0.2615 -0.0024 1.5347 -1.8888 0.7480 0.4740 -0.0271  0.0589 -0.0717
7.50 11500 0.2807  0.0857 0.2587 -0.0783 0.5093 0.3881 0.2433 0.2574 -0.0023 1.4949 -1.8599 0.7492 0.5049 -0.1689  0.2149 -0.1240
7.50 12000 0.2725  0.0909 0.2409 -0.0667 0.4811 0.3731 0.2278 0.2499 -0.0022 1.4644 -1.8598 0.7669 0.5382 -0.3089  0.3516 -0.1638
7.50 12500 0.2636  0.0917 0.2281 -0.0620 0.4619 0.3596 0.2170 0.2414 -0.0022 1.4543 -1.8904 0.7963 0.5568 -0.3804  0.3975 -0.1666
7.50 13000 0.2574  0.0917 0.2198 -0.0592 0.4490 0.3503 0.2099 0.2355 -0.0022 1.4458 -1.9074 0.8138 0.5611 -0.4032  0.3984 -0.1566
7.50 13500 0.2528  0.0910 0.2146 -0.0575 0.4401 0.3436 0.2053 0.2312 -0.0021 1.4309 -1.8995 0.8148 0.5612 -0.4184  0.4067 -0.1558
7.50 14000 0.2486  0.0895 0.2110 -0.0572 0.4337 0.3380 0.2021 0.2272 -0.0021 1.4140 -1.8823 0.8090 0.5609 -0.4341  0.4224 -0.1609
7.50 14500 0.2444  0.0875 0.2081 -0.0576 0.4283 0.3326 0.1994 0.2233 -0.0021 1.3982 -1.8655 0.8028 0.5614 -0.4517  0.4414 -0.1681
7.50 15000 0.2404  0.0854 0.2056 -0.0583 0.4236 0.3275 0.1971 0.2193 -0.0021 1.3844 -1.8520 0.7980 0.5633 -0.4718  0.4629 -0.1761
7.50 15500 0.2366  0.0835 0.2031 -0.0589 0.4191 0.3228 0.1948 0.2157 -0.0021 1.3711 -1.8384 0.7931 0.5641 -0.4877  0.4796 -0.1823
7.50 16000 0.2330  0.0815 0.2010 -0.0601 0.4157 0.3183 0.1930 0.2121 -0.0020 1.3628 -1.8341 0.7929 0.5701 -0.5156  0.5084 -0.1929
7.50 16500 0.2297  0.0795 0.1991 -0.0613 0.4127 0.3143 0.1914 0.2088 -0.0020 1.3555 -1.8307 0.7929 0.5769 -0.5453  0.5397 -0.2046
7.50 17000 0.2266  0.0775 0.1978 -0.0632 0.4111 0.3108 0.1904 0.2057 -0.0020 1.3534 -1.8361 0.7972 0.5869 -0.5805  0.5757 -0.2178
7.50 20000 0.2118  0.0656 0.1940 -0.0779 0.4110 0.2949 0.1884 0.1899 -0.0021 1.3764 -1.9247 0.8490 0.6802 -0.8649  0.8703 -0.3272
7.50 25000 0.1987  0.0451 0.2038 -0.1115 0.4399 0.2868 0.2006 0.1742 -0.0023 1.5091 -2.2034 0.9902 0.7597 -0.9941  0.9182 -0.3235
7.50 30000 0.1816  0.0357 0.1936 -0.1045 0.4058 0.2644 0.1889 0.1605 -0.0020 1.3510 -1.9357 0.8554 0.5171 -0.3528  0.1891 -0.0388
7.75  4000 0.2995 -0.0404 0.4509 -0.4137 1.0116 0.4970 0.4553 0.2368 -0.0056 3.5212 -5.5477 2.5554 2.1010 -3.4017  3.0856 -1.0778
7.75  4250 0.2831 -0.0298 0.4152 -0.3665 0.9215 0.4643 0.4173 0.2273 -0.0050 3.1803 -4.9637 2.2747 1.7872 -2.7087  2.3802 -0.8159
7.75  4500 0.2753 -0.0260 0.3997 -0.3476 0.8834 0.4494 0.4011 0.2222 -0.0048 3.0404 -4.7285 2.1627 1.6629 -2.4388  2.1044 -0.7128
7.75  4750 0.2736 -0.0238 0.3946 -0.3360 0.8647 0.4451 0.3950 0.2228 -0.0046 2.9666 -4.5914 2.0935 1.4932 -1.9534  1.5442 -0.4886
7.75  5000 0.2773 -0.0166 0.3899 -0.3108 0.8341 0.4455 0.3870 0.2312 -0.0042 2.8188 -4.2876 1.9336 1.1243 -0.8859  0.3323 -0.0106
7.75  5250 0.2823 -0.0049 0.3810 -0.2792 0.7964 0.4454 0.3747 0.2408 -0.0038 2.6413 -3.9301 1.7488 0.8097 -0.0267 -0.6030  0.3486
7.75  5500 0.2921  0.0049 0.3810 -0.2621 0.7860 0.4543 0.3725 0.2525 -0.0037 2.5700 -3.7610 1.6571 0.6789  0.3329 -0.9711  0.4830
7.75  6000 0.3231  0.0408 0.3746 -0.2014 0.7439 0.4802 0.3592 0.2892 -0.0033 2.3113 -3.1732 1.3450 0.3659  1.1056 -1.6698  0.7123
7.75  6500 0.3518  0.0870 0.3514 -0.1182 0.6666 0.4963 0.3282 0.3250 -0.0027 1.8982 -2.3119 0.9014 0.1363  1.4490 -1.7517  0.6657
7.75  7000 0.3613  0.1171 0.3240 -0.0608 0.5987 0.4928 0.2973 0.3390 -0.0023 1.5944 -1.7296 0.6132 0.0929  1.2882 -1.3477  0.4525
7.75  7500 0.3583  0.1267 0.3072 -0.0388 0.5632 0.4824 0.2800 0.3377 -0.0022 1.4615 -1.5027 0.5071 0.1128  1.0900 -1.0393  0.3121
7.75  8000 0.3501  0.1222 0.3024 -0.0413 0.5552 0.4724 0.2757 0.3296 -0.0022 1.4350 -1.4767 0.4978 0.1407  0.9713 -0.8985  0.2545
7.75  8500 0.3401  0.1090 0.3066 -0.0588 0.5657 0.4642 0.2806 0.3186 -0.0022 1.4664 -1.5523 0.5346 0.1669  0.9165 -0.8666  0.2460
7.75  9000 0.3286  0.0912 0.3149 -0.0842 0.5855 0.4564 0.2898 0.3056 -0.0023 1.5332 -1.6941 0.6031 0.1944  0.8926 -0.8952  0.2669
7.75  9500 0.3158  0.0737 0.3212 -0.1098 0.6037 0.4468 0.2977 0.2912 -0.0025 1.6133 -1.8714 0.6930 0.2366  0.8335 -0.8990  0.2837
7.75 10000 0.3024  0.0619 0.3191 -0.1261 0.6078 0.4332 0.2978 0.2765 -0.0026 1.6661 -2.0151 0.7730 0.3068  0.6551 -0.7544  0.2424
7.75 10500 0.2899  0.0597 0.3055 -0.1261 0.5901 0.4158 0.2867 0.2638 -0.0026 1.6595 -2.0627 0.8123 0.3974  0.3499 -0.4295  0.1250
7.75 11000 0.2819  0.0629 0.2906 -0.1180 0.5672 0.4022 0.2736 0.2562 -0.0025 1.6277 -2.0516 0.8212 0.4574  0.1204 -0.1719  0.0301
7.75 11500 0.2776  0.0688 0.2769 -0.1064 0.5447 0.3925 0.2613 0.2525 -0.0025 1.5931 -2.0241 0.8199 0.4870 -0.0117 -0.0228 -0.0223
7.75 12000 0.2730  0.0765 0.2607 -0.0917 0.5174 0.3817 0.2466 0.2489 -0.0024 1.5497 -1.9854 0.8152 0.5113 -0.1351  0.1157 -0.0690
7.75 12500 0.2656  0.0813 0.2445 -0.0806 0.4910 0.3681 0.2323 0.2423 -0.0023 1.5133 -1.9668 0.8213 0.5380 -0.2593  0.2437 -0.1090
7.75 13000 0.2585  0.0836 0.2321 -0.0737 0.4712 0.3563 0.2214 0.2357 -0.0022 1.4922 -1.9700 0.8355 0.5530 -0.3300  0.3024 -0.1209
7.75 13500 0.2534  0.0853 0.2231 -0.0684 0.4565 0.3478 0.2136 0.2311 -0.0022 1.4738 -1.9655 0.8420 0.5585 -0.3666  0.3296 -0.1238
7.75 14000 0.2495  0.0859 0.2170 -0.0649 0.4459 0.3414 0.2081 0.2275 -0.0022 1.4529 -1.9459 0.8374 0.5608 -0.3949  0.3584 -0.1323
7.75 14500 0.2457  0.0853 0.2129 -0.0632 0.4382 0.3360 0.2042 0.2241 -0.0021 1.4322 -1.9215 0.8284 0.5625 -0.4211  0.3898 -0.1443
7.75 15000 0.2419  0.0838 0.2098 -0.0630 0.4325 0.3309 0.2013 0.2205 -0.0021 1.4151 -1.9017 0.8208 0.5648 -0.4460  0.4193 -0.1560
7.75 15500 0.2382  0.0821 0.2072 -0.0633 0.4277 0.3262 0.1989 0.2169 -0.0021 1.4009 -1.8865 0.8152 0.5685 -0.4724  0.4495 -0.1680
7.75 16000 0.2348  0.0803 0.2050 -0.0641 0.4240 0.3218 0.1970 0.2135 -0.0021 1.3905 -1.8777 0.8125 0.5724 -0.4958  0.4746 -0.1774
7.75 16500 0.2315  0.0784 0.2030 -0.0652 0.4208 0.3177 0.1953 0.2102 -0.0021 1.3824 -1.8728 0.8119 0.5793 -0.5265  0.5076 -0.1899
7.75 17000 0.2282  0.0767 0.2010 -0.0660 0.4173 0.3137 0.1935 0.2071 -0.0021 1.3732 -1.8658 0.8101 0.5868 -0.5603  0.5454 -0.2046
7.75 20000 0.2135  0.0648 0.1974 -0.0813 0.4182 0.2981 0.1919 0.1912 -0.0021 1.4005 -1.9627 0.8662 0.6852 -0.8572  0.8528 -0.3187
7.75 25000 0.2000  0.0447 0.2060 -0.1133 0.4443 0.2890 0.2028 0.1752 -0.0023 1.5231 -2.2243 0.9994 0.7595 -0.9797  0.8968 -0.3141
7.75 30000 0.1818  0.0358 0.1937 -0.1040 0.4054 0.2646 0.1889 0.1608 -0.0020 1.3482 -1.9292 0.8518 0.5086 -0.3278  0.1608 -0.0278
8.00  4000 0.3054 -0.0436 0.4631 -0.4290 1.0418 0.5084 0.4681 0.2405 -0.0058 3.6347 -5.7406 2.6478 2.2014 -3.6190  3.3052 -1.1590
8.00  4250 0.2868 -0.0309 0.4215 -0.3739 0.9371 0.4708 0.4240 0.2298 -0.0051 3.2380 -5.0598 2.3204 1.8398 -2.8241  2.5000 -0.8611
8.00  4500 0.2776 -0.0262 0.4030 -0.3507 0.8911 0.4532 0.4045 0.2241 -0.0048 3.0675 -4.7714 2.1826 1.6824 -2.4761  2.1418 -0.7267
8.00  4750 0.2743 -0.0248 0.3968 -0.3422 0.8743 0.4470 0.3978 0.2222 -0.0047 3.0061 -4.6666 2.1321 1.5992 -2.2634  1.9047 -0.6333
8.00  5000 0.2770 -0.0187 0.3922 -0.3165 0.8418 0.4464 0.3898 0.2300 -0.0043 2.8531 -4.3540 1.9673 1.1694 -1.0000  0.4510 -0.0549
8.00  5250 0.2803 -0.0069 0.3810 -0.2827 0.7985 0.4436 0.3752 0.2385 -0.0039 2.6550 -3.9627 1.7664 0.8363 -0.1008 -0.5260  0.3201
8.00  5500 0.2882  0.0013 0.3807 -0.2678 0.7886 0.4506 0.3729 0.2481 -0.0037 2.5912 -3.8142 1.6862 0.7158  0.2327 -0.8728  0.4484
8.00  6000 0.3143  0.0308 0.3762 -0.2174 0.7541 0.4728 0.3626 0.2791 -0.0033 2.3745 -3.3191 1.4224 0.4336  0.9456 -1.5372  0.6725
8.00  6500 0.3441  0.0755 0.3564 -0.1376 0.6833 0.4913 0.3350 0.3158 -0.0028 1.9891 -2.5047 1.0009 0.1787  1.4003 -1.7705  0.6919
8.00  7000 0.3575  0.1099 0.3286 -0.0730 0.6106 0.4912 0.3027 0.3343 -0.0024 1.6501 -1.8421 0.6697 0.1045  1.3059 -1.4129  0.4891
8.00  7500 0.3564  0.1234 0.3091 -0.0445 0.5686 0.4815 0.2824 0.3354 -0.0022 1.4887 -1.5584 0.5354 0.1196  1.0946 -1.0669  0.3286
8.00  8000 0.3490  0.1208 0.3027 -0.0436 0.5569 0.4715 0.2763 0.3283 -0.0022 1.4470 -1.5031 0.5118 0.1438  0.9731 -0.9121  0.2631
8.00  8500 0.3392  0.1080 0.3067 -0.0604 0.5667 0.4634 0.2809 0.3176 -0.0022 1.4766 -1.5753 0.5470 0.1653  0.9320 -0.8962  0.2612
8.00  9000 0.3277  0.0894 0.3163 -0.0874 0.5888 0.4562 0.2914 0.3046 -0.0024 1.5503 -1.7278 0.6200 0.1860  0.9374 -0.9636  0.2984
8.00  9500 0.3145  0.0694 0.3252 -0.1173 0.6125 0.4473 0.3020 0.2895 -0.0025 1.6503 -1.9409 0.7266 0.2234  0.9141 -1.0227  0.3402
8.00 10000 0.3008  0.0543 0.3271 -0.1396 0.6246 0.4351 0.3061 0.2741 -0.0026 1.7290 -2.1287 0.8265 0.2870  0.7832 -0.9492  0.3301
8.00 10500 0.2874  0.0484 0.3170 -0.1458 0.6143 0.4183 0.2986 0.2600 -0.0027 1.7466 -2.2197 0.8858 0.3797  0.4955 -0.6593  0.2292
8.00 11000 0.2780  0.0493 0.3034 -0.1411 0.5945 0.4039 0.2870 0.2508 -0.0026 1.7233 -2.2258 0.9028 0.4489  0.2441 -0.3812  0.1265
8.00 11500 0.2728  0.0529 0.2918 -0.1334 0.5761 0.3942 0.2767 0.2460 -0.0026 1.6987 -2.2159 0.9091 0.4859  0.0976 -0.2191  0.0687
8.00 12000 0.2695  0.0591 0.2792 -0.1217 0.5549 0.3861 0.2653 0.2435 -0.0025 1.6654 -2.1859 0.9054 0.5062 -0.0026 -0.1058  0.0300
8.00 12500 0.2652  0.0665 0.2637 -0.1072 0.5283 0.3757 0.2511 0.2401 -0.0024 1.6166 -2.1330 0.8921 0.5256 -0.1154  0.0268 -0.0168
8.00 13000 0.2591  0.0714 0.2490 -0.0958 0.5033 0.3638 0.2378 0.2348 -0.0024 1.5728 -2.0930 0.8852 0.5448 -0.2224  0.1457 -0.0569
8.00 13500 0.2534  0.0751 0.2367 -0.0868 0.4825 0.3534 0.2267 0.2299 -0.0023 1.5404 -2.0691 0.8846 0.5568 -0.2943  0.2189 -0.0782
8.00 14000 0.2494  0.0783 0.2270 -0.0790 0.4658 0.3456 0.2179 0.2264 -0.0022 1.5114 -2.0423 0.8798 0.5631 -0.3439  0.2714 -0.0939
8.00 14500 0.2462  0.0804 0.2200 -0.0733 0.4532 0.3395 0.2114 0.2237 -0.0022 1.4828 -2.0076 0.8679 0.5673 -0.3865  0.3235 -0.1131
8.00 15000 0.2430  0.0807 0.2153 -0.0703 0.4443 0.3344 0.2070 0.2209 -0.0022 1.4578 -1.9743 0.8547 0.5712 -0.4243  0.3727 -0.1331
8.00 15500 0.2397  0.0801 0.2118 -0.0689 0.4377 0.3297 0.2036 0.2178 -0.0021 1.4373 -1.9475 0.8436 0.5756 -0.4593  0.4177 -0.1517
8.00 16000 0.2364  0.0787 0.2091 -0.0689 0.4330 0.3252 0.2012 0.2146 -0.0021 1.4225 -1.9303 0.8369 0.5818 -0.4948  0.4605 -0.1692
8.00 16500 0.2321  0.0793 0.2027 -0.0635 0.4191 0.3181 0.1947 0.2110 -0.0021 1.3711 -1.8488 0.7991 0.5726 -0.5158  0.5043 -0.1911
8.00 17000 0.2301  0.0753 0.2054 -0.0709 0.4269 0.3175 0.1980 0.2084 -0.0021 1.4071 -1.9211 0.8357 0.5967 -0.5591  0.5308 -0.1961
8.00 20000 0.2153  0.0637 0.2011 -0.0852 0.4262 0.3014 0.1956 0.1924 -0.0022 1.4285 -2.0078 0.8870 0.6941 -0.8586  0.8443 -0.3133
8.00 25000 0.2014  0.0443 0.2084 -0.1154 0.4492 0.2913 0.2051 0.1764 -0.0023 1.5392 -2.2489 1.0103 0.7627 -0.9738  0.8849 -0.3085
8.00 30000 0.1821  0.0360 0.1938 -0.1037 0.4053 0.2649 0.1889 0.1611 -0.0020 1.3465 -1.9250 0.8493 0.5027 -0.3097  0.1405 -0.0199
8.25  4000 0.3121 -0.0470 0.4765 -0.4454 1.0745 0.5212 0.4822 0.2448 -0.0060 3.7564 -5.9456 2.7455 2.2990 -3.8191  3.5015 -1.2302
8.25  4250 0.2910 -0.0323 0.4289 -0.3827 0.9555 0.4784 0.4318 0.2326 -0.0052 3.3065 -5.1748 2.3753 1.9035 -2.9655  2.6468 -0.9163
8.25  4500 0.2804 -0.0266 0.4074 -0.3551 0.9014 0.4580 0.4089 0.2262 -0.0049 3.1044 -4.8314 2.2108 1.7134 -2.5412  2.2090 -0.7521
8.25  4750 0.2756 -0.0250 0.3987 -0.3452 0.8804 0.4492 0.4000 0.2228 -0.0048 3.0287 -4.7059 2.1514 1.6427 -2.3843  2.0444 -0.6894
8.25  5000 0.2763 -0.0174 0.3897 -0.3106 0.8324 0.4444 0.3868 0.2306 -0.0042 2.8163 -4.2849 1.9323 1.0819 -0.7487  0.1608  0.0614
8.25  5250 0.2791 -0.0088 0.3820 -0.2866 0.8024 0.4429 0.3766 0.2368 -0.0039 2.6744 -4.0031 1.7874 0.8629 -0.1689 -0.4574  0.2952
8.25  5500 0.2853 -0.0007 0.3795 -0.2704 0.7882 0.4474 0.3722 0.2449 -0.0037 2.5950 -3.8311 1.6966 0.7432  0.1462 -0.7773  0.4115
8.25  6000 0.3069  0.0227 0.3771 -0.2302 0.7618 0.4662 0.3649 0.2706 -0.0034 2.4238 -3.4351 1.4844 0.4953  0.7917 -1.3998  0.6279
8.25  6500 0.3357  0.0639 0.3606 -0.1572 0.6991 0.4854 0.3411 0.3058 -0.0029 2.0789 -2.6987 1.1019 0.2331  1.3110 -1.7410  0.6988
8.25  7000 0.3528  0.1016 0.3332 -0.0873 0.6241 0.4889 0.3085 0.3285 -0.0025 1.7183 -1.9821 0.7409 0.1250  1.3064 -1.4685  0.5247
8.25  7500 0.3544  0.1197 0.3113 -0.0510 0.5750 0.4806 0.2851 0.3329 -0.0023 1.5201 -1.6222 0.5677 0.1283  1.0975 -1.0951  0.3459
8.25  8000 0.3482  0.1201 0.3027 -0.0451 0.5578 0.4707 0.2766 0.3273 -0.0022 1.4573 -1.5265 0.5246 0.1503  0.9622 -0.9091  0.2647
8.25  8500 0.3388  0.1085 0.3054 -0.0596 0.5651 0.4626 0.2799 0.3172 -0.0022 1.4787 -1.5838 0.5528 0.1687  0.9227 -0.8905  0.2611
8.25  9000 0.3276  0.0898 0.3155 -0.0868 0.5878 0.4558 0.2908 0.3044 -0.0024 1.5534 -1.7367 0.6256 0.1837  0.9480 -0.9818  0.3079
8.25  9500 0.3143  0.0680 0.3267 -0.1200 0.6159 0.4478 0.3037 0.2891 -0.0025 1.6672 -1.9726 0.7422 0.2136  0.9635 -1.0950  0.3729
8.25 10000 0.3000  0.0495 0.3324 -0.1482 0.6358 0.4367 0.3117 0.2728 -0.0027 1.7729 -2.2080 0.8641 0.2723  0.8756 -1.0891  0.3932
8.25 10500 0.2858  0.0396 0.3267 -0.1616 0.6347 0.4211 0.3087 0.2575 -0.0027 1.8207 -2.3521 0.9479 0.3624  0.6265 -0.8628  0.3211
8.25 11000 0.2745  0.0379 0.3139 -0.1611 0.6178 0.4050 0.2982 0.2459 -0.0027 1.8130 -2.3932 0.9830 0.4486  0.3349 -0.5499  0.2073
8.25 11500 0.2678  0.0391 0.3035 -0.1571 0.6027 0.3945 0.2893 0.2394 -0.0027 1.7990 -2.4048 0.9997 0.4949  0.1681 -0.3710  0.1437
8.25 12000 0.2641  0.0428 0.2935 -0.1498 0.5870 0.3870 0.2805 0.2360 -0.0027 1.7810 -2.4011 1.0077 0.5222  0.0603 -0.2553  0.1046
8.25 12500 0.2614  0.0493 0.2813 -0.1377 0.5661 0.3795 0.2693 0.2341 -0.0026 1.7441 -2.3613 0.9983 0.5384 -0.0300 -0.1490  0.0672
8.25 13000 0.2576  0.0562 0.2672 -0.1237 0.5408 0.3700 0.2562 0.2313 -0.0025 1.6901 -2.2936 0.9757 0.5510 -0.1255 -0.0293  0.0228
8.25 13500 0.2526  0.0614 0.2537 -0.1117 0.5168 0.3598 0.2437 0.2273 -0.0024 1.6395 -2.2332 0.9564 0.5625 -0.2139  0.0781 -0.0162
8.25 14000 0.2484  0.0664 0.2415 -0.1007 0.4952 0.3507 0.2324 0.2239 -0.0024 1.5962 -2.1836 0.9418 0.5710 -0.2852  0.1627 -0.0456
8.25 14500 0.2454  0.0710 0.2314 -0.0909 0.4769 0.3436 0.2230 0.2216 -0.0023 1.5573 -2.1349 0.9256 0.5764 -0.3421  0.2337 -0.0713
8.25 15000 0.2429  0.0744 0.2236 -0.0831 0.4624 0.3379 0.2156 0.2197 -0.0022 1.5207 -2.0841 0.9058 0.5816 -0.3956  0.3056 -0.0999
8.25 15500 0.2404  0.0761 0.2181 -0.0781 0.4518 0.3332 0.2102 0.2177 -0.0022 1.4892 -2.0380 0.8864 0.5876 -0.4469  0.3765 -0.1297
8.25 16000 0.2376  0.0760 0.2144 -0.0760 0.4448 0.3288 0.2067 0.2151 -0.0022 1.4670 -2.0070 0.8733 0.5946 -0.4922  0.4362 -0.1549
8.25 16500 0.2352  0.0743 0.2135 -0.0796 0.4466 0.3263 0.2064 0.2121 -0.0022 1.4792 -2.0397 0.8918 0.6556 -0.6808  0.6539 -0.2418
8.25 17000 0.2319  0.0738 0.2097 -0.0759 0.4366 0.3212 0.2024 0.2096 -0.0022 1.4418 -1.9786 0.8626 0.6107 -0.5704  0.5307 -0.1935
8.25 20000 0.2171  0.0626 0.2049 -0.0894 0.4347 0.3049 0.1995 0.1937 -0.0022 1.4587 -2.0572 0.9099 0.7069 -0.8706  0.8477 -0.3126
8.25 25000 0.2028  0.0439 0.2108 -0.1175 0.4542 0.2938 0.2075 0.1775 -0.0024 1.5560 -2.2747 1.0219 0.7669 -0.9709  0.8765 -0.3043
8.25 30000 0.1824  0.0360 0.1941 -0.1035 0.4055 0.2653 0.1891 0.1614 -0.0020 1.3463 -1.9232 0.8481 0.4988 -0.2974  0.1266 -0.0145
8.50  4000 0.3194 -0.0506 0.4910 -0.4623 1.1088 0.5350 0.4973 0.2498 -0.0062 3.8829 -6.1564 2.8453 2.3865 -3.9810  3.6502 -1.2818
8.50  4250 0.2956 -0.0341 0.4374 -0.3929 0.9766 0.4868 0.4407 0.2356 -0.0054 3.3851 -5.3071 2.4385 1.9758 -3.1255  2.8120 -0.9783
8.50  4500 0.2836 -0.0271 0.4122 -0.3600 0.9129 0.4633 0.4139 0.2285 -0.0050 3.1459 -4.8988 2.2425 1.7479 -2.6135  2.2835 -0.7801
8.50  4750 0.2774 -0.0249 0.4011 -0.3471 0.8858 0.4521 0.4023 0.2243 -0.0048 3.0469 -4.7340 2.1643 1.6600 -2.4230  2.0872 -0.7063
8.50  5000 0.2778 -0.0226 0.3986 -0.3313 0.8640 0.4506 0.3977 0.2285 -0.0045 2.9506 -4.5387 2.0609 1.3222 -1.4062  0.8945 -0.2256
8.50  5250 0.2786 -0.0107 0.3838 -0.2912 0.8082 0.4433 0.3788 0.2357 -0.0039 2.7005 -4.0539 1.8131 0.8920 -0.2389 -0.3883  0.2704
8.50  5500 0.2835 -0.0033 0.3805 -0.2749 0.7921 0.4461 0.3736 0.2427 -0.0038 2.6145 -3.8730 1.7183 0.7663  0.0894 -0.7240  0.3931
8.50  6000 0.3009  0.0165 0.3773 -0.2398 0.7669 0.4606 0.3662 0.2637 -0.0035 2.4591 -3.5209 1.5307 0.5487  0.6508 -1.2657  0.5816
8.50  6500 0.3272  0.0526 0.3643 -0.1762 0.7140 0.4792 0.3467 0.2958 -0.0030 2.1635 -2.8831 1.1981 0.2932  1.1975 -1.6784  0.6910
8.50  7000 0.3472  0.0919 0.3388 -0.1040 0.6401 0.4862 0.3153 0.3217 -0.0026 1.7969 -2.1430 0.8225 0.1500  1.3027 -1.5268  0.5632
8.50  7500 0.3521  0.1150 0.3145 -0.0592 0.5833 0.4798 0.2888 0.3299 -0.0023 1.5587 -1.6993 0.6064 0.1383  1.1030 -1.1310  0.3672
8.50  8000 0.3474  0.1193 0.3027 -0.0468 0.5592 0.4701 0.2769 0.3264 -0.0022 1.4697 -1.5540 0.5394 0.1593  0.9448 -0.8993  0.2639
8.50  8500 0.3387  0.1100 0.3034 -0.0577 0.5621 0.4617 0.2782 0.3171 -0.0022 1.4775 -1.5865 0.5563 0.1766  0.8954 -0.8607  0.2509
8.50  9000 0.3280  0.0920 0.3131 -0.0835 0.5836 0.4553 0.2886 0.3050 -0.0023 1.5464 -1.7276 0.6231 0.1873  0.9293 -0.9580  0.2992
8.50  9500 0.3150  0.0693 0.3259 -0.1181 0.6143 0.4482 0.3029 0.2899 -0.0025 1.6651 -1.9689 0.7410 0.2093  0.9754 -1.1087  0.3790
8.50 10000 0.3006  0.0478 0.3353 -0.1517 0.6414 0.4385 0.3146 0.2732 -0.0027 1.7934 -2.2421 0.8797 0.2594  0.9386 -1.1762  0.4311
8.50 10500 0.2854  0.0338 0.3338 -0.1726 0.6496 0.4237 0.3161 0.2563 -0.0028 1.8757 -2.4491 0.9934 0.3492  0.7250 -1.0142  0.3895
8.50 11000 0.2722  0.0288 0.3229 -0.1775 0.6378 0.4068 0.3078 0.2425 -0.0028 1.8898 -2.5347 1.0506 0.4463  0.4192 -0.7007  0.2788
8.50 11500 0.2636  0.0280 0.3125 -0.1764 0.6241 0.3944 0.2992 0.2338 -0.0028 1.8852 -2.5701 1.0803 0.5107  0.2023 -0.4714  0.1970
8.50 12000 0.2586  0.0292 0.3043 -0.1734 0.6128 0.3864 0.2924 0.2288 -0.0028 1.8825 -2.5961 1.1025 0.5472  0.0792 -0.3473  0.1561
8.50 12500 0.2556  0.0334 0.2947 -0.1657 0.5975 0.3798 0.2839 0.2262 -0.0028 1.8630 -2.5866 1.1070 0.5720 -0.0219 -0.2361  0.1178
8.50 13000 0.2533  0.0400 0.2830 -0.1532 0.5767 0.3729 0.2730 0.2248 -0.0027 1.8205 -2.5331 1.0897 0.5834 -0.1020 -0.1356  0.0807
8.50 13500 0.2502  0.0465 0.2703 -0.1397 0.5530 0.3646 0.2609 0.2227 -0.0026 1.7632 -2.4530 1.0589 0.5883 -0.1754 -0.0355  0.0416
8.50 14000 0.2465  0.0520 0.2581 -0.1272 0.5301 0.3559 0.2493 0.2200 -0.0025 1.7074 -2.3762 1.0296 0.5921 -0.2438  0.0569  0.0057
8.50 14500 0.2435  0.0578 0.2464 -0.1150 0.5085 0.3481 0.2382 0.2179 -0.0025 1.6561 -2.3061 1.0033 0.5956 -0.3063  0.1411 -0.0266
8.50 15000 0.2414  0.0635 0.2360 -0.1034 0.4890 0.3418 0.2283 0.2167 -0.0024 1.6082 -2.2376 0.9766 0.5991 -0.3659  0.2243 -0.0595
8.50 15500 0.2398  0.0682 0.2276 -0.0936 0.4729 0.3367 0.2202 0.2158 -0.0023 1.5642 -2.1708 0.9488 0.6039 -0.4256  0.3106 -0.0955
8.50 16000 0.2379  0.0709 0.2216 -0.0873 0.4612 0.3323 0.2143 0.2144 -0.0023 1.5282 -2.1152 0.9246 0.6107 -0.4841  0.3942 -0.1314
8.50 16500 0.2358  0.0720 0.2173 -0.0835 0.4529 0.3284 0.2101 0.2126 -0.0022 1.5005 -2.0730 0.9061 0.6192 -0.5400  0.4715 -0.1648
8.50 17000 0.2333  0.0718 0.2143 -0.0821 0.4474 0.3247 0.2073 0.2104 -0.0022 1.4821 -2.0476 0.8953 0.6293 -0.5914  0.5382 -0.1929
8.50 20000 0.2189  0.0614 0.2089 -0.0939 0.4437 0.3085 0.2036 0.1950 -0.0023 1.4909 -2.1101 0.9346 0.7221 -0.8886  0.8573 -0.3142
8.50 25000 0.2043  0.0435 0.2133 -0.1198 0.4597 0.2964 0.2101 0.1787 -0.0024 1.5743 -2.3031 1.0347 0.7735 -0.9743  0.8752 -0.3028
8.50 30000 0.1827  0.0361 0.1944 -0.1035 0.4060 0.2657 0.1894 0.1618 -0.0020 1.3470 -1.9230 0.8477 0.4968 -0.2901  0.1185 -0.0115
8.75  4000 0.3275 -0.0542 0.5065 -0.4793 1.1444 0.5500 0.5133 0.2556 -0.0064 4.0119 -6.3684 2.9446 2.4603 -4.0951  3.7415 -1.3101
8.75  4250 0.3008 -0.0364 0.4474 -0.4053 1.0015 0.4966 0.4512 0.2390 -0.0055 3.4780 -5.4640 2.5136 2.0608 -3.3126  3.0042 -1.0502
8.75  4500 0.2870 -0.0277 0.4175 -0.3656 0.9257 0.4691 0.4194 0.2310 -0.0050 3.1921 -4.9742 2.2780 1.7871 -2.6965  2.3693 -0.8124
8.75  4750 0.2796 -0.0247 0.4037 -0.3489 0.8915 0.4555 0.4049 0.2262 -0.0048 3.0654 -4.7611 2.1764 1.6699 -2.4371  2.1009 -0.7114
8.75  5000 0.2787 -0.0248 0.4026 -0.3422 0.8806 0.4536 0.4029 0.2272 -0.0047 3.0225 -4.6765 2.1316 1.4803 -1.8553  1.4063 -0.4283
8.75  5250 0.2789 -0.0125 0.3866 -0.2965 0.8161 0.4449 0.3819 0.2353 -0.0040 2.7336 -4.1154 1.8436 0.9260 -0.3178 -0.3101  0.2422
8.75  5500 0.2818 -0.0048 0.3803 -0.2778 0.7937 0.4445 0.3738 0.2406 -0.0038 2.6267 -3.9024 1.7344 0.7918  0.0177 -0.6488  0.3652
8.75  6000 0.2962  0.0118 0.3774 -0.2475 0.7712 0.4564 0.3673 0.2583 -0.0036 2.4889 -3.5924 1.5693 0.5917  0.5393 -1.1609  0.5460
8.75  6500 0.3192  0.0420 0.3678 -0.1939 0.7278 0.4732 0.3519 0.2863 -0.0032 2.2406 -3.0515 1.2858 0.3528  1.0780 -1.6017  0.6757
8.75  7000 0.3407  0.0813 0.3442 -0.1224 0.6568 0.4825 0.3223 0.3137 -0.0027 1.8838 -2.3238 0.9151 0.1863  1.2700 -1.5583  0.5929
8.75  7500 0.3490  0.1090 0.3184 -0.0698 0.5940 0.4787 0.2935 0.3261 -0.0024 1.6099 -1.8023 0.6583 0.1533  1.1049 -1.1726  0.3933
8.75  8000 0.3465  0.1178 0.3034 -0.0498 0.5621 0.4697 0.2780 0.3252 -0.0022 1.4874 -1.5908 0.5586 0.1701  0.9269 -0.8919  0.2645
8.75  8500 0.3387  0.1116 0.3013 -0.0556 0.5593 0.4610 0.2764 0.3172 -0.0022 1.4771 -1.5913 0.5610 0.1883  0.8568 -0.8177  0.2354
8.75  9000 0.3287  0.0953 0.3096 -0.0785 0.5775 0.4546 0.2853 0.3060 -0.0023 1.5346 -1.7105 0.6173 0.1969  0.8859 -0.9016  0.2769
8.75  9500 0.3165  0.0729 0.3231 -0.1126 0.6086 0.4485 0.3001 0.2917 -0.0025 1.6484 -1.9381 0.7272 0.2109  0.9535 -1.0716  0.3625
8.75 10000 0.3024  0.0493 0.3357 -0.1498 0.6414 0.4404 0.3148 0.2751 -0.0027 1.7902 -2.2306 0.8731 0.2487  0.9707 -1.2086  0.4430
8.75 10500 0.2866  0.0311 0.3390 -0.1782 0.6593 0.4271 0.3211 0.2572 -0.0028 1.9066 -2.4978 1.0146 0.3324  0.8112 -1.1318  0.4397
8.75 11000 0.2716  0.0225 0.3306 -0.1895 0.6541 0.4096 0.3157 0.2411 -0.0029 1.9487 -2.6387 1.0993 0.4389  0.5024 -0.8351  0.3403
8.75 11500 0.2608  0.0195 0.3201 -0.1917 0.6418 0.3951 0.3075 0.2299 -0.0029 1.9555 -2.7025 1.1444 0.5206  0.2399 -0.5632  0.2441
8.75 12000 0.2541  0.0188 0.3122 -0.1918 0.6324 0.3856 0.3012 0.2229 -0.0029 1.9629 -2.7528 1.1796 0.5741  0.0714 -0.3939  0.1869
8.75 12500 0.2500  0.0204 0.3046 -0.1885 0.6220 0.3788 0.2949 0.2189 -0.0029 1.9614 -2.7780 1.2008 0.6097 -0.0477 -0.2725  0.1464
8.75 13000 0.2475  0.0251 0.2951 -0.1799 0.6063 0.3726 0.2864 0.2169 -0.0029 1.9359 -2.7546 1.1976 0.6317 -0.1454 -0.1590  0.1053
8.75 13500 0.2458  0.0315 0.2843 -0.1675 0.5862 0.3665 0.2761 0.2160 -0.0028 1.8893 -2.6890 1.1729 0.6370 -0.2096 -0.0716  0.0714
8.75 14000 0.2435  0.0377 0.2731 -0.1545 0.5645 0.3596 0.2652 0.2148 -0.0027 1.8310 -2.6012 1.1365 0.6343 -0.2590  0.0051  0.0397
8.75 14500 0.2409  0.0434 0.2620 -0.1419 0.5430 0.3524 0.2545 0.2132 -0.0026 1.7724 -2.5133 1.1000 0.6309 -0.3062  0.0789  0.0091
8.75 15000 0.2389  0.0496 0.2511 -0.1290 0.5218 0.3459 0.2439 0.2122 -0.0025 1.7161 -2.4282 1.0647 0.6285 -0.3550  0.1545 -0.0222
8.75 15500 0.2377  0.0561 0.2409 -0.1162 0.5019 0.3404 0.2339 0.2119 -0.0025 1.6620 -2.3448 1.0298 0.6288 -0.4098  0.2389 -0.0575
8.75 16000 0.2367  0.0616 0.2324 -0.1053 0.4851 0.3359 0.2255 0.2118 -0.0024 1.6130 -2.2666 0.9959 0.6319 -0.4692  0.3300 -0.0968
8.75 16500 0.2357  0.0657 0.2256 -0.0969 0.4717 0.3320 0.2188 0.2114 -0.0023 1.5703 -2.1974 0.9652 0.6384 -0.5332  0.4259 -0.1388
8.75 17000 0.2341  0.0677 0.2208 -0.0918 0.4622 0.3284 0.2141 0.2102 -0.0023 1.5386 -2.1468 0.9426 0.6479 -0.5965  0.5157 -0.1779
8.75 20000 0.2208  0.0602 0.2131 -0.0988 0.4533 0.3123 0.2079 0.1963 -0.0023 1.5254 -2.1672 0.9613 0.7394 -0.9110  0.8711 -0.3174
8.75 25000 0.2059  0.0431 0.2159 -0.1222 0.4654 0.2991 0.2127 0.1800 -0.0024 1.5931 -2.3322 1.0479 0.7818 -0.9829  0.8802 -0.3040
8.75 30000 0.1830  0.0362 0.1948 -0.1037 0.4067 0.2663 0.1898 0.1621 -0.0020 1.3486 -1.9246 0.8481 0.4963 -0.2869  0.1150 -0.0103
9.00  4000 0.3364 -0.0576 0.5227 -0.4956 1.1801 0.5659 0.5297 0.2623 -0.0066 4.1380 -6.5709 3.0382 2.5122 -4.1398  3.7521 -1.3062
9.00  4250 0.3066 -0.0391 0.4586 -0.4188 1.0289 0.5074 0.4630 0.2428 -0.0057 3.5803 -5.6363 2.5958 2.1488 -3.5003  3.1937 -1.1202
9.00  4500 0.2909 -0.0285 0.4238 -0.3726 0.9410 0.4758 0.4260 0.2338 -0.0051 3.2483 -5.0669 2.3219 1.8367 -2.8038  2.4805 -0.8543
9.00  4750 0.2826 -0.0261 0.4096 -0.3571 0.9073 0.4612 0.4113 0.2278 -0.0049 3.1256 -4.8652 2.2269 1.7461 -2.6280  2.3098 -0.7926
9.00  5000 0.2791 -0.0238 0.4019 -0.3432 0.8827 0.4539 0.4025 0.2270 -0.0047 3.0318 -4.6967 2.1432 1.5601 -2.1088  1.7139 -0.5546
9.00  5250 0.2797 -0.0143 0.3901 -0.3029 0.8262 0.4475 0.3859 0.2352 -0.0041 2.7765 -4.1939 1.8826 0.9720 -0.4262 -0.1999  0.2018
9.00  5500 0.2812 -0.0067 0.3820 -0.2821 0.7990 0.4448 0.3759 0.2396 -0.0038 2.6502 -3.9480 1.7574 0.8144 -0.0333 -0.6017  0.3492
9.00  6000 0.2927  0.0079 0.3779 -0.2541 0.7755 0.4533 0.3686 0.2542 -0.0036 2.5176 -3.6584 1.6046 0.6269  0.4517 -1.0820  0.5203
9.00  6500 0.3121  0.0330 0.3703 -0.2090 0.7392 0.4678 0.3560 0.2779 -0.0033 2.3057 -3.1956 1.3613 0.4109  0.9518 -1.5072  0.6508
9.00  7000 0.3337  0.0701 0.3497 -0.1416 0.6742 0.4784 0.3295 0.3052 -0.0028 1.9739 -2.5122 1.0117 0.2303  1.2152 -1.5660  0.6135
9.00  7500 0.3451  0.1014 0.3234 -0.0832 0.6076 0.4773 0.2995 0.3212 -0.0025 1.6741 -1.9312 0.7231 0.1719  1.1075 -1.2247  0.4258
9.00  8000 0.3450  0.1152 0.3050 -0.0550 0.5673 0.4690 0.2801 0.3232 -0.0023 1.5172 -1.6522 0.5904 0.1844  0.9095 -0.8943  0.2714
9.00  8500 0.3386  0.1128 0.2997 -0.0544 0.5574 0.4604 0.2751 0.3171 -0.0022 1.4811 -1.6039 0.5695 0.2026  0.8136 -0.7715  0.2192
9.00  9000 0.3295  0.0991 0.3057 -0.0730 0.5709 0.4539 0.2816 0.3070 -0.0023 1.5221 -1.6928 0.6117 0.2110  0.8267 -0.8256  0.2467
9.00  9500 0.3184  0.0781 0.3189 -0.1047 0.6001 0.4487 0.2958 0.2941 -0.0025 1.6226 -1.8913 0.7060 0.2180  0.9042 -0.9954  0.3290
9.00 10000 0.3050  0.0534 0.3338 -0.1436 0.6363 0.4421 0.3126 0.2781 -0.0026 1.7685 -2.1850 0.8503 0.2432  0.9673 -1.1858  0.4298
9.00 10500 0.2892  0.0318 0.3415 -0.1782 0.6629 0.4307 0.3233 0.2598 -0.0028 1.9125 -2.4980 1.0121 0.3159  0.8716 -1.1999  0.4659
9.00 11000 0.2730  0.0192 0.3368 -0.1966 0.6661 0.4136 0.3218 0.2420 -0.0030 1.9865 -2.6985 1.1255 0.4249  0.5863 -0.9523  0.3907
9.00 11500 0.2600  0.0137 0.3268 -0.2027 0.6562 0.3972 0.3144 0.2283 -0.0030 2.0075 -2.7954 1.1881 0.5211  0.2904 -0.6542  0.2869
9.00 12000 0.2512  0.0110 0.3187 -0.2056 0.6480 0.3858 0.3084 0.2190 -0.0030 2.0244 -2.8700 1.2366 0.5906  0.0784 -0.4432  0.2153
9.00 12500 0.2456  0.0107 0.3117 -0.2057 0.6400 0.3777 0.3030 0.2131 -0.0030 2.0352 -2.9226 1.2721 0.6424 -0.0816 -0.2828  0.1611
9.00 13000 0.2421  0.0130 0.3040 -0.2013 0.6290 0.3714 0.2964 0.2098 -0.0030 2.0275 -2.9337 1.2858 0.6777 -0.2056 -0.1489  0.1138
9.00 13500 0.2402  0.0179 0.2950 -0.1922 0.6133 0.3659 0.2880 0.2084 -0.0030 1.9963 -2.8961 1.2744 0.6949 -0.2934 -0.0407  0.0727
9.00 14000 0.2391  0.0241 0.2853 -0.1801 0.5946 0.3608 0.2786 0.2082 -0.0029 1.9479 -2.8226 1.2443 0.6940 -0.3387  0.0290  0.0443
9.00 14500 0.2377  0.0300 0.2755 -0.1676 0.5748 0.3553 0.2689 0.2078 -0.0028 1.8907 -2.7319 1.2049 0.6848 -0.3659  0.0822  0.0207
9.00 15000 0.2360  0.0358 0.2657 -0.1553 0.5550 0.3494 0.2592 0.2071 -0.0027 1.8320 -2.6384 1.1641 0.6753 -0.3931  0.1364 -0.0037
9.00 15500 0.2348  0.0421 0.2557 -0.1424 0.5350 0.3441 0.2494 0.2070 -0.0026 1.7738 -2.5452 1.1235 0.6674 -0.4255  0.1974 -0.0307
9.00 16000 0.2343  0.0488 0.2460 -0.1291 0.5155 0.3395 0.2398 0.2075 -0.0025 1.7167 -2.4525 1.0830 0.6632 -0.4687  0.2728 -0.0639
9.00 16500 0.2341  0.0553 0.2372 -0.1169 0.4977 0.3355 0.2310 0.2081 -0.0025 1.6627 -2.3632 1.0434 0.6636 -0.5238  0.3634 -0.1041
9.00 17000 0.2336  0.0602 0.2300 -0.1070 0.4832 0.3320 0.2238 0.2084 -0.0024 1.6158 -2.2850 1.0082 0.6691 -0.5890  0.4645 -0.1489
9.00 20000 0.2228  0.0587 0.2177 -0.1040 0.4636 0.3163 0.2126 0.1977 -0.0024 1.5630 -2.2294 0.9905 0.7579 -0.9345  0.8850 -0.3202
9.00 25000 0.2075  0.0426 0.2187 -0.1248 0.4713 0.3019 0.2154 0.1812 -0.0025 1.6129 -2.3629 1.0618 0.7908 -0.9928  0.8864 -0.3057
9.00 30000 0.1834  0.0362 0.1954 -0.1040 0.4077 0.2668 0.1903 0.1624 -0.0020 1.3512 -1.9279 0.8494 0.4975 -0.2880  0.1162 -0.0109
9.25  4000 0.3459 -0.0607 0.5395 -0.5113 1.2158 0.5828 0.5465 0.2700 -0.0068 4.2604 -6.7624 3.1251 2.5423 -4.1166  3.6841 -1.2712
9.25  4250 0.3130 -0.0419 0.4708 -0.4333 1.0586 0.5194 0.4758 0.2471 -0.0059 3.6900 -5.8199 2.6830 2.2346 -3.6731  3.3624 -1.1813
9.25  4500 0.2951 -0.0297 0.4309 -0.3807 0.9585 0.4832 0.4334 0.2367 -0.0052 3.3123 -5.1731 2.3724 1.8953 -2.9329  2.6150 -0.9051
9.25  4750 0.2855 -0.0250 0.4119 -0.3564 0.9104 0.4649 0.4132 0.2308 -0.0049 3.1320 -4.8664 2.2252 1.7203 -2.5364  2.2024 -0.7496
9.25  5000 0.2807 -0.0239 0.4041 -0.3474 0.8909 0.4566 0.4051 0.2276 -0.0048 3.0629 -4.7526 2.1714 1.6415 -2.3459  1.9924 -0.6672
9.25  5250 0.2809 -0.0163 0.3944 -0.3106 0.8390 0.4509 0.3909 0.2353 -0.0042 2.8306 -4.2928 1.9319 1.0366 -0.5849 -0.0335  0.1394
9.25  5500 0.2813 -0.0085 0.3845 -0.2868 0.8059 0.4461 0.3788 0.2391 -0.0039 2.6795 -4.0024 1.7844 0.8396 -0.0872 -0.5522  0.3324
9.25  6000 0.2899  0.0058 0.3769 -0.2570 0.7757 0.4503 0.3680 0.2510 -0.0036 2.5244 -3.6809 1.6178 0.6553  0.3651 -0.9882  0.4846
9.25  6500 0.3063  0.0255 0.3726 -0.2218 0.7489 0.4633 0.3595 0.2709 -0.0033 2.3617 -3.3189 1.4260 0.4619  0.8396 -1.4208  0.6272
9.25  7000 0.3265  0.0590 0.3549 -0.1609 0.6912 0.4740 0.3364 0.2964 -0.0029 2.0626 -2.6985 1.1074 0.2791  1.1430 -1.5518  0.6248
9.25  7500 0.3404  0.0923 0.3292 -0.0992 0.6235 0.4755 0.3064 0.3152 -0.0026 1.7498 -2.0840 0.8002 0.1966  1.1018 -1.2760  0.4601
9.25  8000 0.3431  0.1111 0.3078 -0.0627 0.5755 0.4684 0.2835 0.3206 -0.0023 1.5573 -1.7327 0.6312 0.1999  0.8988 -0.9115  0.2856
9.25  8500 0.3384  0.1131 0.2989 -0.0547 0.5575 0.4599 0.2746 0.3166 -0.0023 1.4917 -1.6288 0.5838 0.2188  0.7706 -0.7295  0.2053
9.25  9000 0.3303  0.1027 0.3020 -0.0679 0.5648 0.4532 0.2781 0.3079 -0.0023 1.5125 -1.6809 0.6090 0.2285  0.7597 -0.7422  0.2139
9.25  9500 0.3204  0.0838 0.3139 -0.0959 0.5905 0.4485 0.2908 0.2965 -0.0024 1.5949 -1.8424 0.6845 0.2306  0.8350 -0.8948  0.2857
9.25 10000 0.3079  0.0596 0.3294 -0.1340 0.6268 0.4431 0.3079 0.2816 -0.0026 1.7351 -2.1205 0.8197 0.2473  0.9201 -1.1041  0.3919
9.25 10500 0.2930  0.0357 0.3413 -0.1726 0.6604 0.4342 0.3225 0.2640 -0.0028 1.8934 -2.4509 0.9868 0.3010  0.9018 -1.2142  0.4664
9.25 11000 0.2763  0.0190 0.3414 -0.1984 0.6734 0.4187 0.3260 0.2452 -0.0030 2.0017 -2.7112 1.1278 0.4033  0.6726 -1.0537  0.4303
9.25 11500 0.2613  0.0106 0.3326 -0.2092 0.6674 0.4010 0.3202 0.2291 -0.0030 2.0408 -2.8470 1.2102 0.5100  0.3603 -0.7513  0.3282
9.25 12000 0.2504  0.0059 0.3244 -0.2150 0.6602 0.3875 0.3143 0.2175 -0.0031 2.0666 -2.9448 1.2714 0.5938  0.1101 -0.5049  0.2446
9.25 12500 0.2431  0.0037 0.3176 -0.2181 0.6541 0.3779 0.3094 0.2096 -0.0031 2.0887 -3.0240 1.3211 0.6605 -0.0879 -0.3097  0.1788
9.25 13000 0.2382  0.0040 0.3107 -0.2172 0.6459 0.3706 0.3039 0.2045 -0.0031 2.0947 -3.0647 1.3501 0.7121 -0.2519 -0.1384  0.1186
9.25 13500 0.2352  0.0069 0.3030 -0.2118 0.6340 0.3647 0.2971 0.2018 -0.0031 2.0789 -3.0579 1.3541 0.7448 -0.3752  0.0026  0.0661
9.25 14000 0.2340  0.0118 0.2947 -0.2025 0.6190 0.3601 0.2893 0.2011 -0.0030 2.0444 -3.0102 1.3365 0.7562 -0.4472  0.0970  0.0289
9.25 14500 0.2334  0.0179 0.2860 -0.1907 0.6015 0.3559 0.2806 0.2015 -0.0030 1.9952 -2.9312 1.3025 0.7508 -0.4786  0.1537  0.0042
9.25 15000 0.2327  0.0236 0.2775 -0.1789 0.5839 0.3516 0.2722 0.2018 -0.0029 1.9411 -2.8419 1.2625 0.7366 -0.4860  0.1848 -0.0113
9.25 15500 0.2319  0.0291 0.2690 -0.1672 0.5661 0.3471 0.2636 0.2020 -0.0028 1.8851 -2.7489 1.2206 0.7213 -0.4917  0.2151 -0.0268
9.25 16000 0.2314  0.0353 0.2602 -0.1546 0.5475 0.3428 0.2547 0.2025 -0.0027 1.8273 -2.6525 1.1773 0.7084 -0.5068  0.2582 -0.0476
9.25 16500 0.2315  0.0421 0.2512 -0.1415 0.5290 0.3391 0.2457 0.2036 -0.0026 1.7699 -2.5558 1.1337 0.6989 -0.5330  0.3161 -0.0749
9.25 17000 0.2317  0.0489 0.2426 -0.1286 0.5111 0.3357 0.2369 0.2048 -0.0026 1.7136 -2.4604 1.0907 0.6965 -0.5815  0.4017 -0.1138
9.25 20000 0.2241  0.0582 0.2201 -0.1071 0.4698 0.3187 0.2152 0.1985 -0.0024 1.5858 -2.2680 1.0089 0.7801 -0.9847  0.9376 -0.3401
9.25 25000 0.2091  0.0421 0.2216 -0.1276 0.4775 0.3047 0.2183 0.1825 -0.0025 1.6336 -2.3954 1.0765 0.8009 -1.0054  0.8956 -0.3085
9.25 30000 0.1838  0.0361 0.1959 -0.1044 0.4088 0.2674 0.1908 0.1627 -0.0020 1.3545 -1.9326 0.8514 0.5002 -0.2935  0.1226 -0.0135
9.50  4000 0.3560 -0.0635 0.5565 -0.5255 1.2503 0.6001 0.5632 0.2784 -0.0069 4.3740 -6.9342 3.2012 2.5479 -4.0215  3.5355 -1.2049
9.50  4250 0.3201 -0.0451 0.4845 -0.4491 1.0909 0.5326 0.4900 0.2519 -0.0061 3.8091 -6.0179 2.7766 2.3183 -3.8298  3.5083 -1.2323
9.50  4500 0.2998 -0.0313 0.4393 -0.3904 0.9790 0.4917 0.4422 0.2399 -0.0054 3.3878 -5.2990 2.4323 1.9626 -3.0793  2.7658 -0.9617
9.50  4750 0.2889 -0.0252 0.4167 -0.3608 0.9215 0.4704 0.4181 0.2335 -0.0050 3.1709 -4.9282 2.2539 1.7498 -2.5948  2.2620 -0.7720
9.50  5000 0.2830 -0.0237 0.4070 -0.3502 0.8982 0.4602 0.4081 0.2293 -0.0049 3.0886 -4.7940 2.1909 1.6759 -2.4338  2.0927 -0.7073
9.50  5250 0.2825 -0.0185 0.3994 -0.3202 0.8548 0.4549 0.3967 0.2353 -0.0043 2.8980 -4.4173 1.9944 1.1348 -0.8412  0.2457  0.0320
9.50  5500 0.2822 -0.0103 0.3880 -0.2924 0.8149 0.4485 0.3825 0.2392 -0.0039 2.7167 -4.0695 1.8173 0.8696 -0.1487 -0.4961  0.3135
9.50  6000 0.2880  0.0032 0.3778 -0.2617 0.7796 0.4489 0.3694 0.2486 -0.0037 2.5470 -3.7299 1.6435 0.6795  0.3079 -0.9377  0.4684
9.50  6500 0.3015  0.0207 0.3725 -0.2295 0.7531 0.4588 0.3605 0.2654 -0.0034 2.3924 -3.3929 1.4661 0.5106  0.7098 -1.2946  0.5831
9.50  7000 0.3196  0.0487 0.3595 -0.1786 0.7067 0.4697 0.3426 0.2881 -0.0030 2.1436 -2.8699 1.1957 0.3306  1.0543 -1.5114  0.6240
9.50  7500 0.3351  0.0821 0.3356 -0.1172 0.6414 0.4733 0.3142 0.3085 -0.0027 1.8344 -2.2548 0.8863 0.2260  1.0898 -1.3262  0.4955
9.50  8000 0.3405  0.1053 0.3121 -0.0731 0.5867 0.4680 0.2885 0.3172 -0.0024 1.6079 -1.8324 0.6809 0.2158  0.8969 -0.9456  0.3077
9.50  8500 0.3377  0.1122 0.2992 -0.0572 0.5602 0.4596 0.2754 0.3157 -0.0023 1.5108 -1.6690 0.6052 0.2351  0.7362 -0.7030  0.1986
9.50  9000 0.3309  0.1056 0.2988 -0.0642 0.5603 0.4526 0.2754 0.3086 -0.0023 1.5086 -1.6796 0.6113 0.2480  0.6913 -0.6603  0.1823
9.50  9500 0.3220  0.0895 0.3084 -0.0875 0.5808 0.4479 0.2855 0.2984 -0.0024 1.5725 -1.8066 0.6706 0.2497  0.7497 -0.7805  0.2388
9.50 10000 0.3110  0.0670 0.3237 -0.1226 0.6150 0.4437 0.3020 0.2853 -0.0026 1.6947 -2.0445 0.7842 0.2554  0.8531 -0.9949  0.3425
9.50 10500 0.2975  0.0421 0.3388 -0.1627 0.6527 0.4373 0.3192 0.2691 -0.0028 1.8546 -2.3671 0.9439 0.2882  0.9050 -1.1828  0.4455
9.50 11000 0.2813  0.0218 0.3443 -0.1953 0.6760 0.4246 0.3280 0.2504 -0.0030 1.9936 -2.6767 1.1062 0.3744  0.7602 -1.1384  0.4588
9.50 11500 0.2648  0.0101 0.3380 -0.2117 0.6760 0.4066 0.3250 0.2325 -0.0030 2.0571 -2.8597 1.2117 0.4859  0.4560 -0.8630  0.3714
9.50 12000 0.2518  0.0034 0.3296 -0.2203 0.6697 0.3910 0.3192 0.2186 -0.0031 2.0911 -2.9795 1.2850 0.5815  0.1749 -0.5899  0.2793
9.50 12500 0.2426 -0.0008 0.3228 -0.2262 0.6649 0.3796 0.3147 0.2086 -0.0032 2.1229 -3.0827 1.3477 0.6615 -0.0569 -0.3645  0.2038
9.50 13000 0.2361 -0.0023 0.3164 -0.2285 0.6589 0.3711 0.3099 0.2016 -0.0032 2.1419 -3.1529 1.3922 0.7285 -0.2585 -0.1593  0.1324
9.50 13500 0.2318 -0.0013 0.3093 -0.2263 0.6498 0.3643 0.3041 0.1972 -0.0032 2.1399 -3.1757 1.4116 0.7781 -0.4241  0.0217  0.0660
9.50 14000 0.2295  0.0020 0.3019 -0.2201 0.6377 0.3590 0.2974 0.1952 -0.0032 2.1175 -3.1532 1.4068 0.8064 -0.5396  0.1603  0.0124
9.50 14500 0.2288  0.0069 0.2944 -0.2108 0.6235 0.3552 0.2901 0.1951 -0.0031 2.0810 -3.0981 1.3845 0.8133 -0.5988  0.2438 -0.0219
9.50 15000 0.2288  0.0126 0.2869 -0.1998 0.6080 0.3521 0.2826 0.1960 -0.0030 2.0347 -3.0210 1.3503 0.8037 -0.6136  0.2815 -0.0396
9.50 15500 0.2288  0.0181 0.2796 -0.1889 0.5924 0.3489 0.2752 0.1969 -0.0030 1.9851 -2.9363 1.3116 0.7854 -0.6030  0.2911 -0.0466
9.50 16000 0.2286  0.0234 0.2723 -0.1778 0.5764 0.3455 0.2677 0.1977 -0.0029 1.9323 -2.8457 1.2699 0.7666 -0.5938  0.3044 -0.0558
9.50 16500 0.2286  0.0293 0.2644 -0.1658 0.5595 0.3422 0.2597 0.1987 -0.0028 1.8769 -2.7505 1.2261 0.7497 -0.5934  0.3300 -0.0703
9.50 17000 0.2291  0.0359 0.2563 -0.1531 0.5421 0.3391 0.2513 0.2001 -0.0027 1.8204 -2.6530 1.1814 0.7369 -0.6077  0.3750 -0.0929
9.50 20000 0.2261  0.0558 0.2260 -0.1144 0.4830 0.3233 0.2213 0.1997 -0.0025 1.6327 -2.3464 1.0455 0.7990 -0.9999  0.9367 -0.3362
9.50 25000 0.2107  0.0416 0.2244 -0.1303 0.4837 0.3076 0.2211 0.1837 -0.0025 1.6545 -2.4282 1.0915 0.8110 -1.0177  0.9040 -0.3108
9.50 30000 0.1842  0.0360 0.1966 -0.1051 0.4103 0.2681 0.1914 0.1630 -0.0020 1.3589 -1.9392 0.8543 0.5041 -0.3023  0.1323 -0.0175
