Teff	logg	T_BB_u	T_BB_g	T_BB_r	T_BB_i	T_BB_z
4000.0	7.0	4436.654486547816	5038.792342164918	5409.869304497316	5678.3027714733835	5990.983362458397
4250.0	7.0	4734.947009242891	5335.406216292509	5713.9140573631075	6007.965147668044	6360.166997949139
4500.0	7.0	5087.022361963424	5684.471706787665	6078.926830654652	6402.715771977334	6793.757396183107
4750.0	7.0	5491.502675113097	6085.471512435456	6502.53518382735	6863.5896992173575	7301.127951012015
5000.0	7.0	5939.369873348902	6507.796639527931	6944.276932584481	7342.974271600044	7824.421853308384
5250.0	7.0	6439.429330036288	6955.769025026408	7411.980796153093	7851.974571259815	8380.640767219942
5500.0	7.0	6961.470527253867	7426.131429375563	7907.674629876513	8387.693481588398	8966.662968496503
6000.0	7.0	7942.945102756521	8374.806179855572	8909.742062188692	9462.556520790711	10128.062017808565
6500.0	7.0	8834.919380743459	9338.156780241827	9952.310466854673	10585.439192062344	11334.137848336119
7000.0	7.0	9637.092344291908	10284.581523481202	10985.10860306568	11690.506396337263	12512.193077231657
7500.0	7.0	10388.14595166771	11277.060024806315	12085.329707381303	12867.291597238347	13740.708955317918
8000.0	7.0	11094.90196619383	12321.059982092509	13255.855169997114	14101.75124922989	15015.90688161998
8500.0	7.0	11770.389719437197	13426.542810261204	14503.626254682122	15410.338290268992	16321.676644736208
9000.0	7.0	12429.888758040901	14600.118326136519	15819.7407630465	16777.394105948882	17647.510733007373
9500.0	7.0	13077.047662783529	15821.745524405784	17171.733822108556	18143.055204821234	18944.104415263213
10000.0	7.0	13719.26577706603	17073.01751078575	18530.270433180223	19480.81829574182	20176.22381290582
10500.0	7.0	14316.216901497683	18262.172676239126	19740.60196845277	20619.85291539401	21207.23736043013
11000.0	7.0	14816.055103948813	19314.377783213033	20725.484170838055	21483.13363766586	21967.9673258953
11500.0	7.0	15218.820804580557	20231.570316280988	21485.589245275813	22094.615117245845	22504.079982582614
12000.0	7.0	15756.977467749324	21231.13022473085	22381.57097858534	22878.70482068872	23212.085189115358
12500.0	7.0	16381.103706346084	22137.291173955222	23242.343982619124	23686.96143455557	23991.345924646554
13000.0	7.0	17052.99468289565	23012.14542185177	24078.89503018858	24504.22510724987	24800.44381654546
13500.0	7.0	17778.8283610106	23913.294813213575	24984.263124141442	25388.071280997076	25676.11779508915
14000.0	7.0	18495.808472389865	24766.662486959463	25813.94955689766	26208.387874529733	26497.154010436123
14500.0	7.0	19267.498660694313	25677.00280503042	26725.951346031772	27095.985156534833	27401.397661224455
15000.0	7.0	20023.917726119445	26523.139867232232	27563.035660529018	27926.15641470518	28220.304533674152
15500.0	7.0	20792.078284569106	27357.341653025855	28407.086177467398	28761.5917752125	29062.822957217326
16000.0	7.0	21609.117999696908	28273.02343427305	29321.356016937374	29683.277954691912	29989.557168665768
16500.0	7.0	22449.520644438137	29188.613630822532	30256.522856099797	30603.344660993407	30915.1048691482
17000.0	7.0	23255.91198894579	30026.061031430563	31091.65099741746	31452.093180930606	31733.128300019165
20000.0	7.0	28638.106287399445	35637.76847727683	36723.40456198307	37052.128968555335	37322.13935282949
25000.0	7.0	39345.029419609884	46329.47879428194	47375.379852217215	47590.86341823972	47785.08722473239
30000.0	7.0	54070.8080760036	60338.54455313465	61262.01713653974	61406.99782278237	61497.89038123248
4000.0	7.5	4447.647293068449	5078.184947287898	5475.994629328047	5750.9348624961185	6064.370991472587
4250.0	7.5	4731.091592806996	5362.571685633768	5768.455827695808	6069.167251313521	6424.103952591527
4500.0	7.5	5069.353852995031	5700.046297025897	6118.328266418549	6450.3484181132335	6845.215255323132
4750.0	7.5	5453.748635176604	6081.2208158460935	6518.7343767126395	6883.740093837944	7321.872509747124
5000.0	7.5	5882.129363801898	6501.39678054203	6962.045068198622	7365.003080858118	7847.804960988425
5250.0	7.5	6356.820024402406	6949.531231732764	7433.279172105383	7880.2236088438	8411.928803830091
5500.0	7.5	6861.888058707411	7403.790291446378	7908.381903766312	8395.206647803148	8973.096600362733
6000.0	7.5	7885.387131582835	8353.938034070383	8909.788590721808	9476.770873714446	10144.222349622136
6500.0	7.5	8823.863356811338	9318.05593944442	9940.704099567585	10583.58152998949	11338.128592537387
7000.0	7.5	9676.430694955097	10279.398069563724	10990.972350682876	11717.241780347422	12543.142705246772
7500.0	7.5	10462.555960515247	11249.557483845874	12072.41558944322	12879.67571933397	13769.99562864463
8000.0	7.5	11202.189187773452	12257.597487101753	13209.228247786057	14100.082046823887	15040.022628478488
8500.0	7.5	11913.17403208935	13316.851982082648	14420.240165020703	15388.870736339692	16337.816683983
9000.0	7.5	12600.514405400274	14418.861073273609	15677.92170116937	16712.089240053563	17639.49148950167
9500.0	7.5	13303.4756515141	15585.18398613742	17010.94141382567	18098.905024163414	18978.910648757246
10000.0	7.5	14004.1817545234	16788.020445326092	18370.560622338657	19468.351372099212	20278.091530705882
10500.0	7.5	14662.86200088226	17943.80091507082	19624.495495775183	20708.371406084603	21402.8460334831
11000.0	7.5	15301.553117951898	19060.113680054517	20787.68023042498	21822.59911420351	22410.02709129034
11500.0	7.5	15857.14543898528	20073.71720983809	21793.235669551028	22726.08876721129	23217.73753387009
12000.0	7.5	16293.127100530026	20951.755413039948	22592.251758653714	23413.15805870197	23824.922611362974
12500.0	7.5	16772.82019260472	21852.22362958031	23376.27828608241	24070.496469111327	24427.914947772275
13000.0	7.5	17368.074321297183	22775.09714394526	24246.96187553036	24860.846631848777	25160.43958369038
13500.0	7.5	18045.92822540977	23681.120706669884	25131.240079121937	25698.83004092677	25955.478635771196
14000.0	7.5	18758.494956673032	24552.025621122924	25984.510267904905	26535.246194815256	26786.44622849101
14500.0	7.5	19513.259315579784	25471.770437787698	26894.62961607864	27421.571537849373	27667.297647520954
15000.0	7.5	20271.633225860965	26346.002510149734	27765.66538139887	28276.766880390467	28511.578828097347
15500.0	7.5	21049.49978339911	27212.59888075488	28630.080196864674	29134.92696609372	29369.78442553729
16000.0	7.5	21851.416256076092	28090.627340931635	29512.960226330855	30007.66828147097	30241.279578529793
16500.0	7.5	22669.521565461368	28984.300014752356	30400.086128518436	30874.67986818408	31127.195992559326
17000.0	7.5	23497.724032270286	29869.277780658565	31304.22602463993	31779.613776746537	32003.748845557537
20000.0	7.5	28932.528359654636	35493.15288319662	36965.248994049594	37425.01847237007	37642.169080231375
25000.0	7.5	39803.595368598835	46303.56689032932	47717.06461156069	48094.04340581138	48203.839346632674
30000.0	7.5	54590.96922863726	60285.0348345269	61675.858552999794	61926.039588615684	61940.309706507614
4000.0	8.0	4462.735510862498	5121.569153029698	5550.146077507851	5831.994187234925	6141.786725928658
4250.0	8.0	4732.290049654099	5395.106900802021	5830.079144651503	6136.427594617417	6490.887574660239
4500.0	8.0	5054.519726965245	5718.807359038723	6163.244830093822	6501.114796859296	6898.336622992623
4750.0	8.0	5427.693900134927	6091.960211357474	6555.109163676235	6926.525124427141	7366.152577621362
5000.0	8.0	5838.170128974489	6499.912106140236	6985.925921228823	7394.627166083895	7879.772766755553
5250.0	8.0	6287.667273027723	6939.337841351876	7447.341465832094	7897.234034972602	8432.010728842375
5500.0	8.0	6772.987830697074	7395.737824505576	7930.783440744259	8424.935598385277	9006.005931609507
6000.0	8.0	7807.759353127762	8338.516319832346	8917.878686088483	9500.739675072487	10172.414452724946
6500.0	8.0	8801.498975634415	9310.902142597814	9952.234546503454	10613.206097320923	11371.067366053034
7000.0	8.0	9704.776045007053	10276.665653976776	10995.604682588693	11741.290321010136	12572.25572240831
7500.0	8.0	10534.821242148131	11243.332173075874	12064.800305160714	12896.34045721004	13795.821992191122
8000.0	8.0	11302.676315796987	12219.024315644958	13174.42812411202	14092.748137796594	15038.187765292916
8500.0	8.0	12044.198558603986	13235.948722041341	14343.132773152529	15351.3249701605	16330.98082309491
9000.0	8.0	12762.278536102658	14291.10690299827	15571.085483269408	16656.327684007047	17637.388847108537
9500.0	8.0	13490.877772450069	15396.82403302399	16863.91867994855	18023.187166708252	18986.603860829124
10000.0	8.0	14232.817695475655	16544.96305302172	18193.142578626852	19418.145781581436	20311.417067583003
10500.0	8.0	14959.940220060756	17683.8750663142	19483.170868545698	20733.596554189306	21553.24065060932
11000.0	8.0	15670.905975249478	18799.572177765796	20718.553429152787	21976.211590976087	22693.484038645904
11500.0	8.0	16360.64138477075	19846.307520079816	21854.244813803623	23083.01746373582	23716.43490800182
12000.0	8.0	16978.69131838891	20829.569739086382	22871.67085001586	24011.227390183958	24558.500772374697
12500.0	8.0	17472.003231369512	21671.890883773372	23685.219329172553	24736.214414088867	25186.060632664587
13000.0	8.0	17931.074819343085	22462.920366540908	24417.723727563778	25356.87201342463	25761.517364008585
13500.0	8.0	18480.916246984063	23363.33437576109	25257.968089435453	26086.95929337446	26432.732626937457
14000.0	8.0	19140.384375525246	24285.50208537299	26162.323860623987	26920.741121920455	27196.182161297107
14500.0	8.0	19852.073450505162	25199.879624407957	27051.735580457345	27783.494009897968	28032.587827145937
15000.0	8.0	20594.26681386353	26080.931780035997	27917.111401530092	28619.179671966747	28846.014359329845
15500.0	8.0	21369.437254577897	26970.17179829348	28813.71914537223	29497.12406357013	29705.225316156644
16000.0	8.0	22172.32870451597	27859.55422478376	29706.754800577404	30385.16266608081	30590.407887863403
16500.0	8.0	22980.682819676516	28775.19425059496	30619.24968645281	31262.911702023095	31457.381767791838
17000.0	8.0	23835.399177434185	29675.882958055096	31521.58475208866	32166.431087595385	32378.94769041592
20000.0	8.0	29297.41200731051	35324.049715761634	37209.92558744203	37835.215309300824	37997.204407314
25000.0	8.0	40313.30917074989	46182.20220330535	48051.08849267361	48600.89523384385	48661.56309172779
30000.0	8.0	55283.7439421298	60298.370332535036	62108.45235723381	62570.24040698185	62558.993680906664
4000.0	8.5	4477.117838386734	5164.9295562399075	5627.035683188086	5915.65868619532	6218.389427115888
4250.0	8.5	4733.626202971586	5429.71528455151	5898.253720940733	6214.493866840917	6566.810441409313
4500.0	8.5	5043.789364787888	5744.474848193595	6222.188838617798	6566.2113044221705	6964.00088601381
4750.0	8.5	5400.904491381511	6103.465465877448	6595.346633409725	6972.20709911079	7413.148753218948
5000.0	8.5	5800.084582640213	6502.980291262384	7015.590124462267	7428.741412530405	7917.315508170859
5250.0	8.5	6234.874733907688	6936.026536984132	7474.711716065896	7927.949898667127	8464.817924583609
5500.0	8.5	6698.551211045229	7388.304092269109	7952.616906688964	8451.989195320142	9033.9706014125
6000.0	8.5	7712.366329479576	8330.66357541965	8942.977383850817	9533.235602380048	10213.670842635376
6500.0	8.5	8750.52222637423	9303.044734561458	9965.036900407895	10645.701159691376	11414.539219175687
7000.0	8.5	9712.060653264894	10282.766221305757	11013.090566123792	11780.076309021764	12619.805984864195
7500.0	8.5	10592.893694669572	11249.779916058264	12074.665520066057	12928.718458304127	13840.197648319387
8000.0	8.5	11410.874099899063	12221.619069664484	13168.380667156885	14114.35919403076	15085.439640989345
8500.0	8.5	12184.194013937593	13210.858933384112	14301.612350709109	15348.392274685217	16350.697207630697
9000.0	8.5	12932.04045422366	14224.90849615562	15494.342854069384	16634.750740473668	17658.679236456006
9500.0	8.5	13676.786655071099	15270.011932806256	16742.54523469146	17973.551548709613	18993.119027982484
10000.0	8.5	14439.331239701938	16361.66583433384	18040.229251668385	19353.498466206052	20345.34872175547
10500.0	8.5	15209.966468854129	17473.61818736946	19340.104949173794	20721.92119226847	21646.513261637738
11000.0	8.5	15973.950059737765	18562.41243693171	20596.38209089456	22025.23650061267	22871.066594921696
11500.0	8.5	16715.333199096625	19604.19289297811	21780.679133247835	23201.043819587074	23976.301301958734
12000.0	8.5	17451.253835955802	20614.61211910699	22892.78554120203	24310.879834772422	25021.63092711136
12500.0	8.5	18148.646986137763	21582.35409079424	23930.419063909674	25307.17417864663	25933.093579447897
13000.0	8.5	18752.975152350882	22461.272624343834	24835.256663720324	26141.798007011515	26693.162563408576
13500.0	8.5	19245.431613135956	23207.716569963934	25576.034405691822	26813.083390335047	27285.58396928851
14000.0	8.5	19755.006746701332	23982.370271746586	26328.083832191733	27462.01209789343	27882.961999029314
14500.0	8.5	20354.764319582868	24847.284965101597	27164.099908270855	28217.179295996135	28565.296271461804
15000.0	8.5	21047.125463439745	25774.91597486041	28075.739813195778	29064.83545375894	29346.01400168555
15500.0	8.5	21796.010036023647	26691.258806467897	28982.256761154575	29913.64946843074	30176.057480116222
16000.0	8.5	22584.96681971465	27606.248304086093	29930.970377134086	30825.58531534644	31053.837797364333
16500.0	8.5	23403.26616147056	28522.56531122698	30828.276141664406	31715.86415613832	31906.427325238168
17000.0	8.5	24234.00866825409	29428.15274407184	31731.624452666736	32607.37352365177	32786.84759322752
20000.0	8.5	29751.811975901695	35119.674773373954	37514.07041279494	38323.843038343555	38464.42222842308
25000.0	8.5	40923.45836798273	46081.44350685621	48446.99765150209	49184.74102048085	49199.5850964995
30000.0	8.5	56026.42208387458	60274.8295271905	62594.34280532347	63282.32230928242	63244.97147722054
4000.0	9.0	4502.275535164875	5219.597175682361	5720.130989162434	6013.989780230862	6299.355234042289
4250.0	9.0	4741.004658865895	5469.438679532398	5977.14276764378	6300.070161559882	6648.054558925769
4500.0	9.0	5036.24562380347	5774.331462005509	6289.5971688624795	6642.7938750416015	7039.0910731698
4750.0	9.0	5379.561258065886	6121.721751447122	6647.4398464003825	7033.156572164351	7473.713012758261
5000.0	9.0	5767.988866654597	6512.286293922472	7056.2026972819485	7476.378026573243	7965.639414005485
5250.0	9.0	6189.131270257239	6938.410321901497	7505.252952230623	7964.920226614717	8501.43633704258
5500.0	9.0	6638.963538564032	7386.297973484603	7981.972227501344	8484.584956131803	9068.105759899201
6000.0	9.0	7617.627683270924	8329.22858118865	8974.721270161113	9574.096122613586	10254.291958374904
6500.0	9.0	8673.14914923442	9305.34069404156	9995.327227504791	10694.798164681688	11466.194777247172
7000.0	9.0	9691.626069589354	10291.056598597756	11036.630790166135	11827.423459498876	12680.60147802867
7500.0	9.0	10634.17738631326	11273.702577725326	12095.279832948881	12977.474715111526	13897.609031691107
8000.0	9.0	11505.568035421815	12241.954635750275	13175.915639143619	14152.349340644378	15134.565208220343
8500.0	9.0	12319.044996052171	13216.492748694396	14286.418253753467	15366.376687766147	16387.02743936666
9000.0	9.0	13101.69346845791	14204.593977210823	15452.05728812816	16632.289135401214	17691.85928485495
9500.0	9.0	13871.504079346323	15209.70989345565	16649.90030969167	17948.244294600452	19011.1252814988
10000.0	9.0	14646.694351304144	16255.446194353222	17906.95828271204	19307.035487756893	20358.046766018706
10500.0	9.0	15437.198085092527	17317.807089352886	19194.399559323498	20688.33340474981	21708.066465842065
11000.0	9.0	16236.750221211158	18390.444382444806	20476.16708134464	22039.74831704714	22999.66274627405
11500.0	9.0	17033.1425898068	19432.342201575895	21703.23922925739	23316.455534682907	24216.28007888304
12000.0	9.0	17811.062687727244	20435.12689502641	22841.704638458454	24482.84227875044	25325.544112279145
12500.0	9.0	18585.614957657748	21403.972962952244	23937.437143983996	25581.37604603449	26365.571239520046
13000.0	9.0	19352.75668026353	22361.653342295802	24988.24855312431	26623.897202791126	27355.284413792826
13500.0	9.0	20069.9320016319	23290.897129906167	25979.351465398784	27583.43621614534	28232.6638690433
14000.0	9.0	20685.182652784886	24093.672214369533	26823.150734028968	28361.19813698653	28957.104753964206
14500.0	9.0	21212.679787427205	24797.163967985754	27563.206399647013	29024.46748602713	29566.122804360006
15000.0	9.0	21764.634233820576	25547.721538344013	28316.16927092711	29707.16321250327	30190.352048002827
15500.0	9.0	22407.01876039363	26383.473946080834	29158.387172777868	30479.15016062702	30882.84458670793
16000.0	9.0	23125.758559401776	27290.654638436794	30067.711706664322	31306.042137462005	31650.162324295925
16500.0	9.0	23897.284747180387	28209.25955049732	30994.932085736797	32181.890846858976	32467.96493521228
17000.0	9.0	24721.460861618954	29147.181460625652	31937.869497618838	33095.527412876334	33330.43601986031
20000.0	9.0	30279.83188422073	34924.683063085	37794.765400154625	38884.37999246501	39007.52163920373
25000.0	9.0	41628.29235132372	45938.124511704365	48825.13040723216	49831.42211111643	49841.76196044628
30000.0	9.0	56884.27564338982	60300.54157964815	63124.02788823523	64101.9966001605	64043.22444877123
4000.0	9.5	4523.34595292884	5268.080440777013	5810.592998916242	6105.747887484118	6364.050658566065
4250.0	9.5	4751.232449165472	5512.876627908686	6064.861903607657	6395.033162079387	6729.188918681498
4500.0	9.5	5032.918944646694	5808.062905657773	6367.712351598415	6729.926420567014	7119.64767620247
4750.0	9.5	5362.253610982672	6147.204228761575	6715.068613550241	7107.8331717531055	7548.314797382912
5000.0	9.5	5735.800382382544	6525.248728248855	7107.9073364938295	7535.809559111549	8024.520901790146
5250.0	9.5	6146.876467810901	6944.095062323441	7548.0401759021115	8014.726400229724	8550.101250861437
5500.0	9.5	6586.939912475036	7388.194736713468	8017.724205673125	8524.520200795465	9111.140453808845
6000.0	9.5	7536.1311611257015	8330.76447940595	9015.56390402249	9617.020860958146	10300.093946637333
6500.0	9.5	8578.727282102478	9314.200972376495	10043.548205876332	10753.50806912896	11527.857517329081
7000.0	9.5	9642.116772348372	10309.731027369393	11081.84672902133	11896.59608336672	12761.675811382514
7500.0	9.5	10651.948287524694	11307.027697320162	12141.811635134096	13055.179594549561	13986.763392819534
8000.0	9.5	11580.277487391872	12282.496639606781	13205.999026040283	14215.1167637999	15208.340586792861
8500.0	9.5	12445.756550857415	13247.041429182473	14290.74316466856	15413.129971264358	16454.92531429209
9000.0	9.5	13271.063821992137	14218.204104160155	15422.20256348325	16647.452340069452	17732.825275391846
9500.0	9.5	14071.784651784059	15202.736964475067	16591.447092989853	17940.07354321073	19038.441394574325
10000.0	9.5	14867.997252616902	16207.398591713312	17811.940823970966	19283.24823408659	20381.22636248287
10500.0	9.5	15678.085457156003	17235.547598442645	19073.148388374528	20653.2261815595	21747.322238702844
11000.0	9.5	16496.025657827606	18274.877658370933	20346.446568164934	22035.323338986236	23097.27670793383
11500.0	9.5	17325.252615680958	19319.913906310117	21599.716756470236	23376.94563611513	24383.319612806754
12000.0	9.5	18147.619926063817	20319.638226710602	22786.537302799206	24621.274323915215	25591.923055791434
12500.0	9.5	18959.09573032708	21302.02745614366	23932.058786236033	25799.07340522597	26718.407504218772
13000.0	9.5	19776.29694996263	22263.0045972887	25020.92307776936	26913.910753416316	27786.185794537672
13500.0	9.5	20595.532850959356	23219.046247057497	26087.752168660536	27995.2884248057	28811.551746028355
14000.0	9.5	21394.750021321837	24155.490479797438	27120.896214383698	29027.722754432878	29784.45247475095
14500.0	9.5	22153.138222683792	25047.76915329596	28084.4134883776	29974.966199719256	30688.5159775215
15000.0	9.5	22830.56981018442	25854.85960768756	28947.864363790686	30783.281454448756	31430.302538835946
15500.0	9.5	23408.250970835263	26542.851700916268	29698.871575836107	31470.21195605503	32080.138324528616
16000.0	9.5	23998.605161863226	27257.741662988363	30433.09685311943	32171.838617324884	32695.770320766762
16500.0	9.5	24643.747961071902	28029.105014105804	31245.426212997227	32904.28749043993	33382.01260023877
17000.0	9.5	25381.115443600385	28894.377405481344	32123.46462095878	33731.8268665274	34138.640621615625
20000.0	9.5	30885.954877844368	34720.24178516563	38048.389286989135	39492.503966578144	39633.27991687033
25000.0	9.5	42436.230060530404	45875.542486469974	49276.72907577919	50623.62353408714	50596.4406758359
30000.0	9.5	57841.48869277605	60428.231264512804	63646.72725225616	65003.07282916048	64921.87136849686
