log(g) Teff a1 a2 a3 a4 I1 beaming
5.0 3750.0 0.3264 1.5874 -2.0515 0.8032 8.58202e-07 -5.0093
5.0 4000.0 0.8031 0.3978 -0.8797 0.3892 1.23798e-06 -4.5104
5.0 4250.0 1.0535 -0.2564 -0.1937 0.1361 1.79964e-06 -4.0707
5.0 4500.0 1.1761 -0.5242 0.0934 0.0294 2.61097e-06 -3.6807
5.0 4750.0 1.042 -0.17 -0.2108 0.1327 3.73805e-06 -3.3324
5.0 5000.0 0.6077 0.9084 -1.1896 0.4651 5.33417e-06 -3.0198
5.0 5250.0 0.1561 2.0129 -2.1998 0.8 7.18156e-06 -2.7379
5.0 5500.0 -0.1894 2.7797 -2.8365 0.9883 9.35067e-06 -2.4824
5.0 5750.0 -0.3527 2.9968 -2.8678 0.9478 1.18651e-05 -2.2501
5.0 6000.0 -0.3851 2.8431 -2.5075 0.7645 1.47498e-05 -2.038
5.0 6250.0 -0.3366 2.4821 -1.9465 0.5136 1.80364e-05 -1.8437
5.0 6500.0 -0.2476 2.0531 -1.3521 0.2605 2.17469e-05 -1.6652
5.0 7000.0 -0.1027 1.4734 -0.5985 -0.0565 3.06093e-05 -1.3489
5.0 7500.0 -0.1078 1.5291 -0.665 -0.0494 4.17132e-05 -1.0778
5.0 8000.0 -0.2284 2.1271 -1.4822 0.2741 5.53218e-05 -0.8432
5.0 8500.0 -0.2514 2.6039 -2.3251 0.6582 7.14423e-05 -0.6387
5.0 9000.0 -0.0247 2.1663 -2.0807 0.6372 8.99316e-05 -0.4592
5.0 9500.0 0.3124 1.0626 -0.9174 0.2643 0.000108052 -0.3005
5.0 10000.0 0.4753 0.6031 -0.4429 0.0922 0.000123401 -0.1594
5.0 10500.0 0.5404 0.5212 -0.4531 0.1157 0.000137196 -0.0333
5.0 11000.0 0.608 0.3718 -0.3559 0.0929 0.00015071 0.0799
5.0 11500.0 0.6591 0.2194 -0.2234 0.0501 0.000164108 0.1821
5.0 12000.0 0.6724 0.1858 -0.2146 0.0525 0.000177244 0.2747
5.0 12500.0 0.6836 0.1366 -0.1768 0.0415 0.000190519 0.3589
5.0 13000.0 0.6894 0.1013 -0.1508 0.0344 0.000203881 0.4358
5.0 13500.0 0.6793 0.1033 -0.1605 0.0398 0.000217445 0.5062
5.0 14000.0 0.6949 0.0436 -0.1049 0.0208 0.000231192 0.5709
5.0 14500.0 0.6658 0.0927 -0.1609 0.043 0.000245171 0.6305
5.0 15000.0 0.698 -0.0067 -0.0623 0.0075 0.000259351 0.6856
5.0 15500.0 0.6989 -0.0294 -0.0425 0.0013 0.000273784 0.7367
5.0 16000.0 0.6706 0.0195 -0.0966 0.0225 0.000288478 0.7842
5.0 16500.0 0.7042 -0.0819 0.0059 -0.0147 0.0003034 0.8283
5.0 17000.0 0.7081 -0.1108 0.0337 -0.0242 0.000318621 0.8696
5.0 20000.0 0.7468 -0.3081 0.2296 -0.0928 0.000416084 1.0683
5.0 25000.0 0.9038 -0.7918 0.7092 -0.2624 0.000609656 1.2821
5.0 30000.0 1.0384 -1.1373 0.9929 -0.3494 0.000881566 1.4175
5.0 35000.0 1.04 -1.2723 1.1058 -0.3844 0.00119177 1.5105
5.0 40000.0 1.0987 -1.5103 1.3638 -0.4821 0.0014378 1.5782
5.0 45000.0 1.1795 -1.7561 1.6232 -0.5786 0.00164822 1.6296
5.0 50000.0 1.2607 -1.9745 1.8461 -0.6597 0.00184587 1.6699
5.0 55000.0 1.3314 -2.1469 2.016 -0.7202 0.00203301 1.7023
5.0 60000.0 1.3896 -2.2747 2.1366 -0.7619 0.00221819 1.729
5.25 3750.0 0.4156 1.3864 -1.8701 0.744 8.86811e-07 -5.0093
5.25 4000.0 0.9096 0.134 -0.6173 0.2955 1.2609e-06 -4.5104
5.25 4250.0 1.1787 -0.5772 0.1323 0.0172 1.8152e-06 -4.0707
5.25 4500.0 1.3153 -0.8872 0.4607 -0.1048 2.61287e-06 -3.6807
5.25 4750.0 1.22 -0.6132 0.212 -0.0173 3.71543e-06 -3.3324
5.25 5000.0 0.8284 0.3765 -0.7005 0.2985 5.29907e-06 -3.0198
5.25 5250.0 0.3781 1.4926 -1.7349 0.6483 7.13975e-06 -2.7379
5.25 5500.0 -0.0243 2.4381 -2.5768 0.918 9.3016e-06 -2.4824
5.25 5750.0 -0.2601 2.8848 -2.8747 0.9814 1.17934e-05 -2.2501
5.25 6000.0 -0.35 2.9121 -2.7234 0.8787 1.46429e-05 -2.038
5.25 6250.0 -0.349 2.6917 -2.3177 0.6853 1.78799e-05 -1.8437
5.25 6500.0 -0.2968 2.3547 -1.8108 0.4606 2.1529e-05 -1.6652
5.25 7000.0 -0.1625 1.7502 -0.9877 0.1073 3.02028e-05 -1.3489
5.25 7500.0 -0.1358 1.6629 -0.8675 0.0406 4.10041e-05 -1.0778
5.25 8000.0 -0.2268 2.1171 -1.4875 0.2826 5.42257e-05 -0.8432
5.25 8500.0 -0.2753 2.6339 -2.3434 0.662 6.99022e-05 -0.6387
5.25 9000.0 -0.1193 2.4849 -2.4549 0.7744 8.76754e-05 -0.4592
5.25 9500.0 0.1689 1.6138 -1.5926 0.5136 0.000105944 -0.3005
5.25 10000.0 0.4328 0.7205 -0.5765 0.1441 0.000122266 -0.1594
5.25 10500.0 0.5276 0.5253 -0.4421 0.1081 0.000136626 -0.0333
5.25 11000.0 0.5984 0.3811 -0.3582 0.0919 0.000150308 0.0799
5.25 11500.0 0.6483 0.2552 -0.2646 0.0659 0.000163751 0.1821
5.25 12000.0 0.6766 0.1695 -0.1978 0.0462 0.000177084 0.2747
5.25 12500.0 0.6908 0.1141 -0.1546 0.0335 0.000190418 0.3589
5.25 13000.0 0.6981 0.075 -0.1252 0.0252 0.000203804 0.4358
5.25 13500.0 0.7018 0.0434 -0.1002 0.0179 0.000217369 0.5062
5.25 14000.0 0.7032 0.0176 -0.0797 0.0119 0.000231112 0.5709
5.25 14500.0 0.7042 -0.0068 -0.0594 0.0057 0.000245057 0.6305
5.25 15000.0 0.7042 -0.0283 -0.0415 0.0002 0.000259218 0.6856
5.25 15500.0 0.7053 -0.0519 -0.0206 -0.0064 0.000273602 0.7367
5.25 16000.0 0.7062 -0.0745 -0.0004 -0.0129 0.00028825 0.7842
5.25 16500.0 0.7052 -0.0921 0.0155 -0.0179 0.00030314 0.8283
5.25 17000.0 0.7104 -0.1243 0.0466 -0.0286 0.00031828 0.8696
5.25 20000.0 0.7314 -0.2821 0.2026 -0.0826 0.000415276 1.0683
5.25 25000.0 0.8886 -0.7749 0.6938 -0.2569 0.000607028 1.2821
5.25 30000.0 1.0191 -1.1231 0.9854 -0.3476 0.000873065 1.4175
5.25 35000.0 0.974 -1.1602 1.0041 -0.3488 0.00117837 1.5105
5.25 40000.0 0.9975 -1.334 1.2046 -0.427 0.00142086 1.5782
5.25 45000.0 1.0617 -1.5596 1.4509 -0.5202 0.00162606 1.6296
5.25 50000.0 1.1367 -1.7823 1.6852 -0.6068 0.00181707 1.6699
5.25 55000.0 1.2096 -1.978 1.8849 -0.6794 0.00199559 1.7023
5.25 60000.0 1.2769 -2.1451 2.0504 -0.7384 0.00216983 1.729
5.5 3750.0 0.5043 1.1816 -1.6787 0.6794 9.18921e-07 -5.0093
5.5 4000.0 1.0007 -0.0929 -0.3881 0.2126 1.28616e-06 -4.5104
5.5 4250.0 1.2826 -0.8452 0.4078 -0.0841 1.8332e-06 -4.0707
5.5 4500.0 1.4277 -1.182 0.7614 -0.2151 2.61827e-06 -3.6807
5.5 4750.0 1.3612 -0.9765 0.5677 -0.1457 3.70053e-06 -3.3324
5.5 5000.0 1.0176 -0.0864 -0.2711 0.1501 5.2676e-06 -3.0198
5.5 5250.0 0.5932 0.9744 -1.2605 0.4894 7.10098e-06 -2.7379
5.5 5500.0 0.1556 2.0362 -2.2392 0.815 9.25902e-06 -2.4824
5.5 5750.0 -0.1481 2.6945 -2.7793 0.9728 1.17381e-05 -2.2501
5.5 6000.0 -0.2937 2.8974 -2.8311 0.9488 1.45597e-05 -2.038
5.5 6250.0 -0.3316 2.7996 -2.5672 0.8098 1.77541e-05 -1.8437
5.5 6500.0 -0.3183 2.5761 -2.1841 0.6306 2.13453e-05 -1.6652
5.5 7000.0 -0.2166 2.0292 -1.3963 0.2834 2.98465e-05 -1.3489
5.5 7500.0 -0.1702 1.8341 -1.1253 0.1546 4.03681e-05 -1.0778
5.5 8000.0 -0.232 2.1469 -1.552 0.3168 5.32066e-05 -0.8432
5.5 8500.0 -0.2912 2.647 -2.3501 0.6643 6.84484e-05 -0.6387
5.5 9000.0 -0.1621 2.6084 -2.5986 0.8276 8.58419e-05 -0.4592
5.5 9500.0 0.1016 1.9003 -1.9433 0.6311 0.000104401 -0.3005
5.5 10000.0 0.3978 0.8695 -0.7942 0.2359 0.000121194 -0.1594
5.5 10500.0 0.5142 0.5323 -0.4377 0.1039 0.000135942 -0.0333
5.5 11000.0 0.5856 0.3942 -0.3623 0.0909 0.000149816 0.0799
5.5 11500.0 0.6407 0.2645 -0.2715 0.0676 0.000163418 0.1821
5.5 12000.0 0.6759 0.165 -0.1927 0.0441 0.000176868 0.2747
5.5 12500.0 0.6943 0.1004 -0.1412 0.0287 0.000190288 0.3589
5.5 13000.0 0.7032 0.0566 -0.1068 0.0185 0.000203779 0.4358
5.5 13500.0 0.7089 0.0216 -0.0793 0.0104 0.000217321 0.5062
5.5 14000.0 0.7095 -0.0025 -0.0606 0.0051 0.000231077 0.5709
5.5 14500.0 0.7103 -0.0266 -0.0407 -0.0009 0.000245022 0.6305
5.5 15000.0 0.7103 -0.0484 -0.0223 -0.0065 0.000259167 0.6856
5.5 15500.0 0.7101 -0.0693 -0.0041 -0.0122 0.000273554 0.7367
5.5 16000.0 0.6982 -0.0614 -0.0151 -0.0071 0.000288176 0.7842
5.5 16500.0 0.7111 -0.1125 0.0352 -0.0249 0.00030302 0.8283
5.5 17000.0 0.7124 -0.1357 0.0571 -0.0322 0.000318151 0.8696
5.5 20000.0 0.74 -0.3112 0.232 -0.0932 0.000414812 1.0683
5.5 25000.0 0.8845 -0.7798 0.7001 -0.2593 0.000605402 1.2821
5.5 30000.0 1.0 -1.1016 0.9682 -0.3419 0.00086738 1.4175
5.5 35000.0 0.9121 -1.0462 0.8969 -0.3108 0.00116827 1.5105
5.5 40000.0 0.8998 -1.1483 1.0297 -0.3651 0.00140766 1.5782
5.5 45000.0 0.9409 -1.3331 1.2404 -0.4464 0.00160885 1.6296
5.5 50000.0 1.0016 -1.5356 1.4599 -0.5288 0.00179498 1.6699
5.5 55000.0 1.0669 -1.7277 1.6613 -0.603 0.00196707 1.7023
5.5 60000.0 1.1316 -1.9029 1.84 -0.6678 0.00213395 1.729
5.75 3750.0 0.5852 0.9913 -1.4955 0.6159 9.5213e-07 -5.0093
5.75 4000.0 1.0783 -0.286 -0.1907 0.1407 1.31417e-06 -4.5104
5.75 4250.0 1.3665 -1.0612 0.6314 -0.1668 1.85386e-06 -4.0707
5.75 4500.0 1.5152 -1.4471 1.0517 -0.3262 2.62887e-06 -3.6807
5.75 4750.0 1.4681 -1.2581 0.8488 -0.2481 3.69272e-06 -3.3324
5.75 5000.0 1.1742 -0.477 0.0958 0.0214 5.24444e-06 -3.0198
5.75 5250.0 0.7926 0.4862 -0.8086 0.3357 7.06403e-06 -2.7379
5.75 5500.0 0.3453 1.5904 -1.8423 0.6865 9.22024e-06 -2.4824
5.75 5750.0 -0.0138 2.4191 -2.575 0.9193 1.1696e-05 -2.2501
5.75 6000.0 -0.2108 2.7802 -2.8072 0.965 1.44991e-05 -2.038
5.75 6250.0 -0.2975 2.8388 -2.7263 0.8974 1.76552e-05 -1.8437
5.75 6500.0 -0.3119 2.7056 -2.4507 0.7604 2.11992e-05 -1.6652
5.75 7000.0 -0.2542 2.2724 -1.7776 0.4535 2.95406e-05 -1.3489
5.75 7500.0 -0.2042 2.0235 -1.4181 0.2856 3.98061e-05 -1.0778
5.75 8000.0 -0.2413 2.212 -1.6723 0.3762 5.2272e-05 -0.8432
5.75 8500.0 -0.2999 2.6544 -2.3636 0.6727 6.70721e-05 -0.6387
5.75 9000.0 -0.203 2.7172 -2.722 0.8742 8.40548e-05 -0.4592
5.75 9500.0 0.0091 2.2525 -2.3797 0.7948 0.000102214 -0.3005
5.75 10000.0 0.2728 1.3616 -1.4134 0.4712 0.000119356 -0.1594
5.75 10500.0 0.4925 0.5909 -0.5147 0.1364 0.000134995 -0.0333
5.75 11000.0 0.5722 0.4051 -0.3633 0.0889 0.000149183 0.0799
5.75 11500.0 0.6303 0.2783 -0.2813 0.07 0.000162948 0.1821
5.75 12000.0 0.6717 0.1688 -0.1964 0.0453 0.000176542 0.2747
5.75 12500.0 0.6944 0.0958 -0.138 0.0277 0.000190046 0.3589
5.75 13000.0 0.7066 0.0451 -0.0971 0.0154 0.000203592 0.4358
5.75 13500.0 0.7125 0.0088 -0.0683 0.0069 0.00021723 0.5062
5.75 14000.0 0.7147 -0.019 -0.0458 0.0001 0.000231016 0.5709
5.75 14500.0 0.7153 -0.0426 -0.0265 -0.0056 0.000244981 0.6305
5.75 15000.0 0.7152 -0.0644 -0.008 -0.0113 0.000259146 0.6856
5.75 15500.0 0.7147 -0.0846 0.0095 -0.0167 0.000273526 0.7367
5.75 16000.0 0.7145 -0.1049 0.0277 -0.0225 0.000288138 0.7842
5.75 16500.0 0.7147 -0.1258 0.0469 -0.0287 0.00030299 0.8283
5.75 17000.0 0.6978 -0.1059 0.0249 -0.0199 0.000318109 0.8696
5.75 20000.0 0.7396 -0.3161 0.2354 -0.094 0.000414576 1.0683
5.75 25000.0 0.8862 -0.7941 0.7145 -0.2645 0.00060444 1.2821
5.75 30000.0 0.9831 -1.0795 0.9484 -0.3349 0.000863652 1.4175
5.75 35000.0 0.8588 -0.9438 0.7988 -0.2756 0.00116066 1.5105
5.75 40000.0 0.8125 -0.9737 0.8613 -0.3047 0.00139697 1.5782
5.75 45000.0 0.8292 -1.1102 1.0268 -0.3702 0.0015949 1.6296
5.75 50000.0 0.8719 -1.2803 1.2178 -0.4431 0.00177674 1.6699
5.75 55000.0 0.9241 -1.4511 1.4016 -0.5117 0.00194439 1.7023
5.75 60000.0 0.9807 -1.6182 1.5765 -0.576 0.00210582 1.729
6.0 3750.0 0.6653 0.8006 -1.3083 0.5502 9.8898e-07 -5.0093
6.0 4000.0 1.1453 -0.4523 -0.0188 0.0775 1.34545e-06 -4.5104
6.0 4250.0 1.4338 -1.2332 0.8104 -0.2332 1.87765e-06 -4.0707
6.0 4500.0 1.5714 -1.6009 1.2119 -0.3858 2.64116e-06 -3.6807
6.0 4750.0 1.5571 -1.4986 1.0948 -0.3391 3.69043e-06 -3.3324
6.0 5000.0 1.3008 -0.7983 0.4014 -0.087 5.21907e-06 -3.0198
6.0 5250.0 0.9721 0.0426 -0.3959 0.1937 7.03331e-06 -2.7379
6.0 5500.0 0.5369 1.1282 -1.4207 0.5464 9.18408e-06 -2.4824
6.0 5750.0 0.1375 2.0812 -2.293 0.8342 1.166e-05 -2.2501
6.0 6000.0 -0.1167 2.614 -2.7164 0.9531 1.4453e-05 -2.038
6.0 6250.0 -0.2408 2.7894 -2.7701 0.9377 1.75868e-05 -1.8437
6.0 6500.0 -0.2856 2.7531 -2.6078 0.8447 2.10837e-05 -1.6652
6.0 7000.0 -0.2683 2.4479 -2.0862 0.5976 2.92891e-05 -1.3489
6.0 7500.0 -0.2312 2.2092 -1.72 0.4237 3.93111e-05 -1.0778
6.0 8000.0 -0.2501 2.298 -1.8327 0.4549 5.14322e-05 -0.8432
6.0 8500.0 -0.3011 2.6612 -2.3934 0.6919 6.57945e-05 -0.6387
6.0 9000.0 -0.235 2.7974 -2.8146 0.9108 8.23316e-05 -0.4592
6.0 9500.0 -0.03 2.4031 -2.5818 0.8758 0.00010028 -0.3005
6.0 10000.0 0.2142 1.6343 -1.7674 0.5976 0.000118175 -0.1594
6.0 10500.0 0.4335 0.8304 -0.8426 0.2717 0.000133656 -0.0333
6.0 11000.0 0.56 0.419 -0.3754 0.0931 0.000148393 0.0799
6.0 11500.0 0.6192 0.2898 -0.2876 0.0707 0.000162323 0.1821
6.0 12000.0 0.6648 0.1778 -0.2052 0.0483 0.000176063 0.2747
6.0 12500.0 0.6933 0.0939 -0.1381 0.0282 0.00018971 0.3589
6.0 13000.0 0.7091 0.0352 -0.0896 0.0131 0.000203352 0.4358
6.0 13500.0 0.717 -0.0054 -0.0564 0.0031 0.00021706 0.5062
6.0 14000.0 0.7203 -0.0352 -0.0324 -0.0041 0.000230892 0.5709
6.0 14500.0 0.7212 -0.0598 -0.0119 -0.0103 0.00024489 0.6305
6.0 15000.0 0.7209 -0.0809 0.0059 -0.0158 0.000259079 0.6856
6.0 15500.0 0.7201 -0.1005 0.0229 -0.021 0.000273477 0.7367
6.0 16000.0 0.7195 -0.12 0.0403 -0.0265 0.000288101 0.7842
6.0 16500.0 0.7189 -0.1393 0.0579 -0.0321 0.000302961 0.8283
6.0 17000.0 0.7197 -0.1611 0.0785 -0.039 0.000318069 0.8696
6.0 20000.0 0.7408 -0.3226 0.2394 -0.0949 0.000414478 1.0683
6.0 25000.0 0.8831 -0.7932 0.7119 -0.2631 0.000603935 1.2821
6.0 30000.0 0.9551 -1.0266 0.8955 -0.3154 0.000861365 1.4175
6.0 35000.0 0.8143 -0.8563 0.7134 -0.2447 0.00115483 1.5105
6.0 40000.0 0.7389 -0.8222 0.713 -0.2511 0.00138833 1.5782
6.0 45000.0 0.7326 -0.9103 0.8321 -0.3001 0.00158324 1.6296
6.0 50000.0 0.757 -1.0439 0.9887 -0.3609 0.0017612 1.6699
6.0 55000.0 0.7948 -1.1876 1.1481 -0.4212 0.00192484 1.7023
6.0 60000.0 0.8429 -1.3446 1.3163 -0.4838 0.00209197 1.729
6.0 65000.0 0.6595 -0.7264 0.667 -0.2462 0.00259665 1.7513
6.0 70000.0 0.6983 -0.8586 0.8116 -0.3005 0.00276838 1.7703
6.0 75000.0 0.7421 -0.9925 0.9535 -0.3528 0.00294035 1.7865
6.0 80000.0 0.7882 -1.1238 1.0894 -0.4023 0.00311311 1.8006
6.0 85000.0 0.8348 -1.2487 1.2163 -0.4481 0.00328727 1.813
6.0 90000.0 0.8809 -1.3655 1.3325 -0.4896 0.00346306 1.8239
6.0 100000.0 0.9668 -1.5742 1.5395 -0.5639 0.00382408 1.8424
6.25 3750.0 0.7444 0.6101 -1.1178 0.4822 1.02871e-06 -5.0093
6.25 4000.0 1.2043 -0.598 0.133 0.0213 1.38026e-06 -4.5104
6.25 4250.0 1.4886 -1.3712 0.955 -0.2872 1.90463e-06 -4.0707
6.25 4500.0 1.6176 -1.7244 1.3403 -0.4337 2.65705e-06 -3.6807
6.25 4750.0 1.6292 -1.6948 1.2973 -0.4142 3.69222e-06 -3.3324
6.25 5000.0 1.3745 -0.9827 0.5701 -0.1456 5.20594e-06 -3.0198
6.25 5250.0 1.1195 -0.3268 -0.0504 0.0734 7.00011e-06 -2.7379
6.25 5500.0 0.7217 0.6739 -0.9996 0.4036 9.14877e-06 -2.4824
6.25 5750.0 0.3021 1.6961 -1.9536 0.7257 1.16275e-05 -2.2501
6.25 6000.0 -0.008 2.3959 -2.5617 0.9154 1.44185e-05 -2.038
6.25 6250.0 -0.1752 2.6971 -2.7532 0.9519 1.75359e-05 -1.8437
6.25 6500.0 -0.2536 2.7689 -2.7185 0.9091 2.09997e-05 -1.6652
6.25 7000.0 -0.2667 2.5641 -2.3188 0.7108 2.9078e-05 -1.3489
6.25 7500.0 -0.2443 2.3612 -1.9909 0.5521 3.88865e-05 -1.0778
6.25 8000.0 -0.2545 2.3901 -2.0145 0.5453 5.06751e-05 -0.8432
6.25 8500.0 -0.2941 2.668 -2.4422 0.7231 6.46232e-05 -0.6387
6.25 9000.0 -0.2531 2.8435 -2.8765 0.9385 8.06949e-05 -0.4592
6.25 9500.0 -0.0604 2.5177 -2.7386 0.941 9.83704e-05 -0.3005
6.25 10000.0 0.1409 1.9694 -2.2143 0.7723 0.000116293 -0.1594
6.25 10500.0 0.349 1.2039 -1.3385 0.4638 0.000132243 -0.0333
6.25 11000.0 0.5359 0.5065 -0.5026 0.1484 0.000147295 0.0799
6.25 11500.0 0.6108 0.2942 -0.2889 0.0706 0.000161549 0.1821
6.25 12000.0 0.658 0.1837 -0.2103 0.0498 0.000175409 0.2747
6.25 12500.0 0.6921 0.091 -0.1373 0.0283 0.000189205 0.3589
6.25 13000.0 0.7116 0.0258 -0.0838 0.012 0.000202958 0.4358
6.25 13500.0 0.7219 -0.02 -0.0455 0.0 0.000216752 0.5062
6.25 14000.0 0.7264 -0.0524 -0.019 -0.008 0.000230645 0.5709
6.25 14500.0 0.7281 -0.0785 0.0031 -0.0149 0.000244688 0.6305
6.25 15000.0 0.7279 -0.0999 0.0212 -0.0204 0.000258913 0.6856
6.25 15500.0 0.7264 -0.1177 0.0363 -0.025 0.000273339 0.7367
6.25 16000.0 0.7261 -0.1377 0.0542 -0.0306 0.000287986 0.7842
6.25 16500.0 0.7255 -0.1571 0.0721 -0.0365 0.000302864 0.8283
6.25 17000.0 0.7256 -0.1772 0.091 -0.0426 0.000317987 0.8696
6.25 20000.0 0.7455 -0.3358 0.2492 -0.0976 0.000414415 1.0683
6.25 25000.0 0.8825 -0.7963 0.7123 -0.2625 0.00060368 1.2821
6.25 30000.0 0.9576 -1.0434 0.9124 -0.3214 0.000859946 1.4175
6.25 35000.0 0.779 -0.7861 0.6444 -0.2196 0.00115037 1.5105
6.25 40000.0 0.6791 -0.6978 0.5905 -0.2066 0.00138123 1.5782
6.25 45000.0 0.6528 -0.7419 0.6665 -0.2402 0.00157334 1.6296
6.25 50000.0 0.6609 -0.8428 0.792 -0.29 0.00175227 1.6699
6.25 55000.0 0.6857 -0.9609 0.9275 -0.3419 0.00191553 1.7023
6.25 60000.0 0.7189 -1.0851 1.0641 -0.3933 0.00207067 1.729
6.5 3750.0 0.8232 0.418 -0.9222 0.4113 1.07123e-06 -5.0093
6.5 4000.0 1.2576 -0.7284 0.2701 -0.0297 1.41909e-06 -4.5104
6.5 4250.0 1.5325 -1.4794 1.069 -0.3299 1.9357e-06 -4.0707
6.5 4500.0 1.6553 -1.8229 1.443 -0.472 2.67728e-06 -3.6807
6.5 4750.0 1.6851 -1.8449 1.4515 -0.4713 3.69779e-06 -3.3324
6.5 5000.0 1.4558 -1.2095 0.8019 -0.2313 5.19215e-06 -3.0198
6.5 5250.0 1.2403 -0.6354 0.2415 -0.0296 6.98394e-06 -2.7379
6.5 5500.0 0.8909 0.2532 -0.6077 0.2693 9.1175e-06 -2.4824
6.5 5750.0 0.4757 1.2778 -1.5731 0.5999 1.15986e-05 -2.2501
6.5 6000.0 0.1207 2.1134 -2.3322 0.8483 1.43932e-05 -2.038
6.5 6250.0 -0.0992 2.5658 -2.6865 0.9457 1.75076e-05 -1.8437
6.5 6500.0 -0.1999 2.7005 -2.7193 0.9281 2.09492e-05 -1.6652
6.5 7000.0 -0.2489 2.6154 -2.4658 0.7887 2.89266e-05 -1.3489
6.5 7500.0 -0.2375 2.4517 -2.1913 0.6535 3.85404e-05 -1.0778
6.5 8000.0 -0.2479 2.4622 -2.1835 0.6335 5.00262e-05 -0.8432
6.5 8500.0 -0.2755 2.6639 -2.4968 0.7614 6.35767e-05 -0.6387
6.5 9000.0 -0.2519 2.8481 -2.9058 0.9579 7.91816e-05 -0.4592
6.5 9500.0 -0.0807 2.5963 -2.8532 0.9915 9.65238e-05 -0.3005
6.5 10000.0 0.1243 2.0876 -2.4072 0.8561 0.000114375 -0.1594
6.5 10500.0 0.2959 1.4927 -1.7368 0.6159 0.000131263 -0.0333
6.5 11000.0 0.4794 0.7673 -0.8725 0.3019 0.00014594 0.0799
6.5 11500.0 0.6024 0.3164 -0.3274 0.089 0.000160553 0.1821
6.5 12000.0 0.6549 0.1782 -0.2039 0.0474 0.000174627 0.2747
6.5 12500.0 0.6909 0.0858 -0.134 0.0277 0.00018852 0.3589
6.5 13000.0 0.7123 0.0193 -0.0814 0.0122 0.000202416 0.4358
6.5 13500.0 0.7286 -0.0393 -0.0307 -0.0041 0.000216302 0.5062
6.5 14000.0 0.7348 -0.0754 -0.0003 -0.0137 0.000230271 0.5709
6.5 14500.0 0.737 -0.1019 0.0217 -0.0204 0.000244373 0.6305
6.5 15000.0 0.7373 -0.1242 0.0408 -0.0263 0.000258641 0.6856
6.5 15500.0 0.7358 -0.1418 0.0558 -0.0308 0.000273105 0.7367
6.5 16000.0 0.7351 -0.161 0.0731 -0.0364 0.000287781 0.7842
6.5 16500.0 0.7344 -0.1797 0.0902 -0.0418 0.000302688 0.8283
6.5 17000.0 0.7339 -0.1986 0.1079 -0.0476 0.000317836 0.8696
6.5 20000.0 0.7525 -0.3539 0.2629 -0.1015 0.000414361 1.0683
6.5 25000.0 0.8859 -0.807 0.7194 -0.2641 0.000603616 1.2821
6.5 30000.0 0.9499 -1.0336 0.9015 -0.3169 0.000859234 1.4175
6.5 35000.0 0.7513 -0.7316 0.5904 -0.1998 0.00114687 1.5105
6.5 40000.0 0.6321 -0.5985 0.4917 -0.1705 0.00137521 1.5782
6.5 45000.0 0.5896 -0.6064 0.5315 -0.1909 0.00156492 1.6296
6.5 50000.0 0.5826 -0.6737 0.6242 -0.229 0.00174019 1.6699
6.5 55000.0 0.5944 -0.7638 0.7325 -0.2712 0.00189966 1.7023
6.5 60000.0 0.6163 -0.8646 0.8468 -0.3147 0.00205127 1.729
6.5 65000.0 0.4471 -0.2535 0.1881 -0.07 0.00253398 1.7513
6.5 70000.0 0.4509 -0.3115 0.2621 -0.0996 0.0026929 1.7703
6.5 75000.0 0.4627 -0.3813 0.3453 -0.1318 0.00285067 1.7865
6.5 80000.0 0.4806 -0.4597 0.4346 -0.1659 0.00300801 1.8006
6.5 85000.0 0.5031 -0.5435 0.5274 -0.2008 0.00316536 1.813
6.5 90000.0 0.529 -0.6301 0.6209 -0.2356 0.00332316 1.8239
6.5 100000.0 0.5837 -0.8015 0.803 -0.3029 0.00364146 1.8424
6.75 3750.0 0.9013 0.2265 -0.7247 0.339 1.1166e-06 -5.0093
6.75 4000.0 1.3065 -0.8478 0.397 -0.0774 1.4621e-06 -4.5104
6.75 4250.0 1.5685 -1.5655 1.1601 -0.3642 1.97094e-06 -4.0707
6.75 4500.0 1.6879 -1.9045 1.5279 -0.5037 2.70215e-06 -3.6807
6.75 4750.0 1.7736 -2.0974 1.7268 -0.5768 3.70909e-06 -3.3324
6.75 5000.0 1.4992 -1.3293 0.9201 -0.2743 5.18403e-06 -3.0198
6.75 5250.0 1.3374 -0.8864 0.481 -0.1146 6.96159e-06 -2.7379
6.75 5500.0 1.0372 -0.113 -0.266 0.1511 9.09141e-06 -2.4824
6.75 5750.0 0.6487 0.8541 -1.1826 0.4685 1.1572e-05 -2.2501
6.75 6000.0 0.2698 1.7642 -2.0248 0.7503 1.43757e-05 -2.038
6.75 6250.0 0.0017 2.3531 -2.5243 0.9021 1.74887e-05 -1.8437
6.75 6500.0 -0.1477 2.6276 -2.708 0.9408 2.0919e-05 -1.6652
6.75 7000.0 -0.2287 2.6389 -2.5646 0.8441 2.88169e-05 -1.3489
6.75 7500.0 -0.2264 2.5134 -2.3457 0.7342 3.82592e-05 -1.0778
6.75 8000.0 -0.2266 2.4925 -2.3069 0.7047 4.94787e-05 -0.8432
6.75 8500.0 -0.2483 2.6486 -2.55 0.8019 6.26426e-05 -0.6387
6.75 9000.0 -0.2301 2.8089 -2.9005 0.9681 7.78008e-05 -0.4592
6.75 9500.0 -0.0848 2.6291 -2.9195 1.0254 9.47426e-05 -0.3005
6.75 10000.0 0.1247 2.135 -2.5105 0.9064 0.000112496 -0.1594
6.75 10500.0 0.2851 1.6413 -1.9893 0.7237 0.000129886 -0.0333
6.75 11000.0 0.4285 1.0544 -1.2811 0.4631 0.000144942 0.0799
6.75 11500.0 0.577 0.4496 -0.537 0.1818 0.00015926 0.1821
6.75 12000.0 0.6555 0.1703 -0.2051 0.0507 0.000173619 0.2747
6.75 12500.0 0.6941 0.0667 -0.116 0.0216 0.000187671 0.3589
6.75 13000.0 0.72 -0.0072 -0.0576 0.0044 0.000201636 0.4358
6.75 13500.0 0.7369 -0.0645 -0.01 -0.0104 0.000215671 0.5062
6.75 14000.0 0.7454 -0.1049 0.0244 -0.0213 0.000229727 0.5709
6.75 14500.0 0.7485 -0.133 0.0479 -0.0285 0.000243895 0.6305
6.75 15000.0 0.7491 -0.1553 0.067 -0.0345 0.000258217 0.6856
6.75 15500.0 0.7483 -0.1741 0.0833 -0.0395 0.000272721 0.7367
6.75 16000.0 0.7471 -0.1918 0.0989 -0.0444 0.000287436 0.7842
6.75 16500.0 0.7464 -0.2102 0.1157 -0.0498 0.000302374 0.8283
6.75 17000.0 0.7454 -0.2278 0.1323 -0.0552 0.000317551 0.8696
6.75 20000.0 0.7624 -0.3786 0.283 -0.1075 0.000414228 1.0683
6.75 25000.0 0.891 -0.8219 0.7306 -0.2672 0.000603628 1.2821
6.75 30000.0 0.9336 -1.0027 0.8684 -0.3041 0.000859023 1.4175
6.75 35000.0 0.7306 -0.6917 0.5507 -0.1852 0.00114409 1.5105
6.75 40000.0 0.5965 -0.5236 0.4167 -0.143 0.00137002 1.5782
6.75 45000.0 0.5404 -0.5001 0.4252 -0.152 0.00155748 1.6296
6.75 50000.0 0.5214 -0.5401 0.4906 -0.1801 0.00173026 1.6699
6.75 55000.0 0.5213 -0.6064 0.5769 -0.2148 0.00188874 1.7023
6.75 60000.0 0.5344 -0.6854 0.6687 -0.25 0.00203431 1.729
7.0 3750.0 0.9782 0.0369 -0.527 0.266 1.16482e-06 -5.0093
7.0 4000.0 1.3526 -0.9596 0.5167 -0.1225 1.50937e-06 -4.5104
7.0 4250.0 1.5978 -1.6334 1.2326 -0.3915 2.0109e-06 -4.0707
7.0 4500.0 1.7115 -1.961 1.5869 -0.5258 2.73171e-06 -3.6807
7.0 4750.0 1.7821 -2.1484 1.7922 -0.6041 3.72518e-06 -3.3324
7.0 5000.0 1.5347 -1.429 1.0199 -0.3107 5.17724e-06 -3.0198
7.0 5250.0 1.3911 -1.035 0.6252 -0.1667 6.95146e-06 -2.7379
7.0 5500.0 1.1657 -0.4392 0.0423 0.043 9.07369e-06 -2.4824
7.0 5750.0 0.8126 0.4484 -0.8055 0.3399 1.15488e-05 -2.2501
7.0 6000.0 0.4296 1.3804 -1.6774 0.6361 1.43577e-05 -2.038
7.0 6250.0 0.118 2.0958 -2.3137 0.8401 1.74799e-05 -1.8437
7.0 6500.0 -0.0717 2.4774 -2.6061 0.9181 2.09091e-05 -1.6652
7.0 7000.0 -0.1972 2.6121 -2.5938 0.8699 2.87535e-05 -1.3489
7.0 7500.0 -0.2031 2.52 -2.4229 0.7817 3.8055e-05 -1.0778
7.0 8000.0 -0.2019 2.5011 -2.3962 0.7604 4.90276e-05 -0.8432
7.0 8500.0 -0.2078 2.5992 -2.5692 0.8307 6.18449e-05 -0.6387
7.0 9000.0 -0.1865 2.7197 -2.8518 0.9652 7.65783e-05 -0.4592
7.0 9500.0 -0.0662 2.5984 -2.9198 1.036 9.3071e-05 -0.3005
7.0 10000.0 0.1413 2.1289 -2.5504 0.9334 0.000110664 -0.1594
7.0 10500.0 0.3096 1.6504 -2.0748 0.7712 0.000128077 -0.0333
7.0 11000.0 0.4272 1.1982 -1.5358 0.5697 0.000144422 0.0799
7.0 11500.0 0.5419 0.6793 -0.8895 0.3294 0.00015812 0.1821
7.0 12000.0 0.6523 0.2169 -0.3041 0.0997 0.000172354 0.2747
7.0 12500.0 0.703 0.0353 -0.0916 0.0152 0.000186625 0.3589
7.0 13000.0 0.7298 -0.0426 -0.0243 -0.0068 0.000200737 0.4358
7.0 13500.0 0.7471 -0.0978 0.0195 -0.0198 0.000214783 0.5062
7.0 14000.0 0.7585 -0.143 0.0582 -0.0321 0.000228996 0.5709
7.0 14500.0 0.7624 -0.172 0.0824 -0.0396 0.000243266 0.6305
7.0 15000.0 0.763 -0.1931 0.0998 -0.0448 0.000257651 0.6856
7.0 15500.0 0.7635 -0.2146 0.1189 -0.051 0.000272203 0.7367
7.0 16000.0 0.7623 -0.232 0.1344 -0.0559 0.000286957 0.7842
7.0 16500.0 0.7612 -0.2491 0.1499 -0.0608 0.00030193 0.8283
7.0 17000.0 0.7593 -0.2638 0.1634 -0.0651 0.000317145 0.8696
7.0 20000.0 0.7764 -0.4141 0.3141 -0.1176 0.000414009 1.0683
7.0 25000.0 0.8996 -0.8451 0.7502 -0.2732 0.000603716 1.2821
7.0 30000.0 0.9407 -1.0268 0.8916 -0.3121 0.000859089 1.4175
7.0 35000.0 0.7133 -0.659 0.518 -0.1731 0.00114188 1.5105
7.0 40000.0 0.5688 -0.4658 0.359 -0.1218 0.00136555 1.5782
7.0 45000.0 0.5038 -0.4215 0.3463 -0.1231 0.00155101 1.6296
7.0 50000.0 0.4747 -0.4377 0.3878 -0.1425 0.0017209 1.6699
7.0 55000.0 0.467 -0.4833 0.4519 -0.1687 0.00187277 1.7023
7.0 60000.0 0.4706 -0.5438 0.5267 -0.1981 0.00201774 1.729
7.0 65000.0 0.3282 0.0252 -0.1007 0.0376 0.00248985 1.7513
7.0 70000.0 0.3063 0.0274 -0.0867 0.0298 0.00263951 1.7703
7.0 75000.0 0.2922 0.0164 -0.0617 0.0184 0.00278718 1.7865
7.0 80000.0 0.285 -0.0062 -0.0268 0.0037 0.00293366 1.8006
7.0 85000.0 0.2833 -0.0376 0.0154 -0.0133 0.00307963 1.813
7.0 90000.0 0.286 -0.0755 0.0626 -0.0318 0.00322522 1.8239
7.0 100000.0 0.2965 -0.1569 0.1605 -0.0698 0.00351691 1.8424
7.25 3750.0 1.0531 -0.1488 -0.3313 0.193 1.21531e-06 -5.0093
7.25 4000.0 1.396 -1.0647 0.6298 -0.1654 1.56086e-06 -4.5104
7.25 4250.0 1.6227 -1.6891 1.2928 -0.4145 2.0558e-06 -4.0707
7.25 4500.0 1.7312 -2.0054 1.6338 -0.5435 2.76659e-06 -3.6807
7.25 4750.0 1.7775 -2.1424 1.787 -0.6024 3.7453e-06 -3.3324
7.25 5000.0 1.5718 -1.5276 1.1182 -0.3464 5.17278e-06 -3.0198
7.25 5250.0 1.4511 -1.1966 0.7848 -0.2244 6.94615e-06 -2.7379
7.25 5500.0 1.2532 -0.6682 0.2603 -0.0343 9.06225e-06 -2.4824
7.25 5750.0 0.9589 0.0829 -0.4641 0.2223 1.15317e-05 -2.2501
7.25 6000.0 0.5932 0.983 -1.3138 0.5148 1.43465e-05 -2.038
7.25 6250.0 0.2524 1.787 -2.0481 0.7575 1.74772e-05 -1.8437
7.25 6500.0 0.0157 2.2971 -2.4733 0.8842 2.09127e-05 -1.6652
7.25 7000.0 -0.1668 2.5795 -2.6082 0.8881 2.87288e-05 -1.3489
7.25 7500.0 -0.1836 2.519 -2.4752 0.8155 3.79147e-05 -1.0778
7.25 8000.0 -0.1749 2.4841 -2.4399 0.7943 4.86574e-05 -0.8432
7.25 8500.0 -0.1691 2.5472 -2.5775 0.853 6.11436e-05 -0.6387
7.25 9000.0 -0.1357 2.6147 -2.7891 0.958 7.54654e-05 -0.4592
7.25 9500.0 -0.0218 2.4957 -2.8443 1.0195 9.15335e-05 -0.3005
7.25 10000.0 0.1754 2.0694 -2.5295 0.9378 0.000108849 -0.1594
7.25 10500.0 0.3548 1.5788 -2.0584 0.7796 0.000126249 -0.0333
7.25 11000.0 0.4734 1.1789 -1.6113 0.6156 0.000143097 0.0799
7.25 11500.0 0.5539 0.789 -1.1101 0.4232 0.000157791 0.1821
7.25 12000.0 0.6437 0.3518 -0.5498 0.2109 0.000171064 0.2747
7.25 12500.0 0.7178 0.021 -0.1171 0.0356 0.00018528 0.3589
7.25 13000.0 0.7481 -0.0988 0.0259 -0.0226 0.000199576 0.4358
7.25 13500.0 0.7635 -0.1509 0.0711 -0.0376 0.000213782 0.5062
7.25 14000.0 0.7733 -0.1894 0.1016 -0.0467 0.000228007 0.5709
7.25 14500.0 0.7803 -0.2233 0.1302 -0.0557 0.000242399 0.6305
7.25 15000.0 0.7831 -0.2491 0.1525 -0.0627 0.000256843 0.6856
7.25 15500.0 0.7815 -0.2643 0.1646 -0.0662 0.000271454 0.7367
7.25 16000.0 0.7801 -0.2805 0.1789 -0.0707 0.00028625 0.7842
7.25 16500.0 0.7782 -0.2949 0.1917 -0.0746 0.000301262 0.8283
7.25 17000.0 0.7778 -0.3131 0.2089 -0.0803 0.000316503 0.8696
7.25 20000.0 0.792 -0.4547 0.3509 -0.1297 0.000413559 1.0683
7.25 25000.0 0.9094 -0.8721 0.774 -0.2809 0.000603686 1.2821
7.25 30000.0 0.9381 -1.0282 0.8916 -0.3116 0.000859304 1.4175
7.25 35000.0 0.704 -0.6451 0.5046 -0.1682 0.00113987 1.5105
7.25 40000.0 0.5506 -0.4294 0.3225 -0.1083 0.00136137 1.5782
7.25 45000.0 0.4767 -0.3634 0.2876 -0.1014 0.00154495 1.6296
7.25 50000.0 0.4406 -0.3622 0.3112 -0.1142 0.00171125 1.6699
7.25 55000.0 0.426 -0.392 0.3595 -0.1347 0.0018613 1.7023
7.25 60000.0 0.423 -0.4376 0.4196 -0.1588 0.00200609 1.729
7.5 3750.0 1.1201 -0.3149 -0.1543 0.1267 1.26828e-06 -5.0093
7.5 4000.0 1.4363 -1.1617 0.7356 -0.2058 1.61679e-06 -4.5104
7.5 4250.0 1.6436 -1.7341 1.3422 -0.4335 2.10627e-06 -4.0707
7.5 4500.0 1.7465 -2.0365 1.6668 -0.556 2.80733e-06 -3.6807
7.5 4750.0 1.7889 -2.1689 1.814 -0.6125 3.77143e-06 -3.3324
7.5 5000.0 1.6067 -1.6168 1.207 -0.3787 5.17135e-06 -3.0198
7.5 5250.0 1.4819 -1.2842 0.8711 -0.2557 6.94307e-06 -2.7379
7.5 5500.0 1.3303 -0.872 0.4578 -0.105 9.06056e-06 -2.4824
7.5 5750.0 1.0821 -0.2297 -0.169 0.1191 1.15241e-05 -2.2501
7.5 6000.0 0.7507 0.5955 -0.9553 0.3933 1.43405e-05 -2.038
7.5 6250.0 0.4018 1.4346 -1.7352 0.6566 1.7482e-05 -1.8437
7.5 6500.0 0.1228 2.0632 -2.2853 0.8302 2.09317e-05 -1.6652
7.5 7000.0 -0.1261 2.5116 -2.5797 0.8891 2.87293e-05 -1.3489
7.5 7500.0 -0.1673 2.5108 -2.505 0.8372 3.78372e-05 -1.0778
7.5 8000.0 -0.1502 2.4546 -2.4532 0.8124 4.83912e-05 -0.8432
7.5 8500.0 -0.1294 2.4765 -2.5511 0.8585 6.05818e-05 -0.6387
7.5 9000.0 -0.0812 2.4945 -2.7052 0.9415 7.4517e-05 -0.4592
7.5 9500.0 0.0316 2.3673 -2.7413 0.993 9.01325e-05 -0.3005
7.5 10000.0 0.2303 1.943 -2.4304 0.9121 0.000107139 -0.1594
7.5 10500.0 0.4203 1.4335 -1.95 0.7518 0.000124508 -0.0333
7.5 11000.0 0.5494 1.0332 -1.5269 0.6002 0.000141373 0.0799
7.5 11500.0 0.627 0.7064 -1.1219 0.4445 0.000157459 0.1821
7.5 12000.0 0.6753 0.4001 -0.7065 0.2835 0.000170661 0.2747
7.5 12500.0 0.7371 0.0597 -0.2514 0.1061 0.000183912 0.3589
7.5 13000.0 0.7799 -0.1655 0.0591 -0.0243 0.000198167 0.4358
7.5 13500.0 0.7924 -0.2359 0.1506 -0.0638 0.000212544 0.5062
7.5 14000.0 0.7968 -0.2624 0.1738 -0.0719 0.000226907 0.5709
7.5 14500.0 0.7992 -0.2821 0.187 -0.0753 0.000241274 0.6305
7.5 15000.0 0.8002 -0.2993 0.1974 -0.0772 0.000255661 0.6856
7.5 15500.0 0.7971 -0.3108 0.2075 -0.0804 0.000270573 0.7367
7.5 16000.0 0.7947 -0.3235 0.2181 -0.0836 0.000285422 0.7842
7.5 16500.0 0.7943 -0.341 0.2342 -0.0888 0.000300468 0.8283
7.5 17000.0 0.7936 -0.358 0.2501 -0.094 0.000315743 0.8696
7.5 20000.0 0.8093 -0.5009 0.3938 -0.1442 0.000412989 1.0683
7.5 25000.0 0.9235 -0.91 0.8093 -0.2928 0.000603664 1.2821
7.5 30000.0 0.9361 -1.031 0.8933 -0.3117 0.000859767 1.4175
7.5 35000.0 0.6931 -0.627 0.4867 -0.1615 0.00113826 1.5105
7.5 40000.0 0.536 -0.4012 0.2942 -0.0978 0.0013577 1.5782
7.5 45000.0 0.4545 -0.3161 0.2395 -0.0834 0.00153961 1.6296
7.5 50000.0 0.4155 -0.3074 0.2555 -0.0936 0.00170409 1.6699
7.5 55000.0 0.3956 -0.3248 0.2912 -0.1095 0.00185306 1.7023
7.5 60000.0 0.3876 -0.3576 0.3381 -0.1287 0.00199227 1.729
7.5 65000.0 0.1654 0.2655 -0.3115 0.1111 0.0022946 1.7513
7.5 70000.0 0.1349 0.2914 -0.3244 0.1138 0.00243103 1.7703
7.5 75000.0 0.1109 0.3064 -0.3284 0.1137 0.00256392 1.7865
7.5 80000.0 0.0925 0.3133 -0.3255 0.1112 0.0026948 1.8006
7.5 85000.0 0.0787 0.313 -0.3168 0.1068 0.00282541 1.813
7.5 90000.0 0.0688 0.3065 -0.3026 0.1007 0.00295489 1.8239
7.5 100000.0 0.0527 0.2902 -0.2727 0.0879 0.00321297 1.8424
7.75 3750.0 1.1889 -0.486 0.0289 0.0576 1.3241e-06 -5.0093
7.75 4000.0 1.4748 -1.2541 0.8367 -0.2445 1.67724e-06 -4.5104
7.75 4250.0 1.6617 -1.7715 1.3839 -0.4498 2.16244e-06 -4.0707
7.75 4500.0 1.7584 -2.0578 1.69 -0.565 2.85443e-06 -3.6807
7.75 4750.0 1.799 -2.1893 1.8348 -0.6203 3.80412e-06 -3.3324
7.75 5000.0 1.6448 -1.7106 1.3007 -0.4128 5.17274e-06 -3.0198
7.75 5250.0 1.5011 -1.3401 0.926 -0.2756 6.94011e-06 -2.7379
7.75 5500.0 1.3728 -0.9922 0.5759 -0.1478 9.06323e-06 -2.4824
7.75 5750.0 1.1781 -0.4789 0.0693 0.0348 1.15294e-05 -2.2501
7.75 6000.0 0.8934 0.2403 -0.6235 0.2792 1.4343e-05 -2.038
7.75 6250.0 0.5569 1.0604 -1.3945 0.5434 1.74955e-05 -1.8437
7.75 6500.0 0.2527 1.7624 -2.0241 0.7481 2.09558e-05 -1.6652
7.75 7000.0 -0.0729 2.4093 -2.5149 0.8769 2.87629e-05 -1.3489
7.75 7500.0 -0.1416 2.4665 -2.4876 0.8392 3.78005e-05 -1.0778
7.75 8000.0 -0.1311 2.4231 -2.4479 0.8191 4.82109e-05 -0.8432
7.75 8500.0 -0.1012 2.4195 -2.5223 0.8584 6.01367e-05 -0.6387
7.75 9000.0 -0.0434 2.4087 -2.6461 0.9308 7.36916e-05 -0.4592
7.75 9500.0 0.0908 2.2147 -2.6055 0.9526 8.89032e-05 -0.3005
7.75 10000.0 0.2885 1.8017 -2.3107 0.8779 0.000105517 -0.1594
7.75 10500.0 0.4943 1.256 -1.7994 0.7071 0.000122784 -0.0333
7.75 11000.0 0.6413 0.8135 -1.342 0.544 0.000139687 0.0799
7.75 11500.0 0.7334 0.485 -0.9631 0.4014 0.000156074 0.1821
7.75 12000.0 0.7736 0.2408 -0.6288 0.2685 0.000171028 0.2747
7.75 12500.0 0.7942 0.0238 -0.3155 0.146 0.000183389 0.3589
7.75 13000.0 0.8272 -0.2185 0.0303 0.0066 0.000196708 0.4358
7.75 13500.0 0.8427 -0.3565 0.2419 -0.087 0.000211028 0.5062
7.75 14000.0 0.8377 -0.3812 0.288 -0.1105 0.000225526 0.5709
7.75 14500.0 0.8299 -0.3769 0.2825 -0.1091 0.000240075 0.6305
7.75 15000.0 0.8249 -0.3754 0.2735 -0.1042 0.000254591 0.6856
7.75 15500.0 0.8219 -0.3832 0.2775 -0.1046 0.000269324 0.7367
7.75 16000.0 0.8216 -0.3997 0.2925 -0.1096 0.000284386 0.7842
7.75 16500.0 0.8192 -0.4111 0.302 -0.1124 0.000299483 0.8283
7.75 17000.0 0.8193 -0.4286 0.3184 -0.1177 0.00031479 0.8696
7.75 20000.0 0.8299 -0.5568 0.4473 -0.1627 0.000412236 1.0683
7.75 25000.0 0.9343 -0.9411 0.8378 -0.3022 0.000603582 1.2821
7.75 30000.0 0.9355 -1.0375 0.8988 -0.3132 0.000860353 1.4175
7.75 35000.0 0.6861 -0.6187 0.4794 -0.1589 0.00113681 1.5105
7.75 40000.0 0.5263 -0.3848 0.278 -0.0917 0.00135429 1.5782
7.75 45000.0 0.4438 -0.2959 0.2193 -0.0759 0.00153468 1.6296
7.75 50000.0 0.3981 -0.2697 0.2168 -0.0791 0.00169597 1.6699
7.75 55000.0 0.3743 -0.2766 0.2417 -0.091 0.00184164 1.7023
7.75 60000.0 0.3619 -0.3001 0.2793 -0.1068 0.00198313 1.729
7.75 65000.0 0.2847 0.1378 -0.226 0.0865 0.00244192 1.7513
7.75 70000.0 0.2453 0.1856 -0.2597 0.0963 0.0025823 1.7703
7.75 75000.0 0.2126 0.2212 -0.2828 0.1027 0.00271866 1.7865
7.75 80000.0 0.1857 0.2472 -0.2975 0.1062 0.00285314 1.8006
7.75 85000.0 0.1634 0.2663 -0.3069 0.1081 0.00298706 1.813
7.75 90000.0 0.1451 0.2783 -0.3101 0.1079 0.00311966 1.8239
7.75 100000.0 0.1128 0.2979 -0.3138 0.1069 0.00338345 1.8424
8.0 3750.0 1.2595 -0.6624 0.2191 -0.0144 1.38631e-06 -5.0093
8.0 4000.0 1.5106 -1.3395 0.931 -0.2808 1.74228e-06 -4.5104
8.0 4250.0 1.6776 -1.8031 1.4201 -0.464 2.22449e-06 -4.0707
8.0 4500.0 1.769 -2.0751 1.7099 -0.5729 2.90798e-06 -3.6807
8.0 4750.0 1.8055 -2.1982 1.8441 -0.624 3.84408e-06 -3.3324
8.0 5000.0 1.6898 -1.8206 1.4128 -0.4542 5.1779e-06 -3.0198
8.0 5250.0 1.5338 -1.4237 1.0072 -0.3046 6.93919e-06 -2.7379
8.0 5500.0 1.4202 -1.1203 0.703 -0.1937 9.06762e-06 -2.4824
8.0 5750.0 1.2628 -0.6981 0.2804 -0.0401 1.15424e-05 -2.2501
8.0 6000.0 1.0159 -0.0681 -0.333 0.1782 1.4359e-05 -2.038
8.0 6250.0 0.7079 0.6901 -1.0522 0.4276 1.7517e-05 -1.8437
8.0 6500.0 0.3945 1.4288 -1.7284 0.6528 2.09919e-05 -1.6652
8.0 7000.0 -0.0084 2.2806 -2.4263 0.8569 2.88166e-05 -1.3489
8.0 7500.0 -0.1129 2.4116 -2.4562 0.8354 3.78208e-05 -1.0778
8.0 8000.0 -0.1267 2.4226 -2.4649 0.8311 4.81037e-05 -0.8432
8.0 8500.0 -0.0811 2.3676 -2.4821 0.8494 5.98071e-05 -0.6387
8.0 9000.0 -0.0121 2.323 -2.5704 0.9094 7.30275e-05 -0.4592
8.0 9500.0 0.1333 2.0985 -2.4985 0.92 8.78357e-05 -0.3005
8.0 10000.0 0.3462 1.6499 -2.1697 0.8333 0.000104051 -0.1594
8.0 10500.0 0.5697 1.066 -1.6262 0.6519 0.00012116 -0.0333
8.0 11000.0 0.734 0.5769 -1.126 0.4738 0.000138055 0.0799
8.0 11500.0 0.8468 0.2053 -0.7163 0.3218 0.000154489 0.1821
8.0 12000.0 0.9058 -0.0531 -0.3907 0.1942 0.000170379 0.2747
8.0 12500.0 0.9124 -0.2064 -0.1518 0.0964 0.000184126 0.3589
8.0 13000.0 0.9092 -0.3394 0.0627 0.0112 0.000196147 0.4358
8.0 13500.0 0.9137 -0.4856 0.2993 -0.0887 0.000209528 0.5062
8.0 14000.0 0.9067 -0.5543 0.4337 -0.1532 0.000223943 0.5709
8.0 14500.0 0.8849 -0.5345 0.4361 -0.1615 0.000238582 0.6305
8.0 15000.0 0.8651 -0.499 0.401 -0.15 0.000253353 0.6856
8.0 15500.0 0.8507 -0.4713 0.3664 -0.1364 0.000267907 0.7367
8.0 16000.0 0.8438 -0.4673 0.3582 -0.1323 0.000283016 0.7842
8.0 16500.0 0.8279 -0.4449 0.3334 -0.1226 0.000298385 0.8283
8.0 17000.0 0.8396 -0.4891 0.3769 -0.138 0.000313703 0.8696
8.0 20000.0 0.8457 -0.603 0.491 -0.1775 0.000411351 1.0683
8.0 25000.0 0.9471 -0.9775 0.872 -0.3138 0.000603421 1.2821
8.0 30000.0 0.9337 -1.0412 0.9015 -0.3137 0.000861057 1.4175
8.0 35000.0 0.68 -0.6121 0.4737 -0.1567 0.00113555 1.5105
8.0 40000.0 0.5188 -0.3732 0.2672 -0.0877 0.00135119 1.5782
8.0 45000.0 0.4345 -0.2786 0.2019 -0.0693 0.00153018 1.6296
8.0 50000.0 0.3862 -0.2454 0.1919 -0.0697 0.00169002 1.6699
8.0 55000.0 0.3595 -0.245 0.2093 -0.0789 0.00183442 1.7023
8.0 60000.0 0.3441 -0.26 0.238 -0.0914 0.00197247 1.729
8.25 3750.0 1.3132 -0.794 0.3625 -0.0692 1.44978e-06 -5.0093
8.25 4000.0 1.5423 -1.4142 1.0147 -0.3133 1.81242e-06 -4.5104
8.25 4250.0 1.6914 -1.829 1.4506 -0.4762 2.29265e-06 -4.0707
8.25 4500.0 1.777 -2.0852 1.7224 -0.5781 2.96838e-06 -3.6807
8.25 4750.0 1.8074 -2.1947 1.8412 -0.6232 3.89249e-06 -3.3324
8.25 5000.0 1.7456 -1.9588 1.557 -0.5082 5.18629e-06 -3.0198
8.25 5250.0 1.5564 -1.478 1.0585 -0.3227 6.94038e-06 -2.7379
8.25 5500.0 1.4451 -1.1904 0.7713 -0.2183 9.0722e-06 -2.4824
8.25 5750.0 1.3014 -0.8109 0.3929 -0.0814 1.15612e-05 -2.2501
8.25 6000.0 1.1159 -0.3236 -0.0895 0.0924 1.43869e-05 -2.038
8.25 6250.0 0.8436 0.3542 -0.7391 0.3202 1.75509e-05 -1.8437
8.25 6500.0 0.5407 1.0805 -1.4147 0.5496 2.10383e-05 -1.6652
8.25 7000.0 0.0774 2.0969 -2.283 0.8175 2.88962e-05 -1.3489
8.25 7500.0 -0.0806 2.349 -2.418 0.8293 3.7883e-05 -1.0778
8.25 8000.0 -0.0976 2.3442 -2.3914 0.808 4.80775e-05 -0.8432
8.25 8500.0 -0.065 2.3131 -2.4258 0.8309 5.95815e-05 -0.6387
8.25 9000.0 0.0051 2.2597 -2.502 0.8861 7.2501e-05 -0.4592
8.25 9500.0 0.1538 2.0287 -2.4264 0.8964 8.69262e-05 -0.3005
8.25 10000.0 0.3813 1.5505 -2.0739 0.8027 0.000102739 -0.1594
8.25 10500.0 0.6273 0.9204 -1.4937 0.6102 0.000119571 -0.0333
8.25 11000.0 0.8182 0.3542 -0.9143 0.4029 0.000136523 0.0799
8.25 11500.0 0.9505 -0.069 -0.4576 0.2345 0.000152951 0.1821
8.25 12000.0 1.0327 -0.3738 -0.0988 0.0964 0.00016904 0.2747
8.25 12500.0 1.0567 -0.546 0.145 -0.0029 0.000184379 0.3589
8.25 13000.0 1.0381 -0.6184 0.2898 -0.0644 0.000197155 0.4358
8.25 13500.0 1.0152 -0.6776 0.4163 -0.1165 0.000209046 0.5062
8.25 14000.0 0.9978 -0.7465 0.5615 -0.1816 0.000222457 0.5709
8.25 14500.0 0.9704 -0.7532 0.6272 -0.2201 0.000236919 0.6305
8.25 15000.0 0.9338 -0.6946 0.5928 -0.2157 0.00025173 0.6856
8.25 15500.0 0.9016 -0.6256 0.5255 -0.1935 0.000266582 0.7367
8.25 16000.0 0.8787 -0.5766 0.4699 -0.1724 0.000281106 0.7842
8.25 16500.0 0.8661 -0.5522 0.439 -0.1596 0.000296702 0.8283
8.25 17000.0 0.8613 -0.5559 0.4426 -0.1608 0.00031252 0.8696
8.25 20000.0 0.8665 -0.6625 0.5488 -0.1976 0.0004103 1.0683
8.25 25000.0 0.9554 -1.0043 0.8969 -0.3219 0.000603182 1.2821
8.25 30000.0 0.9318 -1.0454 0.9049 -0.3144 0.000861824 1.4175
8.25 35000.0 0.6756 -0.6109 0.4741 -0.157 0.00113436 1.5105
8.25 40000.0 0.5066 -0.3519 0.247 -0.0804 0.00134832 1.5782
8.25 45000.0 0.4286 -0.27 0.194 -0.0663 0.00152602 1.6296
8.25 50000.0 0.3791 -0.2322 0.1788 -0.0647 0.00168375 1.6699
8.25 55000.0 0.3498 -0.2248 0.1885 -0.071 0.00182789 1.7023
8.25 60000.0 0.3323 -0.2335 0.2103 -0.0809 0.00196237 1.729
8.25 65000.0 0.2994 0.1046 -0.1948 0.0759 0.00241643 1.7513
8.25 70000.0 0.2577 0.1616 -0.2398 0.0903 0.00255285 1.7703
8.25 75000.0 0.2222 0.2075 -0.2746 0.1011 0.00268578 1.7865
8.25 80000.0 0.1917 0.2449 -0.3018 0.1094 0.00281588 1.8006
8.25 85000.0 0.1653 0.2762 -0.3245 0.1163 0.00294368 1.813
8.25 90000.0 0.1422 0.302 -0.3425 0.1217 0.00307082 1.8239
8.25 100000.0 0.0999 0.3491 -0.3756 0.1317 0.00332206 1.8424
8.5 3750.0 1.3697 -0.9345 0.5164 -0.128 1.51867e-06 -5.0093
8.5 4000.0 1.5713 -1.4821 1.0915 -0.3432 1.88829e-06 -4.5104
8.5 4250.0 1.7031 -1.8503 1.4769 -0.4868 2.36761e-06 -4.0707
8.5 4500.0 1.7826 -2.0887 1.7283 -0.5809 3.03663e-06 -3.6807
8.5 4750.0 1.811 -2.1937 1.8411 -0.6235 3.94865e-06 -3.3324
8.5 5000.0 1.7158 -1.8598 1.4429 -0.4634 5.19547e-06 -3.0198
8.5 5250.0 1.5877 -1.5504 1.1286 -0.3478 6.94505e-06 -2.7379
8.5 5500.0 1.4671 -1.2477 0.8254 -0.2373 9.07658e-06 -2.4824
8.5 5750.0 1.3582 -0.9597 0.5388 -0.1335 1.15803e-05 -2.2501
8.5 6000.0 1.1972 -0.5346 0.1146 0.0199 1.44273e-05 -2.038
8.5 6250.0 0.9611 0.0611 -0.464 0.2249 1.76056e-05 -1.8437
8.5 6500.0 0.6832 0.7367 -1.1009 0.4445 2.11029e-05 -1.6652
8.5 7000.0 0.1823 1.8646 -2.092 0.7611 2.8996e-05 -1.3489
8.5 7500.0 -0.0414 2.2741 -2.3721 0.8218 3.79832e-05 -1.0778
8.5 8000.0 -0.0786 2.2953 -2.349 0.796 4.81172e-05 -0.8432
8.5 8500.0 -0.0494 2.2529 -2.3559 0.8053 5.94605e-05 -0.6387
8.5 9000.0 0.0128 2.2092 -2.4338 0.8592 7.2118e-05 -0.4592
8.5 9500.0 0.1566 1.9912 -2.3724 0.8749 8.6187e-05 -0.3005
8.5 10000.0 0.3871 1.5194 -2.0377 0.7905 0.000101605 -0.1594
8.5 10500.0 0.6591 0.8377 -1.4179 0.587 0.000118138 -0.0333
8.5 11000.0 0.8776 0.2016 -0.7733 0.3573 0.000135032 0.0799
8.5 11500.0 1.0339 -0.297 -0.2368 0.159 0.000151555 0.1821
8.5 12000.0 1.1391 -0.6598 0.174 0.0029 0.000167661 0.2747
8.5 12500.0 1.1862 -0.8794 0.454 -0.1087 0.000183483 0.3589
8.5 13000.0 1.1812 -0.969 0.6088 -0.1747 0.000198262 0.4358
8.5 13500.0 1.1451 -0.9767 0.675 -0.2055 0.000210414 0.5062
8.5 14000.0 1.1075 -0.9766 0.7286 -0.2298 0.000222223 0.5709
8.5 14500.0 1.0736 -0.983 0.7977 -0.2651 0.000235516 0.6305
8.5 15000.0 1.0314 -0.9447 0.8133 -0.2842 0.000250076 0.6856
8.5 15500.0 0.9839 -0.857 0.7507 -0.2699 0.000265069 0.7367
8.5 16000.0 0.9403 -0.7591 0.6577 -0.2393 0.000280265 0.7842
8.5 16500.0 0.9083 -0.6837 0.5775 -0.2103 0.000295427 0.8283
8.5 17000.0 0.8905 -0.6458 0.5334 -0.193 0.000310906 0.8696
8.5 20000.0 0.8872 -0.7232 0.6084 -0.2183 0.000409183 1.0683
8.5 25000.0 0.9706 -1.0473 0.9379 -0.3359 0.000602886 1.2821
8.5 30000.0 0.924 -1.0368 0.8961 -0.3109 0.000862779 1.4175
8.5 35000.0 0.6709 -0.6089 0.4744 -0.1574 0.00113336 1.5105
8.5 40000.0 0.5138 -0.3753 0.2723 -0.0897 0.00134557 1.5782
8.5 45000.0 0.4249 -0.2669 0.1919 -0.0656 0.00152227 1.6296
8.5 50000.0 0.3753 -0.2261 0.1728 -0.0623 0.00167642 1.6699
8.5 55000.0 0.3445 -0.2142 0.1775 -0.0666 0.00181923 1.7023
8.5 60000.0 0.324 -0.2174 0.1945 -0.0749 0.00195659 1.729
8.5 65000.0 0.3114 0.0764 -0.1662 0.0656 0.00240645 1.7513
8.5 70000.0 0.2704 0.1331 -0.2113 0.08 0.00254096 1.7703
8.5 75000.0 0.2351 0.1799 -0.2478 0.0916 0.0026721 1.7865
8.5 80000.0 0.2045 0.2192 -0.2777 0.101 0.00280069 1.8006
8.5 85000.0 0.1778 0.2523 -0.3027 0.1089 0.00292745 1.813
8.5 90000.0 0.1543 0.2803 -0.3234 0.1153 0.0030527 1.8239
8.5 100000.0 0.111 0.3322 -0.3622 0.1275 0.00330013 1.8424
8.75 3750.0 1.4197 -1.0575 0.6526 -0.1805 1.59378e-06 -5.0093
8.75 4000.0 1.5969 -1.5407 1.1586 -0.3695 1.97064e-06 -4.5104
8.75 4250.0 1.713 -1.8656 1.4966 -0.4951 2.44967e-06 -4.0707
8.75 4500.0 1.7861 -2.0863 1.7284 -0.5815 3.11284e-06 -3.6807
8.75 4750.0 1.8162 -2.1953 1.8441 -0.625 4.01309e-06 -3.3324
8.75 5000.0 1.7789 -2.0143 1.6069 -0.5254 5.21096e-06 -3.0198
8.75 5250.0 1.6199 -1.6226 1.199 -0.3731 6.95337e-06 -2.7379
8.75 5500.0 1.4887 -1.2996 0.8733 -0.2539 9.08125e-06 -2.4824
8.75 5750.0 1.3713 -1.0028 0.5815 -0.1492 1.15963e-05 -2.2501
8.75 6000.0 1.2373 -0.6508 0.2314 -0.023 1.44687e-05 -2.038
8.75 6250.0 1.0544 -0.1783 -0.2347 0.1441 1.76683e-05 -1.8437
8.75 6500.0 0.8122 0.4217 -0.8098 0.3453 2.11871e-05 -1.6652
8.75 7000.0 0.3004 1.6008 -1.8711 0.694 2.91198e-05 -1.3489
8.75 7500.0 0.0206 2.1427 -2.2718 0.7955 3.81302e-05 -1.0778
8.75 8000.0 -0.0502 2.2246 -2.2862 0.7772 4.82069e-05 -0.8432
8.75 8500.0 -0.0324 2.1864 -2.2765 0.7753 5.94352e-05 -0.6387
8.75 9000.0 0.022 2.1457 -2.3433 0.8217 7.18871e-05 -0.4592
8.75 9500.0 0.1482 1.9691 -2.3196 0.8498 8.56132e-05 -0.3005
8.75 10000.0 0.3653 1.5484 -2.0495 0.7919 0.000100648 -0.1594
8.75 10500.0 0.6539 0.8488 -1.4311 0.5937 0.000116847 -0.0333
8.75 11000.0 0.9063 0.1309 -0.7116 0.3391 0.000133651 0.0799
8.75 11500.0 1.0877 -0.4389 -0.105 0.1159 0.000150229 0.1821
8.75 12000.0 1.2155 -0.8716 0.3784 -0.0671 0.000166415 0.2747
8.75 12500.0 1.2865 -1.1512 0.7129 -0.1979 0.000182348 0.3589
8.75 13000.0 1.3024 -1.2854 0.9048 -0.2774 0.000197948 0.4358
8.75 13500.0 1.2746 -1.3043 0.9796 -0.3129 0.000212273 0.5062
8.75 14000.0 1.2301 -1.2699 0.99 -0.3214 0.000224085 0.5709
8.75 14500.0 1.1833 -1.2263 0.9883 -0.3244 0.000235782 0.6305
8.75 15000.0 1.138 -1.1867 0.9986 -0.3358 0.000249031 0.6856
8.75 15500.0 1.088 -1.1194 0.9787 -0.3401 0.00026347 0.7367
8.75 16000.0 1.0324 -1.0131 0.9017 -0.3215 0.000278516 0.7842
8.75 16500.0 0.9807 -0.8941 0.79 -0.2852 0.000293689 0.8283
8.75 17000.0 0.9334 -0.7756 0.6661 -0.2405 0.000309057 0.8696
8.75 20000.0 0.9082 -0.7864 0.6711 -0.2403 0.000408009 1.0683
8.75 25000.0 0.9827 -1.0838 0.9729 -0.3478 0.000602592 1.2821
8.75 30000.0 0.9232 -1.0438 0.903 -0.313 0.000863779 1.4175
8.75 35000.0 0.6664 -0.6075 0.4752 -0.1579 0.0011325 1.5105
8.75 40000.0 0.5111 -0.3762 0.2753 -0.0911 0.00134312 1.5782
8.75 45000.0 0.4231 -0.2683 0.1948 -0.0667 0.00151884 1.6296
8.75 50000.0 0.3737 -0.2263 0.1739 -0.0627 0.00167113 1.6699
8.75 55000.0 0.342 -0.211 0.1746 -0.0655 0.00181241 1.7023
8.75 60000.0 0.3216 -0.2116 0.188 -0.0723 0.00194605 1.729
9.0 3750.0 1.4689 -1.1767 0.7829 -0.2305 1.67324e-06 -5.0093
9.0 4000.0 1.6185 -1.5877 1.2134 -0.3913 2.06046e-06 -4.5104
9.0 4250.0 1.7209 -1.8764 1.5125 -0.502 2.53956e-06 -4.0707
9.0 4500.0 1.7881 -2.0804 1.7256 -0.5813 3.19802e-06 -3.6807
9.0 4750.0 1.8153 -2.1811 1.8312 -0.6207 4.0907e-06 -3.3324
9.0 5000.0 1.7959 -2.0406 1.6315 -0.534 5.23116e-06 -3.0198
9.0 5250.0 1.661 -1.7157 1.2925 -0.4073 6.96542e-06 -2.7379
9.0 5500.0 1.5058 -1.3363 0.9055 -0.2647 9.08857e-06 -2.4824
9.0 5750.0 1.3972 -1.0697 0.645 -0.1715 1.16101e-05 -2.2501
9.0 6000.0 1.2748 -0.7533 0.3325 -0.0595 1.45077e-05 -2.038
9.0 6250.0 1.1367 -0.388 -0.0333 0.0731 1.77413e-05 -1.8437
9.0 6500.0 0.9217 0.1477 -0.551 0.2554 2.12862e-05 -1.6652
9.0 7000.0 0.4305 1.3004 -1.6087 0.6103 2.92716e-05 -1.3489
9.0 7500.0 0.0918 1.9962 -2.164 0.7684 3.83217e-05 -1.0778
9.0 8000.0 -0.0157 2.1446 -2.2198 0.7586 4.83744e-05 -0.8432
9.0 8500.0 -0.0108 2.1098 -2.1876 0.7422 5.95025e-05 -0.6387
9.0 9000.0 0.0358 2.0646 -2.2292 0.7743 7.17626e-05 -0.4592
9.0 9500.0 0.1318 1.9582 -2.2688 0.8227 8.52036e-05 -0.3005
9.0 10000.0 0.3265 1.6071 -2.0772 0.7949 9.99136e-05 -0.1594
9.0 10500.0 0.616 0.935 -1.5087 0.6202 0.00011576 -0.0333
9.0 11000.0 0.8988 0.1575 -0.7454 0.3541 0.000132403 0.0799
9.0 11500.0 1.107 -0.4887 -0.063 0.104 0.000149049 0.1821
9.0 12000.0 1.259 -0.9903 0.4884 -0.1032 0.000165295 0.2747
9.0 12500.0 1.3537 -1.3364 0.8887 -0.2576 0.000181303 0.3589
9.0 13000.0 1.3912 -1.5272 1.1336 -0.3563 0.000197167 0.4358
9.0 13500.0 1.3812 -1.5858 1.2433 -0.405 0.00021262 0.5062
9.0 14000.0 1.3422 -1.5592 1.2611 -0.4178 0.000226655 0.5709
9.0 14500.0 1.2958 -1.5025 1.2387 -0.413 0.000238272 0.6305
9.0 15000.0 1.243 -1.4269 1.195 -0.3996 0.000249894 0.6856
9.0 15500.0 1.1914 -1.3556 1.162 -0.3929 0.000262955 0.7367
9.0 16000.0 1.1374 -1.2709 1.1187 -0.3865 0.000277208 0.7842
9.0 16500.0 1.0786 -1.1567 1.0351 -0.3654 0.000292352 0.8283
9.0 17000.0 1.0216 -1.0294 0.9199 -0.3289 0.000307288 0.8696
9.0 20000.0 0.9295 -0.852 0.737 -0.2636 0.000406856 1.0683
9.0 25000.0 0.9895 -1.1115 0.9999 -0.3568 0.000601529 1.2821
9.0 30000.0 0.9195 -1.0461 0.9054 -0.3136 0.000863947 1.4175
9.0 35000.0 0.6654 -0.6139 0.4841 -0.1615 0.00113178 1.5105
9.0 40000.0 0.5076 -0.3773 0.2793 -0.093 0.00133999 1.5782
9.0 45000.0 0.4232 -0.2756 0.204 -0.0702 0.0015149 1.6296
9.0 50000.0 0.3732 -0.2304 0.1793 -0.0647 0.00166536 1.6699
9.0 55000.0 0.3411 -0.2129 0.1772 -0.0664 0.00180571 1.7023
9.0 60000.0 0.3201 -0.2105 0.187 -0.0717 0.00193721 1.729
9.0 65000.0 0.3363 0.0166 -0.1042 0.0427 0.0023892 1.7513
9.0 70000.0 0.2977 0.0702 -0.1472 0.0566 0.00252129 1.7703
9.0 75000.0 0.2643 0.1148 -0.1823 0.0678 0.0026498 1.7865
9.0 80000.0 0.235 0.1531 -0.2122 0.0774 0.00277549 1.8006
9.0 85000.0 0.2094 0.1857 -0.2375 0.0855 0.00289907 1.813
9.0 90000.0 0.1867 0.2139 -0.2591 0.0924 0.00302091 1.8239
9.0 100000.0 0.1447 0.2664 -0.3002 0.1057 0.00326043 1.8424
9.25 3750.0 1.5158 -1.2877 0.9023 -0.2763 1.75597e-06 -5.0093
9.25 4000.0 1.6382 -1.6297 1.2622 -0.4106 2.15769e-06 -4.5104
9.25 4250.0 1.7273 -1.8844 1.5268 -0.5086 2.639e-06 -4.0707
9.25 4500.0 1.7885 -2.0703 1.719 -0.5798 3.29286e-06 -3.6807
9.25 4750.0 1.8165 -2.1716 1.8235 -0.6184 4.1729e-06 -3.3324
9.25 5000.0 1.8416 -2.1484 1.7476 -0.5784 5.25693e-06 -3.0198
9.25 5250.0 1.7154 -1.8444 1.4258 -0.457 6.9828e-06 -2.7379
9.25 5500.0 1.5342 -1.3976 0.9631 -0.2849 9.1008e-06 -2.4824
9.25 5750.0 1.4189 -1.1219 0.693 -0.188 1.16226e-05 -2.2501
9.25 6000.0 1.3128 -0.8537 0.4295 -0.0937 1.45392e-05 -2.038
9.25 6250.0 1.1815 -0.514 0.0931 0.027 1.78124e-05 -1.8437
9.25 6500.0 1.0107 -0.0771 -0.337 0.1805 2.13985e-05 -1.6652
9.25 7000.0 0.5565 1.0105 -1.3553 0.5287 2.94495e-05 -1.3489
9.25 7500.0 0.1832 1.8013 -2.0103 0.7252 3.85487e-05 -1.0778
9.25 8000.0 0.0286 2.0496 -2.1468 0.7398 4.86103e-05 -0.8432
9.25 8500.0 0.011 2.0408 -2.1121 0.7152 5.96673e-05 -0.6387
9.25 9000.0 0.0483 1.9905 -2.1238 0.7304 7.17663e-05 -0.4592
9.25 9500.0 0.1226 1.9223 -2.1857 0.7823 8.49587e-05 -0.3005
9.25 10000.0 0.2873 1.6499 -2.0727 0.7819 9.93315e-05 -0.1594
9.25 10500.0 0.5537 1.0689 -1.6187 0.6539 0.000114821 -0.0333
9.25 11000.0 0.8547 0.2788 -0.8685 0.399 0.000131238 0.0799
9.25 11500.0 1.0908 -0.4336 -0.1292 0.1311 0.00014792 0.1821
9.25 12000.0 1.2679 -1.008 0.4948 -0.1017 0.000164288 0.2747
9.25 12500.0 1.3887 -1.4296 0.9713 -0.2838 0.000180363 0.3589
9.25 13000.0 1.4492 -1.6848 1.2804 -0.4058 0.000196343 0.4358
9.25 13500.0 1.458 -1.7932 1.437 -0.4716 0.00021221 0.5062
9.25 14000.0 1.4316 -1.7961 1.4814 -0.4948 0.000227573 0.5709
9.25 14500.0 1.3882 -1.7432 1.4636 -0.4931 0.000241506 0.6305
9.25 15000.0 1.3388 -1.6657 1.4127 -0.4771 0.000253235 0.6856
9.25 15500.0 1.2878 -1.5803 1.3509 -0.4562 0.000264672 0.7367
9.25 16000.0 1.2357 -1.4936 1.2924 -0.4382 0.000277309 0.7842
9.25 16500.0 1.1793 -1.3962 1.2295 -0.4222 0.000291483 0.8283
9.25 17000.0 1.0991 -1.2283 1.0977 -0.3849 0.000306383 0.8696
9.25 20000.0 0.9555 -0.9284 0.8139 -0.2907 0.000405622 1.0683
9.25 25000.0 1.0062 -1.1567 1.0438 -0.3719 0.000602213 1.2821
9.25 30000.0 0.9124 -1.0397 0.8999 -0.3114 0.000865138 1.4175
9.25 35000.0 0.6568 -0.6057 0.4796 -0.1605 0.0011301 1.5105
9.25 40000.0 0.5071 -0.3833 0.288 -0.0965 0.00133779 1.5782
9.25 45000.0 0.4216 -0.2781 0.2091 -0.0725 0.00151197 1.6296
9.25 50000.0 0.3744 -0.237 0.1871 -0.0677 0.00166078 1.6699
9.25 55000.0 0.3414 -0.2155 0.1811 -0.0679 0.00180216 1.7023
9.25 60000.0 0.3199 -0.2123 0.1894 -0.0726 0.00193064 1.729
9.5 3750.0 1.5621 -1.3926 1.0089 -0.3162 1.84107e-06 -5.0093
9.5 4000.0 1.6585 -1.6714 1.309 -0.4291 2.2618e-06 -4.5104
9.5 4250.0 1.7326 -1.8877 1.5348 -0.5127 2.74842e-06 -4.0707
9.5 4500.0 1.7858 -2.0533 1.7071 -0.5768 3.39828e-06 -3.6807
9.5 4750.0 1.8159 -2.1574 1.8117 -0.6148 4.27207e-06 -3.3324
9.5 5000.0 1.8598 -2.1799 1.7806 -0.5909 5.33968e-06 -3.0198
9.5 5250.0 1.6558 -1.6632 1.2243 -0.3792 6.99769e-06 -2.7379
9.5 5500.0 1.5547 -1.4371 0.9993 -0.2974 9.11657e-06 -2.4824
9.5 5750.0 1.4461 -1.1831 0.7497 -0.2076 1.16386e-05 -2.2501
9.5 6000.0 1.347 -0.939 0.5108 -0.1222 1.45698e-05 -2.038
9.5 6250.0 1.2248 -0.6295 0.2064 -0.0135 1.78746e-05 -1.8437
9.5 6500.0 1.0796 -0.2578 -0.1601 0.1174 2.15134e-05 -1.6652
9.5 7000.0 0.6825 0.7094 -1.0808 0.4367 2.96509e-05 -1.3489
9.5 7500.0 0.2872 1.5764 -1.8284 0.6721 3.88219e-05 -1.0778
9.5 8000.0 0.0797 1.9479 -2.076 0.724 4.89099e-05 -0.8432
9.5 8500.0 0.0378 1.9677 -2.0402 0.6915 5.99325e-05 -0.6387
9.5 9000.0 0.0661 1.9073 -2.013 0.6855 7.19036e-05 -0.4592
9.5 9500.0 0.1257 1.8521 -2.066 0.7283 8.49062e-05 -0.3005
9.5 10000.0 0.2539 1.6666 -2.0319 0.7535 9.89506e-05 -0.1594
9.5 10500.0 0.4799 1.2138 -1.7233 0.6812 0.000114091 -0.0333
9.5 11000.0 0.7799 0.4687 -1.0489 0.4611 0.000130225 0.0799
9.5 11500.0 1.04 -0.2867 -0.2832 0.1882 0.000146878 0.1821
9.5 12000.0 1.2393 -0.9201 0.3947 -0.0623 0.000163383 0.2747
9.5 12500.0 1.3867 -1.4158 0.9443 -0.2702 0.000179576 0.3589
9.5 13000.0 1.4748 -1.7483 1.3309 -0.4202 0.000195631 0.4358
9.5 13500.0 1.5067 -1.9218 1.553 -0.51 0.000211683 0.5062
9.5 14000.0 1.4967 -1.97 1.6419 -0.5498 0.000227618 0.5709
9.5 14500.0 1.4619 -1.9388 1.6437 -0.556 0.000242987 0.6305
9.5 15000.0 1.4169 -1.8692 1.6011 -0.5441 0.000256998 0.6856
9.5 15500.0 1.3679 -1.7843 1.5368 -0.5225 0.000268538 0.7367
9.5 16000.0 1.3198 -1.6935 1.4641 -0.4972 0.000280314 0.7842
9.5 16500.0 1.2677 -1.5963 1.3878 -0.4713 0.000292614 0.8283
9.5 17000.0 1.2111 -1.492 1.3098 -0.4475 0.000305955 0.8696
9.5 20000.0 0.6597 -0.0561 0.0406 -0.101 0.000457622 1.0683
9.5 25000.0 1.0164 -1.1919 1.0783 -0.3835 0.000601296 1.2821
9.5 30000.0 0.9055 -1.0336 0.8948 -0.3094 0.000866602 1.4175
9.5 35000.0 0.6516 -0.6025 0.4796 -0.1609 0.00112968 1.5105
9.5 40000.0 0.5063 -0.3885 0.296 -0.0998 0.00133595 1.5782
9.5 45000.0 0.4219 -0.2845 0.2179 -0.076 0.00150958 1.6296
9.5 50000.0 0.3767 -0.2455 0.197 -0.0714 0.00165523 1.6699
9.5 55000.0 0.3449 -0.2259 0.1919 -0.0718 0.00179316 1.7023
9.5 60000.0 0.323 -0.2197 0.1966 -0.0751 0.00192372 1.729
9.5 65000.0 0.3593 -0.0384 -0.0466 0.0214 0.00237487 1.7513
9.5 70000.0 0.3239 0.0091 -0.0843 0.0334 0.00250535 1.7703
9.5 75000.0 0.2932 0.0493 -0.1158 0.0434 0.00263189 1.7865
9.5 80000.0 0.2666 0.0828 -0.1415 0.0516 0.0027557 1.8006
9.5 85000.0 0.2432 0.112 -0.164 0.0588 0.0028771 1.813
9.5 90000.0 0.2223 0.1373 -0.1834 0.065 0.00299645 1.8239
9.5 100000.0 0.1845 0.183 -0.2187 0.0764 0.00323052 1.8424
