log(g) Teff a1 a2 a3 a4 I1 beaming
5.0 3750.0 1.7552 -2.4062 1.9893 -0.657 3.45813e-06 -2.0559
5.0 4000.0 1.7452 -2.491 2.1234 -0.7162 4.36099e-06 -1.7515
5.0 4250.0 1.7311 -2.4833 2.1362 -0.7252 5.53248e-06 -1.485
5.0 4500.0 1.5986 -2.0508 1.6522 -0.537 7.00952e-06 -1.2501
5.0 4750.0 1.3102 -1.2339 0.8054 -0.2225 8.76626e-06 -1.0418
5.0 5000.0 0.7777 0.1576 -0.5653 0.2657 1.09326e-05 -0.8561
5.0 5250.0 0.2437 1.4472 -1.7661 0.6701 1.31177e-05 -0.6896
5.0 5500.0 -0.0937 2.1227 -2.2728 0.8036 1.5469e-05 -0.5397
5.0 5750.0 -0.2012 2.1564 -2.1036 0.6895 1.79754e-05 -0.4042
5.0 6000.0 -0.1804 1.8698 -1.6301 0.4744 2.06372e-05 -0.2812
5.0 6250.0 -0.1 1.4645 -1.0746 0.2423 2.34571e-05 -0.1692
5.0 6500.0 -0.002 1.0671 -0.5762 0.0444 2.64395e-05 -0.0668
5.0 7000.0 0.1457 0.5553 0.0102 -0.1768 3.297e-05 0.1135
5.0 7500.0 0.2131 0.3662 0.2021 -0.2511 4.03215e-05 0.2669
5.0 8000.0 0.2277 0.3854 0.135 -0.2259 4.83951e-05 0.3987
5.0 8500.0 0.2784 0.3627 0.0466 -0.1705 5.68048e-05 0.5129
5.0 9000.0 0.4608 -0.0775 0.3911 -0.2573 6.45778e-05 0.6128
5.0 9500.0 0.5684 -0.3075 0.4716 -0.2282 6.9707e-05 0.7008
5.0 10000.0 0.5888 -0.3259 0.4187 -0.1859 7.52936e-05 0.7788
5.0 10500.0 0.5698 -0.2608 0.3306 -0.1512 8.11607e-05 0.8483
5.0 11000.0 0.5771 -0.2747 0.3218 -0.1437 8.70316e-05 0.9107
5.0 11500.0 0.6131 -0.3812 0.4143 -0.1732 9.29909e-05 0.967
5.0 12000.0 0.5975 -0.3525 0.3789 -0.1594 9.87616e-05 1.0179
5.0 12500.0 0.6042 -0.3896 0.4134 -0.1711 0.000104679 1.0642
5.0 13000.0 0.6087 -0.4209 0.4437 -0.1817 0.000110622 1.1065
5.0 13500.0 0.5774 -0.3632 0.3818 -0.158 0.000116625 1.1452
5.0 14000.0 0.6163 -0.4772 0.4991 -0.2012 0.000122662 1.1809
5.0 14500.0 0.5388 -0.3039 0.3175 -0.1332 0.000128761 1.2137
5.0 15000.0 0.6244 -0.5308 0.5533 -0.2208 0.000134883 1.2441
5.0 15500.0 0.6264 -0.5506 0.5727 -0.2276 0.000141077 1.2723
5.0 16000.0 0.5511 -0.3787 0.3922 -0.1598 0.000147344 1.2985
5.0 16500.0 0.6365 -0.6012 0.6224 -0.2451 0.000153646 1.323
5.0 17000.0 0.6439 -0.631 0.652 -0.2557 0.000160039 1.3458
5.0 20000.0 0.7144 -0.8547 0.8713 -0.3333 0.000200069 1.4563
5.0 25000.0 0.9195 -1.3312 1.3032 -0.4781 0.000276177 1.5765
5.0 30000.0 0.924 -1.2521 1.1387 -0.4005 0.000382199 1.6535
5.0 35000.0 0.8528 -1.2326 1.1483 -0.4115 0.000508207 1.7069
5.0 40000.0 0.9405 -1.5539 1.5051 -0.5476 0.000605725 1.7462
5.0 45000.0 1.0498 -1.8668 1.8312 -0.6675 0.000687748 1.7762
5.0 50000.0 1.156 -2.1406 2.1065 -0.7667 0.000764014 1.7999
5.0 55000.0 1.2469 -2.3564 2.3162 -0.8406 0.000835494 1.819
5.0 60000.0 1.3241 -2.5261 2.4758 -0.8957 0.000905469 1.8348
5.25 3750.0 1.7817 -2.4751 2.0655 -0.6864 3.51541e-06 -2.0559
5.25 4000.0 1.7552 -2.5215 2.1581 -0.7298 4.40163e-06 -1.7515
5.25 4250.0 1.7368 -2.5097 2.1664 -0.737 5.55489e-06 -1.485
5.25 4500.0 1.6476 -2.2036 1.8182 -0.6003 7.00983e-06 -1.2501
5.25 4750.0 1.4034 -1.499 1.0744 -0.3211 8.75406e-06 -1.0418
5.25 5000.0 0.9445 -0.2731 -0.1509 0.1211 1.0941e-05 -0.8561
5.25 5250.0 0.4193 1.0343 -1.4001 0.5526 1.31235e-05 -0.6896
5.25 5500.0 0.013 1.9304 -2.1625 0.7869 1.54747e-05 -0.5397
5.25 5750.0 -0.1684 2.1842 -2.2365 0.7642 1.79796e-05 -0.4042
5.25 6000.0 -0.1973 2.0401 -1.9148 0.6038 2.06389e-05 -0.2812
5.25 6250.0 -0.15 1.7198 -1.4398 0.3972 2.3454e-05 -0.1692
5.25 6500.0 -0.0693 1.3484 -0.9467 0.194 2.64267e-05 -0.0668
5.25 7000.0 0.088 0.7576 -0.2323 -0.0859 3.29081e-05 0.1135
5.25 7500.0 0.1712 0.4967 0.0532 -0.1966 4.01779e-05 0.2669
5.25 8000.0 0.191 0.4836 0.0301 -0.1882 4.81911e-05 0.3987
5.25 8500.0 0.2189 0.5127 -0.0977 -0.1237 5.6669e-05 0.5129
5.25 9000.0 0.3516 0.2173 0.1098 -0.1698 6.4829e-05 0.6128
5.25 9500.0 0.4995 -0.1551 0.3769 -0.219 7.08598e-05 0.7008
5.25 10000.0 0.5479 -0.2366 0.346 -0.1657 7.57807e-05 0.7788
5.25 10500.0 0.5601 -0.2534 0.3306 -0.1523 8.16715e-05 0.8483
5.25 11000.0 0.5635 -0.2537 0.3077 -0.14 8.75294e-05 0.9107
5.25 11500.0 0.5704 -0.2745 0.3106 -0.1371 9.33533e-05 0.967
5.25 12000.0 0.5795 -0.3121 0.3391 -0.1451 9.91957e-05 1.0179
5.25 12500.0 0.5853 -0.3464 0.3695 -0.1549 0.000105082 1.0642
5.25 13000.0 0.5894 -0.3772 0.3995 -0.1655 0.000110995 1.1065
5.25 13500.0 0.5928 -0.4059 0.4279 -0.1755 0.000116974 1.1452
5.25 14000.0 0.5946 -0.429 0.4505 -0.1834 0.000122997 1.1809
5.25 14500.0 0.5975 -0.4543 0.4762 -0.1927 0.000129066 1.2137
5.25 15000.0 0.5985 -0.4733 0.4952 -0.1994 0.000135187 1.2441
5.25 15500.0 0.6029 -0.4997 0.522 -0.2091 0.000141356 1.2723
5.25 16000.0 0.6059 -0.5211 0.5429 -0.2164 0.000147597 1.2985
5.25 16500.0 0.6027 -0.526 0.5467 -0.2173 0.000153897 1.323
5.25 17000.0 0.615 -0.5682 0.5891 -0.2326 0.000160258 1.3458
5.25 20000.0 0.6526 -0.7139 0.728 -0.2804 0.000200144 1.4563
5.25 25000.0 0.8713 -1.2305 1.2038 -0.4421 0.000275715 1.5765
5.25 30000.0 0.874 -1.1545 1.0446 -0.3667 0.000379519 1.6535
5.25 35000.0 0.7517 -1.0201 0.9405 -0.3366 0.000503355 1.7069
5.25 40000.0 0.8027 -1.2708 1.2327 -0.4505 0.000599567 1.7462
5.25 45000.0 0.8925 -1.5528 1.5337 -0.5625 0.000679788 1.7762
5.25 50000.0 0.9861 -1.8117 1.7994 -0.6592 0.000753886 1.7999
5.25 55000.0 1.0717 -2.0296 2.0162 -0.7367 0.000822638 1.819
5.25 60000.0 1.149 -2.2138 2.1948 -0.7996 0.00088927 1.8348
5.5 3750.0 1.8157 -2.5566 2.152 -0.7191 3.58047e-06 -2.0559
5.5 4000.0 1.7664 -2.5499 2.1895 -0.7419 4.44816e-06 -1.7515
5.5 4250.0 1.7407 -2.5267 2.1854 -0.7444 5.58345e-06 -1.485
5.5 4500.0 1.678 -2.2999 1.9229 -0.6402 7.01517e-06 -1.2501
5.5 4750.0 1.4747 -1.7086 1.2913 -0.4015 8.7453e-06 -1.0418
5.5 5000.0 1.0869 -0.6496 0.2172 -0.0095 1.09573e-05 -0.8561
5.5 5250.0 0.5983 0.595 -0.9927 0.4155 1.31365e-05 -0.6896
5.5 5500.0 0.146 1.6511 -1.9482 0.7286 1.54874e-05 -0.5397
5.5 5750.0 -0.1118 2.1331 -2.2758 0.8025 1.79917e-05 -0.4042
5.5 6000.0 -0.1929 2.1398 -2.1168 0.7018 2.06487e-05 -0.2812
5.5 6250.0 -0.1768 1.9075 -1.7338 0.5275 2.3459e-05 -0.1692
5.5 6500.0 -0.1225 1.6007 -1.2988 0.3417 2.64246e-05 -0.0668
5.5 7000.0 0.0252 0.9951 -0.5313 0.0315 3.28624e-05 0.1135
5.5 7500.0 0.1228 0.661 -0.1445 -0.1209 4.00546e-05 0.2669
5.5 8000.0 0.1513 0.6016 -0.1038 -0.138 4.79964e-05 0.3987
5.5 8500.0 0.1654 0.6523 -0.2388 -0.0754 5.64909e-05 0.5129
5.5 9000.0 0.2786 0.425 -0.1041 -0.0973 6.49687e-05 0.6128
5.5 9500.0 0.4658 -0.0752 0.3313 -0.2206 7.20564e-05 0.7008
5.5 10000.0 0.559 -0.2881 0.4252 -0.2055 7.67828e-05 0.7788
5.5 10500.0 0.5511 -0.245 0.3293 -0.1533 8.22517e-05 0.8483
5.5 11000.0 0.5547 -0.245 0.3066 -0.1411 8.80999e-05 0.9107
5.5 11500.0 0.558 -0.2523 0.2942 -0.1327 9.39206e-05 0.967
5.5 12000.0 0.5659 -0.2828 0.3123 -0.1361 9.97206e-05 1.0179
5.5 12500.0 0.5706 -0.3123 0.3359 -0.1429 0.000105575 1.0642
5.5 13000.0 0.5734 -0.3395 0.3609 -0.1512 0.00011149 1.1065
5.5 13500.0 0.579 -0.3736 0.3948 -0.1633 0.000117421 1.1452
5.5 14000.0 0.5776 -0.3899 0.411 -0.169 0.000123429 1.1809
5.5 14500.0 0.5802 -0.4145 0.4358 -0.1778 0.000129488 1.2137
5.5 15000.0 0.5816 -0.4347 0.4559 -0.1849 0.000135595 1.2441
5.5 15500.0 0.5838 -0.4562 0.4775 -0.1926 0.000141765 1.2723
5.5 16000.0 0.5546 -0.3989 0.4171 -0.1698 0.000147995 1.2985
5.5 16500.0 0.5883 -0.4945 0.515 -0.2057 0.000154273 1.323
5.5 17000.0 0.5923 -0.5162 0.5358 -0.2128 0.000160637 1.3458
5.5 20000.0 0.6542 -0.7233 0.7392 -0.2847 0.000200415 1.4563
5.5 25000.0 0.8539 -1.1992 1.1748 -0.4319 0.000275674 1.5765
5.5 30000.0 0.833 -1.072 0.9646 -0.338 0.000377997 1.6535
5.5 35000.0 0.668 -0.8398 0.7625 -0.2721 0.000499867 1.7069
5.5 40000.0 0.6846 -1.0193 0.9867 -0.362 0.000594908 1.7462
5.5 45000.0 0.7528 -1.2617 1.2525 -0.4621 0.0006737 1.7762
5.5 50000.0 0.8308 -1.4942 1.4956 -0.5514 0.000746114 1.7999
5.5 55000.0 0.9064 -1.699 1.703 -0.6262 0.000812743 1.819
5.5 60000.0 0.9769 -1.8778 1.8797 -0.6891 0.000877033 1.8348
5.75 3750.0 1.8555 -2.6466 2.2461 -0.7545 3.6481e-06 -2.0559
5.75 4000.0 1.7795 -2.5789 2.2203 -0.7536 4.5008e-06 -1.7515
5.75 4250.0 1.7463 -2.5433 2.2033 -0.7512 5.6178e-06 -1.485
5.75 4500.0 1.7707 -2.5945 2.2611 -0.7736 7.03154e-06 -1.2501
5.75 4750.0 1.525 -1.8615 1.4526 -0.462 8.73985e-06 -1.0418
5.75 5000.0 1.2037 -0.9665 0.5313 -0.1223 1.09865e-05 -0.8561
5.75 5250.0 0.7691 0.1639 -0.5833 0.2747 1.31563e-05 -0.6896
5.75 5500.0 0.2986 1.3038 -1.6511 0.6367 1.55072e-05 -0.5397
5.75 5750.0 -0.0247 1.9838 -2.2002 0.7959 1.80129e-05 -0.4042
5.75 6000.0 -0.1578 2.1404 -2.2031 0.7551 2.06669e-05 -0.2812
5.75 6250.0 -0.1861 2.0356 -1.9567 0.6304 2.34701e-05 -0.1692
5.75 6500.0 -0.155 1.7957 -1.5931 0.4701 2.64306e-05 -0.0668
5.75 7000.0 -0.0346 1.2428 -0.8592 0.1651 3.28309e-05 0.1135
5.75 7500.0 0.0698 0.8557 -0.3896 -0.0237 3.99525e-05 0.2669
5.75 8000.0 0.1083 0.7434 -0.2745 -0.0716 4.78173e-05 0.3987
5.75 8500.0 0.1167 0.7897 -0.3879 -0.0211 5.62881e-05 0.5129
5.75 9000.0 0.205 0.6388 -0.3302 -0.018 6.49437e-05 0.6128
5.75 9500.0 0.3566 0.2338 0.0298 -0.1254 7.27318e-05 0.7008
5.75 10000.0 0.497 -0.1465 0.3329 -0.1947 7.81087e-05 0.7788
5.75 10500.0 0.5421 -0.2351 0.332 -0.1591 8.29641e-05 0.8483
5.75 11000.0 0.5488 -0.2426 0.3108 -0.1439 8.87124e-05 0.9107
5.75 11500.0 0.5499 -0.2412 0.2896 -0.1325 9.45419e-05 0.967
5.75 12000.0 0.5558 -0.2619 0.2952 -0.131 0.000100332 1.0179
5.75 12500.0 0.5592 -0.2858 0.3112 -0.1346 0.000106132 1.0642
5.75 13000.0 0.5628 -0.3138 0.3357 -0.1424 0.000112008 1.1065
5.75 13500.0 0.5643 -0.3372 0.3573 -0.1494 0.000117952 1.1452
5.75 14000.0 0.5657 -0.3602 0.38 -0.1574 0.000123947 1.1809
5.75 14500.0 0.5674 -0.3832 0.4036 -0.1659 0.000129996 1.2137
5.75 15000.0 0.5686 -0.4034 0.4238 -0.173 0.000136104 1.2441
5.75 15500.0 0.5698 -0.4223 0.4426 -0.1797 0.000142266 1.2723
5.75 16000.0 0.5713 -0.4407 0.4608 -0.1861 0.000148488 1.2985
5.75 16500.0 0.5739 -0.4606 0.4804 -0.1929 0.000154771 1.323
5.75 17000.0 0.5311 -0.3684 0.3832 -0.1562 0.000161133 1.3458
5.75 20000.0 0.6365 -0.6823 0.6975 -0.2694 0.000200859 1.4563
5.75 25000.0 0.8499 -1.1947 1.1716 -0.431 0.000275956 1.5765
5.75 30000.0 0.7999 -1.003 0.8966 -0.3133 0.000377326 1.6535
5.75 35000.0 0.6013 -0.6937 0.6173 -0.2193 0.000497476 1.7069
5.75 40000.0 0.5884 -0.8099 0.7799 -0.2872 0.000591292 1.7462
5.75 45000.0 0.6353 -1.0091 1.0049 -0.373 0.000668888 1.7762
5.75 50000.0 0.6975 -1.2122 1.2215 -0.4532 0.000739777 1.7999
5.75 55000.0 0.7607 -1.395 1.4098 -0.5217 0.000804857 1.819
5.75 60000.0 0.8222 -1.5606 1.576 -0.5813 0.000867361 1.8348
6.0 3750.0 1.9075 -2.7609 2.3627 -0.7977 3.72305e-06 -2.0559
6.0 4000.0 1.7956 -2.6119 2.2542 -0.7663 4.56006e-06 -1.7515
6.0 4250.0 1.7524 -2.5575 2.2179 -0.7567 5.65821e-06 -1.485
6.0 4500.0 1.7607 -2.5827 2.2519 -0.7708 7.0498e-06 -1.2501
6.0 4750.0 1.5726 -2.005 1.6063 -0.5201 8.7386e-06 -1.0418
6.0 5000.0 1.3004 -1.2329 0.7984 -0.2191 1.10117e-05 -0.8561
6.0 5250.0 0.925 -0.2374 -0.1965 0.1395 1.31877e-05 -0.6896
6.0 5500.0 0.4626 0.9126 -1.298 0.5212 1.55338e-05 -0.5397
6.0 5750.0 0.0875 1.7546 -2.0315 0.7526 1.80394e-05 -0.4042
6.0 6000.0 -0.1063 2.0846 -2.2208 0.7812 2.06911e-05 -0.2812
6.0 6250.0 -0.1716 2.0858 -2.0884 0.6985 2.34926e-05 -0.1692
6.0 6500.0 -0.167 1.9211 -1.8047 0.5669 2.64412e-05 -0.0668
6.0 7000.0 -0.0805 1.4605 -1.1652 0.2946 3.28146e-05 0.1135
6.0 7500.0 0.0174 1.0654 -0.6646 0.0883 3.98724e-05 0.2669
6.0 8000.0 0.065 0.9033 -0.4782 0.0106 4.76581e-05 0.3987
6.0 8500.0 0.073 0.9286 -0.5514 0.0422 5.60798e-05 0.5129
6.0 9000.0 0.1334 0.8538 -0.5665 0.0684 6.48362e-05 0.6128
6.0 9500.0 0.2834 0.4636 -0.2208 -0.0373 7.31119e-05 0.7008
6.0 10000.0 0.4607 -0.0483 0.2602 -0.1847 7.96415e-05 0.7788
6.0 10500.0 0.5257 -0.2088 0.3361 -0.1742 8.40841e-05 0.8483
6.0 11000.0 0.5436 -0.2387 0.3135 -0.1467 8.94253e-05 0.9107
6.0 11500.0 0.5454 -0.2388 0.2933 -0.1352 9.52162e-05 0.967
6.0 12000.0 0.5471 -0.2439 0.2811 -0.127 0.000101 1.0179
6.0 12500.0 0.5512 -0.2657 0.2926 -0.1285 0.000106801 1.0642
6.0 13000.0 0.5546 -0.2913 0.313 -0.1343 0.000112651 1.1065
6.0 13500.0 0.5566 -0.3156 0.3351 -0.1415 0.000118565 1.1452
6.0 14000.0 0.558 -0.3385 0.3574 -0.1492 0.000124548 1.1809
6.0 14500.0 0.5589 -0.3596 0.3785 -0.1566 0.00013059 1.2137
6.0 15000.0 0.5598 -0.3793 0.3982 -0.1635 0.000136692 1.2441
6.0 15500.0 0.56 -0.3958 0.4144 -0.1691 0.000142854 1.2723
6.0 16000.0 0.562 -0.4158 0.4345 -0.1762 0.000149077 1.2985
6.0 16500.0 0.5618 -0.4287 0.4466 -0.1802 0.000155366 1.323
6.0 17000.0 0.5667 -0.4535 0.4713 -0.1891 0.000161718 1.3458
6.0 20000.0 0.6227 -0.6475 0.661 -0.2557 0.000201454 1.4563
6.0 25000.0 0.8342 -1.1584 1.1347 -0.4176 0.000276509 1.5765
6.0 30000.0 0.7425 -0.8714 0.7628 -0.264 0.000377325 1.6535
6.0 35000.0 0.5492 -0.578 0.5016 -0.1771 0.000495898 1.7069
6.0 40000.0 0.5115 -0.639 0.6096 -0.2252 0.000588577 1.7462
6.0 45000.0 0.5392 -0.7977 0.7957 -0.2972 0.000665026 1.7762
6.0 50000.0 0.5872 -0.9726 0.9859 -0.3682 0.000734478 1.7999
6.0 55000.0 0.6385 -1.1329 1.1537 -0.4297 0.000798133 1.819
6.0 60000.0 0.6936 -1.29 1.3133 -0.4873 0.000863046 1.8348
6.0 65000.0 0.336 -0.3454 0.3697 -0.1479 0.0010287 1.8481
6.0 70000.0 0.3788 -0.4754 0.5042 -0.1968 0.00109401 1.8594
6.0 75000.0 0.4251 -0.6053 0.6363 -0.2446 0.00115935 1.8692
6.0 80000.0 0.4731 -0.7324 0.7636 -0.2903 0.00122483 1.8777
6.0 85000.0 0.522 -0.8562 0.8867 -0.3345 0.0012906 1.8851
6.0 90000.0 0.5698 -0.972 0.9999 -0.3748 0.00135682 1.8917
6.0 100000.0 0.6616 -1.1882 1.2109 -0.4498 0.00149182 1.9029
6.25 3750.0 1.9719 -2.8997 2.5021 -0.8488 3.80275e-06 -2.0559
6.25 4000.0 1.8161 -2.652 2.2945 -0.7812 4.62597e-06 -1.7515
6.25 4250.0 1.762 -2.5766 2.2369 -0.7637 5.70429e-06 -1.485
6.25 4500.0 1.7524 -2.5681 2.2373 -0.7655 7.07427e-06 -1.2501
6.25 4750.0 1.6139 -2.1279 1.7384 -0.5701 8.74145e-06 -1.0418
6.25 5000.0 1.3497 -1.3728 0.9362 -0.2687 1.10517e-05 -0.8561
6.25 5250.0 1.0546 -0.5804 0.14 0.0199 1.32177e-05 -0.6896
6.25 5500.0 0.6284 0.503 -0.9151 0.3915 1.55674e-05 -0.5397
6.25 5750.0 0.2198 1.462 -1.7899 0.6808 1.80733e-05 -0.4042
6.25 6000.0 -0.0378 1.9759 -2.1785 0.7843 2.07239e-05 -0.2812
6.25 6250.0 -0.1436 2.0871 -2.1591 0.742 2.35194e-05 -0.1692
6.25 6500.0 -0.1714 2.0155 -1.9756 0.6471 2.64612e-05 -0.0668
6.25 7000.0 -0.1123 1.6334 -1.4201 0.405 3.28061e-05 0.1135
6.25 7500.0 -0.0284 1.2681 -0.9436 0.2055 3.9809e-05 0.2669
6.25 8000.0 0.023 1.0749 -0.7075 0.1058 4.75178e-05 0.3987
6.25 8500.0 0.0337 1.0728 -0.7355 0.1172 5.5875e-05 0.5129
6.25 9000.0 0.0716 1.0506 -0.7942 0.1554 6.46626e-05 0.6128
6.25 9500.0 0.209 0.7111 -0.5057 0.0692 7.32652e-05 0.7008
6.25 10000.0 0.3514 0.288 -0.089 -0.0675 8.06711e-05 0.7788
6.25 10500.0 0.4837 -0.1012 0.2608 -0.1652 8.57037e-05 0.8483
6.25 11000.0 0.5352 -0.2249 0.3136 -0.1532 9.03575e-05 0.9107
6.25 11500.0 0.5424 -0.2367 0.2957 -0.1373 9.59775e-05 0.967
6.25 12000.0 0.5436 -0.2388 0.2804 -0.1281 0.000101757 1.0179
6.25 12500.0 0.5465 -0.2527 0.2814 -0.1253 0.000107549 1.0642
6.25 13000.0 0.5491 -0.2734 0.2945 -0.1279 0.000113378 1.1065
6.25 13500.0 0.5512 -0.2967 0.3147 -0.1341 0.000119267 1.1452
6.25 14000.0 0.5524 -0.3188 0.3355 -0.141 0.000125231 1.1809
6.25 14500.0 0.553 -0.3391 0.3555 -0.1479 0.000131261 1.2137
6.25 15000.0 0.554 -0.3594 0.3759 -0.1551 0.000137358 1.2441
6.25 15500.0 0.553 -0.3739 0.3906 -0.1603 0.000143521 1.2723
6.25 16000.0 0.5552 -0.3942 0.4108 -0.1673 0.000149748 1.2985
6.25 16500.0 0.5566 -0.4113 0.4275 -0.1731 0.000156039 1.323
6.25 17000.0 0.5591 -0.4301 0.4453 -0.1791 0.000162403 1.3458
6.25 20000.0 0.6165 -0.6286 0.6406 -0.2482 0.000202174 1.4563
6.25 25000.0 0.8224 -1.1281 1.1028 -0.4057 0.000277268 1.5765
6.25 30000.0 0.7519 -0.899 0.7928 -0.2756 0.000377762 1.6535
6.25 35000.0 0.5098 -0.4895 0.4128 -0.1446 0.00049499 1.7069
6.25 40000.0 0.4515 -0.5041 0.4746 -0.176 0.000586582 1.7462
6.25 45000.0 0.4635 -0.6289 0.6276 -0.2361 0.00066194 1.7762
6.25 50000.0 0.4995 -0.7798 0.7952 -0.2992 0.00073182 1.7999
6.25 55000.0 0.5411 -0.9215 0.9456 -0.3546 0.0007954 1.819
6.25 60000.0 0.5839 -1.0517 1.0796 -0.4032 0.000855703 1.8348
6.5 3750.0 2.0501 -3.0665 2.6686 -0.9096 3.88616e-06 -2.0559
6.5 4000.0 1.8422 -2.703 2.3451 -0.7998 4.69892e-06 -1.7515
6.5 4250.0 1.7724 -2.5951 2.2546 -0.7701 5.75728e-06 -1.485
6.5 4500.0 1.7485 -2.5594 2.2277 -0.7619 7.10559e-06 -1.2501
6.5 4750.0 1.6434 -2.2138 1.8296 -0.6045 8.74935e-06 -1.0418
6.5 5000.0 1.4174 -1.5739 1.1499 -0.3489 1.10903e-05 -0.8561
6.5 5250.0 1.1624 -0.8728 0.4313 -0.085 1.32688e-05 -0.6896
6.5 5500.0 0.785 0.1059 -0.5356 0.26 1.56093e-05 -0.5397
6.5 5750.0 0.3691 1.1131 -1.4813 0.5819 1.81172e-05 -0.4042
6.5 6000.0 0.0543 1.7987 -2.0605 0.7589 2.07678e-05 -0.2812
6.5 6250.0 -0.1038 2.0511 -2.1865 0.7688 2.35623e-05 -0.1692
6.5 6500.0 -0.1509 2.0292 -2.0521 0.6909 2.64954e-05 -0.0668
6.5 7000.0 -0.1277 1.7529 -1.6131 0.4922 3.28148e-05 0.1135
6.5 7500.0 -0.0588 1.4317 -1.1856 0.3111 3.97706e-05 0.2669
6.5 8000.0 -0.0128 1.2425 -0.9447 0.2077 4.74023e-05 0.3987
6.5 8500.0 0.001 1.2161 -0.9343 0.2022 5.56915e-05 0.5129
6.5 9000.0 0.0232 1.2237 -1.01 0.2422 6.44688e-05 0.6128
6.5 9500.0 0.1375 0.9605 -0.8042 0.185 7.32946e-05 0.7008
6.5 10000.0 0.2823 0.5351 -0.3805 0.0415 8.12661e-05 0.7788
6.5 10500.0 0.4114 0.1264 0.0329 -0.0941 8.74825e-05 0.8483
6.5 11000.0 0.5108 -0.1623 0.2748 -0.1529 9.18013e-05 0.9107
6.5 11500.0 0.5377 -0.2257 0.2891 -0.1373 9.68778e-05 0.967
6.5 12000.0 0.5424 -0.2359 0.2793 -0.1283 0.000102595 1.0179
6.5 12500.0 0.5436 -0.2427 0.2721 -0.1225 0.000108382 1.0642
6.5 13000.0 0.5378 -0.2395 0.2592 -0.1153 0.000114201 1.1065
6.5 13500.0 0.549 -0.2828 0.2982 -0.128 0.000120067 1.1452
6.5 14000.0 0.5488 -0.3002 0.3129 -0.1322 0.000126008 1.1809
6.5 14500.0 0.55 -0.3226 0.3355 -0.1402 0.000132024 1.2137
6.5 15000.0 0.5508 -0.342 0.3545 -0.1466 0.000138116 1.2441
6.5 15500.0 0.5499 -0.357 0.3696 -0.1519 0.000144277 1.2723
6.5 16000.0 0.5512 -0.3756 0.3881 -0.1583 0.000150507 1.2985
6.5 16500.0 0.5527 -0.3933 0.4056 -0.1645 0.000156807 1.323
6.5 17000.0 0.5547 -0.4116 0.4239 -0.1709 0.000163177 1.3458
6.5 20000.0 0.6119 -0.6099 0.6185 -0.2395 0.000203023 1.4563
6.5 25000.0 0.8162 -1.1087 1.0814 -0.3977 0.000278229 1.5765
6.5 30000.0 0.7361 -0.863 0.7563 -0.2622 0.000378609 1.6535
6.5 35000.0 0.4798 -0.4213 0.344 -0.1195 0.000494591 1.7069
6.5 40000.0 0.4053 -0.3981 0.3676 -0.1368 0.000585126 1.7462
6.5 45000.0 0.405 -0.4957 0.4937 -0.1873 0.000659539 1.7762
6.5 50000.0 0.4295 -0.6216 0.6372 -0.2418 0.000727988 1.7999
6.5 55000.0 0.4615 -0.7429 0.768 -0.2902 0.000790123 1.819
6.5 60000.0 0.4961 -0.8569 0.8869 -0.3336 0.000849118 1.8348
6.5 65000.0 0.1211 0.1586 -0.1424 0.0398 0.0010069 1.8481
6.5 70000.0 0.1313 0.0942 -0.0682 0.0116 0.00106734 1.8594
6.5 75000.0 0.1472 0.0241 0.0085 -0.0168 0.00112736 1.8692
6.5 80000.0 0.1684 -0.0531 0.0911 -0.0473 0.0011872 1.8777
6.5 85000.0 0.192 -0.1303 0.1715 -0.0766 0.00124701 1.8851
6.5 90000.0 0.2185 -0.2102 0.2538 -0.1065 0.00130693 1.8917
6.5 100000.0 0.271 -0.3624 0.4089 -0.1625 0.00142778 1.9029
6.75 3750.0 2.1408 -3.2561 2.8551 -0.977 3.9726e-06 -2.0559
6.75 4000.0 1.8756 -2.7688 2.41 -0.8233 4.77862e-06 -1.7515
6.75 4250.0 1.7856 -2.6175 2.2758 -0.7777 5.81692e-06 -1.485
6.75 4500.0 1.7532 -2.5682 2.2357 -0.7647 7.14361e-06 -1.2501
6.75 4750.0 1.7627 -2.549 2.1979 -0.7463 8.76692e-06 -1.0418
6.75 5000.0 1.4513 -1.6772 1.2584 -0.3894 1.11347e-05 -0.8561
6.75 5250.0 1.2514 -1.1154 0.6744 -0.1729 1.33109e-05 -0.6896
6.75 5500.0 0.9227 -0.2496 -0.1916 0.1392 1.56599e-05 -0.5397
6.75 5750.0 0.5251 0.7364 -1.1362 0.4671 1.81691e-05 -0.4042
6.75 6000.0 0.1742 1.537 -1.8478 0.6967 2.08227e-05 -0.2812
6.75 6250.0 -0.0362 1.9339 -2.125 0.7624 2.36119e-05 -0.1692
6.75 6500.0 -0.1295 2.0347 -2.1147 0.7283 2.65392e-05 -0.0668
6.75 7000.0 -0.1347 1.8336 -1.7522 0.5565 3.28308e-05 0.1135
6.75 7500.0 -0.0809 1.5618 -1.3839 0.3989 3.97399e-05 0.2669
6.75 8000.0 -0.0363 1.3802 -1.1553 0.3016 4.73103e-05 0.3987
6.75 8500.0 -0.0238 1.3474 -1.1291 0.2884 5.55224e-05 0.5129
6.75 9000.0 -0.0094 1.3658 -1.2054 0.3256 6.42697e-05 0.6128
6.75 9500.0 0.077 1.1888 -1.0915 0.3009 7.32198e-05 0.7008
6.75 10000.0 0.2208 0.775 -0.6813 0.1604 8.16281e-05 0.7788
6.75 10500.0 0.3367 0.3983 -0.283 0.0216 8.87874e-05 0.8483
6.75 11000.0 0.4572 0.009 0.1086 -0.1046 9.37638e-05 0.9107
6.75 11500.0 0.5219 -0.1777 0.2511 -0.1315 9.81482e-05 0.967
6.75 12000.0 0.5398 -0.2238 0.2661 -0.1239 0.00010353 1.0179
6.75 12500.0 0.5441 -0.2381 0.2657 -0.1198 0.000109296 1.0642
6.75 13000.0 0.546 -0.2516 0.2693 -0.1188 0.000115102 1.1065
6.75 13500.0 0.5471 -0.2667 0.2774 -0.1197 0.000120963 1.1452
6.75 14000.0 0.5485 -0.2876 0.2957 -0.1254 0.000126881 1.1809
6.75 14500.0 0.5485 -0.3055 0.3124 -0.1308 0.000132879 1.2137
6.75 15000.0 0.5497 -0.3271 0.3345 -0.1386 0.000138959 1.2441
6.75 15500.0 0.55 -0.345 0.3523 -0.1447 0.000145116 1.2723
6.75 16000.0 0.5505 -0.362 0.3695 -0.1508 0.000151347 1.2985
6.75 16500.0 0.5525 -0.3816 0.3894 -0.1579 0.000157651 1.323
6.75 17000.0 0.553 -0.396 0.4029 -0.1623 0.000164033 1.3458
6.75 20000.0 0.6103 -0.5963 0.6009 -0.2326 0.000203972 1.4563
6.75 25000.0 0.8101 -1.0869 1.0563 -0.388 0.000279354 1.5765
6.75 30000.0 0.702 -0.7823 0.6739 -0.232 0.000379786 1.6535
6.75 35000.0 0.4583 -0.3712 0.293 -0.1007 0.000494612 1.7069
6.75 40000.0 0.3718 -0.3196 0.2877 -0.1074 0.000584128 1.7462
6.75 45000.0 0.3601 -0.3916 0.3886 -0.1488 0.000657625 1.7762
6.75 50000.0 0.3758 -0.4982 0.5131 -0.1965 0.000725098 1.7999
6.75 55000.0 0.3989 -0.6026 0.6286 -0.2397 0.000786865 1.819
6.75 60000.0 0.4273 -0.7012 0.732 -0.2774 0.000843513 1.8348
7.0 3750.0 2.2422 -3.4636 3.0566 -1.0494 4.06102e-06 -2.0559
7.0 4000.0 1.9186 -2.855 2.4951 -0.8544 4.86448e-06 -1.7515
7.0 4250.0 1.8017 -2.645 2.3021 -0.7871 5.88367e-06 -1.485
7.0 4500.0 1.7578 -2.5741 2.2402 -0.7661 7.18881e-06 -1.2501
7.0 4750.0 1.7841 -2.64 2.312 -0.7933 8.7913e-06 -1.0418
7.0 5000.0 1.4812 -1.7679 1.3543 -0.4253 1.11802e-05 -0.8561
7.0 5250.0 1.3028 -1.269 0.8341 -0.2323 1.33664e-05 -0.6896
7.0 5500.0 1.0462 -0.5735 0.1263 0.0263 1.57224e-05 -0.5397
7.0 5750.0 0.6786 0.3551 -0.777 0.3443 1.82309e-05 -0.4042
7.0 6000.0 0.3111 1.2227 -1.575 0.611 2.08866e-05 -0.2812
7.0 6250.0 0.0485 1.7696 -2.0141 0.7377 2.36753e-05 -0.1692
7.0 6500.0 -0.0832 1.9683 -2.0995 0.737 2.65988e-05 -0.0668
7.0 7000.0 -0.1283 1.8678 -1.8346 0.5985 3.28672e-05 0.1135
7.0 7500.0 -0.0878 1.6383 -1.5168 0.461 3.97337e-05 0.2669
7.0 8000.0 -0.0516 1.4869 -1.3268 0.3799 4.72415e-05 0.3987
7.0 8500.0 -0.036 1.4484 -1.2972 0.3666 5.53842e-05 0.5129
7.0 9000.0 -0.0251 1.472 -1.3745 0.4033 6.40812e-05 0.6128
7.0 9500.0 0.0362 1.3689 -1.3369 0.405 7.30852e-05 0.7008
7.0 10000.0 0.1702 0.9966 -0.9768 0.2826 8.18253e-05 0.7788
7.0 10500.0 0.285 0.6256 -0.5804 0.1408 8.95627e-05 0.8483
7.0 11000.0 0.3848 0.2786 -0.2028 0.0084 9.5778e-05 0.9107
7.0 11500.0 0.4822 -0.0422 0.116 -0.092 0.000100056 0.967
7.0 12000.0 0.5293 -0.1816 0.2224 -0.1115 0.000104749 1.0179
7.0 12500.0 0.5451 -0.2291 0.2514 -0.114 0.00011031 1.0642
7.0 13000.0 0.5494 -0.2486 0.2612 -0.1147 0.000116112 1.1065
7.0 13500.0 0.5511 -0.2651 0.2716 -0.117 0.000121945 1.1452
7.0 14000.0 0.5521 -0.2816 0.2831 -0.1196 0.000127851 1.1809
7.0 14500.0 0.5498 -0.2935 0.2932 -0.1225 0.000133848 1.2137
7.0 15000.0 0.5492 -0.3103 0.31 -0.1283 0.000139914 1.2441
7.0 15500.0 0.5521 -0.3346 0.3346 -0.1369 0.000146058 1.2723
7.0 16000.0 0.5532 -0.354 0.3548 -0.1442 0.000152286 1.2985
7.0 16500.0 0.5542 -0.371 0.3715 -0.1499 0.000158597 1.323
7.0 17000.0 0.554 -0.3849 0.3857 -0.155 0.000164984 1.3458
7.0 20000.0 0.6141 -0.5924 0.5911 -0.2278 0.000205035 1.4563
7.0 25000.0 0.8086 -1.0742 1.0394 -0.3811 0.00028066 1.5765
7.0 30000.0 0.7138 -0.8079 0.6984 -0.2407 0.000381221 1.6535
7.0 35000.0 0.4403 -0.3288 0.2498 -0.0847 0.000495003 1.7069
7.0 40000.0 0.3458 -0.258 0.2249 -0.0843 0.000583535 1.7462
7.0 45000.0 0.328 -0.3157 0.3113 -0.1204 0.000656224 1.7762
7.0 50000.0 0.3349 -0.4024 0.4162 -0.161 0.000722539 1.7999
7.0 55000.0 0.3522 -0.4912 0.5154 -0.1982 0.00078171 1.819
7.0 60000.0 0.3737 -0.5775 0.6078 -0.2321 0.000838149 1.8348
7.0 65000.0 0.0101 0.4408 -0.4378 0.1498 0.00099212 1.8481
7.0 70000.0 -0.0039 0.4299 -0.4154 0.1399 0.00104888 1.8594
7.0 75000.0 -0.0123 0.413 -0.3902 0.13 0.00110494 1.8692
7.0 80000.0 -0.0141 0.3843 -0.3534 0.1155 0.00116055 1.8777
7.0 85000.0 -0.0119 0.3508 -0.314 0.1005 0.00121599 1.8851
7.0 90000.0 -0.0059 0.3126 -0.2712 0.0847 0.00127132 1.8917
7.0 100000.0 0.0081 0.235 -0.1843 0.0521 0.00138232 1.9029
7.25 3750.0 2.3517 -3.6806 3.2635 -1.1229 4.14895e-06 -2.0559
7.25 4000.0 1.9721 -2.9629 2.6011 -0.8927 4.95559e-06 -1.7515
7.25 4250.0 1.8212 -2.6787 2.3342 -0.7987 5.9575e-06 -1.485
7.25 4500.0 1.7666 -2.5875 2.2521 -0.7702 7.24084e-06 -1.2501
7.25 4750.0 1.7588 -2.5831 2.2549 -0.7726 8.8193e-06 -1.0418
7.25 5000.0 1.5164 -1.8668 1.4579 -0.4639 1.12269e-05 -0.8561
7.25 5250.0 1.362 -1.4342 1.0034 -0.2943 1.34243e-05 -0.6896
7.25 5500.0 1.1339 -0.8147 0.3689 -0.0617 1.57865e-05 -0.5397
7.25 5750.0 0.8189 -0.0002 -0.437 0.2263 1.83015e-05 -0.4042
7.25 6000.0 0.4574 0.8764 -1.2631 0.5089 2.09608e-05 -0.2812
7.25 6250.0 0.1532 1.5505 -1.8459 0.692 2.37505e-05 -0.1692
7.25 6500.0 -0.0259 1.8744 -2.0577 0.7365 2.66699e-05 -0.0668
7.25 7000.0 -0.1196 1.8885 -1.8966 0.6316 3.29182e-05 0.1135
7.25 7500.0 -0.0908 1.6891 -1.6098 0.5053 3.974e-05 0.2669
7.25 8000.0 -0.0563 1.5501 -1.4407 0.4343 4.71787e-05 0.3987
7.25 8500.0 -0.0417 1.5219 -1.4289 0.4298 5.52471e-05 0.5129
7.25 9000.0 -0.0288 1.544 -1.5072 0.4678 6.38844e-05 0.6128
7.25 9500.0 0.0226 1.4754 -1.5088 0.4842 7.291e-05 0.7008
7.25 10000.0 0.1377 1.175 -1.235 0.3947 8.18654e-05 0.7788
7.25 10500.0 0.2538 0.806 -0.8424 0.253 9.00524e-05 0.8483
7.25 11000.0 0.3365 0.513 -0.5156 0.1344 9.71404e-05 0.9107
7.25 11500.0 0.425 0.1898 -0.1588 0.0088 0.000102372 0.967
7.25 12000.0 0.5012 -0.0667 0.0953 -0.0701 0.000106538 1.0179
7.25 12500.0 0.5394 -0.1891 0.1998 -0.0952 0.000111511 1.0642
7.25 13000.0 0.5548 -0.2441 0.2464 -0.1073 0.000117175 1.1065
7.25 13500.0 0.5595 -0.2706 0.2692 -0.1144 0.000123013 1.1452
7.25 14000.0 0.5598 -0.2862 0.2811 -0.1175 0.000128908 1.1809
7.25 14500.0 0.5606 -0.3034 0.2957 -0.1219 0.000134888 1.2137
7.25 15000.0 0.5619 -0.3237 0.3152 -0.1285 0.000140936 1.2441
7.25 15500.0 0.5599 -0.3364 0.3284 -0.133 0.000147072 1.2723
7.25 16000.0 0.5598 -0.353 0.3456 -0.1392 0.000153292 1.2985
7.25 16500.0 0.5595 -0.3676 0.3604 -0.1444 0.000159601 1.323
7.25 17000.0 0.5621 -0.3877 0.3805 -0.1514 0.000165996 1.3458
7.25 20000.0 0.6199 -0.5925 0.585 -0.2244 0.000206147 1.4563
7.25 25000.0 0.8087 -1.0642 1.0248 -0.3749 0.000282069 1.5765
7.25 30000.0 0.7067 -0.789 0.6779 -0.2329 0.000382859 1.6535
7.25 35000.0 0.4343 -0.3136 0.2336 -0.0786 0.000495621 1.7069
7.25 40000.0 0.3309 -0.2209 0.1863 -0.0699 0.00058321 1.7462
7.25 45000.0 0.3037 -0.2562 0.25 -0.0977 0.000655117 1.7762
7.25 50000.0 0.3051 -0.3298 0.3417 -0.1335 0.000719997 1.7999
7.25 55000.0 0.3172 -0.4072 0.4297 -0.1667 0.000778443 1.819
7.25 60000.0 0.334 -0.4838 0.5129 -0.1974 0.000834783 1.8348
7.5 3750.0 2.4651 -3.8931 3.4597 -1.191 4.23763e-06 -2.0559
7.5 4000.0 2.0362 -3.0924 2.7278 -0.9386 5.05138e-06 -1.7515
7.5 4250.0 1.8456 -2.7222 2.3761 -0.8138 6.0389e-06 -1.485
7.5 4500.0 1.7773 -2.6031 2.2659 -0.775 7.30068e-06 -1.2501
7.5 4750.0 1.7589 -2.5802 2.2505 -0.7708 8.85429e-06 -1.0418
7.5 5000.0 1.5529 -1.9646 1.5595 -0.5017 1.12772e-05 -0.8561
7.5 5250.0 1.3955 -1.5346 1.1094 -0.3339 1.34834e-05 -0.6896
7.5 5500.0 1.2135 -1.0317 0.5881 -0.1413 1.58614e-05 -0.5397
7.5 5750.0 0.9417 -0.3187 -0.126 0.1161 1.83836e-05 -0.4042
7.5 6000.0 0.6044 0.5183 -0.931 0.3969 2.10469e-05 -0.2812
7.5 6250.0 0.2781 1.273 -1.6135 0.6215 2.38399e-05 -0.1692
7.5 6500.0 0.0499 1.7335 -1.9698 0.7199 2.67611e-05 -0.0668
7.5 7000.0 -0.1 1.8772 -1.9231 0.6513 3.29839e-05 0.1135
7.5 7500.0 -0.0904 1.7185 -1.6693 0.5346 3.97717e-05 0.2669
7.5 8000.0 -0.0555 1.5831 -1.5101 0.4692 4.71467e-05 0.3987
7.5 8500.0 -0.0376 1.5556 -1.5079 0.471 5.51445e-05 0.5129
7.5 9000.0 -0.0215 1.5779 -1.5938 0.514 6.37211e-05 0.6128
7.5 9500.0 0.0228 1.5393 -1.6336 0.546 7.27156e-05 0.7008
7.5 10000.0 0.1323 1.2753 -1.4106 0.4776 8.1827e-05 0.7788
7.5 10500.0 0.2495 0.915 -1.0352 0.3428 9.03846e-05 0.8483
7.5 11000.0 0.3269 0.6449 -0.7349 0.2325 9.79892e-05 0.9107
7.5 11500.0 0.3914 0.3968 -0.4496 0.1283 0.000104438 0.967
7.5 12000.0 0.4641 0.1166 -0.136 0.0172 0.000108963 1.0179
7.5 12500.0 0.5221 -0.0911 0.076 -0.0502 0.000113265 1.0642
7.5 13000.0 0.5554 -0.2103 0.1914 -0.0843 0.00011845 1.1065
7.5 13500.0 0.5702 -0.2726 0.2551 -0.1056 0.000124187 1.1452
7.5 14000.0 0.5743 -0.3031 0.2872 -0.1172 0.000130078 1.1809
7.5 14500.0 0.5739 -0.3198 0.3038 -0.123 0.000136027 1.2137
7.5 15000.0 0.5728 -0.3341 0.3181 -0.1281 0.000142022 1.2441
7.5 15500.0 0.5639 -0.3295 0.3129 -0.1257 0.000148212 1.2723
7.5 16000.0 0.5619 -0.3416 0.3259 -0.1303 0.000154425 1.2985
7.5 16500.0 0.5645 -0.3635 0.3483 -0.1383 0.000160728 1.323
7.5 17000.0 0.5675 -0.3851 0.3703 -0.1462 0.000167122 1.3458
7.5 20000.0 0.6295 -0.6009 0.5869 -0.2238 0.000207372 1.4563
7.5 25000.0 0.8165 -1.0712 1.0265 -0.3745 0.000283643 1.5765
7.5 30000.0 0.7018 -0.7751 0.6626 -0.2271 0.000384746 1.6535
7.5 35000.0 0.4244 -0.289 0.2081 -0.0691 0.000496533 1.7069
7.5 40000.0 0.3182 -0.1882 0.1517 -0.0569 0.000583218 1.7462
7.5 45000.0 0.2822 -0.2026 0.1943 -0.077 0.000654416 1.7762
7.5 50000.0 0.2833 -0.2755 0.2855 -0.1128 0.000718545 1.7999
7.5 55000.0 0.2912 -0.3438 0.3647 -0.1427 0.00077653 1.819
7.5 60000.0 0.3037 -0.4097 0.4372 -0.1696 0.000830679 1.8348
7.5 65000.0 -0.1193 0.651 -0.6404 0.2243 0.000933293 1.8481
7.5 70000.0 -0.1464 0.6769 -0.6585 0.2301 0.00098571 1.8594
7.5 75000.0 -0.1669 0.6915 -0.6657 0.2317 0.00103706 1.8692
7.5 80000.0 -0.1835 0.7014 -0.6699 0.2326 0.00108741 1.8777
7.5 85000.0 -0.1953 0.7027 -0.6659 0.2305 0.0011377 1.8851
7.5 90000.0 -0.2026 0.6951 -0.6526 0.2248 0.00118756 1.8917
7.5 100000.0 -0.2174 0.6867 -0.6363 0.2182 0.00128719 1.9029
7.75 3750.0 2.5742 -4.0848 3.6304 -1.249 4.32187e-06 -2.0559
7.75 4000.0 2.1128 -3.247 2.8784 -0.9928 5.15092e-06 -1.7515
7.75 4250.0 1.876 -2.7782 2.43 -0.8332 6.12729e-06 -1.485
7.75 4500.0 1.7903 -2.6223 2.2833 -0.7811 7.36857e-06 -1.2501
7.75 4750.0 1.7636 -2.5856 2.2543 -0.7719 8.89688e-06 -1.0418
7.75 5000.0 1.5953 -2.0737 1.6723 -0.5435 1.13326e-05 -0.8561
7.75 5250.0 1.4193 -1.6069 1.1855 -0.3624 1.35421e-05 -0.6896
7.75 5500.0 1.2619 -1.1732 0.7352 -0.1958 1.59369e-05 -0.5397
7.75 5750.0 1.0408 -0.5829 0.1366 0.022 1.84746e-05 -0.4042
7.75 6000.0 0.7426 0.1732 -0.6033 0.2839 2.11455e-05 -0.2812
7.75 6250.0 0.4161 0.9516 -1.3283 0.5295 2.39459e-05 -0.1692
7.75 6500.0 0.1531 1.5157 -1.7996 0.6726 2.68651e-05 -0.0668
7.75 7000.0 -0.0698 1.8407 -1.9264 0.6634 3.30747e-05 0.1135
7.75 7500.0 -0.0799 1.7158 -1.6918 0.5498 3.98162e-05 0.2669
7.75 8000.0 -0.052 1.5945 -1.5443 0.4881 4.71386e-05 0.3987
7.75 8500.0 -0.0328 1.5688 -1.55 0.4948 5.50606e-05 0.5129
7.75 9000.0 -0.0167 1.6013 -1.6548 0.547 6.35567e-05 0.6128
7.75 9500.0 0.0393 1.5457 -1.6882 0.5798 7.2529e-05 0.7008
7.75 10000.0 0.1399 1.3305 -1.5325 0.5396 8.17083e-05 0.7788
7.75 10500.0 0.2648 0.9659 -1.1646 0.4098 9.05659e-05 0.8483
7.75 11000.0 0.3514 0.6767 -0.8492 0.294 9.85913e-05 0.9107
7.75 11500.0 0.4085 0.4655 -0.6088 0.2057 0.000105734 0.967
7.75 12000.0 0.459 0.2509 -0.354 0.1114 0.00011151 1.0179
7.75 12500.0 0.5109 0.0302 -0.1008 0.0207 0.000115724 1.0642
7.75 13000.0 0.5534 -0.1396 0.0814 -0.0397 0.000120214 1.1065
7.75 13500.0 0.5806 -0.253 0.2043 -0.081 0.00012555 1.1452
7.75 14000.0 0.5932 -0.3191 0.2816 -0.1099 0.000131341 1.1809
7.75 14500.0 0.5954 -0.3508 0.3215 -0.1261 0.000137291 1.2137
7.75 15000.0 0.5934 -0.3655 0.3395 -0.1335 0.000143355 1.2441
7.75 15500.0 0.5898 -0.3751 0.3506 -0.1377 0.000149406 1.2723
7.75 16000.0 0.5896 -0.3903 0.3664 -0.1433 0.000155664 1.2985
7.75 16500.0 0.5887 -0.4042 0.3813 -0.1487 0.00016196 1.323
7.75 17000.0 0.5929 -0.4284 0.4059 -0.1575 0.00016835 1.3458
7.75 20000.0 0.6465 -0.6259 0.6049 -0.2288 0.000208687 1.4563
7.75 25000.0 0.821 -1.0714 1.0224 -0.3721 0.000285356 1.5765
7.75 30000.0 0.7003 -0.7686 0.6546 -0.2239 0.000386836 1.6535
7.75 35000.0 0.4205 -0.2783 0.1963 -0.0646 0.000497661 1.7069
7.75 40000.0 0.3106 -0.167 0.1287 -0.0482 0.000583484 1.7462
7.75 45000.0 0.2763 -0.1846 0.1745 -0.0694 0.000654001 1.7762
7.75 50000.0 0.2682 -0.2354 0.2433 -0.097 0.000716828 1.7999
7.75 55000.0 0.2724 -0.2947 0.3135 -0.1238 0.000773484 1.819
7.75 60000.0 0.2818 -0.3551 0.381 -0.1489 0.000828473 1.8348
7.75 65000.0 -0.0059 0.5227 -0.5396 0.1905 0.000978234 1.8481
7.75 70000.0 -0.039 0.5599 -0.5668 0.1991 0.00103116 1.8594
7.75 75000.0 -0.0658 0.5866 -0.5844 0.2043 0.00108296 1.8692
7.75 80000.0 -0.0888 0.6091 -0.6001 0.2093 0.00113367 1.8777
7.75 85000.0 -0.1065 0.6213 -0.6052 0.2101 0.00118427 1.8851
7.75 90000.0 -0.1206 0.6278 -0.6056 0.2095 0.00123443 1.8917
7.75 100000.0 -0.1477 0.6432 -0.6106 0.2101 0.00133444 1.9029
8.0 3750.0 2.6674 -4.2298 3.75 -1.2876 4.4083e-06 -2.0559
8.0 4000.0 2.1995 -3.4193 3.0441 -1.052 5.25285e-06 -1.7515
8.0 4250.0 1.9147 -2.8515 2.5011 -0.8589 6.22188e-06 -1.485
8.0 4500.0 1.8083 -2.6525 2.312 -0.7914 7.44378e-06 -1.2501
8.0 4750.0 1.7696 -2.5916 2.2589 -0.7734 8.94764e-06 -1.0418
8.0 5000.0 1.6471 -2.2055 1.8101 -0.5949 1.13948e-05 -0.8561
8.0 5250.0 1.4582 -1.7106 1.2921 -0.4016 1.36027e-05 -0.6896
8.0 5500.0 1.3157 -1.3217 0.8878 -0.2518 1.60141e-05 -0.5397
8.0 5750.0 1.1307 -0.82 0.3725 -0.0627 1.85724e-05 -0.4042
8.0 6000.0 0.8654 -0.1396 -0.3014 0.1781 2.12555e-05 -0.2812
8.0 6250.0 0.5572 0.612 -1.0162 0.4251 2.40633e-05 -0.1692
8.0 6500.0 0.2719 1.2539 -1.5822 0.6072 2.69867e-05 -0.0668
8.0 7000.0 -0.0305 1.7855 -1.9152 0.6716 3.31844e-05 0.1135
8.0 7500.0 -0.066 1.7032 -1.7032 0.5607 3.98927e-05 0.2669
8.0 8000.0 -0.0551 1.6122 -1.5742 0.5023 4.71527e-05 0.3987
8.0 8500.0 -0.0256 1.5597 -1.5547 0.5011 5.50021e-05 0.5129
8.0 9000.0 -0.0052 1.588 -1.6616 0.5562 6.34207e-05 0.6128
8.0 9500.0 0.0537 1.5398 -1.7144 0.5991 7.23486e-05 0.7008
8.0 10000.0 0.1616 1.3288 -1.5805 0.5711 8.15581e-05 0.7788
8.0 10500.0 0.2958 0.9627 -1.2281 0.4507 9.06487e-05 0.8483
8.0 11000.0 0.3947 0.6467 -0.8913 0.3281 9.90261e-05 0.9107
8.0 11500.0 0.4622 0.4174 -0.6386 0.2356 0.000106622 0.967
8.0 12000.0 0.5105 0.2298 -0.4198 0.1546 0.000113362 1.0179
8.0 12500.0 0.5433 0.0614 -0.2113 0.0762 0.000118568 1.0642
8.0 13000.0 0.5726 -0.094 -0.0243 0.0081 0.000122727 1.1065
8.0 13500.0 0.5974 -0.2208 0.1224 -0.0429 0.00012743 1.1452
8.0 14000.0 0.6163 -0.3216 0.2433 -0.0869 0.000132827 1.1809
8.0 14500.0 0.6239 -0.3836 0.3258 -0.1203 0.000138673 1.2137
8.0 15000.0 0.6223 -0.4114 0.368 -0.1391 0.000144699 1.2441
8.0 15500.0 0.6171 -0.4228 0.3881 -0.1488 0.000150728 1.2723
8.0 16000.0 0.612 -0.4288 0.3974 -0.153 0.000156967 1.2985
8.0 16500.0 0.5897 -0.394 0.3649 -0.1415 0.000163322 1.323
8.0 17000.0 0.6115 -0.4574 0.4278 -0.164 0.000169704 1.3458
8.0 20000.0 0.6591 -0.6426 0.6157 -0.2315 0.000210118 1.4563
8.0 25000.0 0.8296 -1.0807 1.027 -0.3729 0.000287198 1.5765
8.0 30000.0 0.6987 -0.7622 0.6471 -0.221 0.000389125 1.6535
8.0 35000.0 0.4189 -0.2729 0.1903 -0.0623 0.000498984 1.7069
8.0 40000.0 0.3067 -0.1543 0.1146 -0.0428 0.000583957 1.7462
8.0 45000.0 0.2693 -0.1638 0.1519 -0.0608 0.000653861 1.7762
8.0 50000.0 0.2583 -0.2075 0.2133 -0.0857 0.000716063 1.7999
8.0 55000.0 0.2595 -0.2597 0.2765 -0.11 0.000772168 1.819
8.0 60000.0 0.2659 -0.3127 0.3365 -0.1323 0.000825766 1.8348
8.25 3750.0 2.7462 -4.319 3.8048 -1.301 4.48646e-06 -2.0559
8.25 4000.0 2.2946 -3.6039 3.2196 -1.1143 5.35621e-06 -1.7515
8.25 4250.0 1.963 -2.9452 2.5923 -0.8918 6.32203e-06 -1.485
8.25 4500.0 1.829 -2.6869 2.3445 -0.803 7.5266e-06 -1.2501
8.25 4750.0 1.7735 -2.5903 2.2554 -0.7718 9.00724e-06 -1.0418
8.25 5000.0 1.7097 -2.3664 1.9806 -0.6592 1.14642e-05 -0.8561
8.25 5250.0 1.4889 -1.7894 1.3719 -0.4308 1.36666e-05 -0.6896
8.25 5500.0 1.348 -1.4146 0.9842 -0.2874 1.60899e-05 -0.5397
8.25 5750.0 1.1786 -0.9616 0.5206 -0.1178 1.86714e-05 -0.4042
8.25 6000.0 0.9699 -0.4099 -0.0363 0.084 2.13755e-05 -0.2812
8.25 6250.0 0.6898 0.2846 -0.7074 0.3191 2.41947e-05 -0.1692
8.25 6500.0 0.4014 0.9574 -1.323 0.5246 2.71254e-05 -0.0668
8.25 7000.0 0.0281 1.684 -1.8608 0.6654 3.33212e-05 0.1135
8.25 7500.0 -0.0489 1.6851 -1.7105 0.5705 3.99957e-05 0.2669
8.25 8000.0 -0.0363 1.5705 -1.543 0.4951 4.72036e-05 0.3987
8.25 8500.0 -0.015 1.5291 -1.526 0.4925 5.49715e-05 0.5129
8.25 9000.0 0.0054 1.5588 -1.6355 0.5489 6.33044e-05 0.6128
8.25 9500.0 0.0626 1.5281 -1.7161 0.6045 7.217e-05 0.7008
8.25 10000.0 0.1773 1.3231 -1.6065 0.5899 8.13831e-05 0.7788
8.25 10500.0 0.3242 0.9512 -1.2692 0.4801 9.06177e-05 0.8483
8.25 11000.0 0.4477 0.5761 -0.879 0.3395 9.93389e-05 0.9107
8.25 11500.0 0.531 0.3095 -0.5928 0.2354 0.000107292 0.967
8.25 12000.0 0.5951 0.0918 -0.3494 0.1456 0.000114577 1.0179
8.25 12500.0 0.6311 -0.0662 -0.1576 0.0734 0.000120964 1.0642
8.25 13000.0 0.6432 -0.1757 -0.0107 0.0169 0.000125787 1.1065
8.25 13500.0 0.6506 -0.2673 0.1104 -0.0283 0.000130003 1.1452
8.25 14000.0 0.6589 -0.3528 0.221 -0.0687 0.0001348 1.1809
8.25 14500.0 0.6638 -0.4224 0.3178 -0.1066 0.000140294 1.2137
8.25 15000.0 0.662 -0.4664 0.3888 -0.1377 0.000146189 1.2441
8.25 15500.0 0.6536 -0.4819 0.4241 -0.1553 0.000152252 1.2723
8.25 16000.0 0.6447 -0.4875 0.4432 -0.1662 0.000158443 1.2985
8.25 16500.0 0.6385 -0.4923 0.4542 -0.1719 0.000164687 1.323
8.25 17000.0 0.6353 -0.4992 0.4627 -0.1752 0.000171217 1.3458
8.25 20000.0 0.6812 -0.6812 0.6486 -0.2424 0.000211646 1.4563
8.25 25000.0 0.8344 -1.0835 1.0269 -0.3723 0.000289173 1.5765
8.25 30000.0 0.6979 -0.7576 0.6412 -0.2187 0.000391586 1.6535
8.25 35000.0 0.4197 -0.273 0.1897 -0.0619 0.000500473 1.7069
8.25 40000.0 0.2975 -0.1321 0.0926 -0.0349 0.000584641 1.7462
8.25 45000.0 0.2659 -0.1511 0.1371 -0.055 0.000653951 1.7762
8.25 50000.0 0.2526 -0.1885 0.1921 -0.0775 0.000715255 1.7999
8.25 55000.0 0.2511 -0.2346 0.2492 -0.0996 0.000771188 1.819
8.25 60000.0 0.2551 -0.2817 0.3033 -0.1199 0.000823342 1.8348
8.25 65000.0 0.0351 0.452 -0.4785 0.1702 0.000972534 1.8481
8.25 70000.0 -0.0004 0.4975 -0.5147 0.1821 0.00102381 1.8594
8.25 75000.0 -0.0312 0.5361 -0.5456 0.1924 0.00107376 1.8692
8.25 80000.0 -0.058 0.5694 -0.5723 0.2014 0.00112262 1.8777
8.25 85000.0 -0.0808 0.5954 -0.5921 0.2078 0.0011707 1.8851
8.25 90000.0 -0.1002 0.6159 -0.6068 0.2123 0.00121858 1.8917
8.25 100000.0 -0.1385 0.6605 -0.642 0.224 0.00131341 1.9029
8.5 3750.0 2.7977 -4.3338 3.7808 -1.2848 4.55771e-06 -2.0559
8.5 4000.0 2.3945 -3.7904 3.3927 -1.1747 5.45989e-06 -1.7515
8.5 4250.0 2.022 -3.0603 2.7038 -0.9318 6.42696e-06 -1.485
8.5 4500.0 1.8539 -2.7295 2.385 -0.8176 7.61738e-06 -1.2501
8.5 4750.0 1.7848 -2.6053 2.2686 -0.7765 9.07521e-06 -1.0418
8.5 5000.0 1.6972 -2.3135 1.9145 -0.6322 1.15378e-05 -0.8561
8.5 5250.0 1.5306 -1.8919 1.4758 -0.4689 1.37372e-05 -0.6896
8.5 5500.0 1.3787 -1.4979 1.0692 -0.3186 1.61659e-05 -0.5397
8.5 5750.0 1.243 -1.1318 0.6919 -0.1797 1.87712e-05 -0.4042
8.5 6000.0 1.0585 -0.642 0.194 0.0015 2.15033e-05 -0.2812
8.5 6250.0 0.8084 -0.0124 -0.4232 0.2203 2.43429e-05 -0.1692
8.5 6500.0 0.5333 0.6469 -1.043 0.4324 2.72825e-05 -0.0668
8.5 7000.0 0.1059 1.5356 -1.7618 0.6437 3.34809e-05 0.1135
8.5 7500.0 -0.0276 1.6629 -1.7195 0.5824 4.01258e-05 0.2669
8.5 8000.0 -0.0242 1.546 -1.5274 0.4925 4.72852e-05 0.3987
8.5 8500.0 -0.0014 1.4849 -1.4781 0.4755 5.49771e-05 0.5129
8.5 9000.0 0.0161 1.5151 -1.5817 0.5282 6.3222e-05 0.6128
8.5 9500.0 0.0683 1.5043 -1.6874 0.5941 7.20091e-05 0.7008
8.5 10000.0 0.18 1.3305 -1.627 0.6016 8.11982e-05 0.7788
8.5 10500.0 0.3434 0.9453 -1.2991 0.5009 9.05355e-05 0.8483
8.5 11000.0 0.488 0.5294 -0.8805 0.3532 9.95297e-05 0.9107
8.5 11500.0 0.5985 0.1877 -0.518 0.2212 0.000107835 0.967
8.5 12000.0 0.6826 -0.0763 -0.2322 0.1165 0.000115497 1.0179
8.5 12500.0 0.7388 -0.2766 -0.0017 0.03 0.000122558 1.0642
8.5 13000.0 0.7573 -0.3877 0.1424 -0.0253 0.000128658 1.1065
8.5 13500.0 0.7497 -0.4383 0.2257 -0.0588 0.000133289 1.1452
8.5 14000.0 0.7388 -0.4762 0.2919 -0.085 0.000137587 1.1809
8.5 14500.0 0.7287 -0.5103 0.3517 -0.1083 0.000142451 1.2137
8.5 15000.0 0.7183 -0.5437 0.4161 -0.1359 0.000147989 1.2441
8.5 15500.0 0.7052 -0.5615 0.4643 -0.1597 0.00015394 1.2723
8.5 16000.0 0.6891 -0.5619 0.49 -0.1754 0.000160102 1.2985
8.5 16500.0 0.676 -0.5602 0.5061 -0.1861 0.000166334 1.323
8.5 17000.0 0.6677 -0.5613 0.5164 -0.1926 0.000172727 1.3458
8.5 20000.0 0.7048 -0.7241 0.6866 -0.2553 0.000213315 1.4563
8.5 25000.0 0.8485 -1.1051 1.0442 -0.3779 0.000291277 1.5765
8.5 30000.0 0.6926 -0.745 0.6291 -0.2145 0.000394254 1.6535
8.5 35000.0 0.4216 -0.2757 0.1921 -0.0627 0.000502126 1.7069
8.5 40000.0 0.3106 -0.1549 0.1116 -0.0409 0.000585458 1.7462
8.5 45000.0 0.2651 -0.1444 0.1285 -0.0515 0.000654273 1.7762
8.5 50000.0 0.2501 -0.176 0.1771 -0.0716 0.000714101 1.7999
8.5 55000.0 0.2465 -0.2172 0.2294 -0.0919 0.000769442 1.819
8.5 60000.0 0.2475 -0.2591 0.2789 -0.1106 0.00082264 1.8348
8.5 65000.0 0.0622 0.399 -0.4288 0.1528 0.00097068 1.8481
8.5 70000.0 0.0272 0.4442 -0.4649 0.1646 0.0010211 1.8594
8.5 75000.0 -0.0033 0.4836 -0.497 0.1754 0.00107029 1.8692
8.5 80000.0 -0.0303 0.518 -0.5251 0.1849 0.00111854 1.8777
8.5 85000.0 -0.0532 0.5452 -0.5465 0.192 0.00116612 1.8851
8.5 90000.0 -0.0739 0.5702 -0.5665 0.1986 0.00121316 1.8917
8.5 100000.0 -0.1133 0.6195 -0.6072 0.2125 0.00130629 1.9029
8.75 3750.0 2.8137 -4.2535 3.659 -1.233 4.61965e-06 -2.0559
8.75 4000.0 2.4938 -3.9636 3.5471 -1.2273 5.56175e-06 -1.7515
8.75 4250.0 2.0926 -3.1979 2.8362 -0.9792 6.53533e-06 -1.485
8.75 4500.0 1.8845 -2.7839 2.4371 -0.8363 7.71494e-06 -1.2501
8.75 4750.0 1.8023 -2.6332 2.2949 -0.7859 9.15078e-06 -1.0418
8.75 5000.0 1.7701 -2.4982 2.1121 -0.7072 1.16256e-05 -0.8561
8.75 5250.0 1.5762 -2.0022 1.5884 -0.5103 1.38157e-05 -0.6896
8.75 5500.0 1.4103 -1.5791 1.1511 -0.3484 1.62443e-05 -0.5397
8.75 5750.0 1.2666 -1.206 0.7718 -0.21 1.88674e-05 -0.4042
8.75 6000.0 1.11 -0.7917 0.3507 -0.0567 2.163e-05 -0.2812
8.75 6250.0 0.908 -0.2699 -0.1704 0.1305 2.44961e-05 -0.1692
8.75 6500.0 0.6587 0.3433 -0.7608 0.3367 2.74583e-05 -0.0668
8.75 7000.0 0.1985 1.3499 -1.6257 0.6087 3.36686e-05 0.1135
8.75 7500.0 0.0118 1.6012 -1.6956 0.5845 4.02944e-05 0.2669
8.75 8000.0 -0.0059 1.5108 -1.5054 0.489 4.73936e-05 0.3987
8.75 8500.0 0.0151 1.4318 -1.4193 0.4541 5.50209e-05 0.5129
8.75 9000.0 0.0322 1.4495 -1.4988 0.4954 6.3188e-05 0.6128
8.75 9500.0 0.0737 1.464 -1.6265 0.5679 7.18725e-05 0.7008
8.75 10000.0 0.1708 1.3478 -1.6384 0.6047 8.1009e-05 0.7788
8.75 10500.0 0.3407 0.9794 -1.3528 0.5256 9.03997e-05 0.8483
8.75 11000.0 0.5126 0.5104 -0.896 0.368 9.96272e-05 0.9107
8.75 11500.0 0.6441 0.1171 -0.4874 0.2209 0.000108253 0.967
8.75 12000.0 0.7551 -0.222 -0.1245 0.0879 0.000116255 1.0179
8.75 12500.0 0.8351 -0.4799 0.162 -0.0191 0.000123736 1.0642
8.75 13000.0 0.8754 -0.6396 0.353 -0.092 0.000130639 1.1065
8.75 13500.0 0.8759 -0.7021 0.4477 -0.1301 0.000136549 1.1452
8.75 14000.0 0.8532 -0.7027 0.475 -0.1427 0.000141129 1.1809
8.75 14500.0 0.8261 -0.6905 0.4875 -0.1495 0.000145495 1.2137
8.75 15000.0 0.7998 -0.6787 0.5006 -0.1565 0.000150426 1.2441
8.75 15500.0 0.7747 -0.6702 0.5217 -0.1686 0.000155946 1.2723
8.75 16000.0 0.7505 -0.6614 0.5455 -0.184 0.000161891 1.2985
8.75 16500.0 0.7279 -0.6476 0.5606 -0.1968 0.000168054 1.323
8.75 17000.0 0.706 -0.63 0.5683 -0.2069 0.000174356 1.3458
8.75 20000.0 0.7292 -0.7683 0.7253 -0.2682 0.000215124 1.4563
8.75 25000.0 0.8586 -1.1178 1.0528 -0.3802 0.00029353 1.5765
8.75 30000.0 0.6952 -0.7471 0.6294 -0.2143 0.000397057 1.6535
8.75 35000.0 0.4248 -0.2815 0.1975 -0.0646 0.000503923 1.7069
8.75 40000.0 0.3132 -0.1573 0.1128 -0.0411 0.00058646 1.7462
8.75 45000.0 0.2669 -0.1436 0.1258 -0.0501 0.000654781 1.7762
8.75 50000.0 0.2504 -0.1705 0.1693 -0.0683 0.000713787 1.7999
8.75 55000.0 0.2448 -0.2068 0.2165 -0.0868 0.00076845 1.819
8.75 60000.0 0.245 -0.2449 0.2617 -0.1038 0.000820128 1.8348
9.0 3750.0 2.7908 -4.0762 3.4408 -1.1469 4.66231e-06 -2.0559
9.0 4000.0 2.5856 -4.1054 3.6642 -1.2652 5.65926e-06 -1.7515
9.0 4250.0 2.1744 -3.3557 2.9867 -1.0328 6.64517e-06 -1.485
9.0 4500.0 1.9234 -2.8554 2.5061 -0.8611 7.81871e-06 -1.2501
9.0 4750.0 1.8178 -2.6548 2.3147 -0.7929 9.24163e-06 -1.0418
9.0 5000.0 1.8026 -2.5677 2.1822 -0.733 1.17246e-05 -0.8561
9.0 5250.0 1.6318 -2.1364 1.7266 -0.5615 1.39043e-05 -0.6896
9.0 5500.0 1.4404 -1.6517 1.2229 -0.3743 1.63292e-05 -0.5397
9.0 5750.0 1.3014 -1.298 0.8642 -0.2434 1.89642e-05 -0.4042
9.0 6000.0 1.1588 -0.9252 0.4873 -0.1067 2.17562e-05 -0.2812
9.0 6250.0 0.9969 -0.4969 0.0519 0.0518 2.4657e-05 -0.1692
9.0 6500.0 0.7714 0.0618 -0.491 0.2429 2.76452e-05 -0.0668
9.0 7000.0 0.3089 1.1122 -1.4319 0.5513 3.38852e-05 0.1135
9.0 7500.0 0.0578 1.5317 -1.6713 0.5883 4.05027e-05 0.2669
9.0 8000.0 0.0158 1.4743 -1.4885 0.4888 4.75544e-05 0.3987
9.0 8500.0 0.0347 1.3739 -1.3581 0.4326 5.51087e-05 0.5129
9.0 9000.0 0.0536 1.3666 -1.3956 0.4546 6.31846e-05 0.6128
9.0 9500.0 0.078 1.4155 -1.5474 0.5326 7.17713e-05 0.7008
9.0 10000.0 0.1561 1.3599 -1.6278 0.5955 8.08549e-05 0.7788
9.0 10500.0 0.3199 1.0405 -1.4158 0.5487 9.02527e-05 0.8483
9.0 11000.0 0.5127 0.5447 -0.9536 0.3947 9.96538e-05 0.9107
9.0 11500.0 0.6696 0.0867 -0.4846 0.2272 0.000108586 0.967
9.0 12000.0 0.8013 -0.3065 -0.07 0.076 0.000116893 1.0179
9.0 12500.0 0.9059 -0.6288 0.2805 -0.0542 0.000124708 1.0642
9.0 13000.0 0.9708 -0.8513 0.5351 -0.1509 0.00013209 1.1065
9.0 13500.0 0.9921 -0.9626 0.6786 -0.2074 0.000138902 1.1452
9.0 14000.0 0.9773 -0.9778 0.7214 -0.2262 0.000144733 1.1809
9.0 14500.0 0.9469 -0.9471 0.7114 -0.2246 0.000149332 1.2137
9.0 15000.0 0.9063 -0.8921 0.6775 -0.2144 0.000153767 1.2441
9.0 15500.0 0.8683 -0.8442 0.6523 -0.2078 0.000158718 1.2723
9.0 16000.0 0.8304 -0.7972 0.6315 -0.204 0.000164184 1.2985
9.0 16500.0 0.7967 -0.7624 0.6285 -0.2095 0.000170149 1.323
9.0 17000.0 0.7679 -0.7345 0.6314 -0.2182 0.000176427 1.3458
9.0 20000.0 0.7555 -0.8176 0.7696 -0.2832 0.000217102 1.4563
9.0 25000.0 0.8652 -1.1258 1.0587 -0.3821 0.000295976 1.5765
9.0 30000.0 0.6966 -0.747 0.628 -0.2136 0.000400044 1.6535
9.0 35000.0 0.4314 -0.2931 0.2076 -0.068 0.000505864 1.7069
9.0 40000.0 0.3172 -0.1637 0.1187 -0.0431 0.000587642 1.7462
9.0 45000.0 0.2716 -0.149 0.129 -0.0508 0.000655504 1.7762
9.0 50000.0 0.2527 -0.1697 0.1662 -0.0667 0.000713697 1.7999
9.0 55000.0 0.2455 -0.2017 0.209 -0.0835 0.000767906 1.819
9.0 60000.0 0.2442 -0.2362 0.2506 -0.0993 0.000818673 1.8348
9.0 65000.0 0.118 0.2851 -0.3192 0.1136 0.000968172 1.8481
9.0 70000.0 0.0852 0.3276 -0.3536 0.1251 0.0010175 1.8594
9.0 75000.0 0.057 0.3625 -0.3813 0.1342 0.00106551 1.8692
9.0 80000.0 0.0318 0.3946 -0.4079 0.1434 0.00111248 1.8777
9.0 85000.0 0.0093 0.4229 -0.4312 0.1512 0.00115867 1.8851
9.0 90000.0 -0.0103 0.4463 -0.4498 0.1574 0.00120423 1.8917
9.0 100000.0 -0.0482 0.4952 -0.4914 0.1719 0.00129401 1.9029
9.25 3750.0 2.729 -3.808 3.1365 -1.0312 4.68057e-06 -2.0559
9.25 4000.0 2.6618 -4.1962 3.7238 -1.2809 5.74638e-06 -1.7515
9.25 4250.0 2.2672 -3.5319 3.1526 -1.0913 6.75454e-06 -1.485
9.25 4500.0 1.9723 -2.9476 2.595 -0.893 7.927e-06 -1.2501
9.25 4750.0 1.8417 -2.6941 2.3517 -0.8062 9.32918e-06 -1.0418
9.25 5000.0 1.8557 -2.6986 2.3227 -0.7866 1.18392e-05 -0.8561
9.25 5250.0 1.699 -2.302 1.9003 -0.6266 1.40042e-05 -0.6896
9.25 5500.0 1.483 -1.7521 1.3233 -0.4107 1.64229e-05 -0.5397
9.25 5750.0 1.3344 -1.3815 0.9476 -0.2735 1.90624e-05 -0.4042
9.25 6000.0 1.2047 -1.0474 0.6102 -0.1511 2.1877e-05 -0.2812
9.25 6250.0 1.0526 -0.6526 0.2122 -0.007 2.48157e-05 -0.1692
9.25 6500.0 0.8662 -0.1788 -0.2568 0.1602 2.78411e-05 -0.0668
9.25 7000.0 0.4215 0.863 -1.2204 0.4855 3.41248e-05 0.1135
9.25 7500.0 0.1227 1.4182 -1.6068 0.5786 4.07408e-05 0.2669
9.25 8000.0 0.0433 1.4333 -1.4752 0.492 4.77582e-05 0.3987
9.25 8500.0 0.0534 1.3244 -1.3096 0.4165 5.5244e-05 0.5129
9.25 9000.0 0.0742 1.2877 -1.2971 0.4156 6.32249e-05 0.6128
9.25 9500.0 0.0901 1.3411 -1.4379 0.4854 7.17086e-05 0.7008
9.25 10000.0 0.1485 1.336 -1.5659 0.5641 8.06974e-05 0.7788
9.25 10500.0 0.2879 1.1077 -1.4648 0.5614 9.00602e-05 0.8483
9.25 11000.0 0.4872 0.6329 -1.0516 0.432 9.95736e-05 0.9107
9.25 11500.0 0.6646 0.1335 -0.5535 0.2572 0.000108787 0.967
9.25 12000.0 0.8173 -0.3152 -0.0864 0.0881 0.000117412 1.0179
9.25 12500.0 0.9461 -0.7021 0.328 -0.0649 0.000125521 1.0642
9.25 13000.0 1.0364 -0.9921 0.651 -0.1868 0.000133242 1.1065
9.25 13500.0 1.0798 -1.1606 0.853 -0.2653 0.000140585 1.1452
9.25 14000.0 1.0828 -1.2204 0.9423 -0.3022 0.000147363 1.1809
9.25 14500.0 1.0584 -1.2024 0.9471 -0.3067 0.000153209 1.2137
9.25 15000.0 1.0195 -1.1423 0.9047 -0.293 0.000157932 1.2441
9.25 15500.0 0.9754 -1.0684 0.8468 -0.2735 0.000162416 1.2723
9.25 16000.0 0.9301 -0.9925 0.789 -0.2545 0.000167288 1.2985
9.25 16500.0 0.8844 -0.9201 0.7394 -0.2398 0.000172785 1.323
9.25 17000.0 0.8267 -0.8314 0.6906 -0.2305 0.000178559 1.3458
9.25 20000.0 0.7866 -0.8758 0.8213 -0.3007 0.00021919 1.4563
9.25 25000.0 0.8804 -1.147 1.0739 -0.3865 0.000298522 1.5765
9.25 30000.0 0.6963 -0.7446 0.6253 -0.2127 0.000403145 1.6535
9.25 35000.0 0.4345 -0.3008 0.2166 -0.0716 0.000507899 1.7069
9.25 40000.0 0.324 -0.1752 0.1287 -0.0464 0.000588873 1.7462
9.25 45000.0 0.2759 -0.1552 0.1344 -0.0526 0.000656307 1.7762
9.25 50000.0 0.2573 -0.1742 0.1686 -0.0672 0.000713744 1.7999
9.25 55000.0 0.2481 -0.202 0.2074 -0.0825 0.000767842 1.819
9.25 60000.0 0.2455 -0.2328 0.2451 -0.0969 0.000817747 1.8348
9.5 3750.0 2.6475 -3.5041 2.8041 -0.9073 4.68261e-06 -2.0559
9.5 4000.0 2.7164 -4.2222 3.7122 -1.2697 5.81748e-06 -1.7515
9.5 4250.0 2.3655 -3.7094 3.3145 -1.1474 6.85951e-06 -1.485
9.5 4500.0 2.0329 -3.0638 2.7076 -0.9336 8.03645e-06 -1.2501
9.5 4750.0 1.8707 -2.744 2.3996 -0.8235 9.43163e-06 -1.0418
9.5 5000.0 1.8851 -2.76 2.3861 -0.8103 1.20433e-05 -0.8561
9.5 5250.0 1.6696 -2.1991 1.7794 -0.5786 1.41083e-05 -0.6896
9.5 5500.0 1.5222 -1.8416 1.4129 -0.4434 1.65268e-05 -0.5397
9.5 5750.0 1.3746 -1.4773 1.042 -0.3072 1.91689e-05 -0.4042
9.5 6000.0 1.2485 -1.1578 0.7194 -0.19 2.20019e-05 -0.2812
9.5 6250.0 1.1056 -0.7936 0.3549 -0.0588 2.49713e-05 -0.1692
9.5 6500.0 0.9437 -0.3816 -0.0546 0.0877 2.80398e-05 -0.0668
9.5 7000.0 0.5405 0.5853 -0.9699 0.4029 3.43861e-05 0.1135
9.5 7500.0 0.202 1.2695 -1.5083 0.557 4.10209e-05 0.2669
9.5 8000.0 0.0744 1.3935 -1.4719 0.5009 4.80097e-05 0.3987
9.5 8500.0 0.0736 1.2802 -1.2741 0.4069 5.54382e-05 0.5129
9.5 9000.0 0.0971 1.2081 -1.2026 0.3793 6.33284e-05 0.6128
9.5 9500.0 0.1112 1.2443 -1.3071 0.4312 7.17193e-05 0.7008
9.5 10000.0 0.1487 1.2822 -1.4664 0.5174 8.0582e-05 0.7788
9.5 10500.0 0.2534 1.1606 -1.4826 0.5587 8.9877e-05 0.8483
9.5 11000.0 0.4429 0.7514 -1.1639 0.47 9.94356e-05 0.9107
9.5 11500.0 0.6358 0.2345 -0.6665 0.3 0.00010888 0.967
9.5 12000.0 0.803 -0.2494 -0.1711 0.1228 0.000117825 1.0179
9.5 12500.0 0.952 -0.6885 0.2921 -0.0468 0.000126232 1.0642
9.5 13000.0 1.0684 -1.0464 0.6823 -0.1927 0.00013424 1.1065
9.5 13500.0 1.1382 -1.285 0.9558 -0.2976 0.000141934 1.1452
9.5 14000.0 1.1625 -1.4016 1.1042 -0.3569 0.00014928 1.1809
9.5 14500.0 1.1516 -1.4188 1.1464 -0.376 0.00015609 1.2137
9.5 15000.0 1.1207 -1.3768 1.1235 -0.37 0.000162039 1.2441
9.5 15500.0 1.0803 -1.3058 1.0667 -0.3508 0.000166989 1.2723
9.5 16000.0 1.0334 -1.216 0.9894 -0.3239 0.000171497 1.2985
9.5 16500.0 0.9832 -1.1217 0.9104 -0.2969 0.00017632 1.323
9.5 17000.0 0.9333 -1.0325 0.8406 -0.2743 0.000181798 1.3458
9.5 20000.0 0.8738 -1.2998 1.541 -0.646 0.000245757 1.4563
9.5 25000.0 0.8906 -1.16 1.0827 -0.3888 0.00030131 1.5765
9.5 30000.0 0.6968 -0.7434 0.6234 -0.212 0.000406423 1.6535
9.5 35000.0 0.4399 -0.3116 0.2274 -0.0756 0.000510069 1.7069
9.5 40000.0 0.3311 -0.1876 0.1399 -0.0503 0.000590278 1.7462
9.5 45000.0 0.2828 -0.1671 0.1453 -0.0564 0.000657333 1.7762
9.5 50000.0 0.2634 -0.1817 0.174 -0.0687 0.000713433 1.7999
9.5 55000.0 0.2536 -0.2066 0.2093 -0.0828 0.000766499 1.819
9.5 60000.0 0.2497 -0.2348 0.2445 -0.0962 0.000816703 1.8348
9.5 65000.0 0.1702 0.176 -0.2124 0.075 0.00096689 1.8481
9.5 70000.0 0.1408 0.2117 -0.2405 0.0843 0.00101542 1.8594
9.5 75000.0 0.1155 0.2414 -0.2636 0.0919 0.00106251 1.8692
9.5 80000.0 0.0931 0.2676 -0.2842 0.0987 0.00110859 1.8777
9.5 85000.0 0.0735 0.29 -0.3018 0.1046 0.00115379 1.8851
9.5 90000.0 0.0554 0.312 -0.3204 0.1113 0.00119828 1.8917
9.5 100000.0 0.0219 0.3527 -0.3544 0.123 0.00128564 1.9029
