Teff log(g) a1 a2 a3 a4 I1 beaming
3750.0 5.0 1.8057 -2.7394 2.382 -0.8105 4.3577e-06 -1.382
4000.0 5.0 1.7102 -2.5929 2.2661 -0.7746 5.33831e-06 -1.1253
4250.0 5.0 1.6752 -2.5216 2.2063 -0.7554 6.56766e-06 -0.9012
4500.0 5.0 1.5363 -2.067 1.6937 -0.5554 8.07159e-06 -0.7042
4750.0 5.0 1.2629 -1.2791 0.8672 -0.2467 9.80799e-06 -0.5299
5000.0 5.0 0.7626 0.0467 -0.4525 0.2261 1.18876e-05 -0.3747
5250.0 5.0 0.2557 1.2831 -1.6149 0.6203 1.39329e-05 -0.236
5500.0 5.0 -0.0638 1.9292 -2.1065 0.752 1.60891e-05 -0.1113
5750.0 5.0 -0.166 1.9684 -1.9588 0.6496 1.83467e-05 0.0013
6000.0 5.0 -0.1479 1.7083 -1.5276 0.4534 2.07043e-05 0.1033
6250.0 5.0 -0.0745 1.3394 -1.0229 0.2425 2.31615e-05 0.1962
6500.0 5.0 0.0151 0.9793 -0.574 0.0648 2.572e-05 0.281
7000.0 5.0 0.1529 0.5119 -0.049 -0.1305 3.1191e-05 0.4301
7500.0 5.0 0.2206 0.3312 0.1187 -0.1902 3.71613e-05 0.5568
8000.0 5.0 0.2401 0.3403 0.0466 -0.1563 4.35427e-05 0.6656
8500.0 5.0 0.2978 0.3004 -0.0385 -0.0959 5.00466e-05 0.7599
9000.0 5.0 0.4778 -0.1333 0.2939 -0.1785 5.5956e-05 0.8423
9500.0 5.0 0.5894 -0.4014 0.445 -0.1888 5.97977e-05 0.9148
10000.0 5.0 0.6207 -0.4744 0.4721 -0.1829 6.40987e-05 0.9792
10500.0 5.0 0.6159 -0.4625 0.4506 -0.1739 6.86919e-05 1.0366
11000.0 5.0 0.6251 -0.4913 0.4691 -0.1787 7.33357e-05 1.0881
11500.0 5.0 0.6512 -0.5775 0.5514 -0.2071 7.80587e-05 1.1346
12000.0 5.0 0.6382 -0.555 0.5266 -0.1981 8.25476e-05 1.1767
12500.0 5.0 0.6403 -0.579 0.5516 -0.2074 8.71095e-05 1.215
13000.0 5.0 0.6408 -0.5993 0.574 -0.216 9.16284e-05 1.2499
13500.0 5.0 0.616 -0.5571 0.5312 -0.2 9.61578e-05 1.282
14000.0 5.0 0.6426 -0.6412 0.6207 -0.2337 0.000100683 1.3115
14500.0 5.0 0.5832 -0.5124 0.4879 -0.1842 0.000105232 1.3388
15000.0 5.0 0.646 -0.6841 0.6689 -0.252 0.000109788 1.364
15500.0 5.0 0.6471 -0.7028 0.6902 -0.2602 0.000114381 1.3874
16000.0 5.0 0.5883 -0.5718 0.5545 -0.2094 0.000119018 1.4091
16500.0 5.0 0.6545 -0.7481 0.7391 -0.2783 0.000123679 1.4294
17000.0 5.0 0.6607 -0.7758 0.7688 -0.2893 0.000128399 1.4484
20000.0 5.0 0.7247 -0.9852 0.9837 -0.3674 0.000157833 1.5404
25000.0 5.0 0.9186 -1.4284 1.3904 -0.5053 0.000213377 1.6409
30000.0 5.0 0.9063 -1.3128 1.2064 -0.425 0.000290555 1.7055
35000.0 5.0 0.8363 -1.3013 1.2372 -0.4464 0.000383577 1.7505
40000.0 5.0 0.9272 -1.6273 1.5983 -0.5838 0.00045557 1.7837
45000.0 5.0 1.0364 -1.9361 1.9186 -0.7011 0.00051604 1.809
50000.0 5.0 1.1409 -2.2026 2.1848 -0.7966 0.000572194 1.8291
55000.0 5.0 1.2298 -2.4116 2.3867 -0.8675 0.000624697 1.8454
60000.0 5.0 1.3054 -2.577 2.5418 -0.9211 0.000675944 1.8588
3750.0 5.25 1.8304 -2.7923 2.4362 -0.8308 4.41588e-06 -1.382
4000.0 5.25 1.7149 -2.6048 2.2792 -0.7797 5.37921e-06 -1.1253
4250.0 5.25 1.6736 -2.526 2.2122 -0.7578 6.58938e-06 -0.9012
4500.0 5.25 1.5777 -2.1987 1.8379 -0.6106 8.07093e-06 -0.7042
4750.0 5.25 1.3448 -1.5174 1.1119 -0.3368 9.79688e-06 -0.5299
5000.0 5.25 0.9156 -0.3542 -0.0626 0.0892 1.18986e-05 -0.3747
5250.0 5.25 0.4199 0.8922 -1.2639 0.5063 1.39425e-05 -0.236
5500.0 5.25 0.036 1.746 -1.9972 0.7337 1.60993e-05 -0.1113
5750.0 5.25 -0.1355 1.9912 -2.0768 0.7167 1.83567e-05 0.0013
6000.0 5.25 -0.1632 1.8615 -1.7837 0.57 2.07141e-05 0.1033
6250.0 5.25 -0.1197 1.5682 -1.3495 0.3811 2.317e-05 0.1962
6500.0 5.25 -0.0455 1.2293 -0.9019 0.1971 2.5723e-05 0.281
7000.0 5.25 0.1022 0.6838 -0.2509 -0.0557 3.11585e-05 0.4301
7500.0 5.25 0.1853 0.4317 0.0109 -0.1525 3.70601e-05 0.5568
8000.0 5.25 0.2118 0.3996 -0.0055 -0.1401 4.33649e-05 0.6656
8500.0 5.25 0.2509 0.3901 -0.102 -0.0814 4.98714e-05 0.7599
9000.0 5.25 0.391 0.0671 0.1289 -0.1339 5.59885e-05 0.8423
9500.0 5.25 0.5285 -0.2863 0.3853 -0.1858 6.03981e-05 0.9148
10000.0 5.25 0.5756 -0.391 0.4104 -0.1662 6.40753e-05 0.9792
10500.0 5.25 0.5923 -0.4385 0.4421 -0.1732 6.86152e-05 1.0366
11000.0 5.25 0.5984 -0.4582 0.4515 -0.175 7.31871e-05 1.0881
11500.0 5.25 0.6036 -0.4805 0.4655 -0.1783 7.77465e-05 1.1346
12000.0 5.25 0.6082 -0.5078 0.49 -0.1864 8.22987e-05 1.1767
12500.0 5.25 0.6097 -0.5297 0.5121 -0.1944 8.68401e-05 1.215
13000.0 5.25 0.6093 -0.5473 0.5311 -0.2017 9.13507e-05 1.2499
13500.0 5.25 0.6092 -0.5653 0.5507 -0.2091 9.58738e-05 1.282
14000.0 5.25 0.6088 -0.5823 0.57 -0.2165 0.000100399 1.3115
14500.0 5.25 0.6089 -0.5997 0.5893 -0.2237 0.000104939 1.3388
15000.0 5.25 0.6085 -0.6153 0.6073 -0.2305 0.0001095 1.364
15500.0 5.25 0.6111 -0.637 0.6314 -0.2397 0.000114082 1.3874
16000.0 5.25 0.6129 -0.6556 0.6518 -0.2473 0.000118711 1.4091
16500.0 5.25 0.6094 -0.6602 0.6577 -0.2496 0.000123374 1.4294
17000.0 5.25 0.6189 -0.6949 0.6936 -0.2627 0.000128076 1.4484
20000.0 5.25 0.6531 -0.8312 0.8325 -0.3126 0.000157448 1.5404
25000.0 5.25 0.8556 -1.2955 1.2602 -0.4582 0.000212673 1.6409
30000.0 5.25 0.8381 -1.1714 1.0689 -0.3756 0.000288325 1.7055
35000.0 5.25 0.7193 -1.0499 0.9907 -0.3576 0.000379827 1.7505
40000.0 5.25 0.7771 -1.3122 1.2934 -0.4749 0.000450945 1.7837
45000.0 5.25 0.8683 -1.5916 1.5889 -0.5841 0.000510182 1.809
50000.0 5.25 0.9608 -1.8427 1.8443 -0.6766 0.000564862 1.8291
55000.0 5.25 1.0439 -2.0506 2.0492 -0.7494 0.00061552 1.8454
60000.0 5.25 1.118 -2.2248 2.2166 -0.8081 0.000664533 1.8588
3750.0 5.5 1.8685 -2.8727 2.5168 -0.8603 4.48143e-06 -1.382
4000.0 5.5 1.7239 -2.6232 2.2979 -0.7867 5.42608e-06 -1.1253
4250.0 5.5 1.6728 -2.5285 2.2154 -0.7591 6.61738e-06 -0.9012
4500.0 5.5 1.6021 -2.2787 1.9256 -0.6442 8.07517e-06 -0.7042
4750.0 5.5 1.4074 -1.7054 1.3084 -0.41 9.78857e-06 -0.5299
5000.0 5.5 1.0458 -0.704 0.283 -0.034 1.19168e-05 -0.3747
5250.0 5.5 0.5867 0.4789 -0.8774 0.3758 1.39589e-05 -0.236
5500.0 5.5 0.1599 1.4829 -1.7923 0.6771 1.61159e-05 -0.1113
5750.0 5.5 -0.0828 1.9407 -2.1084 0.7503 1.83734e-05 0.0013
6000.0 5.5 -0.1587 1.9497 -1.9641 0.6579 2.07303e-05 0.1033
6250.0 5.5 -0.1442 1.7373 -1.6139 0.4985 2.31851e-05 0.1962
6500.0 5.5 -0.0938 1.4553 -1.2158 0.3287 2.57357e-05 0.281
7000.0 5.5 0.0456 0.8925 -0.5101 0.0452 3.11428e-05 0.4301
7500.0 5.5 0.1424 0.5686 -0.147 -0.0939 3.69873e-05 0.5568
8000.0 5.5 0.1784 0.4857 -0.0928 -0.1101 4.32301e-05 0.6656
8500.0 5.5 0.2071 0.4816 -0.1747 -0.062 4.97208e-05 0.7599
9000.0 5.5 0.3284 0.217 -0.0036 -0.0945 5.60438e-05 0.8423
9500.0 5.5 0.5042 -0.2578 0.4035 -0.2086 6.11477e-05 0.9148
10000.0 5.5 0.5777 -0.4344 0.4847 -0.2018 6.45775e-05 0.9792
10500.0 5.5 0.5716 -0.4154 0.4331 -0.1725 6.86826e-05 1.0366
11000.0 5.5 0.5769 -0.4338 0.4419 -0.1741 7.318e-05 1.0881
11500.0 5.5 0.5788 -0.4451 0.4438 -0.1731 7.76955e-05 1.1346
12000.0 5.5 0.5829 -0.4679 0.461 -0.1779 8.21865e-05 1.1767
12500.0 5.5 0.5833 -0.4856 0.4771 -0.1833 8.66982e-05 1.215
13000.0 5.5 0.582 -0.4998 0.4913 -0.1883 9.1223e-05 1.2499
13500.0 5.5 0.5841 -0.5233 0.517 -0.1982 9.57101e-05 1.282
14000.0 5.5 0.5805 -0.5317 0.5265 -0.2017 0.000100237 1.3115
14500.0 5.5 0.5805 -0.5484 0.545 -0.2086 0.000104777 1.3388
15000.0 5.5 0.5808 -0.565 0.5634 -0.2156 0.000109334 1.364
15500.0 5.5 0.5811 -0.5805 0.5807 -0.2221 0.000113926 1.3874
16000.0 5.5 0.5537 -0.528 0.5276 -0.2025 0.000118554 1.4091
16500.0 5.5 0.5835 -0.6128 0.6158 -0.2351 0.000123208 1.4294
17000.0 5.5 0.5862 -0.6307 0.6343 -0.2418 0.00012792 1.4484
20000.0 5.5 0.6423 -0.8177 0.8239 -0.3102 0.000157249 1.5404
25000.0 5.5 0.8265 -1.2377 1.2054 -0.4388 0.00021231 1.6409
30000.0 5.5 0.7827 -1.053 0.9522 -0.3334 0.000286973 1.7055
35000.0 5.5 0.6244 -0.8414 0.7843 -0.2829 0.000377084 1.7505
40000.0 5.5 0.6512 -1.0395 1.0256 -0.3784 0.000447403 1.7837
45000.0 5.5 0.7233 -1.2839 1.2897 -0.477 0.000505658 1.809
50000.0 5.5 0.8018 -1.5109 1.5242 -0.5625 0.000559163 1.8291
55000.0 5.5 0.8753 -1.7053 1.7185 -0.6321 0.000608363 1.8454
60000.0 5.5 0.943 -1.8732 1.8826 -0.6901 0.000655774 1.8588
3750.0 5.75 1.9181 -2.9748 2.6178 -0.8971 4.54911e-06 -1.382
4000.0 5.75 1.7379 -2.6499 2.3241 -0.7963 5.479e-06 -1.1253
4250.0 5.75 1.6756 -2.5358 2.2225 -0.7617 6.65121e-06 -0.9012
4500.0 5.75 1.6944 -2.5691 2.2588 -0.7755 8.09075e-06 -0.7042
4750.0 5.75 1.4512 -1.8419 1.4539 -0.4649 9.78285e-06 -0.5299
5000.0 5.75 1.1521 -0.9973 0.577 -0.1403 1.1947e-05 -0.3747
5250.0 5.75 0.7453 0.0736 -0.4885 0.2412 1.39813e-05 -0.236
5500.0 5.75 0.3025 1.155 -1.5087 0.5886 1.61392e-05 -0.1113
5750.0 5.75 -0.0017 1.7991 -2.0333 0.7419 1.8398e-05 0.0013
6000.0 5.75 -0.1262 1.9483 -2.0406 0.7059 2.07533e-05 0.1033
6250.0 5.75 -0.1529 1.853 -1.8147 0.5913 2.32039e-05 0.1962
6500.0 5.75 -0.124 1.632 -1.481 0.4444 2.5754e-05 0.281
7000.0 5.75 -0.0094 1.1148 -0.8007 0.1631 3.11397e-05 0.4301
7500.0 5.75 0.0935 0.7403 -0.3567 -0.0123 3.69387e-05 0.5568
8000.0 5.75 0.1399 0.602 -0.2228 -0.0622 4.31309e-05 0.6656
8500.0 5.75 0.1649 0.5834 -0.2687 -0.0324 4.95968e-05 0.7599
9000.0 5.75 0.2681 0.366 -0.137 -0.0545 5.60232e-05 0.8423
9500.0 5.75 0.416 -0.0402 0.2208 -0.1595 6.16319e-05 0.9148
10000.0 5.75 0.5265 -0.3387 0.441 -0.2038 6.54133e-05 0.9792
10500.0 5.75 0.5557 -0.4006 0.4368 -0.1787 6.89492e-05 1.0366
11000.0 5.75 0.56 -0.4154 0.4361 -0.1743 7.32862e-05 1.0881
11500.0 5.75 0.5597 -0.4202 0.432 -0.1714 7.77592e-05 1.1346
12000.0 5.75 0.562 -0.4352 0.4393 -0.1723 8.22134e-05 1.1767
12500.0 5.75 0.5613 -0.4483 0.449 -0.1749 8.66612e-05 1.215
13000.0 5.75 0.5609 -0.4637 0.4634 -0.1797 9.11525e-05 1.2499
13500.0 5.75 0.5596 -0.4775 0.4776 -0.1849 9.56633e-05 1.282
14000.0 5.75 0.5587 -0.4921 0.4933 -0.1907 0.000100186 1.3115
14500.0 5.75 0.558 -0.5064 0.5087 -0.1964 0.000104728 1.3388
15000.0 5.75 0.5576 -0.5207 0.5243 -0.2022 0.000109294 1.364
15500.0 5.75 0.5574 -0.5342 0.5388 -0.2075 0.000113888 1.3874
16000.0 5.75 0.5582 -0.5498 0.556 -0.2139 0.000118514 1.4091
16500.0 5.75 0.5594 -0.5647 0.5713 -0.2194 0.00012318 1.4294
17000.0 5.75 0.5178 -0.4759 0.4805 -0.1858 0.000127895 1.4484
20000.0 5.75 0.617 -0.7642 0.7727 -0.2919 0.000157218 1.5404
25000.0 5.75 0.8155 -1.2168 1.1861 -0.432 0.000212214 1.6409
30000.0 5.75 0.739 -0.9563 0.8557 -0.2982 0.00028626 1.7055
35000.0 5.75 0.5494 -0.6736 0.6166 -0.2218 0.000375162 1.7505
40000.0 5.75 0.5505 -0.8172 0.8052 -0.2985 0.000444621 1.7837
45000.0 5.75 0.6044 -1.0251 1.0351 -0.3852 0.000502036 1.809
50000.0 5.75 0.6688 -1.2257 1.2455 -0.4624 0.000554472 1.8291
55000.0 5.75 0.7315 -1.4011 1.4234 -0.5265 0.000602581 1.8454
60000.0 5.75 0.7909 -1.5561 1.5765 -0.5809 0.000648768 1.8588
3750.0 6.0 1.9842 -3.1106 2.7505 -0.945 4.62346e-06 -1.382
4000.0 6.0 1.7577 -2.6873 2.3602 -0.8093 5.53827e-06 -1.1253
4250.0 6.0 1.6806 -2.5454 2.2314 -0.7649 6.69098e-06 -0.9012
4500.0 6.0 1.6824 -2.551 2.243 -0.7703 8.10795e-06 -0.7042
4750.0 6.0 1.4939 -1.9726 1.595 -0.5184 9.78093e-06 -0.5299
5000.0 6.0 1.2398 -1.2423 0.825 -0.2305 1.19728e-05 -0.3747
5250.0 6.0 0.8901 -0.3043 -0.1199 0.1113 1.40141e-05 -0.236
5500.0 6.0 0.4555 0.7866 -1.1733 0.4782 1.61685e-05 -0.1113
5750.0 6.0 0.1025 1.5846 -1.8736 0.7005 1.84276e-05 0.0013
6000.0 6.0 -0.0788 1.8954 -2.0543 0.7289 2.07811e-05 0.1033
6250.0 6.0 -0.1397 1.8981 -1.9337 0.653 2.3232e-05 0.1962
6500.0 6.0 -0.1349 1.7441 -1.6697 0.5307 2.57747e-05 0.281
7000.0 6.0 -0.0527 1.3136 -1.0766 0.2791 3.1149e-05 0.4301
7500.0 6.0 0.0441 0.93 -0.5992 0.085 3.6913e-05 0.5568
8000.0 6.0 0.0985 0.745 -0.3957 0.0051 4.30597e-05 0.6656
8500.0 6.0 0.1239 0.7012 -0.394 0.0122 4.94987e-05 0.7599
9000.0 6.0 0.2033 0.5402 -0.3078 0.0019 5.60013e-05 0.8423
9500.0 6.0 0.3546 0.1252 0.0666 -0.1129 6.19705e-05 0.9148
10000.0 6.0 0.5028 -0.301 0.4467 -0.2224 6.6524e-05 0.9792
10500.0 6.0 0.5407 -0.3903 0.46 -0.1979 6.96408e-05 1.0366
11000.0 6.0 0.5469 -0.4006 0.4332 -0.1759 7.3564e-05 1.0881
11500.0 6.0 0.5459 -0.4038 0.4268 -0.1717 7.79401e-05 1.1346
12000.0 6.0 0.5445 -0.4066 0.4208 -0.1677 8.23498e-05 1.1767
12500.0 6.0 0.5445 -0.4187 0.4276 -0.1689 8.67818e-05 1.215
13000.0 6.0 0.544 -0.4324 0.4388 -0.1722 9.12419e-05 1.2499
13500.0 6.0 0.5428 -0.4452 0.4507 -0.1762 9.5731e-05 1.282
14000.0 6.0 0.5418 -0.459 0.4649 -0.1813 0.000100249 1.3115
14500.0 6.0 0.5412 -0.4732 0.4801 -0.1868 0.000104789 1.3388
15000.0 6.0 0.5406 -0.4865 0.4941 -0.1919 0.000109359 1.364
15500.0 6.0 0.5403 -0.4999 0.5085 -0.1972 0.000113957 1.3874
16000.0 6.0 0.541 -0.5145 0.524 -0.2029 0.000118593 1.4091
16500.0 6.0 0.5404 -0.5247 0.5344 -0.2065 0.000123266 1.4294
17000.0 6.0 0.544 -0.544 0.554 -0.2136 0.000127981 1.4484
20000.0 6.0 0.5976 -0.7203 0.7297 -0.2764 0.000157337 1.5404
25000.0 6.0 0.7956 -1.17 1.1384 -0.4144 0.000212345 1.6409
30000.0 6.0 0.6705 -0.7969 0.6934 -0.2385 0.000286064 1.7055
35000.0 6.0 0.4923 -0.5445 0.4871 -0.1745 0.000373847 1.7505
40000.0 6.0 0.4715 -0.6398 0.6281 -0.2341 0.000442496 1.7837
45000.0 6.0 0.5086 -0.8126 0.8242 -0.3088 0.000499095 1.809
50000.0 6.0 0.5612 -0.99 1.013 -0.3785 0.000550507 1.8291
55000.0 6.0 0.6137 -1.1459 1.1731 -0.4365 0.000597607 1.8454
60000.0 6.0 0.6677 -1.2938 1.3207 -0.4891 0.000645626 1.8588
65000.0 6.0 0.2347 -0.2093 0.2492 -0.1053 0.00076127 1.8701
70000.0 6.0 0.2751 -0.3299 0.3727 -0.15 0.00080942 1.8797
75000.0 6.0 0.3189 -0.4508 0.4948 -0.1941 0.000857566 1.888
80000.0 6.0 0.3645 -0.5696 0.6131 -0.2365 0.000905769 1.8952
85000.0 6.0 0.4106 -0.6842 0.7259 -0.2768 0.000954126 1.9016
90000.0 6.0 0.4565 -0.7935 0.8323 -0.3146 0.00100271 1.9072
100000.0 6.0 0.5434 -0.9951 1.0273 -0.3835 0.00110152 1.9167
3750.0 6.25 2.0666 -3.2786 2.9134 -1.0035 4.70141e-06 -1.382
4000.0 6.25 1.7852 -2.7401 2.4114 -0.8278 5.60366e-06 -1.1253
4250.0 6.25 1.6906 -2.564 2.249 -0.7712 6.7361e-06 -0.9012
4500.0 6.25 1.6727 -2.5316 2.2232 -0.763 8.13118e-06 -0.7042
4750.0 6.25 1.5315 -2.0853 1.7168 -0.5646 9.78277e-06 -0.5299
5000.0 6.25 1.2831 -1.3686 0.9507 -0.2759 1.20121e-05 -0.3747
5250.0 6.25 1.0094 -0.6244 0.1972 -0.0019 1.40454e-05 -0.236
5500.0 6.25 0.6106 0.3991 -0.8069 0.3531 1.62041e-05 -0.1113
5750.0 6.25 0.2264 1.3075 -1.6415 0.6306 1.84635e-05 0.0013
6000.0 6.25 -0.0149 1.792 -2.0106 0.7298 2.08161e-05 0.1033
6250.0 6.25 -0.1138 1.8973 -1.9953 0.6916 2.32629e-05 0.1962
6500.0 6.25 -0.139 1.829 -1.8229 0.6027 2.58019e-05 0.281
7000.0 6.25 -0.0826 1.4709 -1.3058 0.378 3.1163e-05 0.4301
7500.0 6.25 0.0 1.1171 -0.8508 0.1894 3.68997e-05 0.5568
8000.0 6.25 0.0572 0.9041 -0.5993 0.0873 4.30103e-05 0.6656
8500.0 6.25 0.0841 0.8363 -0.5547 0.0743 4.94198e-05 0.7599
9000.0 6.25 0.1433 0.7172 -0.4957 0.0687 5.59607e-05 0.8423
9500.0 6.25 0.2887 0.323 -0.1384 -0.0429 6.2174e-05 0.9148
10000.0 6.25 0.4188 -0.0722 0.242 -0.1638 6.73528e-05 0.9792
10500.0 6.25 0.5131 -0.342 0.4556 -0.2125 7.08016e-05 1.0366
11000.0 6.25 0.5374 -0.3937 0.4455 -0.1864 7.41126e-05 1.0881
11500.0 6.25 0.5358 -0.3901 0.4216 -0.1717 7.82729e-05 1.1346
12000.0 6.25 0.5335 -0.3901 0.413 -0.1669 8.26348e-05 1.1767
12500.0 6.25 0.5323 -0.3956 0.4112 -0.1646 8.70299e-05 1.215
13000.0 6.25 0.5314 -0.4066 0.4184 -0.1662 9.14557e-05 1.2499
13500.0 6.25 0.53 -0.4179 0.4275 -0.1687 9.59191e-05 1.282
14000.0 6.25 0.5292 -0.4315 0.441 -0.1734 0.000100421 1.3115
14500.0 6.25 0.5282 -0.4441 0.4535 -0.1777 0.000104957 1.3388
15000.0 6.25 0.528 -0.4582 0.4682 -0.183 0.000109526 1.364
15500.0 6.25 0.5265 -0.4687 0.4798 -0.1873 0.000114129 1.3874
16000.0 6.25 0.5282 -0.4851 0.4965 -0.1932 0.000118771 1.4091
16500.0 6.25 0.5292 -0.4991 0.5108 -0.1984 0.00012345 1.4294
17000.0 6.25 0.531 -0.5138 0.5253 -0.2034 0.000128176 1.4484
20000.0 6.25 0.5876 -0.6955 0.7049 -0.2674 0.000157583 1.5404
25000.0 6.25 0.7821 -1.1356 1.1027 -0.4012 0.000212653 1.6409
30000.0 6.25 0.6788 -0.8188 0.7162 -0.247 0.000286201 1.7055
35000.0 6.25 0.4497 -0.4473 0.3893 -0.1388 0.00037303 1.7505
40000.0 6.25 0.4107 -0.5019 0.4898 -0.1836 0.000440904 1.7837
45000.0 6.25 0.4346 -0.6464 0.6585 -0.2486 0.000496719 1.809
50000.0 6.25 0.4772 -0.8044 0.8292 -0.3119 0.000548474 1.8291
55000.0 6.25 0.5214 -0.944 0.9738 -0.3645 0.000595553 1.8454
60000.0 6.25 0.5647 -1.0692 1.1002 -0.4098 0.000640186 1.8588
3750.0 6.5 2.1641 -3.4761 3.1037 -1.0715 4.78144e-06 -1.382
4000.0 6.5 1.8219 -2.8119 2.4808 -0.8528 5.67535e-06 -1.1253
4250.0 6.5 1.703 -2.5857 2.2692 -0.7783 6.7877e-06 -0.9012
4500.0 6.5 1.6677 -2.5198 2.2101 -0.758 8.16093e-06 -0.7042
4750.0 6.5 1.5584 -2.1642 1.8012 -0.5966 9.78935e-06 -0.5299
5000.0 6.5 1.345 -1.5547 1.1501 -0.3511 1.20492e-05 -0.3747
5250.0 6.5 1.1083 -0.8963 0.4706 -0.1008 1.40957e-05 -0.236
5500.0 6.5 0.7561 0.0264 -0.4477 0.2281 1.62468e-05 -0.1113
5750.0 6.5 0.3657 0.9791 -1.3484 0.536 1.85088e-05 0.0013
6000.0 6.5 0.0706 1.6253 -1.8975 0.7046 2.08614e-05 0.1033
6250.0 6.5 -0.0773 1.8631 -2.0184 0.7154 2.33071e-05 0.1962
6500.0 6.5 -0.1209 1.8428 -1.8937 0.643 2.58406e-05 0.281
7000.0 6.5 -0.0978 1.5811 -1.4809 0.4568 3.11885e-05 0.4301
7500.0 6.5 -0.0304 1.2713 -1.0733 0.2854 3.69052e-05 0.5568
8000.0 6.5 0.0203 1.0657 -0.8194 0.1798 4.29796e-05 0.6656
8500.0 6.5 0.0483 0.9808 -0.7429 0.1516 4.93642e-05 0.7599
9000.0 6.5 0.0919 0.8894 -0.6955 0.1447 5.59263e-05 0.8423
9500.0 6.5 0.2183 0.5504 -0.3898 0.0485 6.23293e-05 0.9148
10000.0 6.5 0.3591 0.1177 0.0432 -0.097 6.79342e-05 0.9792
10500.0 6.5 0.463 -0.2095 0.354 -0.1917 7.21792e-05 1.0366
11000.0 6.5 0.5236 -0.3747 0.4591 -0.2034 7.51522e-05 1.0881
11500.0 6.5 0.5295 -0.3819 0.4237 -0.1757 7.87983e-05 1.1346
12000.0 6.5 0.5265 -0.3771 0.4051 -0.1652 8.30477e-05 1.1767
12500.0 6.5 0.5238 -0.3779 0.3986 -0.1614 8.74036e-05 1.215
13000.0 6.5 0.5141 -0.3652 0.38 -0.1532 9.17995e-05 1.2499
13500.0 6.5 0.5218 -0.3968 0.4088 -0.1628 9.62313e-05 1.282
14000.0 6.5 0.5196 -0.4059 0.4165 -0.165 0.00010071 1.3115
14500.0 6.5 0.5195 -0.4211 0.4321 -0.1705 0.000105234 1.3388
15000.0 6.5 0.5196 -0.4354 0.4462 -0.1753 0.0001098 1.364
15500.0 6.5 0.5182 -0.4459 0.4572 -0.1793 0.000114405 1.3874
16000.0 6.5 0.5192 -0.4607 0.4722 -0.1846 0.00011905 1.4091
16500.0 6.5 0.5208 -0.476 0.4878 -0.1902 0.00012374 1.4294
17000.0 6.5 0.5224 -0.4902 0.5018 -0.195 0.000128473 1.4484
20000.0 6.5 0.5816 -0.677 0.6858 -0.2604 0.00015795 1.5404
25000.0 6.5 0.7756 -1.1155 1.0809 -0.393 0.000213132 1.6409
30000.0 6.5 0.6604 -0.7752 0.6717 -0.2307 0.00028665 1.7055
35000.0 6.5 0.4177 -0.373 0.3139 -0.1111 0.000372594 1.7505
40000.0 6.5 0.3644 -0.3947 0.3814 -0.1439 0.000439704 1.7837
45000.0 6.5 0.3778 -0.5165 0.5281 -0.201 0.000494837 1.809
50000.0 6.5 0.4106 -0.6533 0.6783 -0.2571 0.000545549 1.8291
55000.0 6.5 0.4468 -0.7768 0.8079 -0.3044 0.000591573 1.8454
60000.0 6.5 0.4829 -0.8872 0.9201 -0.3447 0.000635269 1.8588
65000.0 6.5 0.0243 0.287 -0.2552 0.0796 0.00074499 1.8701
70000.0 6.5 0.0336 0.2296 -0.1907 0.0555 0.000789594 1.8797
75000.0 6.5 0.0486 0.1654 -0.1216 0.0301 0.000833885 1.888
80000.0 6.5 0.068 0.0965 -0.0494 0.0039 0.00087804 1.8952
85000.0 6.5 0.0906 0.0247 0.0246 -0.023 0.000922141 1.9016
90000.0 6.5 0.1154 -0.0479 0.098 -0.0494 0.000966315 1.9072
100000.0 6.5 0.1647 -0.1877 0.2391 -0.1001 0.00105542 1.9167
3750.0 6.75 2.2739 -3.6933 3.31 -1.1446 4.86241e-06 -1.382
4000.0 6.75 1.87 -2.9076 2.5737 -0.8862 5.75274e-06 -1.1253
4250.0 6.75 1.7201 -2.616 2.2977 -0.7885 6.84527e-06 -0.9012
4500.0 6.75 1.6725 -2.5281 2.2173 -0.7604 8.19678e-06 -0.7042
4750.0 6.75 1.6761 -2.4935 2.1629 -0.7358 9.80535e-06 -0.5299
5000.0 6.75 1.3755 -1.6497 1.2512 -0.3891 1.20917e-05 -0.3747
5250.0 6.75 1.19 -1.122 0.6988 -0.1836 1.41367e-05 -0.236
5500.0 6.75 0.8839 -0.3079 -0.1207 0.1126 1.6297e-05 -0.1113
5750.0 6.75 0.5115 0.6238 -1.0197 0.426 1.8561e-05 0.0013
6000.0 6.75 0.1821 1.3802 -1.6964 0.6454 2.09161e-05 0.1033
6250.0 6.75 -0.0145 1.753 -1.9588 0.7083 2.3357e-05 0.1962
6500.0 6.75 -0.1013 1.8465 -1.9486 0.6763 2.5886e-05 0.281
7000.0 6.75 -0.1052 1.6565 -1.6083 0.5153 3.12172e-05 0.4301
7500.0 6.75 -0.0529 1.3948 -1.2565 0.3657 3.69116e-05 0.5568
8000.0 6.75 -0.0054 1.2021 -1.0193 0.2671 4.29636e-05 0.6656
8500.0 6.75 0.0189 1.1192 -0.9352 0.2334 4.93218e-05 0.7599
9000.0 6.75 0.0522 1.0469 -0.8966 0.2263 5.58949e-05 0.8423
9500.0 6.75 0.1522 0.7836 -0.665 0.1541 6.24259e-05 0.9148
10000.0 6.75 0.2971 0.3363 -0.2073 -0.0047 6.83816e-05 0.9792
10500.0 6.75 0.4017 -0.0112 0.1517 -0.1263 7.33101e-05 1.0366
11000.0 6.75 0.4894 -0.2846 0.3986 -0.1958 7.66647e-05 1.0881
11500.0 6.75 0.5214 -0.3673 0.4286 -0.1854 7.97143e-05 1.1346
12000.0 6.75 0.5219 -0.3649 0.3971 -0.164 8.36094e-05 1.1767
12500.0 6.75 0.5197 -0.3652 0.3874 -0.1579 8.78964e-05 1.215
13000.0 6.75 0.5177 -0.3701 0.3867 -0.1563 9.22552e-05 1.2499
13500.0 6.75 0.5156 -0.376 0.3882 -0.1557 9.66629e-05 1.282
14000.0 6.75 0.5142 -0.3864 0.3964 -0.1579 0.000101116 1.3115
14500.0 6.75 0.5131 -0.398 0.4073 -0.1614 0.000105621 1.3388
15000.0 6.75 0.5134 -0.4135 0.423 -0.1669 0.000110175 1.364
15500.0 6.75 0.514 -0.4288 0.4389 -0.1726 0.000114776 1.3874
16000.0 6.75 0.5145 -0.4427 0.4529 -0.1775 0.000119425 1.4091
16500.0 6.75 0.5162 -0.4579 0.468 -0.1828 0.000124121 1.4294
17000.0 6.75 0.5175 -0.4716 0.4816 -0.1875 0.000128863 1.4484
20000.0 6.75 0.5785 -0.6623 0.6692 -0.2542 0.000158418 1.5404
25000.0 6.75 0.7704 -1.0964 1.0592 -0.3847 0.000213745 1.6409
30000.0 6.75 0.6228 -0.6869 0.5825 -0.1982 0.000287353 1.7055
35000.0 6.75 0.3946 -0.3185 0.2582 -0.0905 0.000372469 1.7505
40000.0 6.75 0.3312 -0.3168 0.3022 -0.1148 0.000438837 1.7837
45000.0 6.75 0.3345 -0.4158 0.4263 -0.1637 0.000493306 1.809
50000.0 6.75 0.3597 -0.5363 0.5608 -0.2142 0.000543308 1.8291
55000.0 6.75 0.388 -0.645 0.6769 -0.2568 0.000589099 1.8454
60000.0 6.75 0.4192 -0.7431 0.7768 -0.2927 0.000631047 1.8588
3750.0 7.0 2.3909 -3.9173 3.5188 -1.2177 4.9428e-06 -1.382
4000.0 7.0 1.9313 -3.0306 2.6929 -0.929 5.83488e-06 -1.1253
4250.0 7.0 1.7418 -2.6551 2.3346 -0.8016 6.90913e-06 -0.9012
4500.0 7.0 1.678 -2.5358 2.2233 -0.7624 8.23941e-06 -0.7042
4750.0 7.0 1.7001 -2.5895 2.2817 -0.7844 9.82774e-06 -0.5299
5000.0 7.0 1.4025 -1.7328 1.3397 -0.4223 1.21349e-05 -0.3747
5250.0 7.0 1.2362 -1.2626 0.8464 -0.2387 1.41898e-05 -0.236
5500.0 7.0 0.9983 -0.6114 0.1797 0.0054 1.63579e-05 -0.1113
5750.0 7.0 0.6545 0.2653 -0.6789 0.3089 1.8622e-05 0.0013
6000.0 7.0 0.31 1.0844 -1.4372 0.5634 2.09798e-05 0.1033
6250.0 7.0 0.0641 1.5991 -1.853 0.6841 2.34189e-05 0.1962
6500.0 7.0 -0.0589 1.7856 -1.9346 0.6843 2.59455e-05 0.281
7000.0 7.0 -0.1003 1.6894 -1.6845 0.5539 3.12615e-05 0.4301
7500.0 7.0 -0.0609 1.4684 -1.3803 0.4229 3.69348e-05 0.5568
8000.0 7.0 -0.0232 1.3101 -1.1845 0.3409 4.29613e-05 0.6656
8500.0 7.0 0.0008 1.2326 -1.1087 0.311 4.92999e-05 0.7599
9000.0 7.0 0.0264 1.1808 -1.0884 0.3095 5.58697e-05 0.8423
9500.0 7.0 0.1 0.9931 -0.9313 0.2619 6.24845e-05 0.9148
10000.0 7.0 0.2368 0.5719 -0.4974 0.1089 6.87248e-05 0.9792
10500.0 7.0 0.3472 0.1977 -0.0953 -0.0343 7.41045e-05 1.0366
11000.0 7.0 0.4311 -0.0918 0.204 -0.1339 7.83128e-05 1.0881
11500.0 7.0 0.4972 -0.298 0.381 -0.1797 8.12064e-05 1.1346
12000.0 7.0 0.5167 -0.3481 0.3898 -0.1663 8.44953e-05 1.1767
12500.0 7.0 0.5177 -0.3523 0.3736 -0.1533 8.85382e-05 1.215
13000.0 7.0 0.5166 -0.3582 0.3725 -0.1509 9.28466e-05 1.2499
13500.0 7.0 0.5145 -0.3645 0.3748 -0.1507 9.72118e-05 1.282
14000.0 7.0 0.5132 -0.3731 0.3802 -0.1517 0.000101632 1.3115
14500.0 7.0 0.5098 -0.379 0.385 -0.1529 0.00010613 1.3388
15000.0 7.0 0.5085 -0.3904 0.3962 -0.1566 0.000110672 1.364
15500.0 7.0 0.512 -0.4125 0.4188 -0.1647 0.000115261 1.3874
16000.0 7.0 0.5131 -0.4279 0.4344 -0.1702 0.000119906 1.4091
16500.0 7.0 0.5152 -0.4449 0.4518 -0.1765 0.000124602 1.4294
17000.0 7.0 0.515 -0.4554 0.4621 -0.18 0.000129353 1.4484
20000.0 7.0 0.5815 -0.659 0.6622 -0.251 0.00015899 1.5404
25000.0 7.0 0.7697 -1.0857 1.0448 -0.3788 0.000214508 1.6409
30000.0 7.0 0.6353 -0.712 0.6055 -0.2062 0.000288245 1.7055
35000.0 7.0 0.3758 -0.2741 0.2128 -0.0738 0.000372618 1.7505
40000.0 7.0 0.3053 -0.255 0.239 -0.0915 0.000438268 1.7837
45000.0 7.0 0.3038 -0.3431 0.3523 -0.1365 0.00049215 1.809
50000.0 7.0 0.321 -0.4454 0.4687 -0.1805 0.000541306 1.8291
55000.0 7.0 0.3444 -0.541 0.5714 -0.2183 0.00058516 1.8454
60000.0 7.0 0.3694 -0.6283 0.6618 -0.2509 0.000626989 1.8588
65000.0 7.0 -0.0829 0.5613 -0.5418 0.1861 0.000733667 1.8701
70000.0 7.0 -0.0967 0.5542 -0.5259 0.1793 0.000775533 1.8797
75000.0 7.0 -0.1038 0.537 -0.5015 0.1696 0.000816887 1.888
80000.0 7.0 -0.1055 0.5118 -0.4704 0.1578 0.000857944 1.8952
85000.0 7.0 -0.1029 0.4804 -0.4343 0.1443 0.000898865 1.9016
90000.0 7.0 -0.0968 0.4445 -0.3948 0.1297 0.000939694 1.9072
100000.0 7.0 -0.0827 0.3719 -0.3149 0.0999 0.00102167 1.9167
3750.0 7.25 2.5097 -4.1332 3.7138 -1.2846 5.01926e-06 -1.382
4000.0 7.25 2.0064 -3.1819 2.8392 -0.9815 5.92034e-06 -1.1253
4250.0 7.25 1.7698 -2.7073 2.3843 -0.8193 6.97889e-06 -0.9012
4500.0 7.25 1.6888 -2.5535 2.2392 -0.7679 8.28789e-06 -0.7042
4750.0 7.25 1.6755 -2.5342 2.2263 -0.7643 9.85296e-06 -0.5299
5000.0 7.25 1.435 -1.8245 1.4362 -0.4583 1.21788e-05 -0.3747
5250.0 7.25 1.2911 -1.4178 1.0074 -0.2981 1.42436e-05 -0.236
5500.0 7.25 1.0785 -0.8344 0.4059 -0.077 1.64186e-05 -0.1113
5750.0 7.25 0.7848 -0.0681 -0.3572 0.1966 1.86903e-05 0.0013
6000.0 7.25 0.4465 0.7585 -1.1409 0.4657 2.1051e-05 0.1033
6250.0 7.25 0.1616 1.3933 -1.6928 0.6399 2.34915e-05 0.1962
6500.0 7.25 -0.006 1.6978 -1.8937 0.6828 2.60133e-05 0.281
7000.0 7.25 -0.0927 1.7089 -1.7409 0.5838 3.13146e-05 0.4301
7500.0 7.25 -0.0647 1.5173 -1.4666 0.4635 3.69619e-05 0.5568
8000.0 7.25 -0.0299 1.3746 -1.2941 0.392 4.29557e-05 0.6656
8500.0 7.25 -0.0096 1.3171 -1.2461 0.3742 4.92689e-05 0.7599
9000.0 7.25 0.0135 1.2798 -1.2453 0.3809 5.5832e-05 0.8423
9500.0 7.25 0.0729 1.1408 -1.1428 0.3534 6.25047e-05 0.9148
10000.0 7.25 0.1883 0.7918 -0.7884 0.2288 6.89495e-05 0.9792
10500.0 7.25 0.3017 0.4038 -0.3634 0.0734 7.46956e-05 1.0366
11000.0 7.25 0.377 0.1285 -0.0605 -0.0346 7.9562e-05 1.0881
11500.0 7.25 0.4484 -0.1239 0.1991 -0.1199 8.30748e-05 1.1346
12000.0 7.25 0.4987 -0.2828 0.3329 -0.1532 8.59178e-05 1.1767
12500.0 7.25 0.514 -0.3276 0.3486 -0.1466 8.94219e-05 1.215
13000.0 7.25 0.5173 -0.3437 0.3515 -0.1424 9.35408e-05 1.2499
13500.0 7.25 0.5172 -0.3559 0.3598 -0.144 9.78668e-05 1.282
14000.0 7.25 0.5155 -0.3648 0.3664 -0.1456 0.000102262 1.3115
14500.0 7.25 0.5151 -0.3767 0.377 -0.149 0.000106725 1.3388
15000.0 7.25 0.5161 -0.3931 0.393 -0.1545 0.000111244 1.364
15500.0 7.25 0.5147 -0.4042 0.4047 -0.1586 0.000115823 1.3874
16000.0 7.25 0.5147 -0.417 0.4174 -0.1629 0.000120461 1.4091
16500.0 7.25 0.5156 -0.4317 0.4326 -0.1684 0.000125155 1.4294
17000.0 7.25 0.5194 -0.4514 0.4522 -0.1753 0.000129907 1.4484
20000.0 7.25 0.5861 -0.6576 0.6561 -0.248 0.000159619 1.5404
25000.0 7.25 0.7703 -1.0774 1.0327 -0.3737 0.000215353 1.6409
30000.0 7.25 0.6272 -0.69 0.5816 -0.1971 0.000289294 1.7055
35000.0 7.25 0.3696 -0.2573 0.1946 -0.0668 0.000372938 1.7505
40000.0 7.25 0.2906 -0.2181 0.2004 -0.0771 0.0004379 1.7837
45000.0 7.25 0.2799 -0.2845 0.292 -0.1142 0.000491211 1.809
50000.0 7.25 0.2924 -0.3758 0.3975 -0.1542 0.000539307 1.8291
55000.0 7.25 0.3113 -0.4617 0.4908 -0.1887 0.000582633 1.8454
60000.0 7.25 0.3325 -0.5415 0.5742 -0.2189 0.000624394 1.8588
3750.0 7.5 2.6247 -4.3234 3.8756 -1.3378 5.09329e-06 -1.382
4000.0 7.5 2.0946 -3.3582 3.0088 -1.0421 6.00806e-06 -1.1253
4250.0 7.5 1.8059 -2.7759 2.4502 -0.843 7.0547e-06 -0.9012
4500.0 7.5 1.7027 -2.5763 2.2599 -0.7751 8.34309e-06 -0.7042
4750.0 7.5 1.676 -2.5321 2.2226 -0.7627 9.88424e-06 -0.5299
5000.0 7.5 1.4694 -1.9172 1.5329 -0.4943 1.2226e-05 -0.3747
5250.0 7.5 1.3211 -1.5091 1.1039 -0.3342 1.42988e-05 -0.236
5500.0 7.5 1.1518 -1.0365 0.6116 -0.1519 1.64886e-05 -0.1113
5750.0 7.5 0.8988 -0.3671 -0.0625 0.0918 1.8768e-05 0.0013
6000.0 7.5 0.5832 0.4226 -0.8272 0.3595 2.11333e-05 0.1033
6250.0 7.5 0.2774 1.1348 -1.4751 0.5737 2.35767e-05 0.1962
6500.0 7.5 0.0639 1.5674 -1.8115 0.6671 2.60992e-05 0.281
7000.0 7.5 -0.0751 1.6992 -1.7655 0.6019 3.13796e-05 0.4301
7500.0 7.5 -0.0654 1.5467 -1.523 0.4908 3.70071e-05 0.5568
8000.0 7.5 -0.031 1.4107 -1.3632 0.4258 4.29686e-05 0.6656
8500.0 7.5 -0.0098 1.3614 -1.3324 0.4167 4.92579e-05 0.7599
9000.0 7.5 0.0124 1.3393 -1.3562 0.4347 5.58138e-05 0.8423
9500.0 7.5 0.0597 1.2479 -1.3124 0.4306 6.25058e-05 0.9148
10000.0 7.5 0.1642 0.9494 -1.0218 0.3309 6.91144e-05 0.9792
10500.0 7.5 0.275 0.5724 -0.6083 0.1784 7.51748e-05 1.0366
11000.0 7.5 0.3461 0.3057 -0.307 0.0673 8.04594e-05 1.0881
11500.0 7.5 0.4013 0.0914 -0.0689 -0.0169 8.48488e-05 1.1346
12000.0 7.5 0.4609 -0.1266 0.1573 -0.0919 8.78922e-05 1.1767
12500.0 7.5 0.4997 -0.2578 0.2731 -0.1228 9.08479e-05 1.215
13000.0 7.5 0.5151 -0.3111 0.3085 -0.1266 9.45079e-05 1.2499
13500.0 7.5 0.5213 -0.3419 0.3336 -0.1322 9.86726e-05 1.282
14000.0 7.5 0.5227 -0.3618 0.3528 -0.1384 0.000103022 1.3115
14500.0 7.5 0.5224 -0.3771 0.3692 -0.1444 0.00010744 1.3388
15000.0 7.5 0.5213 -0.3891 0.3816 -0.1488 0.00011191 1.364
15500.0 7.5 0.5134 -0.3851 0.3785 -0.1477 0.000116511 1.3874
16000.0 7.5 0.5122 -0.3962 0.3902 -0.1519 0.000121138 1.4091
16500.0 7.5 0.5163 -0.4183 0.4129 -0.16 0.000125823 1.4294
17000.0 7.5 0.5205 -0.4394 0.434 -0.1675 0.000130573 1.4484
20000.0 7.5 0.5936 -0.6612 0.6538 -0.246 0.000160349 1.5404
25000.0 7.5 0.7781 -1.0837 1.0338 -0.3731 0.000216334 1.6409
30000.0 7.5 0.6216 -0.6743 0.5646 -0.1907 0.000290538 1.7055
35000.0 7.5 0.3595 -0.2331 0.1699 -0.0578 0.000373482 1.7505
40000.0 7.5 0.2778 -0.1854 0.1662 -0.0643 0.000437786 1.7837
45000.0 7.5 0.2584 -0.2315 0.2374 -0.094 0.000490576 1.809
50000.0 7.5 0.2716 -0.3244 0.3446 -0.1347 0.000538122 1.8291
55000.0 7.5 0.2867 -0.4018 0.4295 -0.1662 0.000581111 1.8454
60000.0 7.5 0.3037 -0.4718 0.5033 -0.1929 0.000621255 1.8588
65000.0 7.5 -0.2077 0.7746 -0.7533 0.2649 0.000693592 1.8701
70000.0 7.5 -0.2342 0.802 -0.7739 0.2716 0.000732398 1.8797
75000.0 7.5 -0.2547 0.8196 -0.7855 0.2751 0.000770447 1.888
80000.0 7.5 -0.2704 0.8297 -0.7903 0.2763 0.000807742 1.8952
85000.0 7.5 -0.2815 0.8317 -0.7877 0.2748 0.000845 1.9016
90000.0 7.5 -0.289 0.8276 -0.7796 0.2714 0.000881962 1.9072
100000.0 7.5 -0.3021 0.8178 -0.7616 0.2638 0.000955824 1.9167
3750.0 7.75 2.7229 -4.4624 3.9813 -1.3698 5.15699e-06 -1.382
4000.0 7.75 2.1955 -3.5575 3.1986 -1.1094 6.09652e-06 -1.1253
4250.0 7.75 1.8517 -2.8648 2.5359 -0.8737 7.13559e-06 -0.9012
4500.0 7.75 1.7204 -2.6062 2.2875 -0.7848 8.40496e-06 -0.7042
4750.0 7.75 1.6817 -2.5401 2.229 -0.7649 9.92189e-06 -0.5299
5000.0 7.75 1.5101 -2.0222 1.6419 -0.5349 1.22774e-05 -0.3747
5250.0 7.75 1.3431 -1.577 1.1766 -0.3616 1.4353e-05 -0.236
5500.0 7.75 1.1961 -1.1678 0.7492 -0.2031 1.65584e-05 -0.1113
5750.0 7.75 0.9901 -0.6126 0.1829 0.0035 1.88526e-05 0.0013
6000.0 7.75 0.712 0.0978 -0.516 0.2515 2.12262e-05 0.1033
6250.0 7.75 0.4061 0.8324 -1.2041 0.4855 2.36763e-05 0.1962
6500.0 7.75 0.1601 1.3628 -1.6498 0.6214 2.61965e-05 0.281
7000.0 7.75 -0.0477 1.6664 -1.769 0.6133 3.14654e-05 0.4301
7500.0 7.75 -0.0562 1.5456 -1.5447 0.5051 3.70599e-05 0.5568
8000.0 7.75 -0.0286 1.4239 -1.3967 0.4437 4.29947e-05 0.6656
8500.0 7.75 -0.0077 1.3822 -1.3797 0.4414 4.92516e-05 0.7599
9000.0 7.75 0.0115 1.3815 -1.4352 0.4733 5.57843e-05 0.8423
9500.0 7.75 0.0652 1.2927 -1.4088 0.4793 6.2503e-05 0.9148
10000.0 7.75 0.1547 1.0613 -1.2051 0.415 6.92119e-05 0.9792
10500.0 7.75 0.2665 0.6956 -0.8117 0.2708 7.5539e-05 1.0366
11000.0 7.75 0.3425 0.4154 -0.4951 0.1527 8.11725e-05 1.0881
11500.0 7.75 0.3895 0.2286 -0.2822 0.0751 8.61084e-05 1.1346
12000.0 7.75 0.4323 0.05 -0.0805 0.0035 9.00249e-05 1.1767
12500.0 7.75 0.4772 -0.1276 0.1092 -0.061 9.28804e-05 1.215
13000.0 7.75 0.5079 -0.2435 0.2203 -0.094 9.59765e-05 1.2499
13500.0 7.75 0.5237 -0.3083 0.2793 -0.1097 9.9739e-05 1.282
14000.0 7.75 0.5319 -0.3521 0.3245 -0.1243 0.000103928 1.3115
14500.0 7.75 0.5347 -0.3815 0.359 -0.1372 0.000108297 1.3388
15000.0 7.75 0.5345 -0.3992 0.3805 -0.1459 0.000112805 1.364
15500.0 7.75 0.534 -0.4153 0.3999 -0.1535 0.000117278 1.3874
16000.0 7.75 0.5349 -0.4303 0.4153 -0.159 0.000121924 1.4091
16500.0 7.75 0.5356 -0.4454 0.4315 -0.1649 0.000126598 1.4294
17000.0 7.75 0.5412 -0.4697 0.4558 -0.1736 0.000131337 1.4484
20000.0 7.75 0.6085 -0.6809 0.6669 -0.2493 0.000161164 1.5404
25000.0 7.75 0.7823 -1.0833 1.0293 -0.3706 0.000217436 1.6409
30000.0 7.75 0.6197 -0.6669 0.5561 -0.1873 0.000291945 1.7055
35000.0 7.75 0.3552 -0.2213 0.1574 -0.053 0.000374204 1.7505
40000.0 7.75 0.2699 -0.1637 0.1431 -0.0556 0.000437879 1.7837
45000.0 7.75 0.2529 -0.2145 0.2187 -0.0869 0.000490166 1.809
50000.0 7.75 0.2565 -0.2847 0.3033 -0.1194 0.000536749 1.8291
55000.0 7.75 0.2681 -0.354 0.3802 -0.148 0.000578756 1.8454
60000.0 7.75 0.2827 -0.4195 0.4497 -0.1732 0.000619526 1.8588
65000.0 7.75 -0.0935 0.6328 -0.633 0.223 0.000722798 1.8701
70000.0 7.75 -0.1253 0.6697 -0.6614 0.2323 0.000761761 1.8797
75000.0 7.75 -0.1513 0.6974 -0.6817 0.2388 0.000799925 1.888
80000.0 7.75 -0.1727 0.7181 -0.696 0.2433 0.000837296 1.8952
85000.0 7.75 -0.1898 0.7315 -0.7038 0.2454 0.000874612 1.9016
90000.0 7.75 -0.2034 0.7395 -0.707 0.246 0.000911612 1.9072
100000.0 7.75 -0.2288 0.7544 -0.7126 0.2469 0.000985433 1.9167
3750.0 8.0 2.7934 -4.5287 4.0115 -1.3739 5.21743e-06 -1.382
4000.0 8.0 2.3046 -3.7671 3.3949 -1.1784 6.18352e-06 -1.1253
4250.0 8.0 1.9095 -2.9786 2.6457 -0.9131 7.22016e-06 -0.9012
4500.0 8.0 1.7452 -2.6512 2.3304 -0.8002 8.47236e-06 -0.7042
4750.0 8.0 1.6894 -2.5498 2.2367 -0.7673 9.96648e-06 -0.5299
5000.0 8.0 1.5601 -2.1496 1.7754 -0.5848 1.23345e-05 -0.3747
5250.0 8.0 1.3787 -1.6717 1.2733 -0.397 1.44086e-05 -0.236
5500.0 8.0 1.2459 -1.3066 0.8929 -0.256 1.66289e-05 -0.1113
5750.0 8.0 1.0732 -0.834 0.4051 -0.0766 1.89423e-05 0.0013
6000.0 8.0 0.8258 -0.1939 -0.2326 0.152 2.13277e-05 0.1033
6250.0 8.0 0.5377 0.5134 -0.9087 0.3862 2.37852e-05 0.1962
6500.0 8.0 0.2706 1.1181 -1.445 0.5595 2.6309e-05 0.281
7000.0 8.0 -0.0114 1.6153 -1.7578 0.6204 3.15667e-05 0.4301
7500.0 8.0 -0.0437 1.535 -1.5558 0.5153 3.71369e-05 0.5568
8000.0 8.0 -0.032 1.4419 -1.4251 0.4569 4.30334e-05 0.6656
8500.0 8.0 -0.0023 1.379 -1.389 0.4488 4.92567e-05 0.7599
9000.0 8.0 0.0191 1.3822 -1.4563 0.4871 5.57649e-05 0.8423
9500.0 8.0 0.0723 1.3144 -1.4658 0.5098 6.24945e-05 0.9148
10000.0 8.0 0.1639 1.1057 -1.3056 0.466 6.9274e-05 0.9792
10500.0 8.0 0.2767 0.7612 -0.951 0.3396 7.58216e-05 1.0366
11000.0 8.0 0.3587 0.4686 -0.6243 0.2177 8.17544e-05 1.0881
11500.0 8.0 0.4111 0.2731 -0.4044 0.1369 8.70688e-05 1.1346
12000.0 8.0 0.4482 0.1221 -0.2322 0.0748 9.1716e-05 1.1767
12500.0 8.0 0.4785 -0.0234 -0.0617 0.0129 9.52478e-05 1.215
13000.0 8.0 0.5065 -0.156 0.087 -0.0392 9.80888e-05 1.2499
13500.0 8.0 0.5268 -0.2512 0.1874 -0.0718 0.000101351 1.282
14000.0 8.0 0.5423 -0.3264 0.2685 -0.0987 0.000105132 1.3115
14500.0 8.0 0.5499 -0.3774 0.3289 -0.1207 0.000109336 1.3388
15000.0 8.0 0.5527 -0.4126 0.3749 -0.1392 0.000113741 1.364
15500.0 8.0 0.5533 -0.4384 0.4101 -0.1541 0.000118185 1.3874
16000.0 8.0 0.5526 -0.4547 0.4313 -0.1629 0.000122797 1.4091
16500.0 8.0 0.5327 -0.4266 0.4079 -0.1554 0.000127502 1.4294
17000.0 8.0 0.5566 -0.4901 0.4698 -0.1773 0.000132227 1.4484
20000.0 8.0 0.6186 -0.6914 0.6721 -0.2501 0.000162092 1.5404
25000.0 8.0 0.7907 -1.0922 1.0342 -0.3716 0.00021865 1.6409
30000.0 8.0 0.6172 -0.6586 0.5472 -0.1841 0.00029352 1.7055
35000.0 8.0 0.353 -0.2147 0.1503 -0.0504 0.000375085 1.7505
40000.0 8.0 0.2654 -0.1502 0.1286 -0.0501 0.000438135 1.7837
45000.0 8.0 0.2453 -0.1928 0.1954 -0.0781 0.00048997 1.809
50000.0 8.0 0.2461 -0.2556 0.2723 -0.1078 0.000536095 1.8291
55000.0 8.0 0.2549 -0.3185 0.3429 -0.1341 0.000577695 1.8454
60000.0 8.0 0.2667 -0.3776 0.4063 -0.1572 0.000617432 1.8588
3750.0 8.25 2.8405 -4.5199 3.9597 -1.3472 5.26284e-06 -1.382
4000.0 8.25 2.4172 -3.974 3.584 -1.2438 6.26714e-06 -1.1253
4250.0 8.25 1.9805 -3.1197 2.7817 -0.9618 7.30712e-06 -0.9012
4500.0 8.25 1.7753 -2.7064 2.3829 -0.8189 8.54518e-06 -0.7042
4750.0 8.25 1.6965 -2.556 2.2406 -0.7684 1.00177e-05 -0.5299
5000.0 8.25 1.6213 -2.3059 1.9408 -0.6471 1.2398e-05 -0.3747
5250.0 8.25 1.4079 -1.7475 1.3511 -0.4257 1.44666e-05 -0.236
5500.0 8.25 1.2755 -1.3925 0.9827 -0.2893 1.66975e-05 -0.1113
5750.0 8.25 1.1172 -0.9658 0.5439 -0.1284 1.90319e-05 0.0013
6000.0 8.25 0.9227 -0.4472 0.0178 0.0627 2.14371e-05 0.1033
6250.0 8.25 0.6608 0.2071 -0.6176 0.2859 2.39057e-05 0.1962
6500.0 8.25 0.3908 0.841 -1.2011 0.4814 2.64363e-05 0.281
7000.0 8.25 0.0425 1.522 -1.7077 0.6147 3.16912e-05 0.4301
7500.0 8.25 -0.0282 1.5188 -1.5627 0.5243 3.72351e-05 0.5568
8000.0 8.25 -0.0149 1.4048 -1.3976 0.4506 4.30979e-05 0.6656
8500.0 8.25 0.0069 1.3537 -1.3654 0.4418 4.92767e-05 0.7599
9000.0 8.25 0.0275 1.363 -1.4411 0.4837 5.57498e-05 0.8423
9500.0 8.25 0.0774 1.32 -1.4879 0.5227 6.24745e-05 0.9148
10000.0 8.25 0.1722 1.131 -1.3686 0.4989 6.93053e-05 0.9792
10500.0 8.25 0.2908 0.8016 -1.0516 0.3913 7.60107e-05 1.0366
11000.0 8.25 0.3897 0.4716 -0.6935 0.2594 8.22369e-05 1.0881
11500.0 8.25 0.4521 0.2527 -0.4526 0.171 8.7854e-05 1.1346
12000.0 8.25 0.5004 0.0815 -0.2629 0.1023 9.29488e-05 1.1767
12500.0 8.25 0.5297 -0.0472 -0.1122 0.0471 9.73504e-05 1.215
13000.0 8.25 0.5434 -0.1466 0.0121 0.0008 0.000100641 1.2499
13500.0 8.25 0.5547 -0.2349 0.1201 -0.0386 0.000103536 1.282
14000.0 8.25 0.5651 -0.3103 0.2092 -0.07 0.000106852 1.3115
14500.0 8.25 0.5719 -0.3706 0.2834 -0.0969 0.0001107 1.3388
15000.0 8.25 0.5756 -0.42 0.3501 -0.1231 0.00011491 1.364
15500.0 8.25 0.5768 -0.458 0.4058 -0.1468 0.000119309 1.3874
16000.0 8.25 0.5759 -0.4836 0.4446 -0.1639 0.000123856 1.4091
16500.0 8.25 0.5765 -0.5067 0.4765 -0.1777 0.000128455 1.4294
17000.0 8.25 0.5765 -0.5204 0.4931 -0.1842 0.000133273 1.4484
20000.0 8.25 0.639 -0.725 0.7003 -0.2592 0.000163114 1.5404
25000.0 8.25 0.7953 -1.095 1.035 -0.3716 0.000219988 1.6409
30000.0 8.25 0.6155 -0.6518 0.5398 -0.1814 0.000295242 1.7055
35000.0 8.25 0.353 -0.2126 0.1477 -0.0493 0.000376109 1.7505
40000.0 8.25 0.2565 -0.1297 0.1093 -0.0435 0.00043857 1.7837
45000.0 8.25 0.241 -0.1779 0.1788 -0.0717 0.000489961 1.809
50000.0 8.25 0.2396 -0.235 0.2498 -0.0993 0.000535417 1.8291
55000.0 8.25 0.2459 -0.2922 0.3148 -0.1235 0.000576889 1.8454
60000.0 8.25 0.2553 -0.3454 0.3722 -0.1445 0.000615555 1.8588
65000.0 8.25 -0.0472 0.5517 -0.5614 0.1988 0.000718255 1.8701
70000.0 8.25 -0.0818 0.5977 -0.5997 0.2118 0.00075598 1.8797
75000.0 8.25 -0.1113 0.636 -0.6315 0.2226 0.000792744 1.888
80000.0 8.25 -0.1372 0.669 -0.6588 0.2319 0.000828708 1.8952
85000.0 8.25 -0.1594 0.6961 -0.681 0.2394 0.00086412 1.9016
90000.0 8.25 -0.1783 0.7178 -0.6981 0.2451 0.000899395 1.9072
100000.0 8.25 -0.2148 0.7612 -0.7331 0.2568 0.000969319 1.9167
3750.0 8.5 2.8516 -4.422 3.8185 -1.2882 5.2931e-06 -1.382
4000.0 8.5 2.5264 -4.1605 3.7471 -1.2987 6.3452e-06 -1.1253
4250.0 8.5 2.0651 -3.2867 2.9418 -1.0189 7.39475e-06 -0.9012
4500.0 8.5 1.8128 -2.7766 2.4501 -0.8429 8.62316e-06 -0.7042
4750.0 8.5 1.7121 -2.5808 2.2633 -0.7764 1.00754e-05 -0.5299
5000.0 8.5 1.6087 -2.2539 1.8759 -0.6206 1.24639e-05 -0.3747
5250.0 8.5 1.4479 -1.8461 1.4513 -0.4624 1.45301e-05 -0.236
5500.0 8.5 1.3037 -1.4698 1.0618 -0.3183 1.67658e-05 -0.1113
5750.0 8.5 1.1774 -1.1256 0.7057 -0.1869 1.91213e-05 0.0013
6000.0 8.5 1.0048 -0.6637 0.2339 -0.0148 2.1552e-05 0.1033
6250.0 8.5 0.7712 -0.0717 -0.3491 0.1922 2.40396e-05 0.1962
6500.0 8.5 0.5137 0.5498 -0.9365 0.3939 2.65786e-05 0.281
7000.0 8.5 0.1145 1.3839 -1.6145 0.5939 3.18349e-05 0.4301
7500.0 8.5 -0.0087 1.4988 -1.571 0.5352 3.7355e-05 0.5568
8000.0 8.5 -0.0039 1.3829 -1.3836 0.4483 4.31849e-05 0.6656
8500.0 8.5 0.0194 1.3144 -1.3226 0.4266 4.93189e-05 0.7599
9000.0 8.5 0.0371 1.326 -1.3952 0.4658 5.5751e-05 0.8423
9500.0 8.5 0.0821 1.3062 -1.472 0.5171 6.24543e-05 0.9148
10000.0 8.5 0.1728 1.1544 -1.4099 0.5187 6.93146e-05 0.9792
10500.0 8.5 0.303 0.8272 -1.1195 0.4266 7.61467e-05 1.0366
11000.0 8.5 0.4154 0.4776 -0.7552 0.2957 8.26184e-05 1.0881
11500.0 8.5 0.5 0.1986 -0.4535 0.1852 8.85307e-05 1.1346
12000.0 8.5 0.5634 -0.0062 -0.2337 0.106 9.39476e-05 1.1767
12500.0 8.5 0.6095 -0.169 -0.0513 0.0391 9.88896e-05 1.215
13000.0 8.5 0.6259 -0.262 0.0635 -0.0037 0.000103103 1.2499
13500.0 8.5 0.6239 -0.3172 0.1433 -0.0348 0.00010628 1.282
14000.0 8.5 0.6193 -0.3621 0.2101 -0.061 0.000109242 1.3115
14500.0 8.5 0.6149 -0.401 0.2671 -0.0826 0.000112604 1.3388
15000.0 8.5 0.6117 -0.4421 0.3287 -0.1068 0.000116461 1.364
15500.0 8.5 0.6079 -0.4773 0.3864 -0.1313 0.000120681 1.3874
16000.0 8.5 0.6046 -0.5099 0.4421 -0.1562 0.000125117 1.4091
16500.0 8.5 0.6033 -0.5398 0.4904 -0.178 0.000129657 1.4294
17000.0 8.5 0.6039 -0.5651 0.5277 -0.1945 0.000134352 1.4484
20000.0 8.5 0.6603 -0.7602 0.7302 -0.2691 0.000164269 1.5404
25000.0 8.5 0.8079 -1.1118 1.0477 -0.3755 0.000221438 1.6409
30000.0 8.5 0.6099 -0.6391 0.5285 -0.1777 0.000297139 1.7055
35000.0 8.5 0.3543 -0.2135 0.1483 -0.0495 0.000377264 1.7505
40000.0 8.5 0.2672 -0.1445 0.119 -0.0458 0.000439099 1.7837
45000.0 8.5 0.2392 -0.1682 0.1671 -0.0671 0.000490131 1.809
50000.0 8.5 0.2358 -0.2195 0.2319 -0.0923 0.000534489 1.8291
55000.0 8.5 0.24 -0.2717 0.292 -0.1148 0.00057552 1.8454
60000.0 8.5 0.2467 -0.3204 0.3454 -0.1344 0.000614968 1.8588
65000.0 8.5 -0.0169 0.4922 -0.5055 0.1791 0.000716739 1.8701
70000.0 8.5 -0.0509 0.5384 -0.5444 0.1923 0.000753824 1.8797
75000.0 8.5 -0.0804 0.5776 -0.5774 0.2037 0.000790006 1.888
80000.0 8.5 -0.1062 0.6114 -0.6059 0.2135 0.000825512 1.8952
85000.0 8.5 -0.1287 0.6401 -0.63 0.2217 0.00086053 1.9016
90000.0 8.5 -0.1485 0.6649 -0.6506 0.2288 0.000895159 1.9072
100000.0 8.5 -0.1867 0.7146 -0.6928 0.2433 0.000963761 1.9167
3750.0 8.75 2.8243 -4.2326 3.5895 -1.1986 5.30477e-06 -1.382
4000.0 8.75 2.6243 -4.3064 3.8636 -1.3353 6.414e-06 -1.1253
4250.0 8.75 2.1619 -3.4746 3.1198 -1.082 7.48064e-06 -0.9012
4500.0 8.75 1.8601 -2.8672 2.5371 -0.8741 8.70437e-06 -0.7042
4750.0 8.75 1.7356 -2.6224 2.3027 -0.7905 1.01381e-05 -0.5299
5000.0 8.75 1.6805 -2.4346 2.0681 -0.6932 1.25425e-05 -0.3747
5250.0 8.75 1.4916 -1.9516 1.559 -0.5021 1.45998e-05 -0.236
5500.0 8.75 1.3334 -1.5462 1.1392 -0.3465 1.68354e-05 -0.1113
5750.0 8.75 1.1983 -1.1929 0.7786 -0.2147 1.9207e-05 0.0013
6000.0 8.75 1.0524 -0.8036 0.3815 -0.0699 2.16647e-05 0.1033
6250.0 8.75 0.8637 -0.3126 -0.1111 0.1074 2.41765e-05 0.1962
6500.0 8.75 0.6307 0.2643 -0.6687 0.3025 2.67359e-05 0.281
7000.0 8.75 0.2003 1.2111 -1.4869 0.5609 3.20027e-05 0.4301
7500.0 8.75 0.0275 1.4425 -1.5493 0.5372 3.75063e-05 0.5568
8000.0 8.75 0.0131 1.3504 -1.3627 0.4446 4.32923e-05 0.6656
8500.0 8.75 0.0347 1.266 -1.2688 0.4069 4.93871e-05 0.7599
9000.0 8.75 0.0522 1.2675 -1.3212 0.4364 5.57809e-05 0.8423
9500.0 8.75 0.088 1.2717 -1.4203 0.4948 6.24396e-05 0.9148
10000.0 8.75 0.1653 1.1761 -1.43 0.5256 6.93043e-05 0.9792
10500.0 8.75 0.2997 0.8736 -1.1911 0.4585 7.62264e-05 1.0366
11000.0 8.75 0.4333 0.4889 -0.8076 0.3248 8.2916e-05 1.0881
11500.0 8.75 0.5328 0.1749 -0.4763 0.2049 8.91004e-05 1.1346
12000.0 8.75 0.6214 -0.0988 -0.185 0.0992 9.48017e-05 1.1767
12500.0 8.75 0.6876 -0.3078 0.0408 0.017 0.000100102 1.215
13000.0 8.75 0.7245 -0.4458 0.199 -0.0417 0.000104943 1.2499
13500.0 8.75 0.7284 -0.5073 0.2844 -0.0751 0.000109035 1.282
14000.0 8.75 0.7115 -0.5163 0.3153 -0.0888 0.000112193 1.3115
14500.0 8.75 0.6913 -0.5164 0.3361 -0.0987 0.000115209 1.3388
15000.0 8.75 0.6735 -0.5212 0.3619 -0.1104 0.000118615 1.364
15500.0 8.75 0.6569 -0.5283 0.3917 -0.1242 0.000122444 1.3874
16000.0 8.75 0.6445 -0.5452 0.4343 -0.1439 0.000126622 1.4091
16500.0 8.75 0.6357 -0.567 0.4822 -0.1667 0.00013103 1.4294
17000.0 8.75 0.632 -0.6004 0.5435 -0.1957 0.000135583 1.4484
20000.0 8.75 0.6835 -0.7991 0.7633 -0.28 0.000165551 1.5404
25000.0 8.75 0.8172 -1.122 1.0546 -0.3775 0.000223014 1.6409
30000.0 8.75 0.6113 -0.6374 0.5253 -0.1764 0.000299147 1.7055
35000.0 8.75 0.3571 -0.2176 0.1519 -0.0507 0.000378536 1.7505
40000.0 8.75 0.2691 -0.1446 0.1178 -0.0452 0.000439781 1.7837
45000.0 8.75 0.2399 -0.1644 0.1613 -0.0646 0.000490444 1.809
50000.0 8.75 0.2348 -0.2105 0.2205 -0.0877 0.000534188 1.8291
55000.0 8.75 0.2372 -0.2585 0.2763 -0.1087 0.000574713 1.8454
60000.0 8.75 0.243 -0.3034 0.3256 -0.1267 0.000613021 1.8588
3750.0 9.0 2.7597 -3.963 3.2885 -1.0851 5.2874e-06 -1.382
4000.0 9.0 2.7023 -4.3917 3.914 -1.3471 6.46933e-06 -1.1253
4250.0 9.0 2.268 -3.6749 3.3063 -1.1473 7.56136e-06 -0.9012
4500.0 9.0 1.9194 -2.9824 2.6479 -0.9138 8.78717e-06 -0.7042
4750.0 9.0 1.7591 -2.6621 2.3397 -0.8036 1.02133e-05 -0.5299
5000.0 9.0 1.7132 -2.5043 2.138 -0.7188 1.26293e-05 -0.3747
5250.0 9.0 1.5459 -2.0823 1.6933 -0.5518 1.46779e-05 -0.236
5500.0 9.0 1.362 -1.6154 1.2081 -0.3714 1.69103e-05 -0.1113
5750.0 9.0 1.231 -1.2799 0.8669 -0.2468 1.9292e-05 0.0013
6000.0 9.0 1.0978 -0.9289 0.5106 -0.1174 2.17759e-05 0.1033
6250.0 9.0 0.9463 -0.5248 0.098 0.0332 2.43182e-05 0.1962
6500.0 9.0 0.7355 0.0009 -0.4149 0.214 2.69019e-05 0.281
7000.0 9.0 0.3028 0.9894 -1.305 0.5067 3.2195e-05 0.4301
7500.0 9.0 0.0696 1.3792 -1.5275 0.5409 3.7691e-05 0.5568
8000.0 9.0 0.0327 1.3183 -1.3484 0.4449 4.3441e-05 0.6656
8500.0 9.0 0.0526 1.2139 -1.2135 0.3874 4.94887e-05 0.7599
9000.0 9.0 0.0723 1.1925 -1.2281 0.3996 5.58294e-05 0.8423
9500.0 9.0 0.0931 1.228 -1.3497 0.4632 6.24415e-05 0.9148
10000.0 9.0 0.1543 1.1874 -1.4233 0.5186 6.93052e-05 0.9792
10500.0 9.0 0.2833 0.9329 -1.2569 0.4835 7.62796e-05 1.0366
11000.0 9.0 0.4341 0.5315 -0.8783 0.3568 8.3144e-05 1.0881
11500.0 9.0 0.5547 0.1649 -0.4986 0.2208 8.95882e-05 1.1346
12000.0 9.0 0.6589 -0.1485 -0.1705 0.1025 9.55483e-05 1.1767
12500.0 9.0 0.7484 -0.4174 0.1154 -0.0017 0.000101131 1.215
13000.0 9.0 0.8095 -0.615 0.3332 -0.0823 0.000106375 1.2499
13500.0 9.0 0.8344 -0.7245 0.4659 -0.1331 0.000111161 1.282
14000.0 9.0 0.8247 -0.7453 0.5081 -0.1509 0.00011521 1.3115
14500.0 9.0 0.799 -0.7226 0.5033 -0.1512 0.000118396 1.3388
15000.0 9.0 0.7649 -0.6831 0.4838 -0.1471 0.000121457 1.364
15500.0 9.0 0.7337 -0.6497 0.4701 -0.1446 0.000124877 1.3874
16000.0 9.0 0.7057 -0.6261 0.4695 -0.1478 0.00012865 1.4091
16500.0 9.0 0.6838 -0.6191 0.4893 -0.1597 0.000132813 1.4294
17000.0 9.0 0.67 -0.6305 0.5292 -0.1801 0.000137269 1.4484
20000.0 9.0 0.7089 -0.8433 0.8022 -0.2931 0.000166977 1.5404
25000.0 9.0 0.8235 -1.1283 1.0591 -0.379 0.000224755 1.6409
30000.0 9.0 0.6116 -0.6335 0.52 -0.1742 0.000301305 1.7055
35000.0 9.0 0.3624 -0.2244 0.1564 -0.0518 0.00037992 1.7505
40000.0 9.0 0.2724 -0.1485 0.1205 -0.0459 0.000440603 1.7837
45000.0 9.0 0.2434 -0.1659 0.1601 -0.0636 0.000490915 1.809
50000.0 9.0 0.2361 -0.2067 0.2143 -0.085 0.000534053 1.8291
55000.0 9.0 0.2368 -0.2503 0.2656 -0.1043 0.000574236 1.8454
60000.0 9.0 0.241 -0.2917 0.3114 -0.1211 0.000611868 1.8588
65000.0 9.0 0.0463 0.3632 -0.3812 0.1346 0.000714648 1.8701
70000.0 9.0 0.0149 0.4048 -0.4163 0.1467 0.000750901 1.8797
75000.0 9.0 -0.0124 0.4409 -0.4469 0.1572 0.000786181 1.888
80000.0 9.0 -0.0365 0.4724 -0.4735 0.1664 0.000820709 1.8952
85000.0 9.0 -0.058 0.5006 -0.4979 0.1749 0.000854676 1.9016
90000.0 9.0 -0.0772 0.5255 -0.5192 0.1824 0.000888191 1.9072
100000.0 9.0 -0.1143 0.5756 -0.5629 0.1976 0.000954253 1.9167
3750.0 9.25 2.6681 -3.6442 2.9503 -0.9612 5.2372e-06 -1.382
4000.0 9.25 2.7521 -4.3993 3.8829 -1.3288 6.50355e-06 -1.1253
4250.0 9.25 2.38 -3.8773 3.4899 -1.2106 7.63292e-06 -0.9012
4500.0 9.25 1.9924 -3.1246 2.7841 -0.9624 8.86851e-06 -0.7042
4750.0 9.25 1.7953 -2.7294 2.4046 -0.827 1.02799e-05 -0.5299
5000.0 9.25 1.7677 -2.6375 2.2798 -0.7726 1.27292e-05 -0.3747
5250.0 9.25 1.6118 -2.2444 1.8631 -0.6154 1.47644e-05 -0.236
5500.0 9.25 1.4021 -1.7098 1.3021 -0.4054 1.69913e-05 -0.1113
5750.0 9.25 1.2615 -1.3573 0.9442 -0.2747 1.93775e-05 0.0013
6000.0 9.25 1.1396 -1.0409 0.6234 -0.158 2.18809e-05 0.1033
6250.0 9.25 0.9978 -0.6698 0.2481 -0.022 2.44568e-05 0.1962
6500.0 9.25 0.8234 -0.2239 -0.1947 0.1361 2.70729e-05 0.281
7000.0 9.25 0.4074 0.7565 -1.1056 0.4443 3.24051e-05 0.4301
7500.0 9.25 0.1296 1.2739 -1.4667 0.5315 3.78995e-05 0.5568
8000.0 9.25 0.0577 1.2813 -1.3368 0.4481 4.36227e-05 0.6656
8500.0 9.25 0.07 1.1683 -1.1683 0.3722 4.96224e-05 0.7599
9000.0 9.25 0.0918 1.1199 -1.1374 0.3636 5.59052e-05 0.8423
9500.0 9.25 0.1059 1.1584 -1.2486 0.4197 6.24613e-05 0.9148
10000.0 9.25 0.1511 1.1609 -1.3638 0.489 6.92852e-05 0.9792
10500.0 9.25 0.2594 0.9878 -1.2983 0.4944 7.62755e-05 1.0366
11000.0 9.25 0.4154 0.6098 -0.97 0.3924 8.32683e-05 1.0881
11500.0 9.25 0.5522 0.2131 -0.5718 0.2526 8.99563e-05 1.1346
12000.0 9.25 0.6727 -0.1436 -0.203 0.1205 9.61786e-05 1.1767
12500.0 9.25 0.7829 -0.4667 0.136 -0.0025 0.000102008 1.215
13000.0 9.25 0.8689 -0.7283 0.4187 -0.1069 0.000107539 1.2499
13500.0 9.25 0.9172 -0.8965 0.611 -0.1798 0.000112763 1.282
14000.0 9.25 0.9266 -0.9635 0.7004 -0.2152 0.000117539 1.3115
14500.0 9.25 0.9079 -0.9554 0.7112 -0.2217 0.000121605 1.3388
15000.0 9.25 0.8727 -0.9038 0.6758 -0.211 0.000124878 1.364
15500.0 9.25 0.8328 -0.84 0.6274 -0.1955 0.000127987 1.3874
16000.0 9.25 0.7933 -0.7795 0.5846 -0.1826 0.000131347 1.4091
16500.0 9.25 0.7557 -0.7277 0.5538 -0.1746 0.000135143 1.4294
17000.0 9.25 0.7144 -0.6837 0.5469 -0.1793 0.000139062 1.4484
20000.0 9.25 0.7384 -0.893 0.844 -0.3067 0.000168497 1.5404
25000.0 9.25 0.8363 -1.1411 1.0652 -0.38 0.000226569 1.6409
30000.0 9.25 0.6118 -0.6319 0.5185 -0.1739 0.000303557 1.7055
35000.0 9.25 0.3669 -0.2349 0.1678 -0.0562 0.000381384 1.7505
40000.0 9.25 0.279 -0.1583 0.1285 -0.0484 0.000441455 1.7837
45000.0 9.25 0.248 -0.1722 0.1654 -0.0653 0.000491449 1.809
50000.0 9.25 0.2397 -0.2082 0.2133 -0.0842 0.000534018 1.8291
55000.0 9.25 0.2384 -0.2477 0.2608 -0.1021 0.000574116 1.8454
60000.0 9.25 0.2411 -0.2851 0.3026 -0.1175 0.000611105 1.8588
3750.0 9.5 2.5739 -3.3331 2.6271 -0.8442 5.16947e-06 -1.382
4000.0 9.5 2.7713 -4.3279 3.7714 -1.2813 6.51061e-06 -1.1253
4250.0 9.5 2.4875 -4.0543 3.6414 -1.2609 7.68963e-06 -0.9012
4500.0 9.5 2.0805 -3.296 2.9478 -1.0208 8.94283e-06 -0.7042
4750.0 9.5 1.8397 -2.8131 2.4849 -0.8559 1.03558e-05 -0.5299
5000.0 9.5 1.7992 -2.7037 2.348 -0.7981 1.29131e-05 -0.3747
5250.0 9.5 1.5817 -2.1405 1.7412 -0.5669 1.48526e-05 -0.236
5500.0 9.5 1.4394 -1.7944 1.3863 -0.4359 1.70802e-05 -0.1113
5750.0 9.5 1.299 -1.4466 1.0321 -0.3061 1.94688e-05 0.0013
6000.0 9.5 1.1807 -1.1451 0.7272 -0.1952 2.19883e-05 0.1033
6250.0 9.5 1.0469 -0.8016 0.3824 -0.0709 2.45912e-05 0.1962
6500.0 9.5 0.8954 -0.4133 -0.005 0.0679 2.72448e-05 0.281
7000.0 9.5 0.5181 0.4971 -0.8705 0.3666 3.26327e-05 0.4301
7500.0 9.5 0.2026 1.1374 -1.3763 0.5118 3.81434e-05 0.5568
8000.0 9.5 0.0863 1.245 -1.3336 0.456 4.38432e-05 0.6656
8500.0 9.5 0.0884 1.1288 -1.1367 0.3636 4.98023e-05 0.7599
9000.0 9.5 0.1128 1.0486 -1.0528 0.3311 5.60261e-05 0.8423
9500.0 9.5 0.1265 1.0696 -1.1296 0.3705 6.25324e-05 0.9148
10000.0 9.5 0.155 1.1065 -1.2692 0.4454 6.92873e-05 0.9792
10500.0 9.5 0.2342 1.0253 -1.3059 0.4891 7.62618e-05 1.0366
11000.0 9.5 0.3826 0.706 -1.0635 0.4243 8.33311e-05 1.0881
11500.0 9.5 0.5324 0.2959 -0.6685 0.2898 9.02275e-05 1.1346
12000.0 9.5 0.6639 -0.088 -0.2773 0.1509 9.67092e-05 1.1767
12500.0 9.5 0.7891 -0.4492 0.0964 0.0165 0.000102784 1.215
13000.0 9.5 0.8975 -0.7674 0.4337 -0.1071 0.000108555 1.2499
13500.0 9.5 0.9722 -1.0031 0.6942 -0.2049 0.000114078 1.282
14000.0 9.5 1.0053 -1.1315 0.8472 -0.2642 0.000119314 1.3115
14500.0 9.5 1.0022 -1.1628 0.8991 -0.286 0.000124118 1.3388
15000.0 9.5 0.9764 -1.1308 0.8835 -0.2826 0.000128268 1.364
15500.0 9.5 0.9387 -1.0664 0.8325 -0.266 0.000131715 1.3874
16000.0 9.5 0.894 -0.9834 0.762 -0.2422 0.000134832 1.4091
16500.0 9.5 0.8474 -0.9002 0.6943 -0.22 0.000138153 1.4294
17000.0 9.5 0.8042 -0.83 0.6435 -0.2047 0.000141937 1.4484
20000.0 9.5 0.8202 -1.196 1.2687 -0.4762 0.000185908 1.5404
25000.0 9.5 0.8464 -1.1522 1.0722 -0.3819 0.000228575 1.6409
30000.0 9.5 0.613 -0.6319 0.5177 -0.1736 0.000305949 1.7055
35000.0 9.5 0.3734 -0.2475 0.1802 -0.0607 0.000382946 1.7505
40000.0 9.5 0.2862 -0.1701 0.1386 -0.0518 0.000442444 1.7837
45000.0 9.5 0.2547 -0.1827 0.1742 -0.0682 0.000492147 1.809
50000.0 9.5 0.245 -0.2131 0.2158 -0.0846 0.000533716 1.8291
55000.0 9.5 0.2428 -0.2493 0.2596 -0.1011 0.000573039 1.8454
60000.0 9.5 0.2443 -0.2841 0.2987 -0.1155 0.000610243 1.8588
65000.0 9.5 0.1059 0.2384 -0.2594 0.0907 0.000713499 1.8701
70000.0 9.5 0.0784 0.272 -0.2867 0.1 0.000749135 1.8797
75000.0 9.5 0.0546 0.3009 -0.3104 0.1081 0.000783718 1.888
80000.0 9.5 0.0335 0.3267 -0.3318 0.1155 0.000817572 1.8952
85000.0 9.5 0.0147 0.3498 -0.3514 0.1223 0.000850785 1.9016
90000.0 9.5 -0.0024 0.3708 -0.3692 0.1286 0.000883461 1.9072
100000.0 9.5 -0.035 0.4137 -0.4071 0.1421 0.000947725 1.9167
