Teff log(g) a1 a2 a3 a4 I1 beaming
3750.0 5.0 0.3274 1.5895 -2.0572 0.8062 8.65396e-07 -4.9907
4000.0 5.0 0.8078 0.3883 -0.8722 0.387 1.24796e-06 -4.493
4250.0 5.0 1.0595 -0.2704 -0.1806 0.1317 1.81349e-06 -4.0544
4500.0 5.0 1.1824 -0.5392 0.1077 0.0244 2.62992e-06 -3.6653
4750.0 5.0 1.0478 -0.1836 -0.1982 0.1284 3.76315e-06 -3.3179
5000.0 5.0 0.6128 0.897 -1.18 0.4619 5.367e-06 -3.006
5250.0 5.0 0.1594 2.0056 -2.1944 0.7984 7.22109e-06 -2.7248
5500.0 5.0 -0.1873 2.7747 -2.833 0.9873 9.39693e-06 -2.47
5750.0 5.0 -0.3509 2.992 -2.864 0.9466 1.19179e-05 -2.2382
6000.0 5.0 -0.3832 2.8372 -2.5022 0.7627 1.48087e-05 -2.0266
6250.0 5.0 -0.3345 2.4749 -1.9397 0.5113 1.8101e-05 -1.8329
6500.0 5.0 -0.2453 2.0449 -1.3444 0.2579 2.1817e-05 -1.6549
7000.0 5.0 -0.1 1.4638 -0.5892 -0.0595 3.06911e-05 -1.3394
7500.0 5.0 -0.1049 1.5177 -0.6529 -0.0537 4.1809e-05 -1.069
8000.0 5.0 -0.2256 2.1148 -1.4676 0.2685 5.54332e-05 -0.8351
8500.0 5.0 -0.2497 2.5935 -2.3113 0.6525 7.15652e-05 -0.6312
9000.0 5.0 -0.0241 2.1587 -2.0695 0.6323 9.00459e-05 -0.4521
9500.0 5.0 0.3124 1.0587 -0.9121 0.262 0.000108108 -0.2939
10000.0 5.0 0.4754 0.5995 -0.4387 0.0905 0.000123407 -0.1532
10500.0 5.0 0.5401 0.519 -0.4505 0.1146 0.00013715 -0.0275
11000.0 5.0 0.6076 0.37 -0.3539 0.0921 0.000150606 0.0854
11500.0 5.0 0.6588 0.2172 -0.221 0.0492 0.000163945 0.1873
12000.0 5.0 0.672 0.1837 -0.2122 0.0516 0.000177026 0.2796
12500.0 5.0 0.6832 0.1345 -0.1742 0.0405 0.000190246 0.3636
13000.0 5.0 0.6889 0.0991 -0.1482 0.0333 0.000203553 0.4402
13500.0 5.0 0.6788 0.1012 -0.1579 0.0388 0.000217061 0.5104
14000.0 5.0 0.6943 0.0414 -0.1021 0.0197 0.000230752 0.5749
14500.0 5.0 0.6651 0.0908 -0.1584 0.042 0.000244672 0.6344
15000.0 5.0 0.6974 -0.0088 -0.0595 0.0064 0.00025879 0.6893
15500.0 5.0 0.6983 -0.0315 -0.0397 0.0001 0.000273161 0.7403
16000.0 5.0 0.6699 0.0178 -0.0941 0.0215 0.00028779 0.7876
16500.0 5.0 0.7035 -0.0839 0.0087 -0.0158 0.000302645 0.8316
17000.0 5.0 0.7075 -0.1128 0.0366 -0.0254 0.000317796 0.8727
20000.0 5.0 0.7463 -0.3103 0.2327 -0.0941 0.000414785 1.0708
25000.0 5.0 0.9037 -0.7948 0.713 -0.2639 0.000607325 1.284
30000.0 5.0 1.0381 -1.1391 0.9952 -0.3503 0.000877717 1.419
35000.0 5.0 1.039 -1.2723 1.1065 -0.3847 0.00118621 1.5118
40000.0 5.0 1.0976 -1.5105 1.3648 -0.4826 0.00143084 1.5793
45000.0 5.0 1.1786 -1.7568 1.6248 -0.5793 0.00164002 1.6305
50000.0 5.0 1.26 -1.9756 1.8481 -0.6605 0.00183649 1.6707
55000.0 5.0 1.3309 -2.1485 2.0185 -0.7212 0.00202249 1.7031
60000.0 5.0 1.3893 -2.2768 2.1396 -0.7631 0.00220655 1.7297
3750.0 5.25 0.4176 1.3854 -1.8723 0.7456 8.94191e-07 -4.9907
4000.0 5.25 0.9147 0.1231 -0.6078 0.2924 1.271e-06 -4.493
4250.0 5.25 1.1846 -0.5914 0.1459 0.0124 1.8291e-06 -4.0544
4500.0 5.25 1.3211 -0.9014 0.4744 -0.1096 2.63179e-06 -3.6653
4750.0 5.25 1.2251 -0.6257 0.2238 -0.0214 3.74047e-06 -3.3179
5000.0 5.25 0.8331 0.3656 -0.6909 0.2952 5.33212e-06 -3.006
5250.0 5.25 0.3812 1.4855 -1.7295 0.6467 7.17944e-06 -2.7248
5500.0 5.25 -0.0225 2.4336 -2.5739 0.9172 9.34803e-06 -2.47
5750.0 5.25 -0.2587 2.8809 -2.8719 0.9805 1.18465e-05 -2.2382
6000.0 5.25 -0.3486 2.9073 -2.7193 0.8773 1.47023e-05 -2.0266
6250.0 5.25 -0.3474 2.6856 -2.312 0.6833 1.79452e-05 -1.8329
6500.0 5.25 -0.2948 2.3474 -1.8036 0.4581 2.15999e-05 -1.6549
7000.0 5.25 -0.1601 1.7411 -0.9786 0.1042 3.02857e-05 -1.3394
7500.0 5.25 -0.1332 1.6521 -0.8559 0.0364 4.11013e-05 -1.069
8000.0 5.25 -0.2243 2.1054 -1.4737 0.2773 5.43401e-05 -0.8351
8500.0 5.25 -0.2738 2.6242 -2.3304 0.6567 7.00327e-05 -0.6312
9000.0 5.25 -0.1191 2.4783 -2.4447 0.7698 8.78106e-05 -0.4521
9500.0 5.25 0.1686 1.6099 -1.586 0.5104 0.000106046 -0.2939
10000.0 5.25 0.4325 0.7181 -0.5731 0.1427 0.000122319 -0.1532
10500.0 5.25 0.527 0.5236 -0.4398 0.107 0.000136628 -0.0275
11000.0 5.25 0.5977 0.3801 -0.3568 0.0913 0.000150253 0.0854
11500.0 5.25 0.6476 0.2542 -0.2634 0.0654 0.000163637 0.1873
12000.0 5.25 0.6759 0.1684 -0.1963 0.0456 0.000176912 0.2796
12500.0 5.25 0.69 0.1128 -0.1529 0.0329 0.000190191 0.3636
13000.0 5.25 0.6973 0.0737 -0.1234 0.0245 0.000203522 0.4402
13500.0 5.25 0.701 0.0421 -0.0984 0.0171 0.000217031 0.5104
14000.0 5.25 0.7024 0.0164 -0.0779 0.0111 0.000230718 0.5749
14500.0 5.25 0.7033 -0.008 -0.0575 0.0049 0.000244604 0.6344
15000.0 5.25 0.7033 -0.0295 -0.0395 -0.0006 0.000258707 0.6893
15500.0 5.25 0.7044 -0.053 -0.0187 -0.0072 0.000273029 0.7403
16000.0 5.25 0.7053 -0.0755 0.0015 -0.0137 0.000287613 0.7876
16500.0 5.25 0.7042 -0.0931 0.0173 -0.0187 0.000302437 0.8316
17000.0 5.25 0.7094 -0.1253 0.0485 -0.0294 0.000317509 0.8727
20000.0 5.25 0.7304 -0.2832 0.2047 -0.0834 0.000414041 1.0708
25000.0 5.25 0.8881 -0.7768 0.6966 -0.2581 0.000604784 1.284
30000.0 5.25 1.0185 -1.124 0.9869 -0.3482 0.000869349 1.419
35000.0 5.25 0.9725 -1.1591 1.0036 -0.3487 0.00117297 1.5118
40000.0 5.25 0.996 -1.3329 1.2042 -0.427 0.00141407 1.5793
45000.0 5.25 1.0603 -1.5588 1.451 -0.5203 0.00161807 1.6305
50000.0 5.25 1.1355 -1.7818 1.6855 -0.6071 0.00180794 1.6707
55000.0 5.25 1.2085 -1.9778 1.8855 -0.6797 0.00198539 1.7031
60000.0 5.25 1.2759 -2.1452 2.0514 -0.7389 0.00215857 1.7297
3750.0 5.5 0.5071 1.1781 -1.678 0.6798 9.26516e-07 -4.9907
4000.0 5.5 1.006 -0.1047 -0.3773 0.209 1.29642e-06 -4.493
4250.0 5.5 1.2883 -0.8591 0.4213 -0.0889 1.84718e-06 -4.0544
4500.0 5.5 1.433 -1.1951 0.7742 -0.2197 2.63718e-06 -3.6653
4750.0 5.5 1.3657 -0.9877 0.5785 -0.1495 3.72551e-06 -3.3179
5000.0 5.5 1.022 -0.097 -0.2616 0.1469 5.30098e-06 -3.006
5250.0 5.5 0.5962 0.9675 -1.2551 0.4877 7.14092e-06 -2.7248
5500.0 5.5 0.1573 2.0323 -2.2367 0.8144 9.30569e-06 -2.47
5750.0 5.5 -0.1471 2.6916 -2.7773 0.9722 1.17914e-05 -2.2382
6000.0 5.5 -0.2928 2.8938 -2.8281 0.9478 1.46194e-05 -2.0266
6250.0 5.5 -0.3305 2.7947 -2.5625 0.8082 1.78199e-05 -1.8329
6500.0 5.5 -0.3168 2.5697 -2.1778 0.6284 2.1417e-05 -1.6549
7000.0 5.5 -0.2146 2.0209 -1.3877 0.2804 2.99303e-05 -1.3394
7500.0 5.5 -0.1678 1.8239 -1.1141 0.1506 4.04667e-05 -1.069
8000.0 5.5 -0.2297 2.1361 -1.539 0.3118 5.33233e-05 -0.8351
8500.0 5.5 -0.2899 2.6379 -2.3378 0.6592 6.85847e-05 -0.6312
9000.0 5.5 -0.1623 2.603 -2.5897 0.8235 8.59915e-05 -0.4521
9500.0 5.5 0.1008 1.897 -1.9367 0.6279 0.00010454 -0.2939
10000.0 5.5 0.3969 0.8683 -0.7915 0.2345 0.00012129 -0.1532
10500.0 5.5 0.5134 0.5313 -0.4357 0.103 0.000135995 -0.0275
11000.0 5.5 0.5845 0.3941 -0.3615 0.0905 0.000149816 0.0854
11500.0 5.5 0.6397 0.2645 -0.2711 0.0674 0.000163359 0.1873
12000.0 5.5 0.6749 0.1648 -0.1922 0.0439 0.00017675 0.2796
12500.0 5.5 0.6933 0.1 -0.1404 0.0283 0.000190113 0.3636
13000.0 5.5 0.7023 0.0561 -0.1058 0.0181 0.000203548 0.4402
13500.0 5.5 0.7078 0.0211 -0.0782 0.01 0.000217035 0.5104
14000.0 5.5 0.7084 -0.0029 -0.0596 0.0047 0.000230735 0.5749
14500.0 5.5 0.7091 -0.027 -0.0396 -0.0014 0.000244623 0.6344
15000.0 5.5 0.7091 -0.0488 -0.0211 -0.0071 0.000258709 0.6893
15500.0 5.5 0.7089 -0.0696 -0.003 -0.0127 0.000273035 0.7403
16000.0 5.5 0.6969 -0.0616 -0.014 -0.0076 0.000287595 0.7876
16500.0 5.5 0.7098 -0.1128 0.0363 -0.0254 0.000302374 0.8316
17000.0 5.5 0.7112 -0.1359 0.0582 -0.0327 0.000317439 0.8727
20000.0 5.5 0.7388 -0.3116 0.2333 -0.0938 0.000413646 1.0708
25000.0 5.5 0.8838 -0.781 0.7022 -0.2602 0.000603248 1.284
30000.0 5.5 0.9991 -1.1018 0.9689 -0.3422 0.000863789 1.419
35000.0 5.5 0.9105 -1.0444 0.8956 -0.3104 0.00116302 1.5118
40000.0 5.5 0.8981 -1.1464 1.0285 -0.3648 0.00140103 1.5793
45000.0 5.5 0.9392 -1.3314 1.2394 -0.4462 0.00160105 1.6305
50000.0 5.5 1.0 -1.5341 1.4591 -0.5286 0.00178608 1.6707
55000.0 5.5 1.0654 -1.7264 1.6607 -0.6029 0.00195714 1.7031
60000.0 5.5 1.1302 -1.9017 1.8396 -0.6678 0.00212301 1.7297
3750.0 5.75 0.5886 0.9858 -1.4923 0.6154 9.59949e-07 -4.9907
4000.0 5.75 1.0837 -0.2984 -0.1792 0.1367 1.3246e-06 -4.493
4250.0 5.75 1.3718 -1.0745 0.6444 -0.1714 1.86795e-06 -4.0544
4500.0 5.75 1.52 -1.4595 1.0641 -0.3307 2.64781e-06 -3.6653
4750.0 5.75 1.472 -1.2681 0.8584 -0.2515 3.71766e-06 -3.3179
5000.0 5.75 1.1783 -0.4872 0.1051 0.0182 5.27827e-06 -3.006
5250.0 5.75 0.7955 0.4793 -0.803 0.3339 7.10432e-06 -2.7248
5500.0 5.75 0.3469 1.5865 -1.8399 0.6859 9.2672e-06 -2.47
5750.0 5.75 -0.013 2.4167 -2.5737 0.919 1.17496e-05 -2.2382
6000.0 5.75 -0.2102 2.7775 -2.8051 0.9644 1.45592e-05 -2.0266
6250.0 5.75 -0.2968 2.835 -2.7227 0.8962 1.77216e-05 -1.8329
6500.0 5.75 -0.3108 2.7004 -2.4454 0.7586 2.12716e-05 -1.6549
7000.0 5.75 -0.2525 2.2649 -1.7697 0.4507 2.96253e-05 -1.3394
7500.0 5.75 -0.2022 2.0142 -1.4076 0.2818 3.99058e-05 -1.069
8000.0 5.75 -0.2394 2.2019 -1.6601 0.3715 5.23906e-05 -0.8351
8500.0 5.75 -0.2988 2.6459 -2.352 0.6679 6.7213e-05 -0.6312
9000.0 5.75 -0.2033 2.7124 -2.7138 0.8704 8.42151e-05 -0.4521
9500.0 5.75 0.0077 2.2509 -2.3749 0.7923 0.00010238 -0.2939
10000.0 5.75 0.2713 1.3614 -1.4108 0.4696 0.000119499 -0.1532
10500.0 5.75 0.4913 0.5909 -0.5134 0.1357 0.0001351 -0.0275
11000.0 5.75 0.5709 0.4057 -0.363 0.0885 0.000149241 0.0854
11500.0 5.75 0.629 0.2792 -0.2817 0.0699 0.00016295 0.1873
12000.0 5.75 0.6704 0.1696 -0.1967 0.0453 0.000176485 0.2796
12500.0 5.75 0.6932 0.0964 -0.1381 0.0277 0.000189931 0.3636
13000.0 5.75 0.7053 0.0455 -0.097 0.0152 0.00020342 0.4402
13500.0 5.75 0.7112 0.0092 -0.0681 0.0067 0.000217002 0.5104
14000.0 5.75 0.7134 -0.0187 -0.0455 -0.0001 0.000230732 0.5749
14500.0 5.75 0.714 -0.0423 -0.0261 -0.0059 0.000244641 0.6344
15000.0 5.75 0.7138 -0.064 -0.0076 -0.0116 0.000258747 0.6893
15500.0 5.75 0.7133 -0.0842 0.0099 -0.017 0.000273069 0.7403
16000.0 5.75 0.713 -0.1045 0.0281 -0.0228 0.000287619 0.7876
16500.0 5.75 0.7132 -0.1253 0.0472 -0.029 0.000302407 0.8316
17000.0 5.75 0.6963 -0.1055 0.0253 -0.0201 0.000317462 0.8727
20000.0 5.75 0.7382 -0.3157 0.236 -0.0944 0.000413485 1.0708
25000.0 5.75 0.8853 -0.7947 0.716 -0.2652 0.00060238 1.284
30000.0 5.75 0.982 -1.0791 0.9486 -0.335 0.000860184 1.419
35000.0 5.75 0.8571 -0.9416 0.797 -0.2751 0.00115555 1.5118
40000.0 5.75 0.8106 -0.9712 0.8595 -0.3042 0.00139051 1.5793
45000.0 5.75 0.8275 -1.1079 1.0252 -0.3697 0.00158728 1.6305
50000.0 5.75 0.8702 -1.2783 1.2165 -0.4427 0.00176804 1.6707
55000.0 5.75 0.9225 -1.4492 1.4004 -0.5113 0.00193468 1.7031
60000.0 5.75 0.9791 -1.6164 1.5754 -0.5757 0.00209514 1.7297
3750.0 6.0 0.6693 0.7933 -1.3031 0.5488 9.97051e-07 -4.9907
4000.0 6.0 1.1507 -0.465 -0.0068 0.0733 1.35607e-06 -4.493
4250.0 6.0 1.4388 -1.2457 0.8228 -0.2377 1.89187e-06 -4.0544
4500.0 6.0 1.5757 -1.6121 1.223 -0.3899 2.66015e-06 -3.6653
4750.0 6.0 1.5604 -1.5074 1.1033 -0.3421 3.71534e-06 -3.3179
5000.0 6.0 1.3047 -0.8083 0.4106 -0.0901 5.25345e-06 -3.006
5250.0 6.0 0.9749 0.0356 -0.3901 0.1918 7.07407e-06 -2.7248
5500.0 6.0 0.5385 1.1242 -1.4181 0.5457 9.23142e-06 -2.47
5750.0 6.0 0.1382 2.0791 -2.292 0.834 1.17139e-05 -2.2382
6000.0 6.0 -0.1163 2.612 -2.7151 0.9527 1.45134e-05 -2.0266
6250.0 6.0 -0.2404 2.7864 -2.7674 0.9368 1.76536e-05 -1.8329
6500.0 6.0 -0.2849 2.7488 -2.6036 0.8432 2.11567e-05 -1.6549
7000.0 6.0 -0.2671 2.4413 -2.0792 0.5951 2.93747e-05 -1.3394
7500.0 6.0 -0.2296 2.2008 -1.7105 0.4202 3.94119e-05 -1.069
8000.0 6.0 -0.2485 2.2887 -1.8214 0.4505 5.15525e-05 -0.8351
8500.0 6.0 -0.3002 2.6533 -2.3826 0.6874 6.59387e-05 -0.6312
9000.0 6.0 -0.2355 2.7933 -2.8072 0.9074 8.25002e-05 -0.4521
9500.0 6.0 -0.0317 2.4027 -2.5784 0.8737 0.000100465 -0.2939
10000.0 6.0 0.2122 1.6353 -1.7658 0.5963 0.000118356 -0.1532
10500.0 6.0 0.4316 0.8321 -0.8427 0.2713 0.000133812 -0.0275
11000.0 6.0 0.5583 0.4204 -0.3756 0.0929 0.000148512 0.0854
11500.0 6.0 0.6175 0.2917 -0.2886 0.0709 0.000162391 0.1873
12000.0 6.0 0.6632 0.1796 -0.2064 0.0486 0.000176074 0.2796
12500.0 6.0 0.6918 0.0955 -0.1392 0.0285 0.000189662 0.3636
13000.0 6.0 0.7077 0.0365 -0.0903 0.0133 0.000203246 0.4402
13500.0 6.0 0.7155 -0.0043 -0.057 0.0032 0.000216898 0.5104
14000.0 6.0 0.7188 -0.0341 -0.0328 -0.004 0.000230674 0.5749
14500.0 6.0 0.7197 -0.0588 -0.0122 -0.0104 0.000244615 0.6344
15000.0 6.0 0.7194 -0.0798 0.0056 -0.0158 0.000258747 0.6893
15500.0 6.0 0.7185 -0.0994 0.0226 -0.021 0.000273088 0.7403
16000.0 6.0 0.7179 -0.1189 0.04 -0.0265 0.000287652 0.7876
16500.0 6.0 0.7173 -0.1381 0.0576 -0.0322 0.000302449 0.8316
17000.0 6.0 0.7181 -0.16 0.0782 -0.039 0.000317493 0.8727
20000.0 6.0 0.7392 -0.3215 0.2393 -0.095 0.000413469 1.0708
25000.0 6.0 0.8819 -0.7931 0.7127 -0.2635 0.000601976 1.284
30000.0 6.0 0.9539 -1.0257 0.8951 -0.3153 0.000858023 1.419
35000.0 6.0 0.8126 -0.8537 0.7114 -0.2441 0.00114986 1.5118
40000.0 6.0 0.737 -0.8195 0.7109 -0.2505 0.00138202 1.5793
45000.0 6.0 0.7309 -0.9079 0.8302 -0.2995 0.00157579 1.6305
50000.0 6.0 0.7553 -1.0416 0.987 -0.3604 0.00175269 1.6707
55000.0 6.0 0.7932 -1.1854 1.1466 -0.4208 0.00191535 1.7031
60000.0 6.0 0.8413 -1.3426 1.3149 -0.4833 0.00208149 1.7297
65000.0 6.0 0.6571 -0.7227 0.6641 -0.2453 0.00258289 1.7519
70000.0 6.0 0.6959 -0.855 0.8088 -0.2996 0.00275356 1.7708
75000.0 6.0 0.7397 -0.989 0.9506 -0.3519 0.00292446 1.787
80000.0 6.0 0.7859 -1.1203 1.0866 -0.4014 0.00309614 1.8011
85000.0 6.0 0.8325 -1.2452 1.2135 -0.4472 0.00326921 1.8135
90000.0 6.0 0.8786 -1.3621 1.3298 -0.4887 0.0034439 1.8244
100000.0 6.0 0.9646 -1.5711 1.5371 -0.5631 0.00380265 1.8428
3750.0 6.25 0.7488 0.6014 -1.1109 0.4801 1.03705e-06 -4.9907
4000.0 6.25 1.2097 -0.6108 0.1454 0.0169 1.39111e-06 -4.493
4250.0 6.25 1.4933 -1.383 0.9668 -0.2914 1.91901e-06 -4.0544
4500.0 6.25 1.6213 -1.7344 1.3502 -0.4372 2.67611e-06 -3.6653
4750.0 6.25 1.6322 -1.7027 1.3048 -0.4169 3.71712e-06 -3.3179
5000.0 6.25 1.3782 -0.9925 0.5792 -0.1487 5.24101e-06 -3.006
5250.0 6.25 1.1223 -0.334 -0.0442 0.0713 7.04145e-06 -2.7248
5500.0 6.25 0.7233 0.6696 -0.9966 0.4028 9.19661e-06 -2.47
5750.0 6.25 0.3028 1.694 -1.9527 0.7256 1.16819e-05 -2.2382
6000.0 6.25 -0.0079 2.3943 -2.561 0.9153 1.44793e-05 -2.0266
6250.0 6.25 -0.175 2.6948 -2.7513 0.9513 1.76032e-05 -1.8329
6500.0 6.25 -0.2532 2.7655 -2.715 0.9079 2.10732e-05 -1.6549
7000.0 6.25 -0.2658 2.5585 -2.3127 0.7085 2.91644e-05 -1.3394
7500.0 6.25 -0.2431 2.3539 -1.9824 0.5489 3.89881e-05 -1.069
8000.0 6.25 -0.2532 2.3818 -2.0042 0.5413 5.07966e-05 -0.8351
8500.0 6.25 -0.2934 2.6609 -2.4323 0.719 6.47699e-05 -0.6312
9000.0 6.25 -0.2538 2.84 -2.8698 0.9354 8.08696e-05 -0.4521
9500.0 6.25 -0.0623 2.5182 -2.7363 0.9394 9.85686e-05 -0.2939
10000.0 6.25 0.1383 1.9725 -2.2149 0.7718 0.000116503 -0.1532
10500.0 6.25 0.3465 1.2072 -1.3399 0.4638 0.000132445 -0.0275
11000.0 6.25 0.5338 0.5093 -0.5039 0.1486 0.000147474 0.0854
11500.0 6.25 0.6089 0.297 -0.2906 0.0709 0.000161686 0.1873
12000.0 6.25 0.6561 0.1866 -0.2125 0.0504 0.000175493 0.2796
12500.0 6.25 0.6903 0.0936 -0.1393 0.0289 0.000189232 0.3636
13000.0 6.25 0.7099 0.0281 -0.0855 0.0125 0.000202927 0.4402
13500.0 6.25 0.7203 -0.018 -0.0469 0.0004 0.000216663 0.5104
14000.0 6.25 0.7248 -0.0505 -0.0202 -0.0077 0.0002305 0.5749
14500.0 6.25 0.7264 -0.0767 0.002 -0.0146 0.000244488 0.6344
15000.0 6.25 0.7262 -0.0981 0.0201 -0.0202 0.000258656 0.6893
15500.0 6.25 0.7247 -0.1158 0.0352 -0.0247 0.000273025 0.7403
16000.0 6.25 0.7243 -0.1359 0.0533 -0.0304 0.000287612 0.7876
16500.0 6.25 0.7238 -0.1553 0.0712 -0.0363 0.00030243 0.8316
17000.0 6.25 0.7238 -0.1754 0.0901 -0.0425 0.000317491 0.8727
20000.0 6.25 0.7437 -0.3341 0.2485 -0.0975 0.000413495 1.0708
25000.0 6.25 0.8812 -0.7956 0.7126 -0.2628 0.00060183 1.284
30000.0 6.25 0.9564 -1.0421 0.9118 -0.3212 0.000856733 1.419
35000.0 6.25 0.7772 -0.7834 0.6421 -0.2188 0.00114555 1.5118
40000.0 6.25 0.6774 -0.6949 0.5882 -0.2059 0.00137508 1.5793
45000.0 6.25 0.6511 -0.7393 0.6645 -0.2396 0.00156606 1.6305
50000.0 6.25 0.6593 -0.8404 0.7902 -0.2894 0.00174393 1.6707
55000.0 6.25 0.6841 -0.9587 0.9258 -0.3414 0.00190621 1.7031
60000.0 6.25 0.7174 -1.083 1.0625 -0.3928 0.00206041 1.7297
3750.0 6.5 0.8279 0.4081 -0.9137 0.4086 1.07987e-06 -4.9907
4000.0 6.5 1.2629 -0.7412 0.2825 -0.0342 1.43019e-06 -4.493
4250.0 6.5 1.5369 -1.4905 1.08 -0.3339 1.95026e-06 -4.0544
4500.0 6.5 1.6586 -1.8318 1.4518 -0.4752 2.69645e-06 -3.6653
4750.0 6.5 1.6876 -1.8519 1.4582 -0.4736 3.7227e-06 -3.3179
5000.0 6.5 1.4593 -1.219 0.8107 -0.2344 5.22798e-06 -3.006
5250.0 6.5 1.2431 -0.6428 0.248 -0.0318 7.02602e-06 -2.7248
5500.0 6.5 0.8927 0.2486 -0.6043 0.2683 9.16597e-06 -2.47
5750.0 6.5 0.4765 1.2755 -1.572 0.5997 1.16535e-05 -2.2382
6000.0 6.5 0.1209 2.1121 -2.3319 0.8483 1.44546e-05 -2.0266
6250.0 6.5 -0.0992 2.5641 -2.6853 0.9453 1.75753e-05 -1.8329
6500.0 6.5 -0.1998 2.6977 -2.7166 0.9271 2.10232e-05 -1.6549
7000.0 6.5 -0.2483 2.6106 -2.4605 0.7867 2.90136e-05 -1.3394
7500.0 6.5 -0.2366 2.4456 -2.184 0.6508 3.86428e-05 -1.069
8000.0 6.5 -0.247 2.455 -2.1743 0.6298 5.01487e-05 -0.8351
8500.0 6.5 -0.2752 2.6578 -2.488 0.7576 6.37253e-05 -0.6312
9000.0 6.5 -0.2528 2.8452 -2.8999 0.955 7.93608e-05 -0.4521
9500.0 6.5 -0.0828 2.5977 -2.8518 0.9903 9.67327e-05 -0.2939
10000.0 6.5 0.1213 2.092 -2.4094 0.8563 0.000114605 -0.1532
10500.0 6.5 0.2928 1.498 -1.7402 0.6166 0.000131502 -0.0275
11000.0 6.5 0.4767 0.772 -0.8756 0.3026 0.000146172 0.0854
11500.0 6.5 0.6001 0.3202 -0.3299 0.0895 0.000160759 0.1873
12000.0 6.5 0.6527 0.182 -0.2067 0.0481 0.000174788 0.2796
12500.0 6.5 0.6888 0.0895 -0.137 0.0286 0.000188627 0.3636
13000.0 6.5 0.7104 0.0226 -0.0841 0.013 0.000202466 0.4402
13500.0 6.5 0.7267 -0.0363 -0.0331 -0.0034 0.000216295 0.5104
14000.0 6.5 0.733 -0.0727 -0.0023 -0.0131 0.000230208 0.5749
14500.0 6.5 0.7352 -0.0993 0.0198 -0.0198 0.000244254 0.6344
15000.0 6.5 0.7355 -0.1217 0.039 -0.0258 0.000258466 0.6893
15500.0 6.5 0.734 -0.1393 0.0541 -0.0304 0.000272873 0.7403
16000.0 6.5 0.7332 -0.1585 0.0714 -0.0359 0.000287491 0.7876
16500.0 6.5 0.7325 -0.1772 0.0886 -0.0414 0.000302339 0.8316
17000.0 6.5 0.7321 -0.1961 0.1063 -0.0472 0.000317426 0.8727
20000.0 6.5 0.7507 -0.3516 0.2616 -0.1012 0.000413538 1.0708
25000.0 6.5 0.8845 -0.8058 0.7191 -0.2642 0.000601882 1.284
30000.0 6.5 0.9486 -1.032 0.9004 -0.3166 0.000856156 1.419
35000.0 6.5 0.7496 -0.7287 0.5879 -0.199 0.00114219 1.5118
40000.0 6.5 0.6304 -0.5955 0.4892 -0.1697 0.00136922 1.5793
45000.0 6.5 0.588 -0.6037 0.5293 -0.1902 0.00155781 1.6305
50000.0 6.5 0.5811 -0.6713 0.6223 -0.2284 0.00173203 1.6707
55000.0 6.5 0.5929 -0.7616 0.7308 -0.2707 0.00189055 1.7031
60000.0 6.5 0.6149 -0.8626 0.8453 -0.3143 0.00204124 1.7297
65000.0 6.5 0.4447 -0.2493 0.1845 -0.0689 0.00252089 1.7519
70000.0 6.5 0.4486 -0.3074 0.2586 -0.0984 0.00267882 1.7708
75000.0 6.5 0.4603 -0.3773 0.3418 -0.1307 0.00283561 1.787
80000.0 6.5 0.4782 -0.4557 0.4312 -0.1647 0.00299196 1.8011
85000.0 6.5 0.5008 -0.5395 0.5239 -0.1997 0.00314833 1.8135
90000.0 6.5 0.5267 -0.6262 0.6174 -0.2344 0.00330514 1.8244
100000.0 6.5 0.5814 -0.7977 0.7996 -0.3017 0.00362144 1.8428
3750.0 6.75 0.9063 0.2156 -0.7149 0.3357 1.12555e-06 -4.9907
4000.0 6.75 1.3117 -0.8605 0.4094 -0.0818 1.47348e-06 -4.493
4250.0 6.75 1.5725 -1.576 1.1706 -0.368 1.98571e-06 -4.0544
4500.0 6.75 1.6909 -1.9125 1.5359 -0.5066 2.72145e-06 -3.6653
4750.0 6.75 1.776 -2.104 1.7332 -0.5791 3.73406e-06 -3.3179
5000.0 6.75 1.5027 -1.3387 0.9289 -0.2774 5.22067e-06 -3.006
5250.0 6.75 1.3403 -0.8941 0.488 -0.117 7.00452e-06 -2.7248
5500.0 6.75 1.0391 -0.1181 -0.2619 0.1499 9.14065e-06 -2.47
5750.0 6.75 0.6496 0.8514 -1.1812 0.4683 1.16276e-05 -2.2382
6000.0 6.75 0.27 1.763 -2.0246 0.7504 1.44376e-05 -2.0266
6250.0 6.75 0.0016 2.3518 -2.5236 0.9019 1.7557e-05 -1.8329
6500.0 6.75 -0.1478 2.6255 -2.706 0.9401 2.09935e-05 -1.6549
7000.0 6.75 -0.2283 2.6348 -2.56 0.8424 2.89044e-05 -1.3394
7500.0 6.75 -0.2259 2.5082 -2.3395 0.7318 3.83621e-05 -1.069
8000.0 6.75 -0.226 2.4863 -2.2989 0.7015 4.9602e-05 -0.8351
8500.0 6.75 -0.2482 2.6432 -2.5421 0.7986 6.27923e-05 -0.6312
9000.0 6.75 -0.2311 2.8067 -2.8955 0.9656 7.79832e-05 -0.4521
9500.0 6.75 -0.0871 2.6311 -2.919 1.0245 9.49593e-05 -0.2939
10000.0 6.75 0.1216 2.1405 -2.5139 0.9071 0.000112742 -0.1532
10500.0 6.75 0.2816 1.6483 -1.9947 0.7252 0.000130152 -0.0275
11000.0 6.75 0.4252 1.061 -1.2864 0.4646 0.000145219 0.0854
11500.0 6.75 0.5743 0.455 -0.541 0.1829 0.00015953 0.1873
12000.0 6.75 0.6531 0.1751 -0.2087 0.0517 0.000173858 0.2796
12500.0 6.75 0.6918 0.0713 -0.1198 0.0227 0.000187863 0.3636
13000.0 6.75 0.7179 -0.0029 -0.0613 0.0055 0.000201774 0.4402
13500.0 6.75 0.7348 -0.0606 -0.0133 -0.0093 0.000215754 0.5104
14000.0 6.75 0.7434 -0.1013 0.0215 -0.0203 0.000229754 0.5749
14500.0 6.75 0.7466 -0.1297 0.0452 -0.0277 0.000243866 0.6344
15000.0 6.75 0.7472 -0.1521 0.0645 -0.0337 0.000258132 0.6893
15500.0 6.75 0.7464 -0.171 0.0808 -0.0387 0.000272581 0.7403
16000.0 6.75 0.7452 -0.1887 0.0966 -0.0437 0.000287239 0.7876
16500.0 6.75 0.7444 -0.2071 0.1135 -0.0491 0.000302119 0.8316
17000.0 6.75 0.7435 -0.2247 0.1301 -0.0545 0.000317237 0.8727
20000.0 6.75 0.7605 -0.3757 0.281 -0.107 0.000413511 1.0708
25000.0 6.75 0.8896 -0.8201 0.7297 -0.267 0.00060202 1.284
30000.0 6.75 0.9323 -1.0008 0.8669 -0.3036 0.000856085 1.419
35000.0 6.75 0.729 -0.6888 0.5481 -0.1843 0.00113955 1.5118
40000.0 6.75 0.5949 -0.5206 0.4141 -0.1422 0.00136418 1.5793
45000.0 6.75 0.5389 -0.4974 0.4229 -0.1513 0.00155053 1.6305
50000.0 6.75 0.52 -0.5377 0.4886 -0.1795 0.00172227 1.6707
55000.0 6.75 0.52 -0.6043 0.5752 -0.2142 0.0018798 1.7031
60000.0 6.75 0.5331 -0.6835 0.6672 -0.2495 0.00202449 1.7297
3750.0 7.0 0.9833 0.0253 -0.5163 0.2623 1.1741e-06 -4.9907
4000.0 7.0 1.3576 -0.9721 0.529 -0.127 1.52106e-06 -4.493
4250.0 7.0 1.6016 -1.6434 1.2425 -0.3952 2.02592e-06 -4.0544
4500.0 7.0 1.7142 -1.9684 1.5942 -0.5285 2.75116e-06 -3.6653
4750.0 7.0 1.7843 -2.1546 1.7983 -0.6062 3.75022e-06 -3.3179
5000.0 7.0 1.5381 -1.4383 1.0287 -0.3138 5.21468e-06 -3.006
5250.0 7.0 1.394 -1.043 0.6325 -0.1692 6.99539e-06 -2.7248
5500.0 7.0 1.1678 -0.445 0.0471 0.0415 9.12386e-06 -2.47
5750.0 7.0 0.8137 0.4452 -0.8034 0.3394 1.16052e-05 -2.2382
6000.0 7.0 0.4298 1.379 -1.677 0.6362 1.44204e-05 -2.0266
6250.0 7.0 0.1179 2.0948 -2.3133 0.8401 1.75488e-05 -1.8329
6500.0 7.0 -0.0719 2.4757 -2.6046 0.9176 2.09841e-05 -1.6549
7000.0 7.0 -0.197 2.6085 -2.5898 0.8684 2.88415e-05 -1.3394
7500.0 7.0 -0.2028 2.5156 -2.4175 0.7796 3.81585e-05 -1.069
8000.0 7.0 -0.2017 2.496 -2.3893 0.7576 4.91515e-05 -0.8351
8500.0 7.0 -0.2079 2.5949 -2.5625 0.8278 6.19956e-05 -0.6312
9000.0 7.0 -0.1877 2.7182 -2.8476 0.9631 7.67627e-05 -0.4521
9500.0 7.0 -0.0686 2.6011 -2.92 1.0355 9.32935e-05 -0.2939
10000.0 7.0 0.138 2.135 -2.5548 0.9345 0.000110922 -0.1532
10500.0 7.0 0.3059 1.6585 -2.0817 0.7733 0.000128364 -0.0275
11000.0 7.0 0.4235 1.2066 -1.5432 0.5721 0.000144731 0.0854
11500.0 7.0 0.5386 0.6866 -0.8957 0.3314 0.000158442 0.1873
12000.0 7.0 0.6495 0.2228 -0.3088 0.1011 0.000172667 0.2796
12500.0 7.0 0.7005 0.0409 -0.0961 0.0166 0.000186904 0.3636
13000.0 7.0 0.7275 -0.0374 -0.0287 -0.0055 0.000200968 0.4402
13500.0 7.0 0.745 -0.093 0.0153 -0.0185 0.000214962 0.5104
14000.0 7.0 0.7565 -0.1386 0.0544 -0.0309 0.000229119 0.5749
14500.0 7.0 0.7604 -0.1679 0.0789 -0.0384 0.000243334 0.6344
15000.0 7.0 0.761 -0.1892 0.0965 -0.0438 0.000257665 0.6893
15500.0 7.0 0.7616 -0.2109 0.1159 -0.05 0.000272162 0.7403
16000.0 7.0 0.7604 -0.2283 0.1314 -0.0549 0.00028686 0.7876
16500.0 7.0 0.7593 -0.2455 0.1471 -0.0599 0.000301776 0.8316
17000.0 7.0 0.7573 -0.2602 0.1606 -0.0642 0.000316933 0.8727
20000.0 7.0 0.7745 -0.4107 0.3115 -0.1168 0.000413405 1.0708
25000.0 7.0 0.8981 -0.8428 0.7488 -0.2729 0.00060224 1.284
30000.0 7.0 0.9394 -1.0248 0.89 -0.3116 0.000856295 1.419
35000.0 7.0 0.7118 -0.656 0.5153 -0.1722 0.00113749 1.5118
40000.0 7.0 0.5673 -0.4629 0.3564 -0.121 0.00135986 1.5793
45000.0 7.0 0.5024 -0.4188 0.344 -0.1223 0.00154422 1.6305
50000.0 7.0 0.4733 -0.4354 0.3858 -0.1418 0.00171309 1.6707
55000.0 7.0 0.4657 -0.4812 0.4501 -0.1682 0.00186403 1.7031
60000.0 7.0 0.4695 -0.5419 0.5252 -0.1976 0.00200812 1.7297
65000.0 7.0 0.3262 0.0291 -0.1042 0.0388 0.00247731 1.7519
70000.0 7.0 0.3043 0.0312 -0.0902 0.0309 0.00262603 1.7708
75000.0 7.0 0.2902 0.0201 -0.0651 0.0195 0.00277277 1.787
80000.0 7.0 0.283 -0.0025 -0.0302 0.0049 0.00291833 1.8011
85000.0 7.0 0.2813 -0.0339 0.0121 -0.0122 0.00306338 1.8135
90000.0 7.0 0.284 -0.0719 0.0594 -0.0307 0.00320805 1.8244
100000.0 7.0 0.2945 -0.1534 0.1573 -0.0686 0.00349789 1.8428
3750.0 7.25 1.0583 -0.161 -0.3197 0.189 1.22493e-06 -4.9907
4000.0 7.25 1.4009 -1.0768 0.6418 -0.1697 1.57289e-06 -4.493
4250.0 7.25 1.6263 -1.6986 1.3022 -0.418 2.07108e-06 -4.0544
4500.0 7.25 1.7337 -2.0123 1.6406 -0.546 2.78624e-06 -3.6653
4750.0 7.25 1.7794 -2.148 1.7924 -0.6044 3.77044e-06 -3.3179
5000.0 7.25 1.5752 -1.5369 1.1271 -0.3496 5.21098e-06 -3.006
5250.0 7.25 1.4541 -1.2049 0.7925 -0.2271 6.99116e-06 -2.7248
5500.0 7.25 1.2554 -0.6745 0.2658 -0.0361 9.11351e-06 -2.47
5750.0 7.25 0.9602 0.079 -0.4613 0.2214 1.15891e-05 -2.2382
6000.0 7.25 0.5936 0.9812 -1.313 0.5147 1.441e-05 -2.0266
6250.0 7.25 0.2522 1.7861 -2.048 0.7576 1.75468e-05 -1.8329
6500.0 7.25 0.0155 2.2957 -2.4723 0.8839 2.09884e-05 -1.6549
7000.0 7.25 -0.1668 2.5764 -2.6048 0.8868 2.88173e-05 -1.3394
7500.0 7.25 -0.1835 2.5151 -2.4704 0.8137 3.80184e-05 -1.069
8000.0 7.25 -0.1749 2.4797 -2.4339 0.7919 4.87815e-05 -0.8351
8500.0 7.25 -0.1695 2.5436 -2.5717 0.8505 6.12946e-05 -0.6312
9000.0 7.25 -0.137 2.6138 -2.7858 0.9562 7.56509e-05 -0.4521
9500.0 7.25 -0.0243 2.4989 -2.8452 1.0192 9.17593e-05 -0.2939
10000.0 7.25 0.172 2.076 -2.5346 0.9392 0.000109116 -0.1532
10500.0 7.25 0.3511 1.5876 -2.0663 0.7821 0.000126552 -0.0275
11000.0 7.25 0.4696 1.1885 -1.6203 0.6186 0.000143429 0.0854
11500.0 7.25 0.5503 0.7981 -1.1185 0.4261 0.000158149 0.1873
12000.0 7.25 0.6406 0.3594 -0.5564 0.2131 0.000171437 0.2796
12500.0 7.25 0.715 0.0274 -0.1224 0.0372 0.000185642 0.3636
13000.0 7.25 0.7456 -0.0929 0.0209 -0.021 0.000199902 0.4402
13500.0 7.25 0.7612 -0.1453 0.0662 -0.0361 0.000214061 0.5104
14000.0 7.25 0.7712 -0.1842 0.097 -0.0453 0.000228233 0.5749
14500.0 7.25 0.7782 -0.2186 0.126 -0.0543 0.000242572 0.6344
15000.0 7.25 0.7811 -0.2447 0.1486 -0.0615 0.000256962 0.6893
15500.0 7.25 0.7796 -0.26 0.1609 -0.065 0.000271519 0.7403
16000.0 7.25 0.7782 -0.2763 0.1753 -0.0695 0.00028626 0.7876
16500.0 7.25 0.7763 -0.2908 0.1882 -0.0736 0.000301217 0.8316
17000.0 7.25 0.7759 -0.3091 0.2055 -0.0793 0.000316401 0.8727
20000.0 7.25 0.7901 -0.4509 0.3478 -0.1288 0.000413078 1.0708
25000.0 7.25 0.9079 -0.8695 0.7721 -0.2803 0.000602351 1.284
30000.0 7.25 0.937 -1.026 0.8899 -0.311 0.000856659 1.419
35000.0 7.25 0.7027 -0.6423 0.502 -0.1673 0.00113563 1.5118
40000.0 7.25 0.5493 -0.4266 0.3199 -0.1075 0.00135583 1.5793
45000.0 7.25 0.4755 -0.3609 0.2853 -0.1006 0.00153832 1.6305
50000.0 7.25 0.4394 -0.3599 0.3092 -0.1135 0.00170361 1.6707
55000.0 7.25 0.4249 -0.39 0.3578 -0.1342 0.00185275 1.7031
60000.0 7.25 0.4219 -0.4359 0.4182 -0.1584 0.00199665 1.7297
3750.0 7.5 1.1254 -0.3274 -0.1423 0.1224 1.27826e-06 -4.9907
4000.0 7.5 1.441 -1.1735 0.7473 -0.21 1.62918e-06 -4.493
4250.0 7.5 1.647 -1.7431 1.3511 -0.4368 2.12186e-06 -4.0544
4500.0 7.5 1.7489 -2.043 1.6731 -0.5583 2.8272e-06 -3.6653
4750.0 7.5 1.7907 -2.1741 1.819 -0.6143 3.79669e-06 -3.3179
5000.0 7.5 1.6102 -1.6263 1.2161 -0.3819 5.21028e-06 -3.006
5250.0 7.5 1.4849 -1.2928 0.8792 -0.2585 6.98916e-06 -2.7248
5500.0 7.5 1.3327 -0.8789 0.464 -0.1071 9.11308e-06 -2.47
5750.0 7.5 1.0837 -0.2343 -0.1654 0.118 1.15827e-05 -2.2382
6000.0 7.5 0.7514 0.5931 -0.954 0.3931 1.4405e-05 -2.0266
6250.0 7.5 0.4018 1.4335 -1.735 0.6567 1.75524e-05 -1.8329
6500.0 7.5 0.1225 2.0622 -2.2848 0.8301 2.10081e-05 -1.6549
7000.0 7.5 -0.1262 2.5089 -2.5767 0.888 2.88181e-05 -1.3394
7500.0 7.5 -0.1673 2.5074 -2.5008 0.8355 3.7941e-05 -1.069
8000.0 7.5 -0.1503 2.4508 -2.4479 0.8102 4.85152e-05 -0.8351
8500.0 7.5 -0.13 2.4735 -2.546 0.8562 6.07327e-05 -0.6312
9000.0 7.5 -0.0827 2.4941 -2.7025 0.94 7.47026e-05 -0.4521
9500.0 7.5 0.029 2.3708 -2.7428 0.993 9.03601e-05 -0.2939
10000.0 7.5 0.2269 1.95 -2.4361 0.9137 0.000107412 -0.1532
10500.0 7.5 0.4165 1.4427 -1.9587 0.7546 0.000124823 -0.0275
11000.0 7.5 0.5456 1.0433 -1.5368 0.6036 0.000141723 0.0854
11500.0 7.5 0.6235 0.7163 -1.1317 0.4479 0.000157843 0.1873
12000.0 7.5 0.672 0.4092 -0.7151 0.2865 0.000171073 0.2796
12500.0 7.5 0.7342 0.0672 -0.258 0.1083 0.000184341 0.3636
13000.0 7.5 0.7773 -0.1589 0.0535 -0.0226 0.000198583 0.4402
13500.0 7.5 0.79 -0.2296 0.1451 -0.0621 0.000212924 0.5104
14000.0 7.5 0.7945 -0.2565 0.1685 -0.0703 0.000227241 0.5749
14500.0 7.5 0.7971 -0.2767 0.1821 -0.0737 0.000241557 0.6344
15000.0 7.5 0.7982 -0.2942 0.1928 -0.0756 0.000255892 0.6893
15500.0 7.5 0.7952 -0.306 0.2032 -0.079 0.000270752 0.7403
16000.0 7.5 0.7928 -0.3189 0.214 -0.0822 0.000285547 0.7876
16500.0 7.5 0.7924 -0.3365 0.2302 -0.0875 0.000300539 0.8316
17000.0 7.5 0.7917 -0.3535 0.2462 -0.0928 0.000315759 0.8727
20000.0 7.5 0.8074 -0.4967 0.3903 -0.1431 0.000412636 1.0708
25000.0 7.5 0.922 -0.9071 0.807 -0.2921 0.000602476 1.284
30000.0 7.5 0.935 -1.0288 0.8915 -0.3111 0.000857271 1.419
35000.0 7.5 0.692 -0.6242 0.4841 -0.1606 0.00113417 1.5118
40000.0 7.5 0.5349 -0.3985 0.2916 -0.0969 0.00135231 1.5793
45000.0 7.5 0.4534 -0.3136 0.2372 -0.0827 0.00153312 1.6305
50000.0 7.5 0.4144 -0.3052 0.2535 -0.0929 0.0016966 1.6707
55000.0 7.5 0.3946 -0.3229 0.2895 -0.109 0.00184466 1.7031
60000.0 7.5 0.3867 -0.3558 0.3366 -0.1282 0.00198302 1.7297
65000.0 7.5 0.164 0.2686 -0.3144 0.1121 0.00228352 1.7519
70000.0 7.5 0.1334 0.2944 -0.3272 0.1148 0.00241909 1.7708
75000.0 7.5 0.1095 0.3094 -0.3312 0.1146 0.00255119 1.787
80000.0 7.5 0.0911 0.3162 -0.3282 0.1122 0.00268124 1.8011
85000.0 7.5 0.0772 0.3159 -0.3195 0.1078 0.00281103 1.8135
90000.0 7.5 0.0674 0.3093 -0.3054 0.1016 0.00293969 1.8244
100000.0 7.5 0.0512 0.293 -0.2754 0.0889 0.00319616 1.8428
3750.0 7.75 1.1941 -0.4986 0.0411 0.0533 1.33445e-06 -4.9907
4000.0 7.75 1.4793 -1.2654 0.8479 -0.2485 1.69001e-06 -4.493
4250.0 7.75 1.665 -1.7801 1.3924 -0.4529 2.17836e-06 -4.0544
4500.0 7.75 1.7606 -2.064 1.696 -0.5671 2.87455e-06 -3.6653
4750.0 7.75 1.8007 -2.1942 1.8395 -0.622 3.82955e-06 -3.3179
5000.0 7.75 1.6483 -1.7203 1.31 -0.4162 5.21239e-06 -3.006
5250.0 7.75 1.5043 -1.349 0.9344 -0.2786 6.98726e-06 -2.7248
5500.0 7.75 1.3755 -0.9996 0.5826 -0.15 9.11712e-06 -2.47
5750.0 7.75 1.18 -0.4843 0.0737 0.0334 1.15893e-05 -2.2382
6000.0 7.75 0.8943 0.2372 -0.6215 0.2786 1.44087e-05 -2.0266
6250.0 7.75 0.5571 1.059 -1.394 0.5434 1.75669e-05 -1.8329
6500.0 7.75 0.2525 1.7614 -2.0237 0.7481 2.10329e-05 -1.6549
7000.0 7.75 -0.0731 2.4071 -2.5126 0.876 2.8852e-05 -1.3394
7500.0 7.75 -0.1417 2.4635 -2.4839 0.8378 3.79043e-05 -1.069
8000.0 7.75 -0.1313 2.4198 -2.4431 0.8172 4.83345e-05 -0.8351
8500.0 7.75 -0.1018 2.417 -2.5179 0.8564 6.0287e-05 -0.6312
9000.0 7.75 -0.0449 2.4086 -2.6439 0.9296 7.38765e-05 -0.4521
9500.0 7.75 0.0882 2.2184 -2.6074 0.9528 8.91311e-05 -0.2939
10000.0 7.75 0.2851 1.8089 -2.3167 0.8797 0.000105793 -0.1532
10500.0 7.75 0.4906 1.2655 -1.8084 0.7101 0.000123107 -0.0275
11000.0 7.75 0.6377 0.8237 -1.3524 0.5476 0.00014005 0.0854
11500.0 7.75 0.73 0.4952 -0.9735 0.405 0.000156475 0.1873
12000.0 7.75 0.7704 0.2504 -0.6384 0.2719 0.000171465 0.2796
12500.0 7.75 0.7912 0.0324 -0.3239 0.149 0.000183858 0.3636
13000.0 7.75 0.8246 -0.2114 0.0239 0.0087 0.000197195 0.4402
13500.0 7.75 0.8403 -0.3499 0.2361 -0.0852 0.000211502 0.5104
14000.0 7.75 0.8354 -0.3747 0.2823 -0.1087 0.000225966 0.5749
14500.0 7.75 0.8278 -0.3707 0.277 -0.1073 0.00024047 0.6344
15000.0 7.75 0.8229 -0.3696 0.2682 -0.1025 0.000254938 0.6893
15500.0 7.75 0.82 -0.3777 0.2725 -0.103 0.000269621 0.7403
16000.0 7.75 0.8198 -0.3945 0.2878 -0.108 0.000284631 0.7876
16500.0 7.75 0.8174 -0.4061 0.2975 -0.1109 0.000299675 0.8316
17000.0 7.75 0.8175 -0.4237 0.3139 -0.1163 0.000314929 0.8727
20000.0 7.75 0.828 -0.5523 0.4433 -0.1614 0.000412017 1.0708
25000.0 7.75 0.9329 -0.9378 0.8352 -0.3014 0.000602544 1.284
30000.0 7.75 0.9347 -1.0355 0.8969 -0.3126 0.000858005 1.419
35000.0 7.75 0.6852 -0.6162 0.4769 -0.158 0.00113286 1.5118
40000.0 7.75 0.5253 -0.3822 0.2755 -0.0909 0.00134904 1.5793
45000.0 7.75 0.4429 -0.2936 0.2171 -0.0752 0.00152833 1.6305
50000.0 7.75 0.3972 -0.2676 0.2148 -0.0784 0.00168863 1.6707
55000.0 7.75 0.3734 -0.2747 0.2399 -0.0904 0.00183341 1.7031
60000.0 7.75 0.3611 -0.2984 0.2778 -0.1063 0.00197401 1.7297
65000.0 7.75 0.2835 0.1407 -0.2289 0.0875 0.00243003 1.7519
70000.0 7.75 0.244 0.1884 -0.2625 0.0973 0.00256951 1.7708
75000.0 7.75 0.2113 0.2239 -0.2855 0.1036 0.00270504 1.787
80000.0 7.75 0.1845 0.2499 -0.3002 0.1071 0.00283865 1.8011
85000.0 7.75 0.1621 0.2689 -0.3095 0.109 0.00297171 1.8135
90000.0 7.75 0.1439 0.2809 -0.3126 0.1088 0.00310346 1.8244
100000.0 7.75 0.1115 0.3004 -0.3163 0.1078 0.00336555 1.8428
3750.0 8.0 1.2646 -0.675 0.2314 -0.0188 1.39708e-06 -4.9907
4000.0 8.0 1.5148 -1.3503 0.9418 -0.2847 1.75546e-06 -4.493
4250.0 8.0 1.6807 -1.8113 1.4281 -0.4669 2.24077e-06 -4.0544
4500.0 8.0 1.7711 -2.0811 1.7157 -0.575 2.92839e-06 -3.6653
4750.0 8.0 1.8071 -2.2029 1.8486 -0.6255 3.86969e-06 -3.3179
5000.0 8.0 1.6933 -1.8304 1.4224 -0.4577 5.21829e-06 -3.006
5250.0 8.0 1.5372 -1.433 1.0161 -0.3078 6.98736e-06 -2.7248
5500.0 8.0 1.423 -1.1283 0.7103 -0.1962 9.12292e-06 -2.47
5750.0 8.0 1.2649 -0.7043 0.2857 -0.0419 1.16038e-05 -2.2382
6000.0 8.0 1.0171 -0.0721 -0.33 0.1773 1.44261e-05 -2.0266
6250.0 8.0 0.7084 0.6881 -1.0512 0.4274 1.75896e-05 -1.8329
6500.0 8.0 0.3944 1.4278 -1.7281 0.6529 2.10699e-05 -1.6549
7000.0 8.0 -0.0087 2.2788 -2.4244 0.8562 2.8906e-05 -1.3394
7500.0 8.0 -0.1131 2.4089 -2.4529 0.8341 3.79243e-05 -1.069
8000.0 8.0 -0.127 2.4195 -2.4605 0.8293 4.82265e-05 -0.8351
8500.0 8.0 -0.0818 2.3654 -2.4781 0.8476 5.99561e-05 -0.6312
9000.0 8.0 -0.0136 2.3232 -2.5685 0.9083 7.32109e-05 -0.4521
9500.0 8.0 0.1308 2.1022 -2.5006 0.9203 8.80622e-05 -0.2939
10000.0 8.0 0.3428 1.6572 -2.1759 0.8352 0.000104327 -0.1532
10500.0 8.0 0.5661 1.0754 -1.6353 0.655 0.000121486 -0.0275
11000.0 8.0 0.7306 0.587 -1.1364 0.4775 0.000138427 0.0854
11500.0 8.0 0.8438 0.2151 -0.7268 0.3255 0.0001549 0.1873
12000.0 8.0 0.9031 -0.0438 -0.4007 0.1977 0.00017083 0.2796
12500.0 8.0 0.9098 -0.1977 -0.1608 0.0997 0.000184617 0.3636
13000.0 8.0 0.9067 -0.3316 0.055 0.0139 0.00019667 0.4402
13500.0 8.0 0.9115 -0.4789 0.2934 -0.0867 0.000210071 0.5104
14000.0 8.0 0.9045 -0.5478 0.4281 -0.1515 0.000224476 0.5749
14500.0 8.0 0.8828 -0.5279 0.4303 -0.1597 0.000239084 0.6344
15000.0 8.0 0.8631 -0.4926 0.3951 -0.1481 0.000253815 0.6893
15500.0 8.0 0.8488 -0.4651 0.3606 -0.1345 0.000268323 0.7403
16000.0 8.0 0.842 -0.4615 0.3528 -0.1305 0.000283383 0.7876
16500.0 8.0 0.8262 -0.4393 0.3282 -0.1209 0.000298701 0.8316
17000.0 8.0 0.8378 -0.4837 0.3719 -0.1363 0.000313968 0.8727
20000.0 8.0 0.844 -0.598 0.4865 -0.1761 0.000411268 1.0708
25000.0 8.0 0.9458 -0.974 0.869 -0.3129 0.000602533 1.284
30000.0 8.0 0.933 -1.0393 0.8997 -0.3131 0.000858849 1.419
35000.0 8.0 0.6793 -0.6099 0.4713 -0.1559 0.00113172 1.5118
40000.0 8.0 0.518 -0.3709 0.2647 -0.0868 0.00134606 1.5793
45000.0 8.0 0.4337 -0.2763 0.1996 -0.0685 0.00152396 1.6305
50000.0 8.0 0.3855 -0.2433 0.1898 -0.0689 0.00168281 1.6707
55000.0 8.0 0.3588 -0.243 0.2074 -0.0782 0.00182631 1.7031
60000.0 8.0 0.3434 -0.2583 0.2363 -0.0908 0.00196349 1.7297
3750.0 8.25 1.3181 -0.8062 0.3746 -0.0735 1.46096e-06 -4.9907
4000.0 8.25 1.5463 -1.4245 1.0249 -0.317 1.82603e-06 -4.493
4250.0 8.25 1.6943 -1.8368 1.4582 -0.4789 2.30934e-06 -4.0544
4500.0 8.25 1.7791 -2.091 1.728 -0.5801 2.98911e-06 -3.6653
4750.0 8.25 1.8089 -2.1993 1.8455 -0.6247 3.91833e-06 -3.3179
5000.0 8.25 1.7489 -1.9684 1.5665 -0.5116 5.22742e-06 -3.006
5250.0 8.25 1.5599 -1.4878 1.0679 -0.326 6.98955e-06 -2.7248
5500.0 8.25 1.4481 -1.1988 0.7792 -0.221 9.1289e-06 -2.47
5750.0 8.25 1.3038 -0.8178 0.399 -0.0834 1.16243e-05 -2.2382
6000.0 8.25 1.1175 -0.3285 -0.0856 0.0912 1.44556e-05 -2.0266
6250.0 8.25 0.8443 0.3514 -0.7373 0.3198 1.76247e-05 -1.8329
6500.0 8.25 0.5408 1.0791 -1.4141 0.5495 2.11172e-05 -1.6549
7000.0 8.25 0.0771 2.0953 -2.2816 0.817 2.89858e-05 -1.3394
7500.0 8.25 -0.0808 2.3466 -2.4152 0.8283 3.79859e-05 -1.069
8000.0 8.25 -0.098 2.3415 -2.3876 0.8064 4.81991e-05 -0.8351
8500.0 8.25 -0.0657 2.3111 -2.4221 0.8292 5.97286e-05 -0.6312
9000.0 8.25 0.0036 2.2599 -2.5003 0.8851 7.26817e-05 -0.4521
9500.0 8.25 0.1514 2.0323 -2.4285 0.8967 8.71496e-05 -0.2939
10000.0 8.25 0.3781 1.5576 -2.0801 0.8046 0.000103013 -0.1532
10500.0 8.25 0.6239 0.9296 -1.5027 0.6133 0.000119896 -0.0275
11000.0 8.25 0.8151 0.3639 -0.9246 0.4066 0.000136898 0.0854
11500.0 8.25 0.9479 -0.0596 -0.4679 0.2382 0.000153369 0.1873
12000.0 8.25 1.0305 -0.3651 -0.1086 0.1 0.000169498 0.2796
12500.0 8.25 1.0547 -0.538 0.1361 0.0003 0.000184878 0.3636
13000.0 8.25 1.0361 -0.6108 0.2818 -0.0615 0.000197693 0.4402
13500.0 8.25 1.0133 -0.6708 0.4096 -0.114 0.000209619 0.5104
14000.0 8.25 0.9961 -0.7405 0.5562 -0.1799 0.000223051 0.5749
14500.0 8.25 0.9686 -0.7471 0.6219 -0.2185 0.000237509 0.6344
15000.0 8.25 0.9319 -0.6882 0.587 -0.2139 0.000252295 0.6893
15500.0 8.25 0.8997 -0.619 0.5194 -0.1915 0.000267109 0.7403
16000.0 8.25 0.877 -0.5701 0.4637 -0.1704 0.000281603 0.7876
16500.0 8.25 0.8643 -0.546 0.433 -0.1576 0.00029714 0.8316
17000.0 8.25 0.8596 -0.55 0.4369 -0.1589 0.000312909 0.8727
20000.0 8.25 0.8649 -0.6571 0.5438 -0.1959 0.000410351 1.0708
25000.0 8.25 0.9542 -1.0005 0.8935 -0.3209 0.000602439 1.284
30000.0 8.25 0.9314 -1.0437 0.9032 -0.3139 0.000859745 1.419
35000.0 8.25 0.6752 -0.609 0.4719 -0.1562 0.00113065 1.5118
40000.0 8.25 0.5061 -0.3497 0.2445 -0.0795 0.0013433 1.5793
45000.0 8.25 0.428 -0.268 0.1917 -0.0655 0.0015199 1.6305
50000.0 8.25 0.3784 -0.2302 0.1766 -0.0639 0.00167665 1.6707
55000.0 8.25 0.3492 -0.223 0.1866 -0.0703 0.00181988 1.7031
60000.0 8.25 0.3317 -0.2318 0.2086 -0.0802 0.00195352 1.7297
65000.0 8.25 0.2988 0.1064 -0.197 0.0768 0.00240487 1.7519
70000.0 8.25 0.257 0.1633 -0.2418 0.091 0.0025404 1.7708
75000.0 8.25 0.2216 0.2092 -0.2765 0.1018 0.00267247 1.787
80000.0 8.25 0.1911 0.2465 -0.3037 0.1101 0.00280171 1.8011
85000.0 8.25 0.1646 0.2778 -0.3263 0.117 0.00292869 1.8135
90000.0 8.25 0.1415 0.3035 -0.3442 0.1223 0.00305499 1.8244
100000.0 8.25 0.0992 0.3506 -0.3773 0.1323 0.00330459 1.8428
3750.0 8.5 1.3745 -0.9464 0.5281 -0.1322 1.5303e-06 -4.9907
4000.0 8.5 1.5751 -1.4918 1.1011 -0.3467 1.90238e-06 -4.493
4250.0 8.5 1.7059 -1.8577 1.4841 -0.4894 2.38472e-06 -4.0544
4500.0 8.5 1.7846 -2.0942 1.7336 -0.5828 3.05772e-06 -3.6653
4750.0 8.5 1.8125 -2.1982 1.8453 -0.6249 3.97475e-06 -3.3179
5000.0 8.5 1.7198 -1.8708 1.4538 -0.4674 5.23738e-06 -3.006
5250.0 8.5 1.5913 -1.5607 1.1386 -0.3513 6.9952e-06 -2.7248
5500.0 8.5 1.4703 -1.2567 0.8339 -0.2402 9.13465e-06 -2.47
5750.0 8.5 1.3609 -0.9673 0.5457 -0.1358 1.16453e-05 -2.2382
6000.0 8.5 1.1991 -0.5404 0.1195 0.0183 1.44978e-05 -2.0266
6250.0 8.5 0.9622 0.0574 -0.4612 0.2241 1.7681e-05 -1.8329
6500.0 8.5 0.6836 0.7347 -1.0998 0.4442 2.1183e-05 -1.6549
7000.0 8.5 0.1821 1.8632 -2.0909 0.7608 2.90858e-05 -1.3394
7500.0 8.5 -0.0416 2.2721 -2.3699 0.821 3.80851e-05 -1.069
8000.0 8.5 -0.079 2.2929 -2.3457 0.7946 4.82367e-05 -0.8351
8500.0 8.5 -0.0501 2.251 -2.3525 0.8038 5.96047e-05 -0.6312
9000.0 8.5 0.0114 2.2093 -2.4322 0.8582 7.2295e-05 -0.4521
9500.0 8.5 0.1543 1.9946 -2.3743 0.8752 8.64057e-05 -0.2939
10000.0 8.5 0.384 1.5262 -2.0436 0.7923 0.000101873 -0.1532
10500.0 8.5 0.6559 0.8465 -1.4268 0.59 0.000118459 -0.0275
11000.0 8.5 0.8748 0.2109 -0.7833 0.3609 0.000135405 0.0854
11500.0 8.5 1.0317 -0.2884 -0.2467 0.1626 0.000151973 0.1873
12000.0 8.5 1.1375 -0.6521 0.1649 0.0064 0.00016812 0.2796
12500.0 8.5 1.185 -0.8725 0.4458 -0.1056 0.000183981 0.3636
13000.0 8.5 1.18 -0.9625 0.6013 -0.172 0.000198801 0.4402
13500.0 8.5 1.1438 -0.9707 0.6683 -0.2031 0.00021099 0.5104
14000.0 8.5 1.1063 -0.9709 0.7228 -0.2277 0.000222835 0.5749
14500.0 8.5 1.0724 -0.978 0.7931 -0.2637 0.000236153 0.6344
15000.0 8.5 1.0301 -0.9394 0.8086 -0.2828 0.000250715 0.6893
15500.0 8.5 0.9824 -0.851 0.7452 -0.2682 0.000265689 0.7403
16000.0 8.5 0.9387 -0.7526 0.6515 -0.2373 0.000280853 0.7876
16500.0 8.5 0.9068 -0.6771 0.571 -0.2081 0.000295976 0.8316
17000.0 8.5 0.889 -0.6394 0.5269 -0.1908 0.00031141 0.8727
20000.0 8.5 0.8857 -0.7175 0.6027 -0.2164 0.000409361 1.0708
25000.0 8.5 0.9696 -1.0434 0.9342 -0.3347 0.000602276 1.284
30000.0 8.5 0.9239 -1.0353 0.8945 -0.3103 0.00086081 1.419
35000.0 8.5 0.6709 -0.6075 0.4725 -0.1567 0.00112975 1.5118
40000.0 8.5 0.5136 -0.3736 0.27 -0.0889 0.00134064 1.5793
45000.0 8.5 0.4245 -0.2651 0.1898 -0.0648 0.00151623 1.6305
50000.0 8.5 0.3748 -0.2243 0.1706 -0.0615 0.00166941 1.6707
55000.0 8.5 0.344 -0.2125 0.1755 -0.0659 0.00181132 1.7031
60000.0 8.5 0.3236 -0.2159 0.1927 -0.0743 0.00194781 1.7297
65000.0 8.5 0.3111 0.0775 -0.1679 0.0662 0.00239498 1.7519
70000.0 8.5 0.27 0.1342 -0.2129 0.0807 0.0025286 1.7708
75000.0 8.5 0.2348 0.181 -0.2492 0.0922 0.00265888 1.787
80000.0 8.5 0.2041 0.2203 -0.2792 0.1016 0.00278662 1.8011
85000.0 8.5 0.1774 0.2533 -0.3041 0.1094 0.00291256 1.8135
90000.0 8.5 0.1538 0.2814 -0.3248 0.1159 0.00303698 1.8244
100000.0 8.5 0.1105 0.3332 -0.3635 0.128 0.00328278 1.8428
3750.0 8.75 1.4242 -1.0688 0.6638 -0.1846 1.60588e-06 -4.9907
4000.0 8.75 1.6005 -1.5499 1.1676 -0.3728 1.98522e-06 -4.493
4250.0 8.75 1.7156 -1.8726 1.5035 -0.4975 2.46725e-06 -4.0544
4500.0 8.75 1.7881 -2.0917 1.7335 -0.5834 3.13432e-06 -3.6653
4750.0 8.75 1.8176 -2.1997 1.8482 -0.6265 4.03948e-06 -3.3179
5000.0 8.75 1.7827 -2.025 1.6176 -0.5292 5.2537e-06 -3.006
5250.0 8.75 1.6238 -1.6334 1.2096 -0.3769 7.00453e-06 -2.7248
5500.0 8.75 1.4921 -1.3092 0.8825 -0.2571 9.14065e-06 -2.47
5750.0 8.75 1.3741 -1.0109 0.5889 -0.1518 1.1663e-05 -2.2382
6000.0 8.75 1.2395 -0.6573 0.2371 -0.0249 1.45413e-05 -2.0266
6250.0 8.75 1.0559 -0.183 -0.231 0.1429 1.77456e-05 -1.8329
6500.0 8.75 0.8129 0.419 -0.8079 0.3448 2.12687e-05 -1.6549
7000.0 8.75 0.3003 1.5994 -1.8701 0.6937 2.92099e-05 -1.3394
7500.0 8.75 0.0204 2.1408 -2.27 0.7949 3.8231e-05 -1.069
8000.0 8.75 -0.0506 2.2224 -2.2834 0.776 4.83237e-05 -0.8351
8500.0 8.75 -0.033 2.1846 -2.2735 0.774 5.95754e-05 -0.6312
9000.0 8.75 0.0208 2.1457 -2.3418 0.8209 7.20589e-05 -0.4521
9500.0 8.75 0.1461 1.9721 -2.3214 0.8501 8.58251e-05 -0.2939
10000.0 8.75 0.3624 1.5547 -2.0552 0.7937 0.000100908 -0.1532
10500.0 8.75 0.6509 0.8573 -1.4397 0.5967 0.00011716 -0.0275
11000.0 8.75 0.9038 0.1395 -0.7212 0.3426 0.000134017 0.0854
11500.0 8.75 1.086 -0.4313 -0.1142 0.1194 0.000150642 0.1873
12000.0 8.75 1.2146 -0.8653 0.3702 -0.064 0.000166867 0.2796
12500.0 8.75 1.286 -1.1459 0.7057 -0.1951 0.000182837 0.3636
13000.0 8.75 1.3021 -1.2807 0.8985 -0.275 0.000198474 0.4402
13500.0 8.75 1.2743 -1.2998 0.974 -0.3108 0.000212839 0.5104
14000.0 8.75 1.2297 -1.2656 0.9849 -0.3195 0.000224687 0.5749
14500.0 8.75 1.1828 -1.2222 0.9839 -0.3228 0.000236418 0.6344
15000.0 8.75 1.1375 -1.183 0.9951 -0.3347 0.000249695 0.6893
15500.0 8.75 1.0873 -1.1152 0.9751 -0.339 0.000264143 0.7403
16000.0 8.75 1.0314 -1.008 0.897 -0.3201 0.000279178 0.7876
16500.0 8.75 0.9795 -0.888 0.7841 -0.2833 0.000294325 0.8316
17000.0 8.75 0.9321 -0.7691 0.6593 -0.2382 0.000309658 0.8727
20000.0 8.75 0.9069 -0.7805 0.665 -0.2382 0.0004083 1.0708
25000.0 8.75 0.9819 -1.08 0.969 -0.3464 0.000602096 1.284
30000.0 8.75 0.9235 -1.0429 0.9017 -0.3125 0.000861893 1.419
35000.0 8.75 0.6667 -0.6066 0.4737 -0.1573 0.00112894 1.5118
40000.0 8.75 0.5112 -0.375 0.2734 -0.0903 0.00133824 1.5793
45000.0 8.75 0.423 -0.2668 0.1927 -0.0659 0.00151286 1.6305
50000.0 8.75 0.3734 -0.2248 0.1719 -0.0619 0.00166418 1.6707
55000.0 8.75 0.3417 -0.2095 0.1728 -0.0648 0.00180456 1.7031
60000.0 8.75 0.3212 -0.2103 0.1863 -0.0716 0.00193735 1.7297
3750.0 9.0 1.4732 -1.1875 0.7935 -0.2344 1.68583e-06 -4.9907
4000.0 9.0 1.6218 -1.5964 1.2219 -0.3943 2.07557e-06 -4.493
4250.0 9.0 1.7235 -1.8831 1.519 -0.5044 2.55763e-06 -4.0544
4500.0 9.0 1.79 -2.0857 1.7306 -0.5831 3.21994e-06 -3.6653
4750.0 9.0 1.8168 -2.1856 1.8352 -0.6221 4.11744e-06 -3.3179
5000.0 9.0 1.7999 -2.0519 1.6428 -0.5381 5.27479e-06 -3.006
5250.0 9.0 1.665 -1.7269 1.3035 -0.4113 7.01764e-06 -2.7248
5500.0 9.0 1.5095 -1.3466 0.9154 -0.2682 9.14929e-06 -2.47
5750.0 9.0 1.4003 -1.0784 0.6531 -0.1744 1.16785e-05 -2.2382
6000.0 9.0 1.2774 -0.7606 0.339 -0.0617 1.45825e-05 -2.0266
6250.0 9.0 1.1386 -0.3936 -0.0287 0.0716 1.78208e-05 -1.8329
6500.0 9.0 0.9228 0.1441 -0.5484 0.2546 2.13696e-05 -1.6549
7000.0 9.0 0.4306 1.2987 -1.6077 0.6101 2.93621e-05 -1.3394
7500.0 9.0 0.0916 1.9944 -2.1624 0.7679 3.84212e-05 -1.069
8000.0 9.0 -0.016 2.1426 -2.2175 0.7577 4.84879e-05 -0.8351
8500.0 9.0 -0.0114 2.1082 -2.1851 0.7411 5.96374e-05 -0.6312
9000.0 9.0 0.0347 2.0645 -2.2279 0.7735 7.19271e-05 -0.4521
9500.0 9.0 0.1299 1.9609 -2.2704 0.8229 8.54064e-05 -0.2939
10000.0 9.0 0.3239 1.613 -2.0826 0.7966 0.000100162 -0.1532
10500.0 9.0 0.6133 0.9428 -1.5169 0.6231 0.000116061 -0.0275
11000.0 9.0 0.8967 0.1653 -0.7546 0.3575 0.000132756 0.0854
11500.0 9.0 1.1059 -0.4821 -0.0715 0.1073 0.000149449 0.1873
12000.0 9.0 1.2588 -0.9856 0.4815 -0.1004 0.000165734 0.2796
12500.0 9.0 1.3541 -1.3331 0.8831 -0.2554 0.000181776 0.3636
13000.0 9.0 1.3919 -1.5247 1.1291 -0.3544 0.000197672 0.4402
13500.0 9.0 1.3819 -1.5836 1.2394 -0.4034 0.000213158 0.5104
14000.0 9.0 1.3428 -1.557 1.2577 -0.4164 0.00022723 0.5749
14500.0 9.0 1.2964 -1.5004 1.2356 -0.4118 0.00023888 0.6344
15000.0 9.0 1.2434 -1.4247 1.1922 -0.3985 0.000250534 0.6893
15500.0 9.0 1.1917 -1.3534 1.1597 -0.3921 0.000263626 0.7403
16000.0 9.0 1.1374 -1.2683 1.1163 -0.3859 0.000277895 0.7876
16500.0 9.0 1.0783 -1.1531 1.0316 -0.3644 0.000293036 0.8316
17000.0 9.0 1.021 -1.0245 0.915 -0.3274 0.000307967 0.8727
20000.0 9.0 0.9286 -0.8462 0.7306 -0.2613 0.000407238 1.0708
25000.0 9.0 0.989 -1.1078 0.9958 -0.3554 0.000601152 1.284
30000.0 9.0 0.9202 -1.0459 0.9045 -0.3132 0.000862154 1.419
35000.0 9.0 0.666 -0.6138 0.4831 -0.161 0.00112827 1.5118
40000.0 9.0 0.508 -0.3766 0.2778 -0.0923 0.00133519 1.5793
45000.0 9.0 0.4234 -0.2746 0.2023 -0.0695 0.00150898 1.6305
50000.0 9.0 0.3732 -0.2294 0.1776 -0.064 0.00165847 1.6707
55000.0 9.0 0.341 -0.2118 0.1755 -0.0657 0.00179791 1.7031
60000.0 9.0 0.3199 -0.2094 0.1854 -0.0711 0.00192858 1.7297
65000.0 9.0 0.3366 0.0164 -0.1047 0.043 0.00237777 1.7519
70000.0 9.0 0.2978 0.07 -0.1478 0.0569 0.00250898 1.7708
75000.0 9.0 0.2644 0.1147 -0.1828 0.0681 0.00263664 1.787
80000.0 9.0 0.2351 0.153 -0.2127 0.0777 0.00276149 1.8011
85000.0 9.0 0.2094 0.1856 -0.2379 0.0857 0.00288425 1.8135
90000.0 9.0 0.1866 0.2139 -0.2595 0.0926 0.00300528 1.8244
100000.0 9.0 0.1446 0.2665 -0.3006 0.1059 0.00324322 1.8428
3750.0 9.25 1.5198 -1.2979 0.9123 -0.2799 1.76905e-06 -4.9907
4000.0 9.25 1.6414 -1.6378 1.2701 -0.4135 2.17335e-06 -4.493
4250.0 9.25 1.7297 -1.8909 1.533 -0.5108 2.65761e-06 -4.0544
4500.0 9.25 1.7903 -2.0756 1.7239 -0.5815 3.31524e-06 -3.6653
4750.0 9.25 1.818 -2.176 1.8276 -0.6198 4.20001e-06 -3.3179
5000.0 9.25 1.8454 -2.1594 1.7585 -0.5823 5.3015e-06 -3.006
5250.0 9.25 1.7195 -1.8558 1.4372 -0.4611 7.03613e-06 -2.7248
5500.0 9.25 1.5381 -1.4086 0.9738 -0.2887 9.16287e-06 -2.47
5750.0 9.25 1.4222 -1.1314 0.7019 -0.1912 1.16928e-05 -2.2382
6000.0 9.25 1.3156 -0.8617 0.4368 -0.0962 1.46162e-05 -2.0266
6250.0 9.25 1.1836 -0.5204 0.0986 0.0252 1.78944e-05 -1.8329
6500.0 9.25 1.0122 -0.0818 -0.3334 0.1794 2.14841e-05 -1.6549
7000.0 9.25 0.5568 1.0084 -1.3539 0.5284 2.95408e-05 -1.3394
7500.0 9.25 0.1831 1.7993 -2.0087 0.7248 3.86468e-05 -1.069
8000.0 9.25 0.0284 2.0477 -2.1449 0.7391 4.87199e-05 -0.8351
8500.0 9.25 0.0105 2.0392 -2.11 0.7143 5.97957e-05 -0.6312
9000.0 9.25 0.0474 1.9901 -2.1226 0.7297 7.19216e-05 -0.4521
9500.0 9.25 0.121 1.9245 -2.1871 0.7825 8.51494e-05 -0.2939
10000.0 9.25 0.285 1.6551 -2.0776 0.7835 9.95655e-05 -0.1532
10500.0 9.25 0.5513 1.0761 -1.6267 0.6568 0.000115104 -0.0275
11000.0 9.25 0.8529 0.2859 -0.8772 0.4023 0.000131571 0.0854
11500.0 9.25 1.0902 -0.4281 -0.1369 0.1343 0.000148301 0.1873
12000.0 9.25 1.2684 -1.0049 0.4891 -0.0993 0.000164707 0.2796
12500.0 9.25 1.3901 -1.4286 0.9677 -0.2821 0.000180813 0.3636
13000.0 9.25 1.4509 -1.685 1.2782 -0.4047 0.00019682 0.4402
13500.0 9.25 1.4599 -1.7937 1.4355 -0.4708 0.000212712 0.5104
14000.0 9.25 1.4334 -1.7966 1.4802 -0.4942 0.000228104 0.5749
14500.0 9.25 1.3898 -1.7437 1.4625 -0.4926 0.000242069 0.6344
15000.0 9.25 1.3403 -1.6659 1.4117 -0.4766 0.000253828 0.6893
15500.0 9.25 1.2891 -1.5804 1.3501 -0.4558 0.000265293 0.7403
16000.0 9.25 1.2369 -1.4934 1.2917 -0.4379 0.00027796 0.7876
16500.0 9.25 1.1802 -1.3957 1.2288 -0.4221 0.000292156 0.8316
17000.0 9.25 1.0995 -1.2261 1.0954 -0.3843 0.00030707 0.8727
20000.0 9.25 0.955 -0.9232 0.8076 -0.2885 0.000406067 1.0708
25000.0 9.25 1.0061 -1.1537 1.04 -0.3705 0.000601861 1.284
30000.0 9.25 0.9136 -1.0405 0.8997 -0.3113 0.000863361 1.419
35000.0 9.25 0.6579 -0.6065 0.4793 -0.1602 0.00112663 1.5118
40000.0 9.25 0.5079 -0.3834 0.2871 -0.096 0.00133298 1.5793
45000.0 9.25 0.422 -0.2777 0.2078 -0.0719 0.00150604 1.6305
50000.0 9.25 0.3746 -0.2364 0.1858 -0.0671 0.00165389 1.6707
55000.0 9.25 0.3415 -0.2149 0.1798 -0.0674 0.00179434 1.7031
60000.0 9.25 0.3199 -0.2115 0.1881 -0.072 0.00192201 1.7297
3750.0 9.5 1.5658 -1.4021 1.0182 -0.3195 1.85465e-06 -4.9907
4000.0 9.5 1.6615 -1.6792 1.3165 -0.4318 2.27804e-06 -4.493
4250.0 9.5 1.735 -1.894 1.5407 -0.5148 2.7676e-06 -4.0544
4500.0 9.5 1.7877 -2.0585 1.7119 -0.5785 3.42117e-06 -3.6653
4750.0 9.5 1.8174 -2.1619 1.8158 -0.6162 4.29961e-06 -3.3179
5000.0 9.5 1.8637 -2.1911 1.7917 -0.595 5.38556e-06 -3.006
5250.0 9.5 1.6607 -1.6767 1.2377 -0.3841 7.05219e-06 -2.7248
5500.0 9.5 1.5589 -1.4488 1.0107 -0.3014 9.18006e-06 -2.47
5750.0 9.5 1.4497 -1.1933 0.7593 -0.211 1.17105e-05 -2.2382
6000.0 9.5 1.3501 -0.9477 0.5188 -0.125 1.4649e-05 -2.0266
6250.0 9.5 1.2273 -0.6366 0.2127 -0.0156 1.79593e-05 -1.8329
6500.0 9.5 1.0814 -0.2633 -0.1556 0.1159 2.16017e-05 -1.6549
7000.0 9.5 0.6831 0.7067 -1.0789 0.4362 2.97435e-05 -1.3394
7500.0 9.5 0.2873 1.5743 -1.8268 0.6716 3.89187e-05 -1.069
8000.0 9.5 0.0796 1.9458 -2.0742 0.7234 4.90151e-05 -0.8351
8500.0 9.5 0.0375 1.9661 -2.0384 0.6908 6.00533e-05 -0.6312
9000.0 9.5 0.0654 1.9068 -2.012 0.6849 7.2048e-05 -0.4521
9500.0 9.5 0.1244 1.8537 -2.0671 0.7285 8.50825e-05 -0.2939
10000.0 9.5 0.2519 1.6711 -2.0365 0.755 9.91662e-05 -0.1532
10500.0 9.5 0.4779 1.2203 -1.7308 0.684 0.000114352 -0.0275
11000.0 9.5 0.7785 0.4751 -1.0573 0.4644 0.000130533 0.0854
11500.0 9.5 1.0399 -0.2824 -0.2902 0.1912 0.000147232 0.1873
12000.0 9.5 1.2406 -0.9188 0.3903 -0.0602 0.000163775 0.2796
12500.0 9.5 1.389 -1.4171 0.9426 -0.2691 0.000179996 0.3636
13000.0 9.5 1.4778 -1.7514 1.3313 -0.4199 0.000196073 0.4402
13500.0 9.5 1.5098 -1.9256 1.5544 -0.5101 0.000212143 0.5104
14000.0 9.5 1.4997 -1.9739 1.6435 -0.5501 0.000228097 0.5749
14500.0 9.5 1.4648 -1.9424 1.6454 -0.5564 0.000243488 0.6344
15000.0 9.5 1.4195 -1.8724 1.6028 -0.5445 0.000257525 0.6893
15500.0 9.5 1.3704 -1.7871 1.5383 -0.5228 0.000269102 0.7403
16000.0 9.5 1.3221 -1.6961 1.4655 -0.4975 0.000280891 0.7876
16500.0 9.5 1.2698 -1.5986 1.3892 -0.4717 0.000293217 0.8316
17000.0 9.5 1.213 -1.4937 1.311 -0.4479 0.000306595 0.8727
20000.0 9.5 0.6519 -0.0215 -0.0035 -0.084 0.000457801 1.0708
25000.0 9.5 1.0167 -1.1897 1.075 -0.3823 0.000600992 1.284
30000.0 9.5 0.9072 -1.0356 0.8956 -0.3096 0.0008648 1.419
35000.0 9.5 0.6531 -0.6043 0.4802 -0.161 0.00112617 1.5118
40000.0 9.5 0.5074 -0.3895 0.2959 -0.0996 0.0013311 1.5793
45000.0 9.5 0.4225 -0.2848 0.2173 -0.0756 0.00150361 1.6305
50000.0 9.5 0.3772 -0.2455 0.1962 -0.071 0.00164832 1.6707
55000.0 9.5 0.3452 -0.2257 0.1909 -0.0713 0.00178535 1.7031
60000.0 9.5 0.3232 -0.2194 0.1957 -0.0746 0.00191507 1.7297
65000.0 9.5 0.36 -0.0399 -0.046 0.0213 0.00236335 1.7519
70000.0 9.5 0.3245 0.0079 -0.0837 0.0333 0.00249295 1.7708
75000.0 9.5 0.2937 0.0483 -0.1153 0.0434 0.00261864 1.787
80000.0 9.5 0.267 0.0819 -0.1411 0.0516 0.00274162 1.8011
85000.0 9.5 0.2434 0.1112 -0.1637 0.0588 0.0028622 1.8135
90000.0 9.5 0.2225 0.1366 -0.1831 0.065 0.00298075 1.8244
100000.0 9.5 0.1845 0.1824 -0.2185 0.0765 0.00321327 1.8428
