Teff log(g) a1 a2 a3 a4 I1 beaming
3750.0 5.0 -0.5727 2.8142 -2.3402 0.6893 1.57559e-07 -7.7372
4000.0 5.0 -0.5643 3.3022 -3.2436 1.1121 2.67929e-07 -7.0664
4250.0 5.0 -0.3892 3.0996 -3.2226 1.1524 4.5179e-07 -6.4745
4500.0 5.0 -0.1651 2.6479 -2.809 1.0174 7.54103e-07 -5.9487
4750.0 5.0 -0.118 2.5142 -2.5995 0.9372 1.24663e-06 -5.4783
5000.0 5.0 -0.3883 3.0508 -2.9051 1.0052 1.96497e-06 -5.0553
5250.0 5.0 -0.5218 3.4193 -3.2137 1.0925 3.03801e-06 -4.6729
5500.0 5.0 -0.6407 3.766 -3.5275 1.1841 4.36913e-06 -4.3255
5750.0 5.0 -0.7 3.8765 -3.5529 1.1602 5.97489e-06 -4.0088
6000.0 5.0 -0.6999 3.7632 -3.3091 1.0299 7.85102e-06 -3.7188
6250.0 5.0 -0.6382 3.4422 -2.8307 0.8113 9.96886e-06 -3.4525
6500.0 5.0 -0.5179 2.9583 -2.1974 0.5433 1.2269e-05 -3.2071
7000.0 5.0 -0.2026 1.8936 -0.976 0.0726 1.71998e-05 -2.7703
7500.0 5.0 0.0556 1.1371 -0.2626 -0.1552 2.24304e-05 -2.3936
8000.0 5.0 0.2421 0.6576 0.0695 -0.2183 2.8082e-05 -2.066
8500.0 5.0 0.4463 0.1981 0.3241 -0.2388 3.44588e-05 -1.7788
9000.0 5.0 0.6991 -0.374 0.6912 -0.3018 4.15071e-05 -1.5254
9500.0 5.0 0.8409 -0.7081 0.914 -0.35 4.80498e-05 -1.3003
10000.0 5.0 0.8879 -0.8523 1.0499 -0.3972 5.63192e-05 -1.0995
10500.0 5.0 0.8682 -0.8364 1.0543 -0.4056 6.60578e-05 -0.9193
11000.0 5.0 0.8643 -0.837 1.0597 -0.4125 7.73308e-05 -0.757
11500.0 5.0 0.873 -0.8472 1.0528 -0.4102 9.00453e-05 -0.6101
12000.0 5.0 0.8416 -0.7791 0.9891 -0.3917 0.000102833 -0.4766
12500.0 5.0 0.8317 -0.7539 0.9542 -0.3796 0.00011671 -0.355
13000.0 5.0 0.8234 -0.7352 0.9269 -0.3702 0.000131248 -0.2437
13500.0 5.0 0.7417 -0.5442 0.725 -0.2963 0.000146507 -0.1417
14000.0 5.0 0.8075 -0.7043 0.8819 -0.3544 0.000162405 -0.0478
14500.0 5.0 0.6427 -0.3146 0.4766 -0.2052 0.000179094 0.0389
15000.0 5.0 0.7941 -0.6816 0.8479 -0.3426 0.000196359 0.1191
15500.0 5.0 0.7845 -0.6631 0.8238 -0.334 0.000214413 0.1934
16000.0 5.0 0.6388 -0.3153 0.4601 -0.1994 0.000233252 0.2625
16500.0 5.0 0.7763 -0.65 0.7994 -0.3251 0.00025269 0.3268
17000.0 5.0 0.7762 -0.6519 0.7953 -0.3234 0.000272938 0.3869
20000.0 5.0 0.8051 -0.7277 0.8358 -0.3349 0.000410262 0.6765
25000.0 5.0 0.9538 -1.0262 1.0546 -0.4001 0.000709551 0.9874
30000.0 5.0 0.9786 -0.9881 0.8976 -0.3211 0.00117205 1.1832
35000.0 5.0 0.9396 -1.0155 0.891 -0.3141 0.00173081 1.3169
40000.0 5.0 1.013 -1.2849 1.1748 -0.4207 0.00217491 1.4137
45000.0 5.0 1.1057 -1.5497 1.4468 -0.5208 0.00255544 1.4868
50000.0 5.0 1.1934 -1.7722 1.6681 -0.6004 0.00291379 1.5439
55000.0 5.0 1.2656 -1.9366 1.8252 -0.6555 0.00325423 1.5897
60000.0 5.0 1.3217 -2.0487 1.9263 -0.6896 0.00359239 1.6272
3750.0 5.25 -0.6434 3.1313 -2.7678 0.8671 1.67587e-07 -7.7372
4000.0 5.25 -0.5234 3.3304 -3.3758 1.185 2.77801e-07 -7.0664
4250.0 5.25 -0.2469 2.861 -3.074 1.1208 4.61005e-07 -6.4745
4500.0 5.25 0.0353 2.2505 -2.4911 0.9207 7.58929e-07 -5.9487
4750.0 5.25 0.1427 1.9947 -2.1853 0.8077 1.23366e-06 -5.4783
5000.0 5.25 -0.1416 2.5612 -2.5202 0.8896 1.90956e-06 -5.0553
5250.0 5.25 -0.2861 2.9224 -2.8013 0.9667 2.98874e-06 -4.6729
5500.0 5.25 -0.4406 3.354 -3.1988 1.0895 4.32725e-06 -4.3255
5750.0 5.25 -0.5509 3.6248 -3.4138 1.1411 5.9329e-06 -4.0088
6000.0 5.25 -0.6018 3.6746 -3.3641 1.0879 7.81153e-06 -3.7188
6250.0 5.25 -0.5969 3.5278 -3.0845 0.9454 9.94601e-06 -3.4525
6500.0 5.25 -0.5385 3.2152 -2.6282 0.7394 1.22908e-05 -3.2071
7000.0 5.25 -0.2953 2.291 -1.4894 0.2766 1.73988e-05 -2.7703
7500.0 5.25 -0.0269 1.4236 -0.5759 -0.0491 2.28539e-05 -2.3936
8000.0 5.25 0.1884 0.7941 -0.0254 -0.2063 2.87035e-05 -2.066
8500.0 5.25 0.3936 0.274 0.335 -0.2736 3.51778e-05 -1.7788
9000.0 5.25 0.6317 -0.3033 0.7371 -0.353 4.23736e-05 -1.5254
9500.0 5.25 0.7855 -0.6437 0.9209 -0.3692 4.91756e-05 -1.3003
10000.0 5.25 0.8497 -0.8005 1.0214 -0.3913 5.62698e-05 -1.0995
10500.0 5.25 0.8619 -0.8504 1.0713 -0.4109 6.57975e-05 -0.9193
11000.0 5.25 0.854 -0.8435 1.0692 -0.4145 7.6667e-05 -0.757
11500.0 5.25 0.8428 -0.8196 1.0448 -0.4095 8.87129e-05 -0.6101
12000.0 5.25 0.8319 -0.7905 1.0087 -0.3985 0.000101703 -0.4766
12500.0 5.25 0.8205 -0.7601 0.9688 -0.385 0.000115476 -0.355
13000.0 5.25 0.8119 -0.7383 0.9381 -0.3744 0.000129939 -0.2437
13500.0 5.25 0.8039 -0.7202 0.9119 -0.3652 0.000145104 -0.1417
14000.0 5.25 0.7951 -0.7019 0.8866 -0.3563 0.000160955 -0.0478
14500.0 5.25 0.7885 -0.6895 0.8678 -0.3497 0.000177501 0.0389
15000.0 5.25 0.779 -0.6704 0.8425 -0.3407 0.000194751 0.1191
15500.0 5.25 0.7757 -0.6656 0.8321 -0.3371 0.000212697 0.1934
16000.0 5.25 0.7703 -0.6557 0.8162 -0.3313 0.000231378 0.2625
16500.0 5.25 0.7541 -0.6195 0.7734 -0.3156 0.000250782 0.3268
17000.0 5.25 0.7638 -0.6442 0.7926 -0.3224 0.00027089 0.3869
20000.0 5.25 0.7574 -0.6335 0.7431 -0.3007 0.000407368 0.6765
25000.0 5.25 0.9398 -1.0143 1.0459 -0.3971 0.000703676 0.9874
30000.0 5.25 0.9707 -0.9964 0.9116 -0.3268 0.00115553 1.1832
35000.0 5.25 0.8824 -0.9175 0.8013 -0.2824 0.00170503 1.3169
40000.0 5.25 0.9214 -1.1267 1.0319 -0.3712 0.00214254 1.4137
45000.0 5.25 0.9994 -1.3771 1.297 -0.4702 0.00251354 1.4868
50000.0 5.25 1.0839 -1.6127 1.5387 -0.5586 0.00285956 1.5439
55000.0 5.25 1.1621 -1.8107 1.7358 -0.6294 0.00318382 1.5897
60000.0 5.25 1.2318 -1.9742 1.8937 -0.6851 0.0035011 1.6272
3750.0 5.5 -0.6936 3.3927 -3.1377 1.0251 1.78524e-07 -7.7372
4000.0 5.5 -0.4654 3.2924 -3.4212 1.2222 2.88006e-07 -7.0664
4250.0 5.5 -0.0939 2.5666 -2.844 1.0539 4.70308e-07 -6.4745
4500.0 5.5 0.237 1.8205 -2.1147 0.7973 7.64894e-07 -5.9487
4750.0 5.5 0.3847 1.4751 -1.7332 0.6567 1.22611e-06 -5.4783
5000.0 5.5 0.0862 2.0925 -2.1352 0.7674 1.847e-06 -5.0553
5250.0 5.5 -0.059 2.4282 -2.378 0.8324 2.93153e-06 -4.6729
5500.0 5.5 -0.2403 2.9151 -2.8238 0.9732 4.28166e-06 -4.3255
5750.0 5.5 -0.3957 3.3209 -3.193 1.0853 5.89563e-06 -4.0088
6000.0 5.5 -0.4908 3.5144 -3.3156 1.1011 7.78068e-06 -3.7188
6250.0 5.5 -0.527 3.5012 -3.1954 1.0218 9.92865e-06 -3.4525
6500.0 5.5 -0.5211 3.351 -2.9234 0.8857 1.23063e-05 -3.2071
7000.0 5.5 -0.3669 2.6538 -1.9959 0.4889 1.75677e-05 -2.7703
7500.0 5.5 -0.1217 1.7839 -1.0066 0.1121 2.3258e-05 -2.3936
8000.0 5.5 0.1108 1.0351 -0.2603 -0.1366 2.93334e-05 -2.066
8500.0 5.5 0.3268 0.4148 0.2645 -0.2782 3.59734e-05 -1.7788
9000.0 5.5 0.5723 -0.2101 0.7285 -0.3798 4.32861e-05 -1.5254
9500.0 5.5 0.7755 -0.6846 1.0329 -0.4284 5.08665e-05 -1.3003
10000.0 5.5 0.8537 -0.8322 1.0622 -0.4077 5.74479e-05 -1.0995
10500.0 5.5 0.8496 -0.8473 1.0743 -0.4122 6.59408e-05 -0.9193
11000.0 5.5 0.8446 -0.849 1.0794 -0.4175 7.64071e-05 -0.757
11500.0 5.5 0.8327 -0.8257 1.0565 -0.4129 8.81259e-05 -0.6101
12000.0 5.5 0.822 -0.7984 1.0243 -0.4038 0.000100885 -0.4766
12500.0 5.5 0.808 -0.7613 0.9787 -0.3885 0.000114521 -0.355
13000.0 5.5 0.7966 -0.7315 0.94 -0.3753 0.000128924 -0.2437
13500.0 5.5 0.7946 -0.7248 0.9243 -0.3698 0.000144007 -0.1417
14000.0 5.5 0.7811 -0.6939 0.8857 -0.3561 0.000159814 -0.0478
14500.0 5.5 0.7751 -0.6813 0.8661 -0.3492 0.000176314 0.0389
15000.0 5.5 0.7692 -0.6696 0.8482 -0.3429 0.000193507 0.1191
15500.0 5.5 0.7632 -0.6576 0.8301 -0.3364 0.000211415 0.1934
16000.0 5.5 0.7069 -0.5268 0.6911 -0.2855 0.000230061 0.2625
16500.0 5.5 0.7534 -0.6379 0.798 -0.3247 0.000249358 0.3268
17000.0 5.5 0.7515 -0.6347 0.7886 -0.3211 0.000269426 0.3869
20000.0 5.5 0.7869 -0.7216 0.8385 -0.3361 0.000405328 0.6765
25000.0 5.5 0.9493 -1.0545 1.0913 -0.4143 0.000699914 0.9874
30000.0 5.5 0.9591 -0.9889 0.9079 -0.3256 0.00114476 1.1832
35000.0 5.5 0.8283 -0.8164 0.7062 -0.2486 0.00168603 1.3169
40000.0 5.5 0.8318 -0.9559 0.8714 -0.3144 0.0021179 1.4137
45000.0 5.5 0.8878 -1.1698 1.1053 -0.4032 0.00248151 1.4868
50000.0 5.5 0.9592 -1.3893 1.3362 -0.4888 0.00281859 1.5439
55000.0 5.5 1.0321 -1.5912 1.543 -0.5642 0.00313086 1.5897
60000.0 5.5 1.1022 -1.771 1.7226 -0.6288 0.00343427 1.6272
3750.0 5.75 -0.7233 3.5912 -3.4351 1.1557 1.89678e-07 -7.7372
4000.0 5.75 -0.3973 3.2095 -3.4043 1.233 2.98802e-07 -7.0664
4250.0 5.75 0.055 2.2591 -2.5803 0.9698 4.7997e-07 -6.4745
4500.0 5.75 0.3716 1.5205 -1.8502 0.7108 7.72069e-07 -5.9487
4750.0 5.75 0.599 0.9924 -1.291 0.5043 1.22376e-06 -5.4783
5000.0 5.75 0.2857 1.6679 -1.7737 0.6479 1.78048e-06 -5.0553
5250.0 5.75 0.1489 1.9699 -1.9814 0.7039 2.86398e-06 -4.6729
5500.0 5.75 -0.0457 2.4708 -2.429 0.8456 4.2285e-06 -4.3255
5750.0 5.75 -0.2367 2.9757 -2.9052 0.9991 5.85991e-06 -4.0088
6000.0 5.75 -0.3688 3.2854 -3.1644 1.0692 7.75879e-06 -3.7188
6250.0 5.75 -0.4465 3.4145 -3.2188 1.0605 9.91981e-06 -3.4525
6500.0 5.75 -0.4725 3.3733 -3.0795 0.9776 1.23268e-05 -3.2071
7000.0 5.75 -0.4042 2.9293 -2.4245 0.6793 1.77118e-05 -2.7703
7500.0 5.75 -0.2121 2.1682 -1.5016 0.3096 2.36285e-05 -2.3936
8000.0 5.75 0.0149 1.3724 -0.6376 -0.0036 2.99518e-05 -2.066
8500.0 5.75 0.2413 0.6489 0.0655 -0.2297 3.68038e-05 -1.7788
9000.0 5.75 0.4974 -0.0643 0.6711 -0.3941 4.43393e-05 -1.5254
9500.0 5.75 0.7073 -0.607 1.0771 -0.4826 5.22849e-05 -1.3003
10000.0 5.75 0.81 -0.8048 1.1168 -0.447 5.91088e-05 -1.0995
10500.0 5.75 0.8372 -0.8443 1.0859 -0.419 6.66226e-05 -0.9193
11000.0 5.75 0.8341 -0.8483 1.0851 -0.4195 7.65768e-05 -0.757
11500.0 5.75 0.8225 -0.8278 1.0658 -0.416 8.79446e-05 -0.6101
12000.0 5.75 0.812 -0.8023 1.0363 -0.408 0.000100438 -0.4766
12500.0 5.75 0.7957 -0.76 0.9866 -0.3916 0.000113881 -0.355
13000.0 5.75 0.7852 -0.7307 0.9479 -0.3783 0.000128165 -0.2437
13500.0 5.75 0.7761 -0.7062 0.9143 -0.3665 0.000143211 -0.1417
14000.0 5.75 0.7687 -0.6876 0.8875 -0.357 0.000158977 -0.0478
14500.0 5.75 0.7622 -0.6726 0.865 -0.3491 0.00017545 0.0389
15000.0 5.75 0.7564 -0.6599 0.8454 -0.3421 0.000192632 0.1191
15500.0 5.75 0.7511 -0.6485 0.8275 -0.3357 0.000210516 0.1934
16000.0 5.75 0.7464 -0.6388 0.8117 -0.3301 0.000229112 0.2625
16500.0 5.75 0.7433 -0.6323 0.7988 -0.3253 0.000248418 0.3268
17000.0 5.75 0.6722 -0.4657 0.6232 -0.2607 0.0002685 0.3869
20000.0 5.75 0.7803 -0.72 0.8421 -0.3379 0.000404121 0.6765
25000.0 5.75 0.9654 -1.1052 1.1469 -0.4352 0.000697849 0.9874
30000.0 5.75 0.9473 -0.9757 0.8981 -0.3225 0.00113827 1.1832
35000.0 5.75 0.7808 -0.7231 0.6172 -0.2168 0.00167239 1.3169
40000.0 5.75 0.7512 -0.7937 0.7157 -0.2588 0.00209873 1.4137
45000.0 5.75 0.7834 -0.9618 0.907 -0.3327 0.00245636 1.4868
50000.0 5.75 0.8375 -1.152 1.1126 -0.4099 0.00278558 1.5439
55000.0 5.75 0.8981 -1.3357 1.3053 -0.4811 0.00308961 1.5897
60000.0 5.75 0.9608 -1.5104 1.4839 -0.5461 0.00338278 1.6272
3750.0 6.0 -0.732 3.7295 -3.6663 1.2621 2.01887e-07 -7.7372
4000.0 6.0 -0.3237 3.0971 -3.3435 1.2246 3.10471e-07 -7.0664
4250.0 6.0 0.1938 1.9596 -2.309 0.8791 4.9036e-07 -6.4745
4500.0 6.0 0.5426 1.1259 -1.4747 0.5797 7.79433e-07 -5.9487
4750.0 6.0 0.7878 0.5491 -0.8678 0.3548 1.22493e-06 -5.4783
5000.0 6.0 0.4469 1.318 -1.4711 0.5463 1.7048e-06 -5.0553
5250.0 6.0 0.3317 1.5674 -1.6352 0.5907 2.7881e-06 -4.6729
5500.0 6.0 0.1375 2.0458 -2.048 0.7208 4.16506e-06 -4.3255
5750.0 6.0 -0.0781 2.61 -2.5811 0.8957 5.81843e-06 -4.0088
6000.0 6.0 -0.248 3.0352 -2.9716 1.0172 7.73796e-06 -3.7188
6250.0 6.0 -0.3539 3.2594 -3.1417 1.0553 9.92214e-06 -3.4525
6500.0 6.0 -0.41 3.3216 -3.1285 1.0229 1.23545e-05 -3.2071
7000.0 6.0 -0.4042 3.0889 -2.7249 0.823 1.78479e-05 -2.7703
7500.0 6.0 -0.2807 2.5148 -1.9833 0.5117 2.39627e-05 -2.3936
8000.0 6.0 -0.0828 1.7568 -1.1062 0.1755 3.05511e-05 -2.066
8500.0 6.0 0.1389 0.9808 -0.2797 -0.1164 3.76545e-05 -1.7788
9000.0 6.0 0.3955 0.1958 0.4673 -0.3506 4.54236e-05 -1.5254
9500.0 6.0 0.647 -0.5007 1.058 -0.5098 5.36949e-05 -1.3003
10000.0 6.0 0.8041 -0.8568 1.2505 -0.5187 6.15603e-05 -1.0995
10500.0 6.0 0.8256 -0.8599 1.1432 -0.4497 6.82098e-05 -0.9193
11000.0 6.0 0.8244 -0.8472 1.095 -0.4246 7.72197e-05 -0.757
11500.0 6.0 0.8127 -0.8268 1.0727 -0.4188 8.82183e-05 -0.6101
12000.0 6.0 0.7971 -0.7904 1.0333 -0.4072 0.00010042 -0.4766
12500.0 6.0 0.7849 -0.7582 0.9945 -0.3949 0.000113658 -0.355
13000.0 6.0 0.7736 -0.727 0.9542 -0.3813 0.000127802 -0.2437
13500.0 6.0 0.7642 -0.7003 0.9179 -0.3685 0.000142762 -0.1417
14000.0 6.0 0.7567 -0.6798 0.8883 -0.3579 0.000158486 -0.0478
14500.0 6.0 0.7507 -0.6646 0.8653 -0.3497 0.000174941 0.0389
15000.0 6.0 0.7452 -0.651 0.8442 -0.3422 0.000192117 0.1191
15500.0 6.0 0.7398 -0.6387 0.8251 -0.3354 0.000210007 0.1934
16000.0 6.0 0.7364 -0.6311 0.8113 -0.3306 0.000228611 0.2625
16500.0 6.0 0.7308 -0.6177 0.7909 -0.323 0.000247937 0.3268
17000.0 6.0 0.7313 -0.6185 0.785 -0.3207 0.000267979 0.3869
20000.0 6.0 0.7724 -0.712 0.8393 -0.3375 0.000403678 0.6765
25000.0 6.0 0.9622 -1.1052 1.15 -0.4368 0.00069727 0.9874
30000.0 6.0 0.9089 -0.8937 0.8163 -0.2926 0.0011352 1.1832
35000.0 6.0 0.7408 -0.6417 0.5388 -0.1888 0.00166287 1.3169
40000.0 6.0 0.6826 -0.6503 0.5759 -0.2085 0.00208417 1.4137
45000.0 6.0 0.6919 -0.7711 0.7217 -0.2661 0.00243634 1.4868
50000.0 6.0 0.7283 -0.9276 0.8965 -0.3327 0.00275847 1.5439
55000.0 6.0 0.7745 -1.085 1.0651 -0.3956 0.00305516 1.5897
60000.0 6.0 0.8295 -1.2522 1.2398 -0.4599 0.00335849 1.6272
65000.0 6.0 0.6523 -0.6049 0.554 -0.209 0.00431026 1.6585
70000.0 6.0 0.7007 -0.7543 0.7128 -0.268 0.0046279 1.685
75000.0 6.0 0.7527 -0.9025 0.8665 -0.3241 0.00494594 1.7077
80000.0 6.0 0.8057 -1.0451 1.0117 -0.3767 0.00526551 1.7273
85000.0 6.0 0.8581 -1.1794 1.1461 -0.425 0.00558784 1.7445
90000.0 6.0 0.9088 -1.3023 1.2664 -0.4676 0.00591342 1.7597
100000.0 6.0 0.9988 -1.5093 1.4662 -0.5381 0.00658265 1.7852
3750.0 6.25 -0.7196 3.8058 -3.8265 1.3412 2.1497e-07 -7.7372
4000.0 6.25 -0.2465 2.9639 -3.2504 1.2017 3.23193e-07 -7.0664
4250.0 6.25 0.3185 1.6829 -2.0494 0.7898 5.01675e-07 -6.4745
4500.0 6.25 0.699 0.7566 -1.1136 0.451 7.87698e-07 -5.9487
4750.0 6.25 0.9526 0.1531 -0.481 0.2163 1.22818e-06 -5.4783
5000.0 6.25 0.5431 1.1108 -1.298 0.4884 1.63208e-06 -5.0553
5250.0 6.25 0.4769 1.2466 -1.3605 0.4996 2.69759e-06 -4.6729
5500.0 6.25 0.3029 1.6609 -1.7043 0.6075 4.08727e-06 -4.3255
5750.0 6.25 0.0776 2.2398 -2.2446 0.7857 5.76636e-06 -4.0088
6000.0 6.25 -0.1256 2.7632 -2.7433 0.949 7.71412e-06 -3.7188
6250.0 6.25 -0.2625 3.0836 -3.0237 1.0303 9.92648e-06 -3.4525
6500.0 6.25 -0.3456 3.2439 -3.1342 1.049 1.23895e-05 -3.2071
7000.0 6.25 -0.3832 3.1663 -2.9204 0.9244 1.79802e-05 -2.7703
7500.0 6.25 -0.3165 2.773 -2.3805 0.6876 2.42721e-05 -2.3936
8000.0 6.25 -0.1666 2.1342 -1.6016 0.3758 3.11132e-05 -2.066
8500.0 6.25 0.0309 1.3809 -0.7459 0.0554 3.84957e-05 -1.7788
9000.0 6.25 0.2741 0.5617 0.1101 -0.2407 4.6539e-05 -1.5254
9500.0 6.25 0.553 -0.2697 0.8942 -0.4838 5.51717e-05 -1.3003
10000.0 6.25 0.7299 -0.7537 1.2785 -0.5739 6.38588e-05 -1.0995
10500.0 6.25 0.8092 -0.8914 1.2616 -0.5165 7.08997e-05 -0.9193
11000.0 6.25 0.8165 -0.8567 1.1317 -0.4448 7.86e-05 -0.757
11500.0 6.25 0.8032 -0.8219 1.0784 -0.4224 8.89663e-05 -0.6101
12000.0 6.25 0.7884 -0.7888 1.0415 -0.4112 0.000100872 -0.4766
12500.0 6.25 0.774 -0.7512 0.9974 -0.397 0.000113882 -0.355
13000.0 6.25 0.7621 -0.7183 0.9556 -0.3828 0.000127859 -0.2437
13500.0 6.25 0.7521 -0.6894 0.9168 -0.369 0.000142712 -0.1417
14000.0 6.25 0.7445 -0.6678 0.8858 -0.3581 0.000158376 -0.0478
14500.0 6.25 0.7383 -0.6506 0.8599 -0.3487 0.000174808 0.0389
15000.0 6.25 0.7334 -0.6375 0.8389 -0.3412 0.000191984 0.1191
15500.0 6.25 0.7266 -0.621 0.8152 -0.3327 0.000209896 0.1934
16000.0 6.25 0.7252 -0.6168 0.804 -0.3287 0.000228529 0.2625
16500.0 6.25 0.7226 -0.6102 0.7905 -0.3237 0.000247883 0.3268
17000.0 6.25 0.7213 -0.6058 0.7788 -0.3192 0.000267971 0.3869
20000.0 6.25 0.7686 -0.7098 0.842 -0.3392 0.00040393 0.6765
25000.0 6.25 0.9591 -1.1013 1.1484 -0.4366 0.000697897 0.9874
30000.0 6.25 0.9232 -0.9339 0.859 -0.3086 0.00113457 1.1832
35000.0 6.25 0.7085 -0.5736 0.4724 -0.1649 0.00165674 1.3169
40000.0 6.25 0.6263 -0.5292 0.4568 -0.1654 0.00207324 1.4137
45000.0 6.25 0.6162 -0.6093 0.5631 -0.209 0.00242035 1.4868
50000.0 6.25 0.6361 -0.7329 0.7062 -0.2642 0.00274422 1.5439
55000.0 6.25 0.6692 -0.8659 0.8525 -0.3194 0.00304013 1.5897
60000.0 6.25 0.7088 -1.0001 0.9957 -0.3726 0.00332159 1.6272
3750.0 6.5 -0.6866 3.8207 -3.9155 1.3926 2.28979e-07 -7.7372
4000.0 6.5 -0.1663 2.8138 -3.1311 1.1672 3.37218e-07 -7.0664
4250.0 6.5 0.4288 1.4337 -1.8095 0.7058 5.14352e-07 -6.4745
4500.0 6.5 0.8355 0.4297 -0.7879 0.3333 7.9739e-07 -5.9487
4750.0 6.5 1.0944 -0.1913 -0.14 0.0931 1.2328e-06 -5.4783
5000.0 6.5 0.6536 0.8506 -1.0606 0.4063 1.56134e-06 -5.0553
5250.0 6.5 0.5926 0.9878 -1.1389 0.4252 2.60614e-06 -4.6729
5500.0 6.5 0.4457 1.3313 -1.415 0.5121 3.99565e-06 -4.3255
5750.0 6.5 0.2272 1.8795 -1.915 0.6764 5.69967e-06 -4.0088
6000.0 6.5 0.0019 2.4645 -2.478 0.8649 7.68199e-06 -3.7188
6250.0 6.5 -0.1694 2.8885 -2.8739 0.9908 9.93345e-06 -3.4525
6500.0 6.5 -0.2698 3.1017 -3.0442 1.0326 1.24354e-05 -3.2071
7000.0 6.5 -0.344 3.1643 -3.0091 0.9816 1.81267e-05 -2.7703
7500.0 6.5 -0.3154 2.9128 -2.6431 0.8131 2.45763e-05 -2.3936
8000.0 6.5 -0.2204 2.4434 -2.0451 0.565 3.16484e-05 -2.066
8500.0 6.5 -0.0634 1.7854 -1.2606 0.2591 3.93167e-05 -1.7788
9000.0 6.5 0.1456 1.008 -0.3881 -0.0633 4.7659e-05 -1.5254
9500.0 6.5 0.4258 0.1042 0.5408 -0.3795 5.66601e-05 -1.3003
10000.0 6.5 0.6525 -0.5696 1.165 -0.5669 6.59421e-05 -1.0995
10500.0 6.5 0.7684 -0.8612 1.3444 -0.5839 7.43098e-05 -0.9193
11000.0 6.5 0.8069 -0.8842 1.2249 -0.4974 8.12191e-05 -0.757
11500.0 6.5 0.7944 -0.818 1.0938 -0.4331 9.03611e-05 -0.6101
12000.0 6.5 0.7773 -0.7738 1.036 -0.4108 0.000101841 -0.4766
12500.0 6.5 0.7629 -0.7382 0.9941 -0.3973 0.000114608 -0.355
13000.0 6.5 0.7349 -0.668 0.9152 -0.3696 0.000128419 -0.2437
13500.0 6.5 0.7404 -0.6736 0.9104 -0.3681 0.000143137 -0.1417
14000.0 6.5 0.7308 -0.6463 0.8729 -0.3546 0.000158723 -0.0478
14500.0 6.5 0.7252 -0.6295 0.8468 -0.3451 0.000175122 0.0389
15000.0 6.5 0.7215 -0.6183 0.8271 -0.338 0.000192298 0.1191
15500.0 6.5 0.7157 -0.603 0.8039 -0.3295 0.00021023 0.1934
16000.0 6.5 0.7137 -0.5968 0.7902 -0.3245 0.000228902 0.2625
16500.0 6.5 0.7123 -0.5919 0.7781 -0.3201 0.000248316 0.3268
17000.0 6.5 0.711 -0.5872 0.7659 -0.3154 0.00026846 0.3869
20000.0 6.5 0.7642 -0.7011 0.8368 -0.3379 0.000404891 0.6765
25000.0 6.5 0.9581 -1.0974 1.145 -0.4355 0.00069971 0.9874
30000.0 6.5 0.9141 -0.9146 0.8399 -0.3018 0.00113616 1.1832
35000.0 6.5 0.6823 -0.5161 0.4152 -0.144 0.00165333 1.3169
40000.0 6.5 0.5822 -0.4318 0.36 -0.1302 0.00206523 1.4137
45000.0 6.5 0.556 -0.4764 0.4307 -0.1608 0.002408 1.4868
50000.0 6.5 0.5607 -0.5676 0.5426 -0.205 0.0027252 1.5439
55000.0 6.5 0.5805 -0.6725 0.6618 -0.2505 0.0030142 1.5897
60000.0 6.5 0.6083 -0.7831 0.7826 -0.2957 0.00328915 1.6272
65000.0 6.5 0.4533 -0.1577 0.0996 -0.0415 0.00420119 1.6585
70000.0 6.5 0.4673 -0.2358 0.191 -0.0769 0.00449492 1.685
75000.0 6.5 0.4879 -0.3231 0.2895 -0.1144 0.00478639 1.7077
80000.0 6.5 0.5137 -0.4168 0.3923 -0.1531 0.00507694 1.7273
85000.0 6.5 0.5432 -0.5137 0.4965 -0.1919 0.0053675 1.7445
90000.0 6.5 0.5755 -0.6125 0.6009 -0.2305 0.00565879 1.7597
100000.0 6.5 0.6417 -0.8056 0.8025 -0.3045 0.00624584 1.7852
3750.0 6.75 -0.6347 3.7788 -3.9379 1.4178 2.43992e-07 -7.7372
4000.0 6.75 -0.0835 2.6487 -2.9886 1.1222 3.52695e-07 -7.0664
4250.0 6.75 0.5253 1.2132 -1.593 0.6288 5.28546e-07 -6.4745
4500.0 6.75 0.9485 0.1579 -0.5139 0.2334 8.08815e-07 -5.9487
4750.0 6.75 1.2086 -0.4848 0.1601 -0.0174 1.23927e-06 -5.4783
5000.0 6.75 0.7058 0.7302 -0.958 0.3715 1.49863e-06 -5.0553
5250.0 6.75 0.6746 0.806 -0.9883 0.3755 2.5016e-06 -4.6729
5500.0 6.75 0.5599 1.0717 -1.1939 0.4397 3.88957e-06 -4.3255
5750.0 6.75 0.3652 1.5475 -1.6146 0.5771 5.61519e-06 -4.0088
6000.0 6.75 0.1332 2.1429 -2.1811 0.7669 7.63756e-06 -3.7188
6250.0 6.75 -0.0652 2.644 -2.658 0.9234 9.93124e-06 -3.4525
6500.0 6.75 -0.2003 2.9666 -2.9537 1.0143 1.248e-05 -3.2071
7000.0 6.75 -0.306 3.1401 -3.0537 1.0174 1.8281e-05 -2.7703
7500.0 6.75 -0.3031 2.9977 -2.8299 0.9072 2.48822e-05 -2.3936
8000.0 6.75 -0.2376 2.6436 -2.3731 0.7138 3.21666e-05 -2.066
8500.0 6.75 -0.1314 2.1389 -1.7468 0.4613 4.01033e-05 -1.7788
9000.0 6.75 0.0317 1.4654 -0.9494 0.1535 4.87573e-05 -1.5254
9500.0 6.75 0.2777 0.6003 0.0021 -0.1919 5.81394e-05 -1.3003
10000.0 6.75 0.5403 -0.2365 0.8531 -0.4776 6.79348e-05 -1.0995
10500.0 6.75 0.692 -0.6878 1.2536 -0.5882 7.75334e-05 -0.9193
11000.0 6.75 0.7747 -0.8628 1.3015 -0.5576 8.51418e-05 -0.757
11500.0 6.75 0.7834 -0.8209 1.1436 -0.4662 9.28825e-05 -0.6101
12000.0 6.75 0.7646 -0.7497 1.0252 -0.4109 0.000103406 -0.4766
12500.0 6.75 0.7495 -0.7095 0.9724 -0.3908 0.000115866 -0.355
13000.0 6.75 0.7371 -0.6762 0.9301 -0.3762 0.00012947 -0.2437
13500.0 6.75 0.725 -0.6413 0.8851 -0.3603 0.00014407 -0.1417
14000.0 6.75 0.717 -0.6171 0.8503 -0.3476 0.000159564 -0.0478
14500.0 6.75 0.7107 -0.5979 0.821 -0.3368 0.000175909 0.0389
15000.0 6.75 0.7074 -0.5869 0.8009 -0.3294 0.000193074 0.1191
15500.0 6.75 0.7048 -0.5786 0.7843 -0.3233 0.000211022 0.1934
16000.0 6.75 0.7027 -0.5715 0.7692 -0.3177 0.000229738 0.2625
16500.0 6.75 0.7027 -0.5693 0.7592 -0.3139 0.00024921 0.3268
17000.0 6.75 0.7016 -0.5647 0.7469 -0.3091 0.000269432 0.3869
20000.0 6.75 0.7597 -0.6871 0.8242 -0.3337 0.000406481 0.6765
25000.0 6.75 0.9558 -1.0869 1.1335 -0.4312 0.000702525 0.9874
30000.0 6.75 0.8858 -0.8468 0.7699 -0.2758 0.0011396 1.1832
35000.0 6.75 0.6631 -0.4725 0.3712 -0.1279 0.00165213 1.3169
40000.0 6.75 0.5492 -0.3569 0.2847 -0.1026 0.00205965 1.4137
45000.0 6.75 0.5093 -0.3709 0.3251 -0.1222 0.00239832 1.4868
50000.0 6.75 0.5017 -0.4351 0.41 -0.1566 0.002711 1.5439
55000.0 6.75 0.5093 -0.5162 0.5073 -0.1945 0.00299756 1.5897
60000.0 6.75 0.5278 -0.6047 0.6055 -0.2315 0.00326209 1.6272
3750.0 7.0 -0.566 3.6847 -3.8977 1.418 2.60068e-07 -7.7372
4000.0 7.0 0.0031 2.4681 -2.8242 1.0677 3.69731e-07 -7.0664
4250.0 7.0 0.6105 1.0167 -1.3963 0.558 5.44546e-07 -6.4745
4500.0 7.0 1.0382 -0.0583 -0.2934 0.1525 8.22097e-07 -5.9487
4750.0 7.0 1.265 -0.6368 0.3174 -0.0758 1.24752e-06 -5.4783
5000.0 7.0 0.7404 0.6501 -0.8924 0.3498 1.44454e-06 -5.0553
5250.0 7.0 0.7173 0.7013 -0.9009 0.3458 2.40278e-06 -4.6729
5500.0 7.0 0.6514 0.8645 -1.0207 0.3828 3.77114e-06 -4.3255
5750.0 7.0 0.4856 1.2617 -1.362 0.4939 5.50986e-06 -4.0088
6000.0 7.0 0.2619 1.8249 -1.8872 0.6693 7.56913e-06 -3.7188
6250.0 7.0 0.0438 2.3814 -2.421 0.8475 9.91452e-06 -3.4525
6500.0 7.0 -0.1171 2.7752 -2.7898 0.9653 1.25194e-05 -3.2071
7000.0 7.0 -0.26 3.0675 -3.0255 1.0212 1.84448e-05 -2.7703
7500.0 7.0 -0.2736 3.0027 -2.9069 0.955 2.51991e-05 -2.3936
8000.0 7.0 -0.2353 2.7679 -2.606 0.8251 3.26819e-05 -2.066
8500.0 7.0 -0.1597 2.3815 -2.1226 0.6272 4.08632e-05 -1.7788
9000.0 7.0 -0.0464 1.8562 -1.4777 0.371 4.98103e-05 -1.5254
9500.0 7.0 0.1387 1.1312 -0.6333 0.0496 5.95675e-05 -1.3003
10000.0 7.0 0.4 0.2378 0.3379 -0.2992 6.98859e-05 -1.0995
10500.0 7.0 0.5881 -0.3681 0.9486 -0.5001 8.0286e-05 -0.9193
11000.0 7.0 0.696 -0.6805 1.2014 -0.5578 8.9682e-05 -0.757
11500.0 7.0 0.7532 -0.7833 1.1846 -0.5092 9.7021e-05 -0.6101
12000.0 7.0 0.7498 -0.7235 1.0305 -0.4246 0.000106005 -0.4766
12500.0 7.0 0.7343 -0.6672 0.9367 -0.3806 0.000117734 -0.355
13000.0 7.0 0.7224 -0.6342 0.8906 -0.3626 0.000131105 -0.2437
13500.0 7.0 0.7124 -0.6067 0.8536 -0.3496 0.000145519 -0.1417
14000.0 7.0 0.7039 -0.5803 0.8164 -0.336 0.000160938 -0.0478
14500.0 7.0 0.6952 -0.5563 0.7824 -0.3235 0.000177234 0.0389
15000.0 7.0 0.6907 -0.5423 0.7588 -0.3147 0.000194377 0.1191
15500.0 7.0 0.6932 -0.5451 0.7526 -0.3122 0.000212326 0.1934
16000.0 7.0 0.6927 -0.5414 0.7405 -0.3076 0.00023108 0.2625
16500.0 7.0 0.6936 -0.5412 0.7322 -0.3043 0.00025061 0.3268
17000.0 7.0 0.6916 -0.5347 0.718 -0.2989 0.000270916 0.3869
20000.0 7.0 0.7608 -0.6811 0.8176 -0.3313 0.000408693 0.6765
25000.0 7.0 0.9574 -1.0815 1.1253 -0.4277 0.000706359 0.9874
30000.0 7.0 0.8999 -0.8771 0.7988 -0.286 0.0011445 1.1832
35000.0 7.0 0.6473 -0.4357 0.334 -0.1142 0.00165285 1.3169
40000.0 7.0 0.5236 -0.2977 0.2251 -0.0808 0.0020562 1.4137
45000.0 7.0 0.4752 -0.2925 0.246 -0.0932 0.00239125 1.4868
50000.0 7.0 0.4573 -0.3335 0.308 -0.1194 0.00269861 1.5439
55000.0 7.0 0.4567 -0.3934 0.3828 -0.1489 0.00297371 1.5897
60000.0 7.0 0.4653 -0.4628 0.4635 -0.1798 0.00323652 1.6272
65000.0 7.0 0.3436 0.1096 -0.1798 0.0629 0.00413147 1.6585
70000.0 7.0 0.3308 0.093 -0.1497 0.0496 0.00440814 1.685
75000.0 7.0 0.3252 0.0642 -0.1088 0.0327 0.00468099 1.7077
80000.0 7.0 0.3251 0.0273 -0.0613 0.0138 0.00495148 1.7273
85000.0 7.0 0.33 -0.0173 -0.0074 -0.0072 0.00522089 1.7445
90000.0 7.0 0.3386 -0.0672 0.0507 -0.0295 0.00548943 1.7597
100000.0 7.0 0.3598 -0.1702 0.1682 -0.0743 0.00602664 1.7852
3750.0 7.25 -0.4836 3.5463 -3.8029 1.3959 2.77094e-07 -7.7372
4000.0 7.25 0.0927 2.2741 -2.6405 1.0047 3.88396e-07 -7.0664
4250.0 7.25 0.6864 0.84 -1.2165 0.4925 5.62517e-07 -6.4745
4500.0 7.25 1.1098 -0.231 -0.1149 0.0865 8.37711e-07 -5.9487
4750.0 7.25 1.3238 -0.7837 0.4674 -0.1311 1.25772e-06 -5.4783
5000.0 7.25 0.7644 0.6024 -0.8597 0.3402 1.39862e-06 -5.0553
5250.0 7.25 0.7577 0.6139 -0.8365 0.3264 2.31014e-06 -4.6729
5500.0 7.25 0.7058 0.7364 -0.9161 0.3482 3.64334e-06 -4.3255
5750.0 7.25 0.5842 1.0303 -1.1627 0.4287 5.38473e-06 -4.0088
6000.0 7.25 0.3842 1.5257 -1.6149 0.5791 7.47925e-06 -3.7188
6250.0 7.25 0.159 2.0984 -2.1612 0.7626 9.87588e-06 -3.4525
6500.0 7.25 -0.0289 2.5682 -2.6088 0.9098 1.25448e-05 -3.2071
7000.0 7.25 -0.2177 2.9937 -2.9867 1.0187 1.86155e-05 -2.7703
7500.0 7.25 -0.2482 2.9963 -2.953 0.9869 2.55356e-05 -2.3936
8000.0 7.25 -0.2201 2.8263 -2.7455 0.8966 3.32055e-05 -2.066
8500.0 7.25 -0.1685 2.5523 -2.4111 0.7593 4.16189e-05 -1.7788
9000.0 7.25 -0.0902 2.1566 -1.9201 0.5614 5.08381e-05 -1.5254
9500.0 7.25 0.0405 1.5885 -1.2335 0.2923 6.09448e-05 -1.3003
10000.0 7.25 0.2548 0.7896 -0.3176 -0.052 7.17637e-05 -1.0995
10500.0 7.25 0.4629 0.0741 0.4577 -0.3282 8.28402e-05 -0.9193
11000.0 7.25 0.5854 -0.3298 0.8588 -0.4554 9.36538e-05 -0.757
11500.0 7.25 0.6736 -0.5766 1.0409 -0.4884 0.00010245 -0.6101
12000.0 7.25 0.7157 -0.6464 1.0075 -0.4396 0.0001103 -0.4766
12500.0 7.25 0.7135 -0.6051 0.8908 -0.3728 0.000120563 -0.355
13000.0 7.25 0.7053 -0.5738 0.829 -0.3417 0.000133337 -0.2437
13500.0 7.25 0.6985 -0.5556 0.7989 -0.3294 0.000147576 -0.1417
14000.0 7.25 0.6921 -0.5384 0.7725 -0.3199 0.000162837 -0.0478
14500.0 7.25 0.6877 -0.5232 0.7472 -0.3105 0.000179078 0.0389
15000.0 7.25 0.6878 -0.5197 0.7337 -0.3053 0.000196172 0.1191
15500.0 7.25 0.6847 -0.511 0.7164 -0.2988 0.000214121 0.1934
16000.0 7.25 0.6849 -0.5095 0.7066 -0.295 0.000232897 0.2625
16500.0 7.25 0.685 -0.508 0.6968 -0.2912 0.000252481 0.3268
17000.0 7.25 0.6892 -0.5152 0.6957 -0.2904 0.000272855 0.3869
20000.0 7.25 0.7623 -0.6715 0.8048 -0.3261 0.00041139 0.6765
25000.0 7.25 0.9599 -1.0761 1.116 -0.4235 0.00071097 0.9874
30000.0 7.25 0.8959 -0.8638 0.7833 -0.28 0.00115069 1.1832
35000.0 7.25 0.6417 -0.4215 0.3191 -0.1086 0.00165498 1.3169
40000.0 7.25 0.5087 -0.2616 0.1879 -0.067 0.00205432 1.4137
45000.0 7.25 0.4505 -0.2337 0.1859 -0.071 0.00238591 1.4868
50000.0 7.25 0.4252 -0.2572 0.2301 -0.0907 0.00268673 1.5439
55000.0 7.25 0.4174 -0.3013 0.2893 -0.1145 0.0029585 1.5897
60000.0 7.25 0.4189 -0.3555 0.3551 -0.1401 0.00322087 1.6272
3750.0 7.5 -0.3934 3.3769 -3.666 1.3559 2.95074e-07 -7.7372
4000.0 7.5 0.1845 2.0694 -2.4405 0.9343 4.0887e-07 -7.0664
4250.0 7.5 0.7555 0.678 -1.049 0.431 5.82815e-07 -6.4745
4500.0 7.5 1.1669 -0.3671 0.0275 0.0335 8.55913e-07 -5.9487
4750.0 7.5 1.3789 -0.918 0.6054 -0.1822 1.27081e-06 -5.4783
5000.0 7.5 0.7767 0.5846 -0.8545 0.3402 1.35909e-06 -5.0553
5250.0 7.5 0.767 0.5925 -0.8294 0.3258 2.2282e-06 -4.6729
5500.0 7.5 0.746 0.645 -0.8475 0.3269 3.51361e-06 -4.3255
5750.0 7.5 0.6581 0.857 -1.0176 0.3812 5.24201e-06 -4.0088
6000.0 7.5 0.4924 1.2627 -1.3798 0.5016 7.36222e-06 -3.7188
6250.0 7.5 0.2765 1.8076 -1.894 0.6747 9.81132e-06 -3.4525
6500.0 7.5 0.0702 2.3276 -2.3913 0.8404 1.25505e-05 -3.2071
7000.0 7.5 -0.1687 2.8896 -2.9071 0.9992 1.87747e-05 -2.7703
7500.0 7.5 -0.2269 2.9803 -2.9717 1.0046 2.58825e-05 -2.3936
8000.0 7.5 -0.2009 2.8443 -2.8197 0.9389 3.37485e-05 -2.066
8500.0 7.5 -0.1554 2.6316 -2.5807 0.8431 4.2381e-05 -1.7788
9000.0 7.5 -0.0977 2.3404 -2.2314 0.7035 5.18531e-05 -1.5254
9500.0 7.5 -0.0162 1.9414 -1.7405 0.5079 6.22561e-05 -1.3003
10000.0 7.5 0.1468 1.2849 -0.9622 0.2072 7.35398e-05 -1.0995
10500.0 7.5 0.3434 0.5615 -0.1398 -0.0993 8.52521e-05 -0.9193
11000.0 7.5 0.4731 0.1001 0.3596 -0.2749 9.69923e-05 -0.757
11500.0 7.5 0.5577 -0.1841 0.6335 -0.3563 0.000107952 -0.6101
12000.0 7.5 0.6362 -0.405 0.7973 -0.3867 0.000116351 -0.4766
12500.0 7.5 0.6738 -0.4806 0.7931 -0.3549 0.00012512 -0.355
13000.0 7.5 0.6806 -0.4786 0.7331 -0.3123 0.000136567 -0.2437
13500.0 7.5 0.682 -0.4806 0.7121 -0.2972 0.00015029 -0.1417
14000.0 7.5 0.6824 -0.4856 0.7089 -0.295 0.000165386 -0.0478
14500.0 7.5 0.6811 -0.4848 0.7014 -0.2926 0.000181471 0.0389
15000.0 7.5 0.6801 -0.4822 0.6912 -0.2893 0.000198416 0.1191
15500.0 7.5 0.6695 -0.4578 0.6595 -0.2777 0.000216517 0.1934
16000.0 7.5 0.6692 -0.4565 0.6501 -0.2741 0.000235313 0.2625
16500.0 7.5 0.6751 -0.4679 0.6528 -0.2747 0.000254932 0.3268
17000.0 7.5 0.6811 -0.4798 0.6565 -0.2756 0.000275371 0.3869
20000.0 7.5 0.7679 -0.6683 0.7967 -0.3222 0.000414692 0.6765
25000.0 7.5 0.9707 -1.088 1.123 -0.4251 0.000716482 0.9874
30000.0 7.5 0.8934 -0.8538 0.7707 -0.2748 0.00115823 1.1832
35000.0 7.5 0.6333 -0.4004 0.2972 -0.1004 0.00165864 1.3169
40000.0 7.5 0.4971 -0.2324 0.1576 -0.0557 0.00205413 1.4137
45000.0 7.5 0.4302 -0.1837 0.1342 -0.0519 0.00238261 1.4868
50000.0 7.5 0.4023 -0.2012 0.1725 -0.0693 0.00268011 1.5439
55000.0 7.5 0.3889 -0.233 0.2196 -0.0888 0.00294981 1.5897
60000.0 7.5 0.3849 -0.2739 0.2718 -0.1094 0.00320201 1.6272
65000.0 7.5 0.186 0.3305 -0.3689 0.1283 0.00376959 1.6585
70000.0 7.5 0.1637 0.3388 -0.3663 0.1257 0.00401927 1.685
75000.0 7.5 0.1468 0.3387 -0.3565 0.1208 0.00426329 1.7077
80000.0 7.5 0.1349 0.3317 -0.3412 0.1141 0.00450255 1.7273
85000.0 7.5 0.127 0.3188 -0.321 0.1058 0.00474101 1.7445
90000.0 7.5 0.1225 0.3008 -0.2965 0.0961 0.00497717 1.7597
100000.0 7.5 0.116 0.2635 -0.2473 0.0766 0.00544704 1.7852
3750.0 7.75 -0.2908 3.1694 -3.483 1.2973 3.14475e-07 -7.7372
4000.0 7.75 0.2791 1.853 -2.2239 0.8567 4.31274e-07 -7.0664
4250.0 7.75 0.8192 0.5274 -0.891 0.3723 6.05549e-07 -6.4745
4500.0 7.75 1.2123 -0.4747 0.1419 -0.0095 8.77037e-07 -5.9487
4750.0 7.75 1.4206 -1.0182 0.7099 -0.2212 1.28715e-06 -5.4783
5000.0 7.75 0.7858 0.5794 -0.8614 0.3448 1.32426e-06 -5.0553
5250.0 7.75 0.761 0.6046 -0.8504 0.3341 2.15652e-06 -4.6729
5500.0 7.75 0.7583 0.6103 -0.8264 0.321 3.38897e-06 -4.3255
5750.0 7.75 0.7067 0.7391 -0.9209 0.3494 5.08738e-06 -4.0088
6000.0 7.75 0.5806 1.0503 -1.1947 0.4407 7.21791e-06 -3.7188
6250.0 7.75 0.3883 1.5305 -1.6404 0.5906 9.71585e-06 -3.4525
6500.0 7.75 0.1785 2.0564 -2.139 0.7572 1.2523e-05 -3.2071
7000.0 7.75 -0.1095 2.7519 -2.7885 0.9644 1.89235e-05 -2.7703
7500.0 7.75 -0.1966 2.9217 -2.9321 0.9976 2.6221e-05 -2.3936
8000.0 7.75 -0.1846 2.8445 -2.8544 0.9617 3.43086e-05 -2.066
8500.0 7.75 -0.1419 2.6779 -2.6907 0.8994 4.3161e-05 -1.7788
9000.0 7.75 -0.0962 2.4708 -2.4658 0.813 5.28617e-05 -1.5254
9500.0 7.75 -0.0241 2.1434 -2.0812 0.6627 6.35331e-05 -1.3003
10000.0 7.75 0.0817 1.677 -1.5191 0.4423 7.52018e-05 -1.0995
10500.0 7.75 0.2496 1.0186 -0.746 0.146 8.75068e-05 -0.9193
11000.0 7.75 0.3837 0.5191 -0.182 -0.0617 0.000100008 -0.757
11500.0 7.75 0.462 0.232 0.1224 -0.1642 0.000112357 -0.6101
12000.0 7.75 0.5306 -0.0033 0.3475 -0.2295 0.000123157 -0.4766
12500.0 7.75 0.6002 -0.2113 0.5158 -0.268 0.000131698 -0.355
13000.0 7.75 0.6389 -0.3107 0.5591 -0.2593 0.000141511 -0.2437
13500.0 7.75 0.657 -0.3578 0.5679 -0.2459 0.000154019 -0.1417
14000.0 7.75 0.6697 -0.4019 0.6 -0.2519 0.00016861 -0.0478
14500.0 7.75 0.6773 -0.4346 0.6319 -0.2637 0.000184558 0.0389
15000.0 7.75 0.6808 -0.4529 0.649 -0.2714 0.000201421 0.1191
15500.0 7.75 0.6827 -0.4605 0.6519 -0.2731 0.000219357 0.1934
16000.0 7.75 0.686 -0.4677 0.6514 -0.2727 0.000238269 0.2625
16500.0 7.75 0.6892 -0.4757 0.6521 -0.2729 0.000257922 0.3268
17000.0 7.75 0.6984 -0.4954 0.6635 -0.2766 0.000278405 0.3869
20000.0 7.75 0.7824 -0.683 0.8047 -0.3239 0.000418512 0.6765
25000.0 7.75 0.9777 -1.0913 1.1216 -0.4237 0.000722796 0.9874
30000.0 7.75 0.8947 -0.852 0.7667 -0.273 0.0011669 1.1832
35000.0 7.75 0.6307 -0.3929 0.2893 -0.0975 0.00166345 1.3169
40000.0 7.75 0.4905 -0.2144 0.1382 -0.0483 0.00205523 1.4137
45000.0 7.75 0.4235 -0.1653 0.1147 -0.0445 0.00238086 1.4868
50000.0 7.75 0.3873 -0.1621 0.1315 -0.054 0.00267245 1.5439
55000.0 7.75 0.3694 -0.1828 0.1672 -0.0693 0.0029361 1.5897
60000.0 7.75 0.3608 -0.2147 0.211 -0.0869 0.00319228 1.6272
65000.0 7.75 0.3155 0.2055 -0.2933 0.108 0.00406879 1.6585
70000.0 7.75 0.2836 0.2371 -0.313 0.1131 0.00432841 1.685
75000.0 7.75 0.2572 0.2594 -0.3245 0.1155 0.00458197 1.7077
80000.0 7.75 0.2362 0.2726 -0.3274 0.1149 0.00483065 1.7273
85000.0 7.75 0.2191 0.2804 -0.3269 0.1134 0.0050779 1.7445
90000.0 7.75 0.2055 0.2823 -0.3211 0.1102 0.0053226 1.7597
100000.0 7.75 0.1814 0.2841 -0.3089 0.1037 0.00580842 1.7852
3750.0 8.0 -0.1743 2.92 -3.2501 1.2184 3.36567e-07 -7.7372
4000.0 8.0 0.3742 1.6308 -1.9973 0.7744 4.55765e-07 -7.0664
4250.0 8.0 0.8787 0.3851 -0.7394 0.3157 6.3097e-07 -6.4745
4500.0 8.0 1.2485 -0.5604 0.236 -0.0454 9.01257e-07 -5.9487
4750.0 8.0 1.4494 -1.0853 0.7814 -0.2483 1.30719e-06 -5.4783
5000.0 8.0 0.8032 0.5589 -0.8528 0.3439 1.29276e-06 -5.0553
5250.0 8.0 0.7565 0.6277 -0.8888 0.3505 2.09441e-06 -4.6729
5500.0 8.0 0.7703 0.5884 -0.8236 0.3233 3.2743e-06 -4.3255
5750.0 8.0 0.7422 0.6591 -0.864 0.3329 4.92491e-06 -4.0088
6000.0 8.0 0.647 0.8899 -1.0584 0.3961 7.05146e-06 -3.7188
6250.0 8.0 0.4877 1.284 -1.4174 0.5165 9.58617e-06 -3.4525
6500.0 8.0 0.2878 1.7829 -1.8861 0.6736 1.24612e-05 -3.2071
7000.0 8.0 -0.0424 2.5927 -2.649 0.9223 1.90449e-05 -2.7703
7500.0 8.0 -0.1634 2.8483 -2.8718 0.9818 2.65609e-05 -2.3936
8000.0 8.0 -0.1824 2.8699 -2.9041 0.9873 3.48796e-05 -2.066
8500.0 8.0 -0.1296 2.6975 -2.7487 0.931 4.39642e-05 -1.7788
9000.0 8.0 -0.0798 2.5227 -2.5889 0.8753 5.38898e-05 -1.5254
9500.0 8.0 -0.0126 2.2615 -2.3118 0.7727 6.48069e-05 -1.3003
10000.0 8.0 0.0716 1.9021 -1.8939 0.6114 7.67879e-05 -1.0995
10500.0 8.0 0.202 1.3645 -1.2553 0.3638 8.96273e-05 -0.9193
11000.0 8.0 0.3275 0.8722 -0.6835 0.1471 0.000102796 -0.757
11500.0 8.0 0.4088 0.5695 -0.3515 0.0294 0.000116092 -0.6101
12000.0 8.0 0.4656 0.3618 -0.1385 -0.0382 0.000128946 -0.4766
12500.0 8.0 0.5256 0.1454 0.076 -0.1033 0.000139558 -0.355
13000.0 8.0 0.583 -0.0455 0.2472 -0.1493 0.000148664 -0.2437
13500.0 8.0 0.6213 -0.1688 0.3401 -0.1651 0.000159411 -0.1417
14000.0 8.0 0.6503 -0.2647 0.418 -0.1815 0.000172971 -0.0478
14500.0 8.0 0.6717 -0.3486 0.505 -0.2105 0.000188388 0.0389
15000.0 8.0 0.6851 -0.4085 0.5744 -0.238 0.000205196 0.1191
15500.0 8.0 0.6935 -0.4482 0.6215 -0.2584 0.0002228 0.1934
16000.0 8.0 0.6975 -0.4668 0.6397 -0.2666 0.000241683 0.2625
16500.0 8.0 0.6767 -0.4293 0.6016 -0.2542 0.000261549 0.3268
17000.0 8.0 0.7085 -0.4947 0.6546 -0.272 0.000282054 0.3869
20000.0 8.0 0.7924 -0.6883 0.804 -0.3227 0.000422936 0.6765
25000.0 8.0 0.9892 -1.1042 1.1294 -0.4256 0.000729841 0.9874
30000.0 8.0 0.895 -0.8482 0.7605 -0.2704 0.00117665 1.1832
35000.0 8.0 0.6292 -0.3872 0.2828 -0.095 0.00166936 1.3169
40000.0 8.0 0.4871 -0.2033 0.126 -0.0437 0.00205761 1.4137
45000.0 8.0 0.4174 -0.1471 0.095 -0.037 0.00238056 1.4868
50000.0 8.0 0.378 -0.1364 0.104 -0.0436 0.0026694 1.5439
55000.0 8.0 0.3566 -0.1486 0.131 -0.0557 0.00293062 1.5897
60000.0 8.0 0.3447 -0.1722 0.1663 -0.0702 0.00318043 1.6272
3750.0 8.25 -0.0661 2.6815 -3.0192 1.138 3.59435e-07 -7.7372
4000.0 8.25 0.4671 1.4108 -1.7692 0.6906 4.82671e-07 -7.0664
4250.0 8.25 0.9343 0.2517 -0.5952 0.2613 6.59235e-07 -6.4745
4500.0 8.25 1.2783 -0.6301 0.3142 -0.0756 9.28789e-07 -5.9487
4750.0 8.25 1.4685 -1.1278 0.8286 -0.2664 1.33165e-06 -5.4783
5000.0 8.25 0.8461 0.4838 -0.7909 0.3244 1.26355e-06 -5.0553
5250.0 8.25 0.7375 0.6805 -0.9499 0.3735 2.03955e-06 -4.6729
5500.0 8.25 0.7609 0.611 -0.8579 0.3372 3.17348e-06 -4.3255
5750.0 8.25 0.7461 0.6359 -0.8486 0.3278 4.76756e-06 -4.0088
6000.0 8.25 0.6917 0.781 -0.9699 0.3675 6.86559e-06 -3.7188
6250.0 8.25 0.5672 1.0878 -1.2436 0.4588 9.42177e-06 -3.4525
6500.0 8.25 0.3908 1.527 -1.6528 0.5966 1.23569e-05 -3.2071
7000.0 8.25 0.0395 2.3914 -2.4657 0.8641 1.91354e-05 -2.7703
7500.0 8.25 -0.1268 2.7635 -2.799 0.9614 2.68831e-05 -2.3936
8000.0 8.25 -0.1542 2.8005 -2.8371 0.9662 3.54519e-05 -2.066
8500.0 8.25 -0.1182 2.6939 -2.7619 0.9414 4.47837e-05 -1.7788
9000.0 8.25 -0.066 2.547 -2.6554 0.9104 5.4942e-05 -1.5254
9500.0 8.25 0.0045 2.3258 -2.456 0.8442 6.60878e-05 -1.3003
10000.0 8.25 0.0866 2.0259 -2.1392 0.7285 7.83332e-05 -1.0995
10500.0 8.25 0.1923 1.5952 -1.6385 0.5359 9.15891e-05 -0.9193
11000.0 8.25 0.3135 1.1135 -1.0765 0.3209 0.000105401 -0.757
11500.0 8.25 0.3983 0.7965 -0.7242 0.1928 0.000119444 -0.6101
12000.0 8.25 0.4629 0.5734 -0.4925 0.1153 0.000133545 -0.4766
12500.0 8.25 0.5138 0.3852 -0.2975 0.0531 0.000146814 -0.355
13000.0 8.25 0.5604 0.197 -0.1003 -0.0102 0.000157453 -0.2437
13500.0 8.25 0.6025 0.0326 0.0618 -0.0586 0.000167329 -0.1417
14000.0 8.25 0.6379 -0.1032 0.1896 -0.0932 0.000179157 -0.0478
14500.0 8.25 0.6674 -0.2249 0.3155 -0.1323 0.000193448 0.0389
15000.0 8.25 0.6912 -0.3339 0.4438 -0.1798 0.000209657 0.1191
15500.0 8.25 0.7071 -0.415 0.5472 -0.2225 0.000227175 0.1934
16000.0 8.25 0.7159 -0.4666 0.615 -0.2523 0.00024558 0.2625
16500.0 8.25 0.7226 -0.4962 0.6493 -0.2677 0.000265376 0.3268
17000.0 8.25 0.7263 -0.5094 0.6586 -0.2715 0.000286311 0.3869
20000.0 8.25 0.8146 -0.7187 0.8266 -0.3294 0.00042786 0.6765
25000.0 8.25 0.996 -1.1078 1.129 -0.4248 0.000737592 0.9874
30000.0 8.25 0.8962 -0.8458 0.7554 -0.2681 0.0011873 1.1832
35000.0 8.25 0.6305 -0.3885 0.2835 -0.0951 0.0016761 1.3169
40000.0 8.25 0.478 -0.1797 0.102 -0.0349 0.00206095 1.4137
45000.0 8.25 0.4152 -0.1381 0.0846 -0.0329 0.00238143 1.4868
50000.0 8.25 0.3737 -0.1215 0.0875 -0.0373 0.0026663 1.5439
55000.0 8.25 0.3493 -0.1268 0.1072 -0.0466 0.00292683 1.5897
60000.0 8.25 0.3349 -0.1436 0.1354 -0.0585 0.00317004 1.6272
65000.0 8.25 0.341 0.163 -0.2571 0.096 0.00404507 1.6585
70000.0 8.25 0.3058 0.2051 -0.2891 0.106 0.00429723 1.685
75000.0 8.25 0.276 0.2379 -0.3125 0.113 0.0045429 1.7077
80000.0 8.25 0.2503 0.2638 -0.3292 0.1176 0.00478345 1.7273
85000.0 8.25 0.2283 0.2847 -0.3423 0.1212 0.00501947 1.7445
90000.0 8.25 0.2089 0.3022 -0.3532 0.1242 0.00525397 1.7597
100000.0 8.25 0.1736 0.3332 -0.3716 0.1291 0.00571665 1.7852
3750.0 8.5 0.0527 2.4087 -2.7461 1.0403 3.85024e-07 -7.7372
4000.0 8.5 0.5584 1.1908 -1.5375 0.6045 5.12399e-07 -7.0664
4250.0 8.5 0.9859 0.1252 -0.4557 0.2082 6.90873e-07 -6.4745
4500.0 8.5 1.3023 -0.6857 0.3786 -0.1007 9.60243e-07 -5.9487
4750.0 8.5 1.4823 -1.157 0.8633 -0.2802 1.36024e-06 -5.4783
5000.0 8.5 0.6823 0.8803 -1.1847 0.4654 1.234e-06 -5.0553
5250.0 8.5 0.719 0.7406 -1.0202 0.4006 1.98976e-06 -4.6729
5500.0 8.5 0.743 0.658 -0.9155 0.3593 3.08471e-06 -4.3255
5750.0 8.5 0.7582 0.6166 -0.8506 0.3326 4.61911e-06 -4.0088
6000.0 8.5 0.7207 0.7094 -0.9157 0.351 6.6725e-06 -3.7188
6250.0 8.5 0.6259 0.9428 -1.1195 0.4181 9.23229e-06 -3.4525
6500.0 8.5 0.4817 1.3016 -1.4497 0.5294 1.22135e-05 -3.2071
7000.0 8.5 0.1322 2.1608 -2.2531 0.7951 1.9182e-05 -2.7703
7500.0 8.5 -0.0833 2.6616 -2.7108 0.936 2.71762e-05 -2.3936
8000.0 8.5 -0.1357 2.7571 -2.7971 0.9549 3.60205e-05 -2.066
8500.0 8.5 -0.1062 2.6717 -2.7425 0.9367 4.562e-05 -1.7788
9000.0 8.5 -0.0567 2.5547 -2.6813 0.9251 5.60309e-05 -1.5254
9500.0 8.5 0.0205 2.3541 -2.5314 0.8832 6.74013e-05 -1.3003
10000.0 8.5 0.1079 2.0926 -2.2935 0.8051 7.98809e-05 -1.0995
10500.0 8.5 0.2123 1.7148 -1.8836 0.6534 9.34839e-05 -0.9193
11000.0 8.5 0.3224 1.2792 -1.3814 0.4618 0.000107836 -0.757
11500.0 8.5 0.4242 0.9098 -0.9716 0.3107 0.000122559 -0.6101
12000.0 8.5 0.5018 0.6578 -0.7118 0.2218 0.000137536 -0.4766
12500.0 8.5 0.5671 0.4434 -0.4917 0.1488 0.000152443 -0.355
13000.0 8.5 0.6082 0.2776 -0.3129 0.09 0.000166127 -0.2437
13500.0 8.5 0.639 0.1245 -0.1408 0.0318 0.00017709 -0.1417
14000.0 8.5 0.6633 -0.0039 -0.0004 -0.0135 0.000187792 -0.0478
14500.0 8.5 0.6843 -0.1191 0.1249 -0.0524 0.000200357 0.0389
15000.0 8.5 0.7084 -0.2462 0.2742 -0.1046 0.000215519 0.1191
15500.0 8.5 0.7274 -0.3584 0.4198 -0.1619 0.00023255 0.1934
16000.0 8.5 0.7401 -0.4458 0.5416 -0.2138 0.00025096 0.2625
16500.0 8.5 0.7494 -0.5079 0.629 -0.2528 0.000270391 0.3268
17000.0 8.5 0.7558 -0.5444 0.6763 -0.2744 0.000290966 0.3869
20000.0 8.5 0.8393 -0.755 0.8547 -0.3382 0.000433439 0.6765
25000.0 8.5 1.0129 -1.1307 1.1457 -0.4297 0.000746024 0.9874
30000.0 8.5 0.8914 -0.8317 0.7399 -0.2623 0.00119899 1.1832
35000.0 8.5 0.6324 -0.3906 0.2851 -0.0957 0.00168377 1.3169
40000.0 8.5 0.4931 -0.2102 0.131 -0.0451 0.00206515 1.4137
45000.0 8.5 0.4157 -0.1349 0.08 -0.031 0.00238351 1.4868
50000.0 8.5 0.3736 -0.1149 0.0788 -0.0336 0.0026617 1.5439
55000.0 8.5 0.3471 -0.1154 0.0938 -0.0414 0.00291961 1.5897
60000.0 8.5 0.329 -0.1257 0.1162 -0.0512 0.00316737 1.6272
65000.0 8.5 0.3588 0.1294 -0.2261 0.0852 0.00403816 1.6585
70000.0 8.5 0.3236 0.172 -0.2587 0.0954 0.00428674 1.685
75000.0 8.5 0.2934 0.2067 -0.2843 0.1033 0.00452907 1.7077
80000.0 8.5 0.2672 0.2355 -0.305 0.1095 0.00476654 1.7273
85000.0 8.5 0.2444 0.2588 -0.321 0.1142 0.0050005 1.7445
90000.0 8.5 0.2243 0.2785 -0.3341 0.1181 0.00523156 1.7597
100000.0 8.5 0.1873 0.315 -0.3585 0.1252 0.00568728 1.7852
3750.0 8.75 0.1692 2.136 -2.4674 0.9389 4.1377e-07 -7.7372
4000.0 8.75 0.6452 0.9792 -1.3119 0.5203 5.45507e-07 -7.0664
4250.0 8.75 1.0333 0.0095 -0.327 0.159 7.2616e-07 -6.4745
4500.0 8.75 1.3216 -0.73 0.4322 -0.122 9.95835e-07 -5.9487
4750.0 8.75 1.492 -1.1757 0.8882 -0.2906 1.39339e-06 -5.4783
5000.0 8.75 0.7529 0.7385 -1.0491 0.4177 1.20689e-06 -5.0553
5250.0 8.75 0.6986 0.8061 -1.0933 0.4282 1.9434e-06 -4.6729
5500.0 8.75 0.7183 0.7237 -0.9901 0.3873 3.00535e-06 -4.3255
5750.0 8.75 0.7383 0.6526 -0.8904 0.3466 4.48619e-06 -4.0088
6000.0 8.75 0.7226 0.6876 -0.8987 0.3449 6.48038e-06 -3.7188
6250.0 8.75 0.6639 0.8419 -1.0322 0.3889 9.01524e-06 -3.4525
6500.0 8.75 0.5532 1.1237 -1.2922 0.4774 1.20308e-05 -3.2071
7000.0 8.75 0.2286 1.923 -2.0367 0.7251 1.91779e-05 -2.7703
7500.0 8.75 -0.02 2.504 -2.5648 0.8897 2.74373e-05 -2.3936
8000.0 8.75 -0.1071 2.6827 -2.7231 0.931 3.65585e-05 -2.066
8500.0 8.75 -0.0929 2.6349 -2.6999 0.9217 4.64604e-05 -1.7788
9000.0 8.75 -0.0455 2.534 -2.6599 0.9183 5.71595e-05 -1.5254
9500.0 8.75 0.0314 2.3617 -2.5575 0.8975 6.8753e-05 -1.3003
10000.0 8.75 0.123 2.1348 -2.3893 0.8525 8.14507e-05 -1.0995
10500.0 8.75 0.2359 1.7879 -2.051 0.7359 9.53358e-05 -0.9193
11000.0 8.75 0.351 1.3646 -1.5818 0.5603 0.000110155 -0.757
11500.0 8.75 0.4563 0.9866 -1.1659 0.4067 0.000125477 -0.6101
12000.0 8.75 0.5623 0.655 -0.8221 0.2859 0.000141168 -0.4766
12500.0 8.75 0.6497 0.3918 -0.5559 0.1955 0.000157125 -0.355
13000.0 8.75 0.7124 0.1819 -0.3346 0.1199 0.000172848 -0.2437
13500.0 8.75 0.7444 0.0313 -0.1608 0.0594 0.000187048 -0.1417
14000.0 8.75 0.7524 -0.062 -0.0443 0.0189 0.000198592 -0.0478
14500.0 8.75 0.7562 -0.1435 0.0585 -0.0161 0.000210083 0.0389
15000.0 8.75 0.7616 -0.2288 0.1667 -0.053 0.000223566 0.1191
15500.0 8.75 0.768 -0.3206 0.2915 -0.0995 0.000239289 0.1934
16000.0 8.75 0.777 -0.4201 0.4347 -0.158 0.000256905 0.2625
16500.0 8.75 0.7839 -0.5036 0.5626 -0.2146 0.00027591 0.3268
17000.0 8.75 0.7888 -0.5719 0.6722 -0.2657 0.000296076 0.3869
20000.0 8.75 0.8671 -0.798 0.8893 -0.3492 0.000439645 0.6765
25000.0 8.75 1.0258 -1.1459 1.1551 -0.432 0.000755181 0.9874
30000.0 8.75 0.8964 -0.8377 0.7427 -0.2628 0.00121137 1.1832
35000.0 8.75 0.6358 -0.3965 0.2908 -0.0978 0.00169213 1.3169
40000.0 8.75 0.4965 -0.2149 0.135 -0.0464 0.00207024 1.4137
45000.0 8.75 0.4191 -0.1387 0.0827 -0.0317 0.00238654 1.4868
50000.0 8.75 0.3761 -0.1156 0.078 -0.0331 0.00266109 1.5439
55000.0 8.75 0.348 -0.1117 0.0882 -0.039 0.00291602 1.5897
60000.0 8.75 0.3295 -0.1189 0.1065 -0.0472 0.00315729 1.6272
3750.0 9.0 0.2895 1.8522 -2.1758 0.8322 4.45374e-07 -7.7372
4000.0 9.0 0.7258 0.7823 -1.0998 0.4404 5.82666e-07 -7.0664
4250.0 9.0 1.0756 -0.0944 -0.2092 0.1135 7.657e-07 -6.4745
4500.0 9.0 1.337 -0.7655 0.4784 -0.1409 1.03632e-06 -5.9487
4750.0 9.0 1.4948 -1.1773 0.8963 -0.2948 1.43346e-06 -5.4783
5000.0 9.0 0.7007 0.8819 -1.1926 0.4694 1.18072e-06 -5.0553
5250.0 9.0 0.6876 0.8555 -1.1515 0.4508 1.89892e-06 -4.6729
5500.0 9.0 0.6838 0.8116 -1.0821 0.4206 2.93269e-06 -4.3255
5750.0 9.0 0.7205 0.6997 -0.9489 0.3695 4.36729e-06 -4.0088
6000.0 9.0 0.7184 0.6915 -0.9111 0.3503 6.29722e-06 -3.7188
6250.0 9.0 0.6895 0.7782 -0.9849 0.3751 8.78714e-06 -3.4525
6500.0 9.0 0.604 0.9905 -1.1727 0.4369 1.18102e-05 -3.2071
7000.0 9.0 0.3249 1.6819 -1.8152 0.6521 1.9121e-05 -2.7703
7500.0 9.0 0.0497 2.3351 -2.4136 0.8428 2.76528e-05 -2.3936
8000.0 9.0 -0.0711 2.5896 -2.6327 0.9019 3.70791e-05 -2.066
8500.0 9.0 -0.0748 2.5791 -2.6338 0.8976 4.72932e-05 -1.7788
9000.0 9.0 -0.0314 2.4885 -2.5997 0.8945 5.82847e-05 -1.5254
9500.0 9.0 0.0322 2.3712 -2.5658 0.9006 7.01453e-05 -1.3003
10000.0 9.0 0.1288 2.1647 -2.4428 0.8775 8.3088e-05 -1.0995
10500.0 9.0 0.2541 1.8343 -2.1577 0.7886 9.72074e-05 -0.9193
11000.0 9.0 0.381 1.416 -1.7216 0.6312 0.00011241 -0.757
11500.0 9.0 0.4983 1.0061 -1.2765 0.4671 0.000128266 -0.6101
12000.0 9.0 0.6177 0.6371 -0.8952 0.332 0.000144559 -0.4766
12500.0 9.0 0.7319 0.3061 -0.5616 0.2166 0.000161285 -0.355
13000.0 9.0 0.8248 0.0253 -0.2709 0.1153 0.000178265 -0.2437
13500.0 9.0 0.8812 -0.1786 -0.0444 0.0343 0.000194855 -0.1417
14000.0 9.0 0.8945 -0.2817 0.0858 -0.0125 0.00020975 -0.0478
14500.0 9.0 0.8841 -0.3222 0.1501 -0.0354 0.000221976 0.0389
15000.0 9.0 0.8677 -0.3534 0.2083 -0.0567 0.000234339 0.1191
15500.0 9.0 0.8522 -0.3886 0.2724 -0.08 0.000248481 0.1934
16000.0 9.0 0.8409 -0.4385 0.3601 -0.1146 0.000264754 0.2625
16500.0 9.0 0.8356 -0.5073 0.4781 -0.1654 0.000283116 0.3268
17000.0 9.0 0.8334 -0.5764 0.5986 -0.2206 0.000302889 0.3869
20000.0 9.0 0.8976 -0.8478 0.9304 -0.3626 0.000446547 0.6765
25000.0 9.0 1.0338 -1.1532 1.1585 -0.4326 0.000765034 0.9874
30000.0 9.0 0.8995 -0.8395 0.7416 -0.2619 0.00122441 1.1832
35000.0 9.0 0.6437 -0.4115 0.3046 -0.1025 0.00170116 1.3169
40000.0 9.0 0.5002 -0.2204 0.1402 -0.0483 0.00207602 1.4137
45000.0 9.0 0.4254 -0.149 0.0919 -0.0348 0.00239049 1.4868
50000.0 9.0 0.3803 -0.1201 0.081 -0.0338 0.00266148 1.5439
55000.0 9.0 0.3513 -0.1136 0.0885 -0.0387 0.00291448 1.5897
60000.0 9.0 0.3316 -0.1176 0.1035 -0.0457 0.00315166 1.6272
65000.0 9.0 0.3964 0.055 -0.1552 0.0599 0.00402982 1.6585
70000.0 9.0 0.3621 0.097 -0.1881 0.0704 0.00427366 1.685
75000.0 9.0 0.3325 0.1316 -0.2141 0.0785 0.00451084 1.7077
80000.0 9.0 0.3065 0.161 -0.2359 0.0853 0.00474273 1.7273
85000.0 9.0 0.2838 0.1855 -0.2535 0.0906 0.00497063 1.7445
90000.0 9.0 0.2635 0.2066 -0.2684 0.0952 0.00519521 1.7597
100000.0 9.0 0.226 0.2466 -0.2975 0.1043 0.0056361 1.7852
3750.0 9.25 0.41 1.5676 -1.8831 0.7242 4.79529e-07 -7.7372
4000.0 9.25 0.8014 0.5956 -0.8967 0.3635 6.24384e-07 -7.0664
4250.0 9.25 1.1126 -0.1888 -0.0975 0.0694 8.10766e-07 -6.4745
4500.0 9.25 1.3484 -0.7915 0.5157 -0.1567 1.08233e-06 -5.9487
4750.0 9.25 1.4956 -1.1742 0.9007 -0.2977 1.47712e-06 -5.4783
5000.0 9.25 0.7563 0.7736 -1.0863 0.4315 1.15632e-06 -5.0553
5250.0 9.25 0.7028 0.8503 -1.1582 0.456 1.85652e-06 -4.6729
5500.0 9.25 0.652 0.9031 -1.1816 0.4577 2.86551e-06 -4.3255
5750.0 9.25 0.6951 0.7655 -1.0231 0.3973 4.25964e-06 -4.0088
6000.0 9.25 0.7128 0.7079 -0.9423 0.3645 6.13047e-06 -3.7188
6250.0 9.25 0.6924 0.7539 -0.9643 0.3677 8.56108e-06 -3.4525
6500.0 9.25 0.6358 0.9039 -1.0978 0.4121 1.15641e-05 -3.2071
7000.0 9.25 0.4066 1.4813 -1.6364 0.5941 1.90042e-05 -2.7703
7500.0 9.25 0.1326 2.1324 -2.2302 0.7846 2.78063e-05 -2.3936
8000.0 9.25 -0.0248 2.4747 -2.5257 0.8684 3.75674e-05 -2.066
8500.0 9.25 -0.0561 2.5243 -2.5723 0.876 4.81206e-05 -1.7788
9000.0 9.25 -0.0218 2.45 -2.5437 0.8715 5.94322e-05 -1.5254
9500.0 9.25 0.0348 2.357 -2.5352 0.8862 7.15804e-05 -1.3003
10000.0 9.25 0.1315 2.1706 -2.4454 0.8776 8.47509e-05 -1.0995
10500.0 9.25 0.26 1.8747 -2.2266 0.8198 9.90864e-05 -0.9193
11000.0 9.25 0.3997 1.4687 -1.8374 0.6873 0.000114606 -0.757
11500.0 9.25 0.5249 1.0479 -1.3918 0.5251 0.000130948 -0.6101
12000.0 9.25 0.657 0.6389 -0.9694 0.3746 0.000147803 -0.4766
12500.0 9.25 0.7945 0.2454 -0.573 0.236 0.000165144 -0.355
13000.0 9.25 0.9178 -0.1109 -0.2076 0.1071 0.00018296 -0.2437
13500.0 9.25 1.0046 -0.3871 0.0905 -0.0007 0.000200987 -0.1417
14000.0 9.25 1.0426 -0.5487 0.2809 -0.071 0.00021851 -0.0478
14500.0 9.25 1.0397 -0.608 0.3692 -0.1041 0.000234308 0.0389
15000.0 9.25 1.013 -0.6054 0.3926 -0.1134 0.000247559 0.1191
15500.0 9.25 0.98 -0.5864 0.3987 -0.1163 0.000260569 0.1934
16000.0 9.25 0.9478 -0.5735 0.4148 -0.1232 0.000275201 0.2625
16500.0 9.25 0.919 -0.579 0.4594 -0.143 0.00029206 0.3268
17000.0 9.25 0.8858 -0.6032 0.5552 -0.1905 0.000310445 0.3869
20000.0 9.25 0.9334 -0.9057 0.9773 -0.3775 0.000454008 0.6765
25000.0 9.25 1.0523 -1.1767 1.1734 -0.4363 0.000775818 0.9874
30000.0 9.25 0.9003 -0.8382 0.7384 -0.2605 0.00123828 1.1832
35000.0 9.25 0.6451 -0.4141 0.3081 -0.1041 0.00171062 1.3169
40000.0 9.25 0.508 -0.2347 0.1537 -0.053 0.00208234 1.4137
45000.0 9.25 0.43 -0.156 0.0984 -0.0372 0.00239508 1.4868
50000.0 9.25 0.387 -0.1304 0.0901 -0.037 0.00266278 1.5439
55000.0 9.25 0.3561 -0.12 0.094 -0.0406 0.00291516 1.5897
60000.0 9.25 0.3355 -0.121 0.1056 -0.0463 0.00314841 1.6272
3750.0 9.5 0.5353 1.2766 -1.5899 0.6164 5.15286e-07 -7.7372
4000.0 9.5 0.8743 0.4187 -0.7057 0.291 6.70714e-07 -7.0664
4250.0 9.5 1.1457 -0.2709 -0.0003 0.0311 8.6193e-07 -6.4745
4500.0 9.5 1.3528 -0.8008 0.5378 -0.1674 1.13493e-06 -5.9487
4750.0 9.5 1.4933 -1.1641 0.8992 -0.2989 1.53033e-06 -5.4783
5000.0 9.5 0.7397 0.8299 -1.1396 0.4499 1.1508e-06 -5.0553
5250.0 9.5 0.4579 1.4317 -1.7288 0.6589 1.81087e-06 -4.6729
5500.0 9.5 0.6115 1.0083 -1.2868 0.4951 2.79965e-06 -4.3255
5750.0 9.5 0.6649 0.8509 -1.1188 0.4336 4.16074e-06 -4.0088
6000.0 9.5 0.6992 0.7489 -0.9967 0.3864 5.98049e-06 -3.7188
6250.0 9.5 0.6909 0.7527 -0.973 0.3726 8.34278e-06 -3.4525
6500.0 9.5 0.6533 0.8469 -1.0468 0.3947 1.1304e-05 -3.2071
7000.0 9.5 0.4802 1.2917 -1.4613 0.5351 1.88274e-05 -2.7703
7500.0 9.5 0.2194 1.9207 -2.0397 0.7239 2.78949e-05 -2.3936
8000.0 9.5 0.0277 2.3501 -2.4162 0.8357 3.80001e-05 -2.066
8500.0 9.5 -0.0307 2.4543 -2.4989 0.8512 4.89258e-05 -1.7788
9000.0 9.5 -0.0078 2.396 -2.4703 0.8422 6.0582e-05 -1.5254
9500.0 9.5 0.0438 2.3125 -2.4641 0.8553 7.3064e-05 -1.3003
10000.0 9.5 0.1303 2.1628 -2.4162 0.862 8.64678e-05 -1.0995
10500.0 9.5 0.2523 1.9165 -2.27 0.8353 0.000101018 -0.9193
11000.0 9.5 0.404 1.5261 -1.9302 0.7285 0.000116795 -0.757
11500.0 9.5 0.5403 1.0962 -1.4925 0.5728 0.000133555 -0.6101
12000.0 9.5 0.6774 0.6681 -1.0511 0.4151 0.00015093 -0.4766
12500.0 9.5 0.8287 0.2347 -0.6153 0.2622 0.000168821 -0.355
13000.0 9.5 0.9767 -0.1832 -0.1907 0.1121 0.000187267 -0.2437
13500.0 9.5 1.0954 -0.5365 0.1814 -0.0223 0.000206214 -0.1417
14000.0 9.5 1.165 -0.7751 0.4489 -0.1215 0.00022533 -0.0478
14500.0 9.5 1.1839 -0.8888 0.5945 -0.1772 0.000243889 0.0389
15000.0 9.5 1.1662 -0.9064 0.6411 -0.1961 0.000260772 0.1191
15500.0 9.5 1.1272 -0.8664 0.6261 -0.1919 0.00027513 0.1934
16000.0 9.5 1.0842 -0.8143 0.5973 -0.1824 0.000288944 0.2625
16500.0 9.5 1.0386 -0.7625 0.5736 -0.1754 0.000304104 0.3268
17000.0 9.5 0.9965 -0.7289 0.5775 -0.1806 0.000321501 0.3869
20000.0 9.5 0.9738 -1.3205 1.9077 -0.8997 0.000547522 0.6765
25000.0 9.5 1.0648 -1.1912 1.1819 -0.4382 0.000787352 0.9874
30000.0 9.5 0.9024 -0.8393 0.7369 -0.2596 0.0012529 1.1832
35000.0 9.5 0.6501 -0.4235 0.3172 -0.1075 0.00172086 1.3169
40000.0 9.5 0.5157 -0.2492 0.1676 -0.058 0.0020894 1.4137
45000.0 9.5 0.4372 -0.1688 0.1108 -0.0416 0.00240072 1.4868
50000.0 9.5 0.3951 -0.1432 0.1016 -0.041 0.00266242 1.5439
55000.0 9.5 0.3642 -0.1312 0.1031 -0.0435 0.00291051 1.5897
60000.0 9.5 0.3427 -0.1307 0.1133 -0.0488 0.00314544 1.6272
65000.0 9.5 0.4314 -0.0148 -0.0885 0.0362 0.00402734 1.6585
70000.0 9.5 0.399 0.0235 -0.1175 0.0452 0.00426783 1.685
75000.0 9.5 0.3706 0.0561 -0.1421 0.0529 0.00450106 1.7077
80000.0 9.5 0.3459 0.083 -0.1615 0.0588 0.00472918 1.7273
85000.0 9.5 0.3241 0.1062 -0.1782 0.0639 0.00495279 1.7445
90000.0 9.5 0.3046 0.1263 -0.1923 0.0682 0.00517255 1.7597
100000.0 9.5 0.2691 0.1628 -0.2183 0.0763 0.00560301 1.7852
