log(g) Teff a1 a2 a3 a4 I1 beaming
5.0 3750.0 -0.6227 3.0965 -2.7475 0.8604 1.9981e-07 -7.3421
5.0 4000.0 -0.5103 3.3012 -3.356 1.1781 3.33e-07 -6.696
5.0 4250.0 -0.2725 2.9101 -3.1213 1.136 5.51691e-07 -6.1261
5.0 4500.0 -0.0169 2.3627 -2.5961 0.9566 9.05694e-07 -5.6197
5.0 4750.0 0.0373 2.2081 -2.3607 0.8646 1.47089e-06 -5.1669
5.0 5000.0 -0.2345 2.7779 -2.7255 0.9572 2.31098e-06 -4.7596
5.0 5250.0 -0.3966 3.2065 -3.0861 1.0622 3.49013e-06 -4.3916
5.0 5500.0 -0.547 3.6099 -3.4419 1.1661 4.94112e-06 -4.0573
5.0 5750.0 -0.6277 3.7487 -3.4795 1.1436 6.68293e-06 -3.7526
5.0 6000.0 -0.6398 3.6442 -3.2311 1.0091 8.71435e-06 -3.4737
5.0 6250.0 -0.5867 3.3323 -2.7542 0.7895 1.10116e-05 -3.2176
5.0 6500.0 -0.4792 2.8831 -2.1585 0.5353 1.35194e-05 -2.9817
5.0 7000.0 -0.2211 2.0197 -1.1739 0.1526 1.89814e-05 -2.5621
5.0 7500.0 -0.0341 1.5387 -0.7894 0.0457 2.4959e-05 -2.2004
5.0 8000.0 0.1004 1.302 -0.7652 0.0991 3.1602e-05 -1.886
5.0 8500.0 0.3021 0.9188 -0.6236 0.1217 3.92077e-05 -1.6107
5.0 9000.0 0.5898 0.2148 -0.077 -0.019 4.76757e-05 -1.3678
5.0 9500.0 0.783 -0.335 0.4148 -0.1655 5.55354e-05 -1.1523
5.0 10000.0 0.8586 -0.5826 0.6703 -0.2543 6.50876e-05 -0.9601
5.0 10500.0 0.8563 -0.606 0.7083 -0.2721 7.60782e-05 -0.7877
5.0 11000.0 0.8581 -0.6274 0.7375 -0.2873 8.85928e-05 -0.6325
5.0 11500.0 0.8636 -0.6437 0.7454 -0.2917 0.000102373 -0.4921
5.0 12000.0 0.8395 -0.5864 0.684 -0.2715 0.000115979 -0.3647
5.0 12500.0 0.8323 -0.5715 0.658 -0.2617 0.000130394 -0.2485
5.0 13000.0 0.8276 -0.5664 0.6434 -0.2558 0.000145233 -0.1423
5.0 13500.0 0.7694 -0.4398 0.5082 -0.2058 0.000160606 -0.0449
5.0 14000.0 0.8188 -0.5665 0.6306 -0.2502 0.000176467 0.0447
5.0 14500.0 0.6968 -0.2903 0.3453 -0.1452 0.000192973 0.1274
5.0 15000.0 0.8112 -0.5725 0.6287 -0.2491 0.000209953 0.2038
5.0 15500.0 0.8051 -0.57 0.623 -0.247 0.000227599 0.2747
5.0 16000.0 0.6935 -0.3153 0.3593 -0.1496 0.000245914 0.3406
5.0 16500.0 0.8011 -0.5824 0.6294 -0.249 0.000264743 0.4019
5.0 17000.0 0.8021 -0.5942 0.6382 -0.2519 0.000284277 0.4592
5.0 20000.0 0.8312 -0.709 0.7357 -0.2854 0.000415298 0.7352
5.0 25000.0 0.9677 -1.0286 1.0053 -0.3732 0.000696139 1.0314
5.0 30000.0 1.0123 -1.0784 0.9648 -0.3411 0.00112422 1.2181
5.0 35000.0 0.9884 -1.148 1.0115 -0.3549 0.00163968 1.3457
5.0 40000.0 1.0599 -1.4111 1.2907 -0.46 0.00204935 1.4381
5.0 45000.0 1.1489 -1.666 1.5537 -0.5569 0.00240012 1.508
5.0 50000.0 1.2331 -1.8803 1.7676 -0.634 0.00273024 1.5625
5.0 55000.0 1.3028 -2.0395 1.9203 -0.6876 0.00304358 1.6063
5.0 60000.0 1.3571 -2.1483 2.0187 -0.7209 0.00335455 1.6422
5.25 3750.0 -0.6709 3.3579 -3.1232 1.0219 2.11632e-07 -7.3421
5.25 4000.0 -0.4404 3.2425 -3.3905 1.2138 3.44278e-07 -6.696
5.25 4250.0 -0.1074 2.5938 -2.8787 1.0669 5.61749e-07 -6.1261
5.25 4500.0 0.1963 1.9113 -2.2078 0.8308 9.10298e-07 -5.6197
5.25 4750.0 0.3038 1.6497 -1.8908 0.7115 1.45586e-06 -5.1669
5.25 5000.0 0.019 2.253 -2.2943 0.8225 2.25797e-06 -4.7596
5.25 5250.0 -0.1545 2.6809 -2.6381 0.9219 3.44202e-06 -4.3916
5.25 5500.0 -0.3454 3.187 -3.0995 1.0659 4.89777e-06 -4.0573
5.25 5750.0 -0.482 3.5019 -3.3446 1.1257 6.63426e-06 -3.7526
5.25 6000.0 -0.5473 3.5671 -3.2974 1.0709 8.65923e-06 -3.4737
5.25 6250.0 -0.55 3.4248 -3.0134 0.9252 1.0959e-05 -3.2176
5.25 6500.0 -0.4983 3.1256 -2.5693 0.7233 1.34901e-05 -2.9817
5.25 7000.0 -0.2927 2.3419 -1.6045 0.3282 1.90522e-05 -2.5621
5.25 7500.0 -0.086 1.7244 -1.0022 0.1219 2.51241e-05 -2.2004
5.25 8000.0 0.076 1.3414 -0.7694 0.0872 3.18e-05 -1.886
5.25 8500.0 0.2687 0.9354 -0.5717 0.0832 3.93071e-05 -1.6107
5.25 9000.0 0.5289 0.2986 -0.0914 -0.0331 4.7694e-05 -1.3678
5.25 9500.0 0.7289 -0.2399 0.3567 -0.1569 5.56425e-05 -1.1523
5.25 10000.0 0.8341 -0.5587 0.652 -0.2483 6.37719e-05 -0.9601
5.25 10500.0 0.8621 -0.6625 0.7632 -0.2896 7.43503e-05 -0.7877
5.25 11000.0 0.863 -0.6849 0.7941 -0.3045 8.62616e-05 -0.6325
5.25 11500.0 0.8551 -0.6758 0.7884 -0.3064 9.92766e-05 -0.4921
5.25 12000.0 0.8447 -0.6518 0.7589 -0.2976 0.000113044 -0.3647
5.25 12500.0 0.8348 -0.6285 0.7262 -0.2861 0.000127348 -0.2485
5.25 13000.0 0.8281 -0.6156 0.7037 -0.2776 0.0001421 -0.1423
5.25 13500.0 0.8227 -0.6095 0.6899 -0.2722 0.000157357 -0.0449
5.25 14000.0 0.8167 -0.6047 0.6792 -0.268 0.000173135 0.0447
5.25 14500.0 0.8122 -0.6042 0.6737 -0.2658 0.000189466 0.1274
5.25 15000.0 0.8056 -0.5994 0.665 -0.2625 0.000206374 0.2038
5.25 15500.0 0.8035 -0.605 0.6672 -0.2632 0.000223865 0.2747
5.25 16000.0 0.7998 -0.6063 0.6652 -0.2623 0.000241986 0.3406
5.25 16500.0 0.7877 -0.5876 0.6431 -0.2541 0.000260725 0.4019
5.25 17000.0 0.7959 -0.6156 0.6681 -0.263 0.000280071 0.4592
5.25 20000.0 0.7932 -0.6519 0.6848 -0.2668 0.00041002 0.7352
5.25 25000.0 0.9539 -1.0284 1.0117 -0.3759 0.000687738 1.0314
5.25 30000.0 0.9995 -1.0836 0.9788 -0.3472 0.00110611 1.2181
5.25 35000.0 0.9252 -1.0441 0.9195 -0.3231 0.00161365 1.3457
5.25 40000.0 0.9634 -1.2489 1.1477 -0.4112 0.00201761 1.4381
5.25 45000.0 1.0386 -1.4913 1.4055 -0.5076 0.00235988 1.508
5.25 50000.0 1.1202 -1.7194 1.6402 -0.5936 0.00267889 1.5625
5.25 55000.0 1.1958 -1.9113 1.8316 -0.6624 0.00297762 1.6063
5.25 60000.0 1.2636 -2.0702 1.9855 -0.7167 0.00326974 1.6422
5.5 3750.0 -0.6955 3.5517 -3.4247 1.1564 2.24554e-07 -7.3421
5.5 4000.0 -0.3588 3.131 -3.3511 1.2181 3.56024e-07 -6.696
5.5 4250.0 0.0599 2.2453 -2.58 0.9717 5.72063e-07 -6.1261
5.5 4500.0 0.4026 1.451 -1.7872 0.6883 9.16312e-07 -5.6197
5.5 4750.0 0.5433 1.1173 -1.4128 0.5484 1.44686e-06 -5.1669
5.5 5000.0 0.2472 1.7683 -1.8844 0.6894 2.19894e-06 -4.7596
5.5 5250.0 0.0762 2.1664 -2.1886 0.7768 3.38794e-06 -4.3916
5.5 5500.0 -0.1434 2.7376 -2.7115 0.9443 4.85335e-06 -4.0573
5.5 5750.0 -0.3292 3.2016 -3.1271 1.071 6.59431e-06 -3.7526
5.5 6000.0 -0.4414 3.4187 -3.2612 1.0885 8.61874e-06 -3.4737
5.5 6250.0 -0.4853 3.4095 -3.1353 1.0053 1.09206e-05 -3.2176
5.5 6500.0 -0.4835 3.2616 -2.8612 0.8677 1.34679e-05 -2.9817
5.5 7000.0 -0.349 2.6439 -2.0383 0.5135 1.91223e-05 -2.5621
5.5 7500.0 -0.1507 1.9777 -1.3154 0.243 2.53178e-05 -2.2004
5.5 8000.0 0.0324 1.4639 -0.8818 0.1189 3.20628e-05 -1.886
5.5 8500.0 0.2269 0.9904 -0.5645 0.06 3.95502e-05 -1.6107
5.5 9000.0 0.4878 0.3413 -0.073 -0.0577 4.78499e-05 -1.3678
5.5 9500.0 0.7186 -0.2717 0.4369 -0.1984 5.64627e-05 -1.1523
5.5 10000.0 0.8397 -0.6047 0.7031 -0.2683 6.38571e-05 -0.9601
5.5 10500.0 0.8593 -0.6973 0.8011 -0.3021 7.31616e-05 -0.7877
5.5 11000.0 0.8636 -0.7306 0.842 -0.3198 8.44508e-05 -0.6325
5.5 11500.0 0.8559 -0.7255 0.8419 -0.3233 9.6976e-05 -0.4921
5.5 12000.0 0.8461 -0.7064 0.822 -0.319 0.000110427 -0.3647
5.5 12500.0 0.833 -0.6753 0.784 -0.3063 0.000124563 -0.2485
5.5 13000.0 0.823 -0.6533 0.7539 -0.2958 0.000139243 -0.1423
5.5 13500.0 0.8206 -0.65 0.7419 -0.291 0.00015439 -0.0449
5.5 14000.0 0.8106 -0.6335 0.7193 -0.2827 0.00017009 0.0447
5.5 14500.0 0.8058 -0.6303 0.7107 -0.2793 0.000186337 0.1274
5.5 15000.0 0.8011 -0.6282 0.7044 -0.277 0.000203144 0.2038
5.5 15500.0 0.7965 -0.6268 0.6992 -0.275 0.000220552 0.2747
5.5 16000.0 0.7527 -0.5343 0.6028 -0.2398 0.000238588 0.3406
5.5 16500.0 0.7889 -0.6264 0.692 -0.2722 0.000257174 0.4019
5.5 17000.0 0.7876 -0.6317 0.6942 -0.2729 0.000276436 0.4592
5.5 20000.0 0.8174 -0.7404 0.7838 -0.3036 0.00040557 0.7352
5.5 25000.0 0.9605 -1.0722 1.0641 -0.3959 0.000681366 1.0314
5.5 30000.0 0.982 -1.07 0.9721 -0.3454 0.00109337 1.2181
5.5 35000.0 0.8632 -0.9316 0.8165 -0.287 0.00159388 1.3457
5.5 40000.0 0.8668 -1.0684 0.9807 -0.3527 0.00199299 1.4381
5.5 45000.0 0.9209 -1.276 1.2089 -0.4394 0.00232867 1.508
5.5 50000.0 0.9902 -1.4891 1.4338 -0.5229 0.00263966 1.5625
5.5 55000.0 1.0609 -1.6851 1.635 -0.5964 0.00292759 1.6063
5.5 60000.0 1.1291 -1.8599 1.8099 -0.6593 0.00320718 1.6422
5.75 3750.0 -0.6992 3.6778 -3.6454 1.2592 2.37738e-07 -7.3421
5.75 4000.0 -0.2723 2.9885 -3.2634 1.2009 3.68524e-07 -6.696
5.75 4250.0 0.2162 1.9038 -2.2701 0.868 5.82925e-07 -6.1261
5.75 4500.0 0.5381 1.132 -1.4912 0.5873 9.23894e-07 -5.6197
5.75 4750.0 0.7497 0.6395 -0.9658 0.3922 1.44359e-06 -5.1669
5.75 5000.0 0.4426 1.3419 -1.5138 0.5652 2.13668e-06 -4.7596
5.75 5250.0 0.2861 1.6937 -1.7729 0.6403 3.32545e-06 -4.3916
5.75 5500.0 0.054 2.2811 -2.3025 0.8111 4.80397e-06 -4.0573
5.75 5750.0 -0.1707 2.8557 -2.8389 0.9847 6.55955e-06 -3.7526
5.75 6000.0 -0.3229 3.1985 -3.1199 1.0604 8.59245e-06 -3.4737
5.75 6250.0 -0.41 3.3356 -3.1723 1.049 1.08983e-05 -3.2176
5.75 6500.0 -0.4393 3.2919 -3.0241 0.9616 1.34617e-05 -2.9817
5.75 7000.0 -0.3781 2.879 -2.414 0.6828 1.9193e-05 -2.5621
5.75 7500.0 -0.215 2.2613 -1.6913 0.3966 2.55237e-05 -2.2004
5.75 8000.0 -0.0272 1.6676 -1.1092 0.2 3.23754e-05 -1.886
5.75 8500.0 0.1737 1.1063 -0.6394 0.0699 3.98989e-05 -1.6107
5.75 9000.0 0.4337 0.4202 -0.0786 -0.0795 4.82334e-05 -1.3678
5.75 9500.0 0.6578 -0.1917 0.4361 -0.221 5.69994e-05 -1.1523
5.75 10000.0 0.7942 -0.5542 0.7077 -0.2839 6.45143e-05 -0.9601
5.75 10500.0 0.851 -0.7161 0.8297 -0.3134 7.26439e-05 -0.7877
5.75 11000.0 0.8591 -0.7623 0.8794 -0.3321 8.32177e-05 -0.6325
5.75 11500.0 0.8531 -0.7641 0.8872 -0.3383 9.51971e-05 -0.4921
5.75 12000.0 0.8439 -0.749 0.8734 -0.3363 0.000108251 -0.3647
5.75 12500.0 0.8288 -0.7146 0.8353 -0.3244 0.000122119 -0.2485
5.75 13000.0 0.8182 -0.6892 0.8024 -0.3131 0.000136643 -0.1423
5.75 13500.0 0.8096 -0.6702 0.7754 -0.3034 0.000151733 -0.0449
5.75 14000.0 0.803 -0.6589 0.7575 -0.2968 0.000167364 0.0447
5.75 14500.0 0.7974 -0.6518 0.7448 -0.2921 0.000183546 0.1274
5.75 15000.0 0.7924 -0.6471 0.7352 -0.2886 0.000200304 0.2038
5.75 15500.0 0.7878 -0.6441 0.7283 -0.286 0.000217643 0.2747
5.75 16000.0 0.7838 -0.6426 0.7234 -0.2843 0.000235583 0.3406
5.75 16500.0 0.781 -0.6432 0.7204 -0.2832 0.000254135 0.4019
5.75 17000.0 0.7239 -0.5191 0.5925 -0.2365 0.000273363 0.4592
5.75 20000.0 0.8106 -0.7535 0.8073 -0.3131 0.000401978 0.7352
5.75 25000.0 0.9722 -1.1232 1.1237 -0.4185 0.000676692 1.0314
5.75 30000.0 0.9638 -1.0492 0.958 -0.3411 0.00108471 1.2181
5.75 35000.0 0.8068 -0.8234 0.7154 -0.2513 0.00157917 1.3457
5.75 40000.0 0.7781 -0.8929 0.8148 -0.294 0.00197349 1.4381
5.75 45000.0 0.8093 -1.0559 1.0013 -0.3661 0.00230388 1.508
5.75 50000.0 0.8619 -1.241 1.2021 -0.4416 0.00260781 1.5625
5.75 55000.0 0.9209 -1.4196 1.3896 -0.5109 0.00288832 1.6063
5.75 60000.0 0.9821 -1.5898 1.5639 -0.5744 0.0031587 1.6422
6.0 3750.0 -0.6816 3.7409 -3.7943 1.335 2.52186e-07 -7.3421
6.0 4000.0 -0.1847 2.8289 -3.1451 1.1694 3.82101e-07 -6.696
6.0 4250.0 0.3577 1.5851 -1.9699 0.7644 5.9473e-07 -6.1261
6.0 4500.0 0.7026 0.7416 -1.1117 0.4527 9.3184e-07 -5.6197
6.0 4750.0 0.9281 0.2114 -0.551 0.2441 1.44423e-06 -5.1669
6.0 5000.0 0.5991 0.9941 -1.2065 0.4606 2.06452e-06 -4.7596
6.0 5250.0 0.4698 1.2811 -1.4127 0.5213 3.25652e-06 -4.3916
6.0 5500.0 0.2408 1.8425 -1.9062 0.6805 4.74688e-06 -4.0573
6.0 5750.0 -0.0103 2.4844 -2.5097 0.8795 6.5223e-06 -3.7526
6.0 6000.0 -0.2039 2.9534 -2.9339 1.0111 8.57184e-06 -3.4737
6.0 6250.0 -0.3215 3.1913 -3.1076 1.0484 1.08941e-05 -3.2176
6.0 6500.0 -0.3814 3.2508 -3.0836 1.0106 1.3472e-05 -2.9817
6.0 7000.0 -0.3761 3.0196 -2.6858 0.8143 1.92761e-05 -2.5621
6.0 7500.0 -0.2648 2.5264 -2.0699 0.5586 2.57344e-05 -2.2004
6.0 8000.0 -0.0914 1.9197 -1.419 0.32 3.27334e-05 -1.886
6.0 8500.0 0.1084 1.2953 -0.8211 0.1258 4.03475e-05 -1.6107
6.0 9000.0 0.3607 0.5759 -0.1775 -0.0663 4.87283e-05 -1.3678
6.0 9500.0 0.6152 -0.1419 0.4568 -0.2515 5.76464e-05 -1.1523
6.0 10000.0 0.786 -0.6012 0.8175 -0.3396 6.60925e-05 -0.9601
6.0 10500.0 0.8369 -0.731 0.8775 -0.338 7.3168e-05 -0.7877
6.0 11000.0 0.8525 -0.7868 0.9148 -0.3453 8.26102e-05 -0.6325
6.0 11500.0 0.8469 -0.7911 0.9231 -0.3506 9.40292e-05 -0.4921
6.0 12000.0 0.8351 -0.7721 0.9068 -0.3477 0.000106626 -0.3647
6.0 12500.0 0.823 -0.7467 0.8797 -0.3402 0.000120181 -0.2485
6.0 13000.0 0.8113 -0.7191 0.8467 -0.3294 0.000134504 -0.1423
6.0 13500.0 0.8016 -0.6958 0.8159 -0.3186 0.000149471 -0.0449
6.0 14000.0 0.7943 -0.6803 0.7934 -0.3105 0.000165029 0.0447
6.0 14500.0 0.7883 -0.6701 0.7772 -0.3047 0.000181161 0.1274
6.0 15000.0 0.7829 -0.6626 0.7644 -0.3 0.000197875 0.2038
6.0 15500.0 0.7779 -0.657 0.7546 -0.2965 0.00021518 0.2747
6.0 16000.0 0.7746 -0.6559 0.7501 -0.295 0.000233088 0.3406
6.0 16500.0 0.7695 -0.6498 0.7399 -0.2913 0.000251615 0.4019
6.0 17000.0 0.7694 -0.6553 0.7417 -0.2918 0.000270762 0.4592
6.0 20000.0 0.8016 -0.7582 0.8231 -0.32 0.000399231 0.7352
6.0 25000.0 0.9664 -1.1279 1.1361 -0.424 0.000673587 1.0314
6.0 30000.0 0.9197 -0.9605 0.8729 -0.3104 0.00107945 1.2181
6.0 35000.0 0.758 -0.726 0.6238 -0.219 0.00156844 1.3457
6.0 40000.0 0.701 -0.7335 0.6615 -0.2392 0.0019584 1.4381
6.0 45000.0 0.7101 -0.8513 0.8046 -0.296 0.00228394 1.508
6.0 50000.0 0.7457 -1.0036 0.975 -0.361 0.00258149 1.5625
6.0 55000.0 0.7909 -1.1571 1.1397 -0.4224 0.00285538 1.6063
6.0 60000.0 0.8448 -1.3202 1.3102 -0.4851 0.0031353 1.6422
6.0 65000.0 0.6563 -0.6556 0.6114 -0.2302 0.00400158 1.6722
6.0 70000.0 0.704 -0.802 0.767 -0.2879 0.00429384 1.6975
6.0 75000.0 0.7552 -0.9473 0.9172 -0.3428 0.00458642 1.7193
6.0 80000.0 0.8074 -1.0872 1.0593 -0.3942 0.00488032 1.7381
6.0 85000.0 0.8593 -1.2193 1.1913 -0.4415 0.00517667 1.7546
6.0 90000.0 0.9094 -1.3404 1.3096 -0.4833 0.00547592 1.7691
6.0 100000.0 0.9992 -1.5469 1.5092 -0.554 0.00609085 1.7936
6.25 3750.0 -0.6443 3.7438 -3.8722 1.3827 2.67678e-07 -7.3421
6.25 4000.0 -0.0973 2.6587 -3.0059 1.1276 3.96951e-07 -6.696
6.25 4250.0 0.482 1.2999 -1.6944 0.6676 6.07682e-07 -6.1261
6.25 4500.0 0.8499 0.3865 -0.7591 0.3256 9.40962e-07 -5.6197
6.25 4750.0 1.081 -0.1632 -0.1808 0.1105 1.44727e-06 -5.1669
6.25 5000.0 0.6906 0.7944 -1.0373 0.4038 1.99412e-06 -4.7596
6.25 5250.0 0.6151 0.9543 -1.1287 0.4262 3.1739e-06 -4.3916
6.25 5500.0 0.4108 1.4423 -1.5458 0.5607 4.67786e-06 -4.0573
6.25 5750.0 0.1493 2.1037 -2.1636 0.7661 6.47761e-06 -3.7526
6.25 6000.0 -0.081 2.6817 -2.7078 0.9441 8.55243e-06 -3.4737
6.25 6250.0 -0.2325 3.0235 -2.9996 1.0275 1.08976e-05 -3.2176
6.25 6500.0 -0.3215 3.1853 -3.1029 1.0417 1.3498e-05 -2.9817
6.25 7000.0 -0.3571 3.0931 -2.8708 0.9104 1.93718e-05 -2.5621
6.25 7500.0 -0.2901 2.7295 -2.3915 0.7033 2.5955e-05 -2.2004
6.25 8000.0 -0.1485 2.1813 -1.7663 0.4621 3.31141e-05 -1.886
6.25 8500.0 0.037 1.5447 -1.1027 0.2281 4.08691e-05 -1.6107
6.25 9000.0 0.2741 0.8054 -0.379 -0.0103 4.93515e-05 -1.3678
6.25 9500.0 0.5476 -0.0041 0.3836 -0.25 5.84623e-05 -1.1523
6.25 10000.0 0.7224 -0.5154 0.8307 -0.3753 6.75566e-05 -0.9601
6.25 10500.0 0.8162 -0.7506 0.9668 -0.3879 7.49229e-05 -0.7877
6.25 11000.0 0.8433 -0.8074 0.9607 -0.367 8.28948e-05 -0.6325
6.25 11500.0 0.8392 -0.8105 0.9558 -0.3633 9.35073e-05 -0.4921
6.25 12000.0 0.828 -0.795 0.9422 -0.3608 0.000105637 -0.3647
6.25 12500.0 0.8151 -0.7685 0.9149 -0.3532 0.000118828 -0.2485
6.25 13000.0 0.8025 -0.7393 0.8815 -0.3426 0.000132895 -0.1423
6.25 13500.0 0.7917 -0.7129 0.8485 -0.3313 0.0001477 -0.0449
6.25 14000.0 0.7836 -0.6942 0.8231 -0.3225 0.00016316 0.0447
6.25 14500.0 0.7768 -0.6798 0.8022 -0.3149 0.000179236 0.1274
6.25 15000.0 0.7716 -0.671 0.788 -0.3098 0.000195917 0.2038
6.25 15500.0 0.7651 -0.6604 0.7727 -0.3044 0.000213209 0.2747
6.25 16000.0 0.763 -0.6601 0.7681 -0.3028 0.000231107 0.3406
6.25 16500.0 0.7601 -0.6582 0.7622 -0.3007 0.000249626 0.4019
6.25 17000.0 0.7583 -0.658 0.7577 -0.299 0.00026878 0.4592
6.25 20000.0 0.7951 -0.7648 0.8408 -0.3278 0.000397305 0.7352
6.25 25000.0 0.9603 -1.1272 1.1427 -0.4274 0.00067184 1.0314
6.25 30000.0 0.9263 -0.9873 0.9052 -0.3231 0.00107669 1.2181
6.25 35000.0 0.7167 -0.6403 0.5422 -0.1901 0.00156107 1.3457
6.25 40000.0 0.6363 -0.5961 0.5283 -0.1915 0.00194684 1.4381
6.25 45000.0 0.6267 -0.674 0.6323 -0.2342 0.0022679 1.508
6.25 50000.0 0.6466 -0.7951 0.7727 -0.2884 0.00256719 1.5625
6.25 55000.0 0.6794 -0.9253 0.9158 -0.3424 0.00284049 1.6063
6.25 60000.0 0.7185 -1.0569 1.0563 -0.3946 0.00310033 1.6422
6.5 3750.0 -0.5886 3.6901 -3.8827 1.4036 2.84265e-07 -7.3421
6.5 4000.0 -0.0097 2.48 -2.8496 1.0777 4.13358e-07 -6.696
6.5 4250.0 0.5899 1.0492 -1.4474 0.5795 6.22268e-07 -6.1261
6.5 4500.0 0.9759 0.0797 -0.4498 0.2129 9.51826e-07 -5.6197
6.5 4750.0 1.2102 -0.4813 0.1366 -0.0048 1.45198e-06 -5.1669
6.5 5000.0 0.7974 0.5346 -0.7925 0.3174 1.92302e-06 -4.7596
6.5 5250.0 0.7298 0.6938 -0.9024 0.3495 3.0912e-06 -4.3916
6.5 5500.0 0.5585 1.0972 -1.2397 0.459 4.59741e-06 -4.0573
6.5 5750.0 0.3049 1.7276 -1.8188 0.6515 6.42154e-06 -3.7526
6.5 6000.0 0.0496 2.3768 -2.4386 0.8591 8.52883e-06 -3.4737
6.5 6250.0 -0.1401 2.8327 -2.8567 0.991 1.09093e-05 -3.2176
6.5 6500.0 -0.2482 3.0516 -3.0234 1.0295 1.35422e-05 -2.9817
6.5 7000.0 -0.3219 3.0969 -2.9624 0.9677 1.94954e-05 -2.5621
6.5 7500.0 -0.2859 2.8403 -2.6086 0.8089 2.61983e-05 -2.2004
6.5 8000.0 -0.1855 2.4043 -2.0911 0.6023 3.35196e-05 -1.886
6.5 8500.0 -0.027 1.812 -1.4381 0.3603 4.14512e-05 -1.6107
6.5 9000.0 0.1815 1.0993 -0.6879 0.0954 5.0084e-05 -1.3678
6.5 9500.0 0.4541 0.2405 0.1761 -0.1955 5.93976e-05 -1.1523
6.5 10000.0 0.6667 -0.4111 0.7949 -0.3888 6.89399e-05 -0.9601
6.5 10500.0 0.7793 -0.732 1.0421 -0.4429 7.74896e-05 -0.7877
6.5 11000.0 0.8297 -0.8331 1.0444 -0.4119 8.45555e-05 -0.6325
6.5 11500.0 0.8296 -0.8238 0.9911 -0.3802 9.38048e-05 -0.4921
6.5 12000.0 0.8176 -0.8028 0.9643 -0.37 0.00010535 -0.3647
6.5 12500.0 0.8047 -0.7784 0.9394 -0.3632 0.000118152 -0.2485
6.5 13000.0 0.7797 -0.7219 0.8799 -0.3433 0.000131941 -0.1423
6.5 13500.0 0.7809 -0.7218 0.8731 -0.3415 0.000146534 -0.0449
6.5 14000.0 0.7704 -0.696 0.8403 -0.33 0.000161868 0.0447
6.5 14500.0 0.7637 -0.6806 0.8185 -0.3223 0.000177875 0.1274
6.5 15000.0 0.759 -0.6709 0.8027 -0.3167 0.000194524 0.2038
6.5 15500.0 0.7529 -0.6595 0.7861 -0.3107 0.000211804 0.2747
6.5 16000.0 0.7501 -0.656 0.7777 -0.3078 0.000229711 0.3406
6.5 16500.0 0.748 -0.6544 0.7718 -0.3058 0.000248255 0.4019
6.5 17000.0 0.746 -0.6529 0.7658 -0.3035 0.000267433 0.4592
6.5 20000.0 0.7875 -0.7634 0.85 -0.3326 0.000396251 0.7352
6.5 25000.0 0.9561 -1.1252 1.1465 -0.4298 0.000671463 1.0314
6.5 30000.0 0.9103 -0.9557 0.8765 -0.3132 0.00107629 1.2181
6.5 35000.0 0.6823 -0.5657 0.4697 -0.1641 0.00155644 1.3457
6.5 40000.0 0.5845 -0.4827 0.4172 -0.1515 0.00193818 1.4381
6.5 45000.0 0.5594 -0.526 0.4861 -0.1813 0.00225537 1.508
6.5 50000.0 0.565 -0.6168 0.5973 -0.2252 0.00254861 1.5625
6.5 55000.0 0.585 -0.7202 0.7145 -0.2699 0.00281563 1.6063
6.5 60000.0 0.6127 -0.8287 0.8328 -0.3142 0.00306956 1.6422
6.5 65000.0 0.4433 -0.1779 0.129 -0.0533 0.00389905 1.6722
6.5 70000.0 0.4572 -0.2544 0.2183 -0.0877 0.00416947 1.6975
6.5 75000.0 0.4777 -0.3404 0.315 -0.1245 0.00443775 1.7193
6.5 80000.0 0.5033 -0.4326 0.4159 -0.1624 0.00470515 1.7381
6.5 85000.0 0.5327 -0.5283 0.5186 -0.2006 0.0049725 1.7546
6.5 90000.0 0.5647 -0.6256 0.6209 -0.2383 0.0052405 1.7691
6.5 100000.0 0.6303 -0.8162 0.8195 -0.3111 0.0057805 1.7936
6.75 3750.0 -0.517 3.5865 -3.8329 1.4005 3.02034e-07 -7.3421
6.75 4000.0 0.0783 2.293 -2.6778 1.0202 4.31482e-07 -6.696
6.75 4250.0 0.6829 0.8318 -1.2298 0.501 6.38648e-07 -6.1261
6.75 4500.0 1.0789 -0.1713 -0.1944 0.1193 9.64751e-07 -5.6197
6.75 4750.0 1.3171 -0.7617 0.4267 -0.1124 1.45896e-06 -5.1669
6.75 5000.0 0.8491 0.4124 -0.6845 0.2803 1.85803e-06 -4.7596
6.75 5250.0 0.8125 0.5059 -0.7417 0.2955 2.99368e-06 -4.3916
6.75 5500.0 0.6777 0.8228 -1.0025 0.3805 4.50452e-06 -4.0573
6.75 5750.0 0.4505 1.3763 -1.4995 0.5453 6.35078e-06 -3.7526
6.75 6000.0 0.1868 2.0426 -2.1313 0.7578 8.49677e-06 -3.4737
6.75 6250.0 -0.0337 2.5859 -2.6415 0.9244 1.09164e-05 -3.2176
6.75 6500.0 -0.1802 2.9233 -2.9425 1.0152 1.35916e-05 -2.9817
6.75 7000.0 -0.2881 3.082 -3.015 1.0061 1.9638e-05 -2.5621
6.75 7500.0 -0.2754 2.9154 -2.7738 0.8922 2.64645e-05 -2.2004
6.75 8000.0 -0.1959 2.5529 -2.3396 0.7162 3.39501e-05 -1.886
6.75 8500.0 -0.0755 2.06 -1.7754 0.5001 4.20696e-05 -1.6107
6.75 9000.0 0.0973 1.4145 -1.059 0.2353 5.08984e-05 -1.3678
6.75 9500.0 0.341 0.5888 -0.1793 -0.0772 6.04434e-05 -1.1523
6.75 10000.0 0.5841 -0.1956 0.6184 -0.3463 7.03633e-05 -0.9601
6.75 10500.0 0.7202 -0.6235 1.0133 -0.4624 7.99942e-05 -0.7877
6.75 11000.0 0.7989 -0.8232 1.1217 -0.4654 8.7632e-05 -0.6325
6.75 11500.0 0.8158 -0.8341 1.0476 -0.4129 9.53872e-05 -0.4921
6.75 12000.0 0.8042 -0.7976 0.9786 -0.379 0.00010585 -0.3647
6.75 12500.0 0.7911 -0.7708 0.9459 -0.3671 0.000118205 -0.2485
6.75 13000.0 0.7784 -0.7431 0.9143 -0.357 0.000131665 -0.1423
6.75 13500.0 0.7658 -0.7121 0.878 -0.3449 0.000146048 -0.0449
6.75 14000.0 0.7562 -0.6878 0.8469 -0.334 0.000161227 0.0447
6.75 14500.0 0.7484 -0.6686 0.8206 -0.3247 0.000177138 0.1274
6.75 15000.0 0.7436 -0.6574 0.8029 -0.3183 0.000193742 0.2038
6.75 15500.0 0.7399 -0.65 0.7898 -0.3137 0.00021101 0.2747
6.75 16000.0 0.7366 -0.6438 0.7781 -0.3095 0.000228932 0.3406
6.75 16500.0 0.7356 -0.6434 0.7728 -0.3076 0.000247508 0.4019
6.75 17000.0 0.7336 -0.6407 0.7653 -0.3049 0.000266736 0.4592
6.75 20000.0 0.7794 -0.7546 0.8499 -0.3339 0.000396024 0.7352
6.75 25000.0 0.9508 -1.1154 1.1408 -0.4284 0.000672304 1.0314
6.75 30000.0 0.8765 -0.8779 0.7989 -0.285 0.0010779 1.2181
6.75 35000.0 0.6554 -0.505 0.4098 -0.1425 0.00155408 1.3457
6.75 40000.0 0.5445 -0.3923 0.3273 -0.1189 0.00193196 1.4381
6.75 45000.0 0.5065 -0.407 0.3679 -0.1384 0.00224547 1.508
6.75 50000.0 0.5005 -0.4722 0.4533 -0.1729 0.00253462 1.5625
6.75 55000.0 0.5087 -0.5527 0.5495 -0.2103 0.0027995 1.6063
6.75 60000.0 0.5277 -0.6402 0.6461 -0.2466 0.00304383 1.6422
7.0 3750.0 -0.4321 3.4399 -3.73 1.3755 3.21049e-07 -7.3421
7.0 4000.0 0.168 2.0964 -2.4909 0.9558 4.51438e-07 -6.696
7.0 4250.0 0.7638 0.6414 -1.0362 0.4305 6.57142e-07 -6.1261
7.0 4500.0 1.1594 -0.3673 0.007 0.0449 9.7985e-07 -5.6197
7.0 4750.0 1.3636 -0.8926 0.5644 -0.164 1.46808e-06 -5.1669
7.0 5000.0 0.885 0.3272 -0.6115 0.2558 1.80031e-06 -4.7596
7.0 5250.0 0.8538 0.4036 -0.6541 0.2654 2.89951e-06 -4.3916
7.0 5500.0 0.7743 0.6007 -0.8127 0.3173 4.40043e-06 -4.0573
7.0 5750.0 0.5795 1.0685 -1.2249 0.4542 6.2623e-06 -3.7526
7.0 6000.0 0.3235 1.7063 -1.821 0.6546 8.44436e-06 -3.4737
7.0 6250.0 0.0798 2.3157 -2.4 0.8477 1.09137e-05 -3.2176
7.0 6500.0 -0.0958 2.7328 -2.7827 0.9684 1.36414e-05 -2.9817
7.0 7000.0 -0.2455 3.019 -2.9974 1.0138 1.98002e-05 -2.5621
7.0 7500.0 -0.2503 2.9237 -2.847 0.9369 2.67591e-05 -2.2004
7.0 8000.0 -0.1948 2.6556 -2.5297 0.8068 3.44094e-05 -1.886
7.0 8500.0 -0.097 2.2399 -2.0503 0.6206 4.27191e-05 -1.6107
7.0 9000.0 0.0369 1.6976 -1.429 0.3849 5.17561e-05 -1.3678
7.0 9500.0 0.2301 0.9823 -0.6278 0.088 6.15619e-05 -1.1523
7.0 10000.0 0.4751 0.1438 0.2738 -0.2334 7.18795e-05 -0.9601
7.0 10500.0 0.6415 -0.4099 0.8351 -0.4194 8.21929e-05 -0.7877
7.0 11000.0 0.7348 -0.6987 1.0802 -0.4811 9.14491e-05 -0.6325
7.0 11500.0 0.7868 -0.8129 1.1018 -0.4558 9.87116e-05 -0.4921
7.0 12000.0 0.7875 -0.785 1.0022 -0.398 0.000107564 -0.3647
7.0 12500.0 0.7746 -0.7463 0.9367 -0.367 0.000119074 -0.2485
7.0 13000.0 0.7624 -0.719 0.9016 -0.3538 0.000132182 -0.1423
7.0 13500.0 0.7512 -0.6933 0.8709 -0.3436 0.000146283 -0.0449
7.0 14000.0 0.7413 -0.6675 0.8382 -0.3323 0.000161307 0.0447
7.0 14500.0 0.7312 -0.6431 0.807 -0.3213 0.000177118 0.1274
7.0 15000.0 0.7251 -0.6283 0.7856 -0.3136 0.000193664 0.2038
7.0 15500.0 0.7255 -0.6289 0.7796 -0.3114 0.000210903 0.2747
7.0 16000.0 0.7235 -0.6246 0.7694 -0.3077 0.000228839 0.3406
7.0 16500.0 0.723 -0.6242 0.7634 -0.3056 0.000247448 0.4019
7.0 17000.0 0.7202 -0.619 0.7532 -0.3019 0.000266738 0.4592
7.0 20000.0 0.776 -0.7501 0.8519 -0.3358 0.00039663 0.7352
7.0 25000.0 0.949 -1.1083 1.1355 -0.4268 0.000674385 1.0314
7.0 30000.0 0.8841 -0.8935 0.8144 -0.2907 0.00108113 1.2181
7.0 35000.0 0.6331 -0.4529 0.358 -0.1237 0.00155372 1.3457
7.0 40000.0 0.5131 -0.3196 0.2547 -0.0926 0.00192788 1.4381
7.0 45000.0 0.4673 -0.3171 0.2779 -0.1056 0.00223811 1.508
7.0 50000.0 0.4513 -0.36 0.3411 -0.132 0.00252242 1.5625
7.0 55000.0 0.4521 -0.4208 0.4163 -0.1616 0.00277673 1.6063
7.0 60000.0 0.4616 -0.4901 0.4962 -0.1921 0.00301956 1.6422
7.0 65000.0 0.323 0.1144 -0.1749 0.0598 0.00383293 1.6722
7.0 70000.0 0.3108 0.0976 -0.145 0.0468 0.00408767 1.6975
7.0 75000.0 0.3057 0.0686 -0.1042 0.03 0.00433887 1.7193
7.0 80000.0 0.3059 0.0318 -0.0573 0.0114 0.00458786 1.7381
7.0 85000.0 0.311 -0.0125 -0.004 -0.0093 0.00483582 1.7546
7.0 90000.0 0.3198 -0.062 0.0533 -0.0312 0.00508295 1.7691
7.0 100000.0 0.3412 -0.164 0.1691 -0.0753 0.00557733 1.7936
7.25 3750.0 -0.3368 3.2576 -3.5814 1.3316 3.41164e-07 -7.3421
7.25 4000.0 0.2592 1.8913 -2.2903 0.8852 4.73295e-07 -6.696
7.25 4250.0 0.8351 0.4731 -0.8625 0.3666 6.7793e-07 -6.1261
7.25 4500.0 1.2231 -0.5216 0.1678 -0.0149 9.97649e-07 -5.6197
7.25 4750.0 1.4118 -1.0147 0.69 -0.2106 1.47946e-06 -5.1669
7.25 5000.0 0.9136 0.2664 -0.5636 0.2405 1.75031e-06 -4.7596
7.25 5250.0 0.8972 0.3042 -0.573 0.2392 2.80829e-06 -4.3916
7.25 5500.0 0.8315 0.4649 -0.6988 0.2791 4.28637e-06 -4.0573
7.25 5750.0 0.6866 0.8152 -1.0036 0.381 6.15684e-06 -3.7526
7.25 6000.0 0.4556 1.384 -1.5269 0.5569 8.37474e-06 -3.4737
7.25 6250.0 0.2022 2.018 -2.1288 0.7593 1.08936e-05 -3.2176
7.25 6500.0 -0.0045 2.5222 -2.6017 0.9137 1.36827e-05 -2.9817
7.25 7000.0 -0.2055 2.9537 -2.9691 1.0155 1.99781e-05 -2.5621
7.25 7500.0 -0.23 2.9267 -2.899 0.9699 2.70871e-05 -2.2004
7.25 8000.0 -0.1853 2.713 -2.654 0.869 3.4901e-05 -1.886
7.25 8500.0 -0.1089 2.3857 -2.2841 0.7255 4.34062e-05 -1.6107
7.25 9000.0 -0.0033 1.9381 -1.7668 0.5268 5.26595e-05 -1.3678
7.25 9500.0 0.1458 1.3415 -1.0772 0.2646 6.27362e-05 -1.1523
7.25 10000.0 0.3546 0.571 -0.2091 -0.0576 7.34526e-05 -0.9601
7.25 10500.0 0.5414 -0.0844 0.4983 -0.3085 8.43454e-05 -0.7877
7.25 11000.0 0.6462 -0.4447 0.8577 -0.4229 9.48905e-05 -0.6325
7.25 11500.0 0.7198 -0.6625 1.0222 -0.4552 0.000103446 -0.4921
7.25 12000.0 0.7555 -0.7312 1.0069 -0.4204 0.000111114 -0.3647
7.25 12500.0 0.7528 -0.7015 0.9174 -0.369 0.000121096 -0.2485
7.25 13000.0 0.7432 -0.6732 0.8653 -0.3433 0.000133506 -0.1423
7.25 13500.0 0.7345 -0.6548 0.8391 -0.3331 0.000147332 -0.0449
7.25 14000.0 0.7262 -0.6362 0.8148 -0.3248 0.000162124 0.0447
7.25 14500.0 0.7198 -0.6192 0.7908 -0.3164 0.000177814 0.1274
7.25 15000.0 0.7174 -0.612 0.7761 -0.311 0.000194269 0.2038
7.25 15500.0 0.7129 -0.6018 0.7597 -0.3052 0.000211477 0.2747
7.25 16000.0 0.7115 -0.5989 0.7508 -0.302 0.000229411 0.3406
7.25 16500.0 0.7102 -0.5964 0.7425 -0.299 0.000248053 0.4019
7.25 17000.0 0.7126 -0.6018 0.7418 -0.2986 0.000267393 0.4592
7.25 20000.0 0.7728 -0.7396 0.8451 -0.3339 0.00039794 0.7352
7.25 25000.0 0.9485 -1.1002 1.1273 -0.4238 0.000677455 1.0314
7.25 30000.0 0.8754 -0.8691 0.7888 -0.2812 0.00108581 1.2181
7.25 35000.0 0.6222 -0.4256 0.3301 -0.1135 0.00155485 1.3457
7.25 40000.0 0.4936 -0.2723 0.2065 -0.0748 0.00192538 1.4381
7.25 45000.0 0.4385 -0.2486 0.2083 -0.0801 0.00223247 1.508
7.25 50000.0 0.4158 -0.2754 0.2552 -0.1005 0.00251077 1.5625
7.25 55000.0 0.4097 -0.3212 0.3155 -0.1247 0.00276203 1.6063
7.25 60000.0 0.4125 -0.3767 0.3819 -0.1503 0.0030045 1.6422
7.5 3750.0 -0.2373 3.054 -3.4012 1.2737 3.62388e-07 -7.3421
7.5 4000.0 0.3511 1.6801 -2.0786 0.8092 4.97251e-07 -6.696
7.5 4250.0 0.8991 0.3211 -0.7035 0.3077 7.01409e-07 -6.1261
7.5 4500.0 1.2733 -0.6415 0.2938 -0.062 1.01842e-06 -5.6197
7.5 4750.0 1.4588 -1.1295 0.8081 -0.2544 1.49414e-06 -5.1669
7.5 5000.0 0.9316 0.2337 -0.5423 0.2346 1.70671e-06 -4.7596
7.5 5250.0 0.909 0.2757 -0.5569 0.2352 2.72498e-06 -4.3916
7.5 5500.0 0.8758 0.3609 -0.6145 0.2516 4.16789e-06 -4.0573
7.5 5750.0 0.7683 0.6222 -0.8381 0.326 6.03576e-06 -3.7526
7.5 6000.0 0.5743 1.0955 -1.2673 0.4707 8.28199e-06 -3.4737
7.5 6250.0 0.3293 1.7065 -1.8436 0.6655 1.08526e-05 -3.2176
7.5 6500.0 0.1002 2.2725 -2.3792 0.8435 1.371e-05 -2.9817
7.5 7000.0 -0.1571 2.8551 -2.898 0.9996 2.01516e-05 -2.5621
7.5 7500.0 -0.213 2.9212 -2.9274 0.9906 2.74373e-05 -2.2004
7.5 8000.0 -0.1736 2.7421 -2.731 0.91 3.54298e-05 -1.886
7.5 8500.0 -0.1056 2.4698 -2.4389 0.7986 4.41304e-05 -1.6107
7.5 9000.0 -0.0198 2.109 -2.0317 0.6431 5.36021e-05 -1.3678
7.5 9500.0 0.0865 1.6515 -1.4958 0.4367 6.39244e-05 -1.1523
7.5 10000.0 0.2557 0.9863 -0.7235 0.1429 7.50385e-05 -0.9601
7.5 10500.0 0.4378 0.3076 0.0422 -0.1403 8.64906e-05 -0.7877
7.5 11000.0 0.5512 -0.1086 0.4912 -0.2973 9.78839e-05 -0.6325
7.5 11500.0 0.6218 -0.3558 0.7285 -0.3674 0.000108441 -0.4921
7.5 12000.0 0.6858 -0.5419 0.8635 -0.3914 0.000116539 -0.3647
7.5 12500.0 0.7151 -0.6034 0.857 -0.3643 0.000125006 -0.2485
7.5 13000.0 0.717 -0.5947 0.7988 -0.3262 0.000136028 -0.1423
7.5 13500.0 0.7144 -0.589 0.7735 -0.3106 0.00014925 -0.0449
7.5 14000.0 0.7116 -0.5879 0.7659 -0.307 0.000163795 0.0447
7.5 14500.0 0.7079 -0.5832 0.7569 -0.3043 0.000179271 0.1274
7.5 15000.0 0.7048 -0.5773 0.7457 -0.3008 0.000195536 0.2038
7.5 15500.0 0.6934 -0.5526 0.7158 -0.2902 0.000212848 0.2747
7.5 16000.0 0.6915 -0.5491 0.7062 -0.2868 0.000230776 0.3406
7.5 16500.0 0.6952 -0.5569 0.7074 -0.2871 0.000249432 0.4019
7.5 17000.0 0.6994 -0.5661 0.7102 -0.2879 0.000268819 0.4592
7.5 20000.0 0.7734 -0.732 0.8386 -0.3319 0.000400054 0.7352
7.5 25000.0 0.9566 -1.108 1.1331 -0.4256 0.000681604 1.0314
7.5 30000.0 0.8693 -0.8492 0.7667 -0.2728 0.00109196 1.2181
7.5 35000.0 0.6099 -0.3941 0.2975 -0.1014 0.00155753 1.3457
7.5 40000.0 0.4783 -0.2339 0.1669 -0.0602 0.00192455 1.4381
7.5 45000.0 0.415 -0.1906 0.1486 -0.058 0.00222879 1.508
7.5 50000.0 0.3901 -0.2127 0.1908 -0.0767 0.00250405 1.5625
7.5 55000.0 0.3788 -0.2473 0.24 -0.0969 0.00275341 1.6063
7.5 60000.0 0.3764 -0.2901 0.2936 -0.1178 0.00298652 1.6422
7.5 65000.0 0.1625 0.3455 -0.3764 0.1302 0.00350367 1.6722
7.5 70000.0 0.1407 0.3538 -0.3743 0.1279 0.00373395 1.6975
7.5 75000.0 0.1237 0.3548 -0.3659 0.1235 0.00395869 1.7193
7.5 80000.0 0.1121 0.3482 -0.3513 0.1172 0.00417928 1.7381
7.5 85000.0 0.1044 0.3357 -0.332 0.1093 0.00439917 1.7546
7.5 90000.0 0.1001 0.3179 -0.3079 0.0998 0.00461691 1.7691
7.5 100000.0 0.0938 0.2817 -0.2603 0.081 0.00505019 1.7936
7.75 3750.0 -0.1276 2.8186 -3.1819 1.1996 3.85241e-07 -7.3421
7.75 4000.0 0.4442 1.4616 -1.8557 0.7281 5.23433e-07 -6.696
7.75 4250.0 0.9575 0.1819 -0.5559 0.2525 7.27693e-07 -6.1261
7.75 4500.0 1.3127 -0.7347 0.3937 -0.0996 1.04253e-06 -5.6197
7.75 4750.0 1.4941 -1.2142 0.8966 -0.2875 1.51251e-06 -5.1669
7.75 5000.0 0.9475 0.2107 -0.5304 0.2323 1.66804e-06 -4.7596
7.75 5250.0 0.9054 0.283 -0.5729 0.242 2.65007e-06 -4.3916
7.75 5500.0 0.8902 0.3204 -0.5855 0.2426 4.05026e-06 -4.0573
7.75 5750.0 0.8228 0.4895 -0.7255 0.2884 5.90303e-06 -3.7526
7.75 6000.0 0.6731 0.8575 -1.057 0.4008 8.16588e-06 -3.4737
7.75 6250.0 0.4523 1.4037 -1.5661 0.5731 1.07858e-05 -3.2176
7.75 6500.0 0.2169 1.9847 -2.1138 0.7563 1.37093e-05 -2.9817
7.75 7000.0 -0.0967 2.719 -2.7848 0.9676 2.03215e-05 -2.5621
7.75 7500.0 -0.1853 2.8718 -2.8981 0.9874 2.77878e-05 -2.2004
7.75 8000.0 -0.1641 2.7567 -2.7762 0.9353 3.5989e-05 -1.886
7.75 8500.0 -0.1038 2.5353 -2.5564 0.854 4.48923e-05 -1.6107
7.75 9000.0 -0.0339 2.2581 -2.2628 0.745 5.45716e-05 -1.3678
7.75 9500.0 0.0624 1.8626 -1.8133 0.574 6.51342e-05 -1.1523
7.75 10000.0 0.1821 1.3577 -1.2183 0.3446 7.6594e-05 -0.9601
7.75 10500.0 0.3449 0.7159 -0.4715 0.0608 8.85888e-05 -0.7877
7.75 11000.0 0.4662 0.2529 0.0485 -0.1294 0.00010069 -0.6325
7.75 11500.0 0.5332 -0.0018 0.3171 -0.2191 0.000112561 -0.4921
7.75 12000.0 0.5894 -0.2008 0.5038 -0.2717 0.000122876 -0.3647
7.75 12500.0 0.6461 -0.3732 0.638 -0.3005 0.00013105 -0.2485
7.75 13000.0 0.6754 -0.4489 0.6628 -0.2888 0.000140434 -0.1423
7.75 13500.0 0.686 -0.4763 0.654 -0.271 0.000152381 -0.0449
7.75 14000.0 0.6932 -0.5049 0.67 -0.2712 0.000166337 0.0447
7.75 14500.0 0.6973 -0.5288 0.693 -0.2794 0.000181601 0.1274
7.75 15000.0 0.698 -0.5408 0.7043 -0.2848 0.000197746 0.2038
7.75 15500.0 0.6985 -0.5459 0.7065 -0.2864 0.000214851 0.2747
7.75 16000.0 0.7002 -0.5505 0.7052 -0.2861 0.000232856 0.3406
7.75 16500.0 0.7019 -0.5557 0.7047 -0.286 0.000251524 0.4019
7.75 17000.0 0.7092 -0.5719 0.7141 -0.2891 0.000270936 0.4592
7.75 20000.0 0.7827 -0.739 0.8437 -0.3335 0.000402861 0.7352
7.75 25000.0 0.9618 -1.1076 1.13 -0.4241 0.000686694 1.0314
7.75 30000.0 0.8679 -0.8389 0.7538 -0.2677 0.0010993 1.2181
7.75 35000.0 0.6044 -0.3781 0.2807 -0.0952 0.00156137 1.3457
7.75 40000.0 0.4691 -0.2085 0.1396 -0.0498 0.00192498 1.4381
7.75 45000.0 0.4063 -0.1669 0.1235 -0.0486 0.0022266 1.508
7.75 50000.0 0.3732 -0.1688 0.1448 -0.0596 0.00249641 1.5625
7.75 55000.0 0.3576 -0.1929 0.1834 -0.0758 0.00274021 1.6063
7.75 60000.0 0.3509 -0.2275 0.2292 -0.094 0.002977 1.6422
7.75 65000.0 0.2874 0.2302 -0.3089 0.1125 0.00377277 1.6722
7.75 70000.0 0.2563 0.2604 -0.3275 0.1173 0.00401182 1.6975
7.75 75000.0 0.2301 0.2827 -0.339 0.1197 0.00424496 1.7193
7.75 80000.0 0.2098 0.2948 -0.3413 0.1189 0.0044738 1.7381
7.75 85000.0 0.1932 0.3022 -0.3406 0.1175 0.00470138 1.7546
7.75 90000.0 0.1802 0.3036 -0.3346 0.1143 0.00492658 1.7691
7.75 100000.0 0.1568 0.3047 -0.3222 0.1078 0.00537372 1.7936
8.0 3750.0 -0.0063 2.5477 -2.9197 1.1082 4.11215e-07 -7.3421
8.0 4000.0 0.5365 1.2418 -1.628 0.6445 5.52007e-07 -6.696
8.0 4250.0 1.0115 0.0523 -0.4164 0.2 7.57047e-07 -6.1261
8.0 4500.0 1.3439 -0.8079 0.4748 -0.1308 1.07015e-06 -5.6197
8.0 4750.0 1.5184 -1.2701 0.9566 -0.3104 1.53505e-06 -5.1669
8.0 5000.0 0.9726 0.1688 -0.4984 0.2226 1.63298e-06 -4.7596
8.0 5250.0 0.9079 0.2883 -0.5923 0.2515 2.58397e-06 -4.3916
8.0 5500.0 0.9076 0.2824 -0.563 0.2373 3.93827e-06 -4.0573
8.0 5750.0 0.8651 0.3906 -0.6468 0.2634 5.75983e-06 -3.7526
8.0 6000.0 0.749 0.6741 -0.8977 0.3478 8.0306e-06 -3.4737
8.0 6250.0 0.5632 1.1305 -1.318 0.4904 1.06902e-05 -3.2176
8.0 6500.0 0.3365 1.689 -1.8418 0.6665 1.36805e-05 -2.9817
8.0 7000.0 -0.0265 2.5577 -2.6473 0.9271 2.04704e-05 -2.5621
8.0 7500.0 -0.1534 2.8051 -2.8468 0.9753 2.81471e-05 -2.2004
8.0 8000.0 -0.1674 2.7962 -2.8387 0.9647 3.65693e-05 -1.886
8.0 8500.0 -0.1022 2.5782 -2.6323 0.8901 4.56911e-05 -1.6107
8.0 9000.0 -0.0348 2.3446 -2.4088 0.8117 5.5581e-05 -1.3678
8.0 9500.0 0.0515 2.0213 -2.0654 0.6857 6.63746e-05 -1.1523
8.0 10000.0 0.15 1.6143 -1.5976 0.5072 7.81279e-05 -0.9601
8.0 10500.0 0.2823 1.0686 -0.9547 0.2598 9.0629e-05 -0.7877
8.0 11000.0 0.4 0.5982 -0.4111 0.0551 0.000103366 -0.6325
8.0 11500.0 0.4722 0.3217 -0.1094 -0.051 0.000116145 -0.4921
8.0 12000.0 0.5193 0.1438 0.0697 -0.1065 0.000128417 -0.3647
8.0 12500.0 0.569 -0.0392 0.2468 -0.1586 0.000138493 -0.2485
8.0 13000.0 0.6164 -0.1988 0.3849 -0.1942 0.000147151 -0.1423
8.0 13500.0 0.646 -0.2957 0.4515 -0.2025 0.000157352 -0.0449
8.0 14000.0 0.6672 -0.3662 0.501 -0.2089 0.000170207 0.0447
8.0 14500.0 0.6832 -0.4318 0.5656 -0.2288 0.000184859 0.1274
8.0 15000.0 0.6939 -0.4829 0.6241 -0.2514 0.000200854 0.2038
8.0 15500.0 0.701 -0.5193 0.6677 -0.2701 0.000217609 0.2747
8.0 16000.0 0.7041 -0.5364 0.6855 -0.2782 0.000235552 0.3406
8.0 16500.0 0.6836 -0.5009 0.651 -0.2672 0.000254397 0.4019
8.0 17000.0 0.7125 -0.5595 0.6982 -0.283 0.000273809 0.4592
8.0 20000.0 0.7883 -0.7356 0.8373 -0.331 0.000406402 0.7352
8.0 25000.0 0.9725 -1.1174 1.1354 -0.4254 0.000692595 1.0314
8.0 30000.0 0.8668 -0.8294 0.741 -0.2626 0.00110774 1.2181
8.0 35000.0 0.6012 -0.3671 0.2681 -0.0904 0.00156627 1.3457
8.0 40000.0 0.4641 -0.1927 0.1223 -0.0432 0.00192663 1.4381
8.0 45000.0 0.3986 -0.1446 0.0993 -0.0393 0.0022258 1.508
8.0 50000.0 0.3627 -0.1398 0.1138 -0.0479 0.00249308 1.5625
8.0 55000.0 0.3438 -0.1562 0.1445 -0.0612 0.00273464 1.6063
8.0 60000.0 0.3339 -0.1828 0.1823 -0.0765 0.00296556 1.6422
8.25 3750.0 0.1041 2.2958 -2.6689 1.0188 4.38049e-07 -7.3421
8.25 4000.0 0.6254 1.028 -1.4035 0.5611 5.83339e-07 -6.696
8.25 4250.0 1.0613 -0.0677 -0.2856 0.1504 7.89648e-07 -6.1261
8.25 4500.0 1.3695 -0.8668 0.5417 -0.1568 1.10154e-06 -5.6197
8.25 4750.0 1.5336 -1.3025 0.993 -0.3245 1.56258e-06 -5.1669
8.25 5000.0 1.0228 0.0696 -0.4081 0.1918 1.60041e-06 -4.7596
8.25 5250.0 0.8946 0.3295 -0.6428 0.2712 2.52493e-06 -4.3916
8.25 5500.0 0.9024 0.2951 -0.5865 0.2474 3.83687e-06 -4.0573
8.25 5750.0 0.8711 0.3634 -0.6262 0.2564 5.6167e-06 -3.7526
8.25 6000.0 0.8019 0.545 -0.788 0.3115 7.87645e-06 -3.4737
8.25 6250.0 0.654 0.9079 -1.1187 0.4236 1.05649e-05 -3.2176
8.25 6500.0 0.4512 1.4072 -1.5849 0.5815 1.36157e-05 -2.9817
8.25 7000.0 0.0608 2.3487 -2.4608 0.8688 2.05949e-05 -2.5621
8.25 7500.0 -0.1167 2.7247 -2.7816 0.9582 2.84957e-05 -2.2004
8.25 8000.0 -0.1421 2.7374 -2.7839 0.9481 3.71577e-05 -1.886
8.25 8500.0 -0.0987 2.5954 -2.6649 0.9065 4.65157e-05 -1.6107
8.25 9000.0 -0.0358 2.4048 -2.5065 0.8561 5.66267e-05 -1.3678
8.25 9500.0 0.0465 2.1367 -2.252 0.7691 6.76401e-05 -1.1523
8.25 10000.0 0.1385 1.7965 -1.8879 0.6357 7.96512e-05 -0.9601
8.25 10500.0 0.2478 1.3475 -1.3669 0.4362 9.25592e-05 -0.7877
8.25 11000.0 0.3648 0.8755 -0.8181 0.2273 0.000105921 -0.6325
8.25 11500.0 0.4421 0.5796 -0.4907 0.1089 0.000119431 -0.4921
8.25 12000.0 0.4981 0.3831 -0.29 0.0431 0.000132914 -0.3647
8.25 12500.0 0.5407 0.2232 -0.1288 -0.0066 0.000145514 -0.2485
8.25 13000.0 0.5803 0.0608 0.0378 -0.0589 0.000155573 -0.1423
8.25 13500.0 0.6162 -0.081 0.1741 -0.0988 0.000164907 -0.0449
8.25 14000.0 0.6456 -0.1945 0.2764 -0.125 0.000176056 0.0447
8.25 14500.0 0.6692 -0.2933 0.3735 -0.1529 0.000189522 0.1274
8.25 15000.0 0.6897 -0.3875 0.4807 -0.1911 0.000204832 0.2038
8.25 15500.0 0.7046 -0.4632 0.5751 -0.2291 0.000221416 0.2747
8.25 16000.0 0.7135 -0.5166 0.6446 -0.2588 0.000238692 0.3406
8.25 16500.0 0.7207 -0.5467 0.6797 -0.2744 0.000257602 0.4019
8.25 17000.0 0.7237 -0.5591 0.6896 -0.2786 0.00027739 0.4592
8.25 20000.0 0.807 -0.7573 0.8524 -0.3354 0.000410527 0.7352
8.25 25000.0 0.9798 -1.1204 1.1342 -0.4244 0.000699247 1.0314
8.25 30000.0 0.8677 -0.8238 0.7316 -0.2585 0.00111708 1.2181
8.25 35000.0 0.6016 -0.3648 0.2643 -0.0886 0.00157202 1.3457
8.25 40000.0 0.4541 -0.167 0.096 -0.0336 0.00192923 1.4381
8.25 45000.0 0.3956 -0.1334 0.0866 -0.0344 0.00222613 1.508
8.25 50000.0 0.3576 -0.1232 0.0954 -0.0408 0.00248975 1.5625
8.25 55000.0 0.3357 -0.1326 0.1188 -0.0514 0.0027307 1.6063
8.25 60000.0 0.3234 -0.1527 0.15 -0.0643 0.00295552 1.6422
8.25 65000.0 0.3112 0.192 -0.2773 0.1023 0.0037494 1.6722
8.25 70000.0 0.2769 0.2326 -0.308 0.1118 0.0039816 1.6975
8.25 75000.0 0.248 0.2639 -0.3299 0.1183 0.00420776 1.7193
8.25 80000.0 0.2231 0.2888 -0.3459 0.1227 0.00442911 1.7381
8.25 85000.0 0.2016 0.3089 -0.3586 0.1262 0.00464631 1.7546
8.25 90000.0 0.1828 0.3257 -0.3689 0.1291 0.00486213 1.7691
8.25 100000.0 0.1483 0.3558 -0.3869 0.1339 0.00528796 1.7936
8.5 3750.0 0.2233 2.0148 -2.3822 0.9147 4.67989e-07 -7.3421
8.5 4000.0 0.7117 0.8177 -1.1797 0.4774 6.17879e-07 -6.696
8.5 4250.0 1.1071 -0.1801 -0.1605 0.1025 8.26068e-07 -6.1261
8.5 4500.0 1.3894 -0.9117 0.5946 -0.1776 1.13735e-06 -5.6197
8.5 4750.0 1.5447 -1.3245 1.0199 -0.3353 1.59471e-06 -5.1669
8.5 5000.0 0.8751 0.4429 -0.7891 0.3309 1.56751e-06 -4.7596
8.5 5250.0 0.8845 0.37 -0.6939 0.2916 2.47107e-06 -4.3916
8.5 5500.0 0.8897 0.3306 -0.6327 0.2657 3.7456e-06 -4.0573
8.5 5750.0 0.8906 0.3223 -0.6024 0.2513 5.47684e-06 -3.7526
8.5 6000.0 0.838 0.4551 -0.7134 0.2872 7.71244e-06 -3.4737
8.5 6250.0 0.7229 0.7393 -0.9713 0.3747 1.04187e-05 -3.2176
8.5 6500.0 0.5544 1.1536 -1.3553 0.5051 1.35191e-05 -2.9817
8.5 7000.0 0.161 2.1047 -2.2391 0.7975 2.06832e-05 -2.5621
8.5 7500.0 -0.0717 2.6247 -2.6993 0.9358 2.8822e-05 -2.2004
8.5 8000.0 -0.1252 2.7021 -2.7545 0.941 3.77496e-05 -1.886
8.5 8500.0 -0.0918 2.5892 -2.6625 0.9079 4.73638e-05 -1.6107
8.5 9000.0 -0.037 2.4412 -2.5605 0.8801 5.77168e-05 -1.3678
8.5 9500.0 0.045 2.211 -2.3712 0.8225 6.89466e-05 -1.1523
8.5 10000.0 0.1356 1.9251 -2.0998 0.7309 8.11899e-05 -0.9601
8.5 10500.0 0.241 1.5334 -1.6707 0.5716 9.44444e-05 -0.7877
8.5 11000.0 0.3485 1.0999 -1.1707 0.3813 0.000108341 -0.6325
8.5 11500.0 0.4437 0.7493 -0.7836 0.2395 0.000122521 -0.4921
8.5 12000.0 0.5128 0.5233 -0.5545 0.1626 0.000136872 -0.3647
8.5 12500.0 0.5702 0.3359 -0.3672 0.1022 0.000151068 -0.2485
8.5 13000.0 0.6058 0.1922 -0.2165 0.054 0.000164006 -0.1423
8.5 13500.0 0.6335 0.0541 -0.0639 0.0028 0.000174331 -0.0449
8.5 14000.0 0.6554 -0.0622 0.0611 -0.0373 0.000184396 0.0447
8.5 14500.0 0.6739 -0.1638 0.1689 -0.0703 0.000196171 0.1274
8.5 15000.0 0.6955 -0.2761 0.2963 -0.1133 0.000210372 0.2038
8.5 15500.0 0.7138 -0.3801 0.4269 -0.1631 0.000226368 0.2747
8.5 16000.0 0.728 -0.4684 0.5455 -0.2121 0.000243701 0.3406
8.5 16500.0 0.7397 -0.5365 0.6378 -0.2521 0.000262029 0.4019
8.5 17000.0 0.7479 -0.5787 0.692 -0.276 0.000281447 0.4592
8.5 20000.0 0.83 -0.7875 0.8745 -0.342 0.000415347 0.7352
8.5 25000.0 0.9981 -1.1448 1.1516 -0.4294 0.000706591 1.0314
8.5 30000.0 0.8636 -0.8103 0.716 -0.2525 0.00112745 1.2181
8.5 35000.0 0.6037 -0.3669 0.2658 -0.089 0.00157866 1.3457
8.5 40000.0 0.4689 -0.1963 0.1234 -0.043 0.00193268 1.4381
8.5 45000.0 0.3958 -0.1294 0.081 -0.032 0.00222763 1.508
8.5 50000.0 0.3569 -0.1156 0.0859 -0.0369 0.00248509 1.5625
8.5 55000.0 0.333 -0.1201 0.1045 -0.0458 0.00272363 1.6063
8.5 60000.0 0.317 -0.1337 0.1296 -0.0565 0.00295269 1.6422
8.5 65000.0 0.3292 0.1581 -0.2458 0.0913 0.00374257 1.6722
8.5 70000.0 0.2949 0.1991 -0.277 0.101 0.00397145 1.6975
8.5 75000.0 0.2655 0.2324 -0.3014 0.1085 0.00419452 1.7193
8.5 80000.0 0.24 0.2602 -0.3214 0.1146 0.0044131 1.7381
8.5 85000.0 0.2179 0.2827 -0.3367 0.1191 0.00462842 1.7546
8.5 90000.0 0.1983 0.3019 -0.3495 0.1228 0.00484105 1.7691
8.5 100000.0 0.1621 0.3374 -0.3735 0.1299 0.00526044 1.7936
8.75 3750.0 0.3384 1.7396 -2.0965 0.8095 5.01519e-07 -7.3421
8.75 4000.0 0.7925 0.6189 -0.9659 0.397 6.56238e-07 -6.696
8.75 4250.0 1.1487 -0.2811 -0.0471 0.0589 8.6661e-07 -6.1261
8.75 4500.0 1.4052 -0.9464 0.6378 -0.1951 1.17782e-06 -5.6197
8.75 4750.0 1.5524 -1.3376 1.0385 -0.3432 1.63195e-06 -5.1669
8.75 5000.0 0.947 0.292 -0.6408 0.2778 1.53728e-06 -4.7596
8.75 5250.0 0.8722 0.4176 -0.7502 0.3134 2.42076e-06 -4.3916
8.75 5500.0 0.8711 0.3837 -0.6958 0.2901 3.66277e-06 -4.0573
8.75 5750.0 0.8724 0.3569 -0.6413 0.2654 5.34751e-06 -3.7526
8.75 6000.0 0.8423 0.4288 -0.6909 0.279 7.54313e-06 -3.4737
8.75 6250.0 0.7688 0.6198 -0.865 0.3385 1.02453e-05 -3.2176
8.75 6500.0 0.6376 0.9488 -1.1722 0.4441 1.33898e-05 -2.9817
8.75 7000.0 0.267 1.8484 -2.0081 0.7231 2.07298e-05 -2.5621
8.75 7500.0 -0.0051 2.465 -2.5559 0.8914 2.91238e-05 -2.2004
8.75 8000.0 -0.0967 2.6329 -2.6892 0.9209 3.83172e-05 -1.886
8.75 8500.0 -0.0809 2.5627 -2.6326 0.8978 4.82222e-05 -1.6107
8.75 9000.0 -0.0318 2.4399 -2.5601 0.8809 5.88512e-05 -1.3678
8.75 9500.0 0.0447 2.2516 -2.4315 0.8489 7.02957e-05 -1.1523
8.75 10000.0 0.1332 2.0171 -2.2462 0.7959 8.27544e-05 -0.9601
8.75 10500.0 0.2421 1.6688 -1.8999 0.6754 9.6294e-05 -0.7877
8.75 11000.0 0.3534 1.2492 -1.4327 0.5004 0.000110656 -0.6325
8.75 11500.0 0.4528 0.8866 -1.0347 0.3541 0.000125433 -0.4921
8.75 12000.0 0.5509 0.58 -0.7212 0.2455 0.000140496 -0.3647
8.75 12500.0 0.6305 0.3437 -0.4883 0.1684 0.000155736 -0.2485
8.75 13000.0 0.688 0.1555 -0.2952 0.104 0.000170655 -0.1423
8.75 13500.0 0.7181 0.0169 -0.1389 0.0503 0.00018403 -0.0449
8.75 14000.0 0.7261 -0.071 -0.0311 0.0129 0.000194865 0.0447
8.75 14500.0 0.7309 -0.15 0.0667 -0.0209 0.000205621 0.1274
8.75 15000.0 0.7369 -0.2313 0.1673 -0.0552 0.000218195 0.2038
8.75 15500.0 0.7439 -0.3172 0.28 -0.0962 0.000232843 0.2747
8.75 16000.0 0.7545 -0.415 0.4146 -0.1495 0.000249291 0.3406
8.75 16500.0 0.765 -0.5049 0.5448 -0.2051 0.000267107 0.4019
8.75 17000.0 0.7755 -0.5885 0.6691 -0.2606 0.000286042 0.4592
8.75 20000.0 0.8581 -0.829 0.9068 -0.3521 0.000420815 0.7352
8.75 25000.0 1.0137 -1.1646 1.165 -0.433 0.000714665 1.0314
8.75 30000.0 0.8699 -0.8183 0.7206 -0.2535 0.00113853 1.2181
8.75 35000.0 0.6074 -0.3738 0.2727 -0.0916 0.00158603 1.3457
8.75 40000.0 0.4723 -0.2011 0.1277 -0.0445 0.00193703 1.4381
8.75 45000.0 0.3989 -0.1328 0.0836 -0.0328 0.00223009 1.508
8.75 50000.0 0.3589 -0.1152 0.0841 -0.036 0.0024842 1.5625
8.75 55000.0 0.3336 -0.1159 0.0986 -0.0433 0.00272 1.6063
8.75 60000.0 0.317 -0.1262 0.1195 -0.0524 0.00294307 1.6422
9.0 3750.0 0.4556 1.4587 -1.8044 0.7016 5.38244e-07 -7.3421
9.0 4000.0 0.8665 0.4369 -0.7681 0.322 6.99164e-07 -6.696
9.0 4250.0 1.1852 -0.3703 0.0552 0.0191 9.11927e-07 -6.1261
9.0 4500.0 1.4174 -0.9733 0.6744 -0.2103 1.22376e-06 -5.6197
9.0 4750.0 1.5538 -1.3347 1.0414 -0.3455 1.67692e-06 -5.1669
9.0 5000.0 0.9046 0.4163 -0.7688 0.3248 1.50819e-06 -4.7596
9.0 5250.0 0.8704 0.4446 -0.7858 0.3281 2.37239e-06 -4.3916
9.0 5500.0 0.8422 0.4619 -0.7805 0.3215 3.5863e-06 -4.0573
9.0 5750.0 0.8601 0.3911 -0.6868 0.2838 5.22902e-06 -3.7526
9.0 6000.0 0.8423 0.4225 -0.6918 0.2803 7.37582e-06 -3.4737
9.0 6250.0 0.8025 0.5356 -0.7952 0.3162 1.00576e-05 -3.2176
9.0 6500.0 0.6983 0.7937 -1.0316 0.3962 1.32272e-05 -2.9817
9.0 7000.0 0.3745 1.5838 -1.7664 0.6436 2.07343e-05 -2.5621
9.0 7500.0 0.0695 2.2901 -2.4034 0.8451 2.93896e-05 -2.2004
9.0 8000.0 -0.0595 2.5426 -2.6054 0.8951 3.88751e-05 -1.886
9.0 8500.0 -0.0633 2.513 -2.5756 0.8775 4.9079e-05 -1.6107
9.0 9000.0 -0.0202 2.4054 -2.5137 0.8625 5.99873e-05 -1.3678
9.0 9500.0 0.0399 2.2805 -2.4615 0.86 7.16879e-05 -1.1523
9.0 10000.0 0.1288 2.0794 -2.3348 0.8337 8.43851e-05 -0.9601
9.0 10500.0 0.2451 1.7612 -2.0555 0.7457 9.81602e-05 -0.7877
9.0 11000.0 0.3655 1.353 -1.6265 0.5904 0.000112907 -0.6325
9.0 11500.0 0.4773 0.9563 -1.1959 0.4322 0.000128214 -0.4921
9.0 12000.0 0.5891 0.6113 -0.844 0.3091 0.00014388 -0.3647
9.0 12500.0 0.6964 0.3056 -0.5423 0.2067 0.000159892 -0.2485
9.0 13000.0 0.7848 0.0445 -0.2781 0.1163 0.000176059 -0.1423
9.0 13500.0 0.84 -0.1489 -0.068 0.0423 0.000191749 -0.0449
9.0 14000.0 0.8541 -0.2483 0.0542 -0.0014 0.000205736 0.0447
9.0 14500.0 0.8453 -0.2888 0.1163 -0.0236 0.00021717 0.1274
9.0 15000.0 0.8316 -0.3237 0.1765 -0.0462 0.000228695 0.2038
9.0 15500.0 0.8187 -0.3613 0.2406 -0.0698 0.000241827 0.2747
9.0 16000.0 0.8099 -0.4125 0.3248 -0.1024 0.000256912 0.3406
9.0 16500.0 0.8079 -0.4845 0.44 -0.1504 0.000273971 0.4019
9.0 17000.0 0.8099 -0.5631 0.5665 -0.2061 0.000292316 0.4592
9.0 20000.0 0.8906 -0.8815 0.95 -0.3661 0.00042699 0.7352
9.0 25000.0 1.0247 -1.1784 1.1752 -0.4361 0.000723314 1.0314
9.0 30000.0 0.8736 -0.8213 0.7211 -0.2532 0.00115016 1.2181
9.0 35000.0 0.6154 -0.3888 0.2865 -0.0963 0.00159412 1.3457
9.0 40000.0 0.4755 -0.2059 0.1325 -0.0463 0.00194201 1.4381
9.0 45000.0 0.4046 -0.1418 0.0918 -0.0356 0.00223339 1.508
9.0 50000.0 0.3628 -0.119 0.0866 -0.0366 0.00248423 1.5625
9.0 55000.0 0.3363 -0.1165 0.0977 -0.0427 0.00271826 1.6063
9.0 60000.0 0.3187 -0.1239 0.1155 -0.0506 0.00293756 1.6422
9.0 65000.0 0.367 0.0831 -0.1741 0.0656 0.00373425 1.6722
9.0 70000.0 0.3337 0.1235 -0.2054 0.0756 0.00395877 1.6975
9.0 75000.0 0.3049 0.1567 -0.2302 0.0833 0.00417711 1.7193
9.0 80000.0 0.2798 0.1848 -0.2509 0.0897 0.00439054 1.7381
9.0 85000.0 0.2577 0.2084 -0.268 0.095 0.00460027 1.7546
9.0 90000.0 0.238 0.2287 -0.2822 0.0993 0.00480692 1.7691
9.0 100000.0 0.2014 0.2677 -0.3109 0.1084 0.00521264 1.7936
9.25 3750.0 0.5713 1.1819 -1.5167 0.5946 5.77779e-07 -7.3421
9.25 4000.0 0.9352 0.2669 -0.5819 0.2512 7.47167e-07 -6.696
9.25 4250.0 1.217 -0.4511 0.1523 -0.0196 9.63402e-07 -6.1261
9.25 4500.0 1.4258 -0.9909 0.7022 -0.2224 1.27586e-06 -5.6197
9.25 4750.0 1.5535 -1.328 1.0414 -0.3467 1.72579e-06 -5.1669
9.25 5000.0 0.961 0.3011 -0.6527 0.2826 1.48102e-06 -4.7596
9.25 5250.0 0.8954 0.4122 -0.763 0.322 2.32619e-06 -4.3916
9.25 5500.0 0.8193 0.5343 -0.8623 0.3527 3.51526e-06 -4.0573
9.25 5750.0 0.8404 0.4453 -0.7504 0.3083 5.11987e-06 -3.7526
9.25 6000.0 0.8426 0.4234 -0.7057 0.288 7.2181e-06 -3.4737
9.25 6250.0 0.8084 0.5049 -0.7673 0.3061 9.86418e-06 -3.2176
9.25 6500.0 0.7383 0.6882 -0.9374 0.3644 1.30392e-05 -2.9817
9.25 7000.0 0.4684 1.3568 -1.5641 0.5778 2.06909e-05 -2.5621
9.25 7500.0 0.1592 2.0767 -2.2139 0.7858 2.96056e-05 -2.2004
9.25 8000.0 -0.011 2.428 -2.5032 0.8642 3.94105e-05 -1.886
9.25 8500.0 -0.044 2.4617 -2.5207 0.8589 4.99382e-05 -1.6107
9.25 9000.0 -0.0107 2.3721 -2.4658 0.843 6.11512e-05 -1.3678
9.25 9500.0 0.0411 2.2751 -2.4425 0.8503 7.31253e-05 -1.1523
9.25 10000.0 0.1279 2.1003 -2.3557 0.8409 8.60396e-05 -0.9601
9.25 10500.0 0.2436 1.8275 -2.1538 0.788 0.000100027 -0.7877
9.25 11000.0 0.373 1.4419 -1.7818 0.6611 0.000115092 -0.6325
9.25 11500.0 0.4917 1.0355 -1.3505 0.5043 0.00013088 -0.4921
9.25 12000.0 0.6172 0.6473 -0.9532 0.364 0.000147104 -0.3647
9.25 12500.0 0.7483 0.278 -0.5879 0.2384 0.000163734 -0.2485
9.25 13000.0 0.868 -0.0608 -0.247 0.12 0.000180744 -0.1423
9.25 13500.0 0.9548 -0.3295 0.0376 0.0183 0.000197858 -0.0449
9.25 14000.0 0.9948 -0.4905 0.2229 -0.0494 0.000214381 0.0447
9.25 14500.0 0.9944 -0.5518 0.31 -0.082 0.000229171 0.1274
9.25 15000.0 0.9702 -0.5526 0.3353 -0.0924 0.000241521 0.2038
9.25 15500.0 0.9397 -0.5382 0.3453 -0.0973 0.000253611 0.2747
9.25 16000.0 0.9106 -0.5305 0.365 -0.1059 0.00026715 0.3406
9.25 16500.0 0.8851 -0.5409 0.4113 -0.1259 0.000282719 0.4019
9.25 17000.0 0.8585 -0.5782 0.5144 -0.1742 0.000299606 0.4592
9.25 20000.0 0.929 -0.9438 1.0009 -0.3823 0.000433731 0.7352
9.25 25000.0 1.0459 -1.2084 1.1968 -0.4422 0.000733167 1.0314
9.25 30000.0 0.8754 -0.8227 0.7214 -0.2533 0.00116284 1.2181
9.25 35000.0 0.6165 -0.3912 0.2904 -0.0982 0.00160258 1.3457
9.25 40000.0 0.4831 -0.2195 0.1454 -0.0509 0.00194768 1.4381
9.25 45000.0 0.409 -0.1483 0.0979 -0.0378 0.00223745 1.508
9.25 50000.0 0.3692 -0.1285 0.0951 -0.0395 0.00248525 1.5625
9.25 55000.0 0.3408 -0.1223 0.1027 -0.0443 0.00271876 1.6063
9.25 60000.0 0.3223 -0.1266 0.1171 -0.051 0.00293438 1.6422
9.5 3750.0 0.6895 0.9043 -1.2348 0.4904 6.19086e-07 -7.3421
9.5 4000.0 1.0009 0.1071 -0.4083 0.185 8.00277e-07 -6.696
9.5 4250.0 1.245 -0.5199 0.235 -0.0525 1.02165e-06 -6.1261
9.5 4500.0 1.4279 -0.9935 0.7166 -0.2302 1.33523e-06 -5.6197
9.5 4750.0 1.5505 -1.3151 1.0363 -0.3464 1.78527e-06 -5.1669
9.5 5000.0 0.9487 0.3496 -0.7003 0.2995 1.47699e-06 -4.7596
9.5 5250.0 0.671 0.967 -1.3223 0.5247 2.27621e-06 -4.3916
9.5 5500.0 0.7846 0.6308 -0.9625 0.3892 3.44538e-06 -4.0573
9.5 5750.0 0.8189 0.5114 -0.8277 0.3383 5.01863e-06 -3.7526
9.5 6000.0 0.8361 0.4471 -0.742 0.3035 7.07311e-06 -3.4737
9.5 6250.0 0.8121 0.4907 -0.7613 0.3055 9.66972e-06 -3.2176
9.5 6500.0 0.7614 0.6182 -0.8726 0.3419 1.28322e-05 -2.9817
9.5 7000.0 0.5536 1.142 -1.3659 0.5108 2.05989e-05 -2.5621
9.5 7500.0 0.2548 1.8486 -2.0115 0.7218 2.97714e-05 -2.2004
9.5 8000.0 0.0447 2.3015 -2.3962 0.8335 3.9903e-05 -1.886
9.5 8500.0 -0.0174 2.3938 -2.453 0.8369 5.07846e-05 -1.6107
9.5 9000.0 0.0044 2.3201 -2.3974 0.816 6.23241e-05 -1.3678
9.5 9500.0 0.0512 2.2327 -2.3768 0.8218 7.46142e-05 -1.1523
9.5 10000.0 0.1277 2.0956 -2.3324 0.8281 8.77468e-05 -0.9601
9.5 10500.0 0.2348 1.878 -2.2088 0.8082 0.00010194 -0.7877
9.5 11000.0 0.3729 1.5168 -1.895 0.71 0.000117259 -0.6325
9.5 11500.0 0.5008 1.1056 -1.4751 0.5608 0.000133459 -0.4921
9.5 12000.0 0.6315 0.6965 -1.0557 0.4119 0.000150194 -0.3647
9.5 12500.0 0.7767 0.2859 -0.6489 0.2711 0.000167373 -0.2485
9.5 13000.0 0.9214 -0.115 -0.2485 0.1315 0.000185019 -0.1423
9.5 13500.0 1.0408 -0.462 0.111 0.0031 0.00020306 -0.0449
9.5 14000.0 1.1136 -0.7029 0.3763 -0.0943 0.000221159 0.0447
9.5 14500.0 1.1364 -0.8225 0.5248 -0.1507 0.000238612 0.1274
9.5 15000.0 1.1216 -0.8444 0.5735 -0.1703 0.000254378 0.2038
9.5 15500.0 1.0835 -0.8043 0.5572 -0.166 0.000267677 0.2747
9.5 16000.0 1.0439 -0.7604 0.5362 -0.1599 0.000280519 0.3406
9.5 16500.0 1.0012 -0.7146 0.5178 -0.1554 0.000294503 0.4019
9.5 17000.0 0.9616 -0.6848 0.5235 -0.1613 0.000310464 0.4592
9.5 20000.0 1.0333 -1.5417 2.0893 -0.9351 0.00052112 0.7352
9.5 25000.0 1.0603 -1.227 1.2102 -0.4461 0.000743557 1.0314
9.5 30000.0 0.8775 -0.8239 0.7207 -0.2528 0.00117629 1.2181
9.5 35000.0 0.6213 -0.3999 0.2992 -0.1016 0.00161193 1.3457
9.5 40000.0 0.4905 -0.233 0.1585 -0.0556 0.00195409 1.4381
9.5 45000.0 0.416 -0.1607 0.11 -0.0422 0.00224255 1.508
9.5 50000.0 0.3769 -0.1402 0.1055 -0.0432 0.00248478 1.5625
9.5 55000.0 0.3486 -0.1324 0.1106 -0.0469 0.00271428 1.6063
9.5 60000.0 0.3292 -0.1354 0.1239 -0.0531 0.0029315 1.6422
9.5 65000.0 0.4024 0.0131 -0.107 0.0417 0.0037316 1.6722
9.5 70000.0 0.371 0.0493 -0.1341 0.0501 0.00395302 1.6975
9.5 75000.0 0.3435 0.0806 -0.1576 0.0574 0.00416771 1.7193
9.5 80000.0 0.3198 0.1059 -0.1756 0.0629 0.00437766 1.7381
9.5 85000.0 0.2987 0.128 -0.1915 0.0677 0.00458345 1.7546
9.5 90000.0 0.2799 0.1471 -0.2049 0.0718 0.00478565 1.7691
9.5 100000.0 0.2455 0.1822 -0.2301 0.0797 0.00518174 1.7936
