Teff log(g) a1 a2 a3 a4 I1 beaming
3750.0 5.0 1.7389 -2.3431 1.919 -0.6301 3.35549e-06 -2.1343
4000.0 5.0 1.7424 -2.4633 2.0907 -0.7035 4.24579e-06 -1.8245
4250.0 5.0 1.7325 -2.4675 2.1167 -0.7175 5.40554e-06 -1.5532
4500.0 5.0 1.6029 -2.0433 1.6425 -0.5332 6.87317e-06 -1.314
4750.0 5.0 1.3147 -1.228 0.7986 -0.22 8.62538e-06 -1.1018
5000.0 5.0 0.7805 0.1666 -0.5737 0.2685 1.07944e-05 -0.9125
5250.0 5.0 0.2443 1.4611 -1.7785 0.6741 1.29891e-05 -0.7428
5500.0 5.0 -0.0956 2.1429 -2.2911 0.8095 1.53564e-05 -0.59
5750.0 5.0 -0.2049 2.1803 -2.1246 0.6962 1.78855e-05 -0.4519
6000.0 5.0 -0.1849 1.8939 -1.6496 0.4801 2.0577e-05 -0.3265
6250.0 5.0 -0.1045 1.4864 -1.0901 0.246 2.34343e-05 -0.2122
6500.0 5.0 -0.0057 1.0851 -0.5858 0.0456 2.64624e-05 -0.1077
7000.0 5.0 0.1429 0.5683 0.0085 -0.1793 3.31141e-05 0.0762
7500.0 5.0 0.2087 0.3836 0.1974 -0.2533 4.06353e-05 0.2327
8000.0 5.0 0.2189 0.4194 0.1114 -0.2215 4.89337e-05 0.3672
8500.0 5.0 0.2658 0.4152 -0.0005 -0.157 5.76218e-05 0.4838
9000.0 5.0 0.45 -0.027 0.3451 -0.2442 6.5705e-05 0.5857
9500.0 5.0 0.5645 -0.2777 0.4468 -0.2215 7.10743e-05 0.6755
10000.0 5.0 0.5884 -0.304 0.4 -0.1804 7.68785e-05 0.7551
10500.0 5.0 0.5708 -0.24 0.3106 -0.1447 8.29425e-05 0.8261
11000.0 5.0 0.5792 -0.2554 0.3019 -0.1369 8.89976e-05 0.8898
11500.0 5.0 0.6157 -0.3638 0.3961 -0.1669 9.51359e-05 0.9472
12000.0 5.0 0.6006 -0.3357 0.3607 -0.1529 0.000101086 0.9992
12500.0 5.0 0.6072 -0.3727 0.3948 -0.1644 0.000107184 1.0465
13000.0 5.0 0.6114 -0.4039 0.4248 -0.1749 0.000113307 1.0896
13500.0 5.0 0.5811 -0.349 0.3659 -0.1524 0.000119494 1.1291
14000.0 5.0 0.6188 -0.4603 0.4802 -0.1945 0.000125717 1.1655
14500.0 5.0 0.5436 -0.2927 0.3046 -0.1286 0.000132005 1.199
15000.0 5.0 0.6265 -0.5135 0.534 -0.2139 0.000138319 1.23
15500.0 5.0 0.6284 -0.5334 0.5535 -0.2207 0.000144709 1.2588
16000.0 5.0 0.5553 -0.3671 0.3785 -0.1549 0.000151174 1.2855
16500.0 5.0 0.6381 -0.5837 0.6027 -0.238 0.000157678 1.3104
17000.0 5.0 0.6454 -0.6134 0.6322 -0.2485 0.000164276 1.3337
20000.0 5.0 0.7151 -0.8374 0.8522 -0.3264 0.000205613 1.4464
25000.0 5.0 0.9207 -1.3201 1.2921 -0.4745 0.000284306 1.5689
30000.0 5.0 0.9312 -1.2576 1.1437 -0.4024 0.000393963 1.6474
35000.0 5.0 0.8608 -1.2381 1.151 -0.4121 0.000524081 1.7018
40000.0 5.0 0.9472 -1.5564 1.5047 -0.5471 0.000624824 1.7418
45000.0 5.0 1.0557 -1.8678 1.8295 -0.6666 0.000709591 1.7723
50000.0 5.0 1.1615 -2.1409 2.1043 -0.7656 0.000788429 1.7965
55000.0 5.0 1.2521 -2.3564 2.3139 -0.8396 0.000862343 1.816
60000.0 5.0 1.3291 -2.5255 2.473 -0.8945 0.000934731 1.8321
3750.0 5.25 1.7659 -2.4146 1.9984 -0.6609 3.41236e-06 -2.1343
4000.0 5.25 1.7537 -2.4975 2.1297 -0.7186 4.28618e-06 -1.8245
4250.0 5.25 1.7396 -2.4977 2.151 -0.7309 5.42791e-06 -1.5532
4500.0 5.25 1.653 -2.1989 1.8113 -0.5975 6.87351e-06 -1.314
4750.0 5.25 1.4091 -1.4961 1.0702 -0.3194 8.61279e-06 -1.1018
5000.0 5.25 0.9486 -0.267 -0.1569 0.1232 1.0802e-05 -0.9125
5250.0 5.25 0.4212 1.0454 -1.4102 0.5559 1.29939e-05 -0.7428
5500.0 5.25 0.0125 1.9476 -2.1784 0.7922 1.53608e-05 -0.59
5750.0 5.25 -0.1712 2.2066 -2.2568 0.7709 1.7888e-05 -0.4519
6000.0 5.25 -0.2013 2.0644 -1.9358 0.6104 2.05764e-05 -0.3265
6250.0 5.25 -0.1544 1.7433 -1.4584 0.4024 2.3428e-05 -0.2122
6500.0 5.25 -0.0735 1.3695 -0.9612 0.1973 2.64451e-05 -0.1077
7000.0 5.25 0.0845 0.774 -0.239 -0.0862 3.30435e-05 0.0762
7500.0 5.25 0.1668 0.5153 0.0456 -0.1973 4.04759e-05 0.2327
8000.0 5.25 0.1829 0.5158 0.0075 -0.1837 4.87053e-05 0.3672
8500.0 5.25 0.2066 0.5641 -0.1447 -0.1097 5.74525e-05 0.4838
9000.0 5.25 0.3386 0.2763 0.0516 -0.1513 6.59194e-05 0.5857
9500.0 5.25 0.4926 -0.1146 0.3399 -0.2083 7.22238e-05 0.6755
10000.0 5.25 0.5469 -0.2128 0.3252 -0.1595 7.73609e-05 0.7551
10500.0 5.25 0.561 -0.233 0.3116 -0.1464 8.34579e-05 0.8261
11000.0 5.25 0.5656 -0.2348 0.2885 -0.1336 8.95041e-05 0.8898
11500.0 5.25 0.5734 -0.2576 0.2925 -0.1309 9.55098e-05 0.9472
12000.0 5.25 0.5829 -0.2963 0.3219 -0.139 0.000101532 0.9992
12500.0 5.25 0.5888 -0.3311 0.3526 -0.1489 0.000107598 1.0465
13000.0 5.25 0.5928 -0.3619 0.3824 -0.1594 0.000113693 1.0896
13500.0 5.25 0.596 -0.3904 0.4105 -0.1693 0.000119855 1.1291
14000.0 5.25 0.5976 -0.4133 0.433 -0.1771 0.000126064 1.1655
14500.0 5.25 0.6005 -0.4388 0.4589 -0.1865 0.000132322 1.199
15000.0 5.25 0.6011 -0.4573 0.477 -0.1929 0.000138636 1.23
15500.0 5.25 0.6055 -0.4838 0.504 -0.2026 0.000144999 1.2588
16000.0 5.25 0.6084 -0.5054 0.5252 -0.21 0.000151438 1.2855
16500.0 5.25 0.6052 -0.5107 0.5293 -0.2111 0.000157939 1.3104
17000.0 5.25 0.6171 -0.552 0.5706 -0.2259 0.000164504 1.3337
20000.0 5.25 0.6545 -0.6996 0.712 -0.2747 0.000205693 1.4464
25000.0 5.25 0.8731 -1.2213 1.1947 -0.4392 0.000283826 1.5689
30000.0 5.25 0.8817 -1.1614 1.0512 -0.3693 0.000391187 1.6474
35000.0 5.25 0.7602 -1.0273 0.9451 -0.3379 0.000519067 1.7018
40000.0 5.25 0.8097 -1.2746 1.2338 -0.4506 0.000618453 1.7418
45000.0 5.25 0.8987 -1.5553 1.5339 -0.5623 0.000701347 1.7723
50000.0 5.25 0.992 -1.814 1.7997 -0.6591 0.000777926 1.7965
55000.0 5.25 1.0776 -2.0322 2.017 -0.7368 0.000848996 1.816
60000.0 5.25 1.155 -2.217 2.1964 -0.8001 0.00091789 1.8321
3750.0 5.5 1.7995 -2.4965 2.0861 -0.6941 3.47701e-06 -2.1343
4000.0 5.5 1.7656 -2.5285 2.1639 -0.7319 4.33242e-06 -1.8245
4250.0 5.5 1.7445 -2.5175 2.1732 -0.7395 5.45637e-06 -1.5532
4500.0 5.5 1.6842 -2.2975 1.9182 -0.6382 6.87888e-06 -1.314
4750.0 5.5 1.4815 -1.7079 1.2891 -0.4006 8.60379e-06 -1.1018
5000.0 5.5 1.0922 -0.6463 0.2136 -0.0083 1.08174e-05 -0.9125
5250.0 5.5 0.6016 0.603 -1.0002 0.418 1.30058e-05 -0.7428
5500.0 5.5 0.1467 1.6655 -1.9616 0.7331 1.53725e-05 -0.59
5750.0 5.5 -0.1136 2.1535 -2.2947 0.8089 1.78988e-05 -0.4519
6000.0 5.5 -0.1963 2.1636 -2.1384 0.7089 2.05843e-05 -0.3265
6250.0 5.5 -0.1808 1.9313 -1.754 0.5336 2.34302e-05 -0.2122
6500.0 5.5 -0.1268 1.6238 -1.317 0.3467 2.64392e-05 -0.1077
7000.0 5.5 0.0213 1.0144 -0.5427 0.0332 3.29903e-05 0.0762
7500.0 5.5 0.1182 0.6812 -0.1552 -0.12 4.03386e-05 0.2327
8000.0 5.5 0.1437 0.6326 -0.1262 -0.1332 4.84878e-05 0.3672
8500.0 5.5 0.1537 0.7017 -0.2844 -0.0616 5.72422e-05 0.4838
9000.0 5.5 0.2656 0.4849 -0.1648 -0.0774 6.60223e-05 0.5857
9500.0 5.5 0.4561 -0.0246 0.2818 -0.2051 7.34154e-05 0.6755
10000.0 5.5 0.5563 -0.2597 0.3996 -0.1979 7.83609e-05 0.7551
10500.0 5.5 0.5517 -0.2245 0.3105 -0.1475 8.4041e-05 0.8261
11000.0 5.5 0.5566 -0.2262 0.2879 -0.135 9.00832e-05 0.8898
11500.0 5.5 0.5608 -0.2349 0.2757 -0.1263 9.60887e-05 0.9472
12000.0 5.5 0.5694 -0.2672 0.2953 -0.1301 0.00010207 0.9992
12500.0 5.5 0.5743 -0.2975 0.3194 -0.1371 0.000108106 1.0465
13000.0 5.5 0.5772 -0.3252 0.3449 -0.1456 0.000114203 1.0896
13500.0 5.5 0.5825 -0.3591 0.3784 -0.1574 0.000120317 1.1291
14000.0 5.5 0.5812 -0.3758 0.3953 -0.1634 0.000126512 1.1655
14500.0 5.5 0.5835 -0.4001 0.4194 -0.172 0.00013276 1.199
15000.0 5.5 0.5847 -0.4199 0.4391 -0.1789 0.000139058 1.23
15500.0 5.5 0.5867 -0.4412 0.4605 -0.1865 0.000145423 1.2588
16000.0 5.5 0.5583 -0.3865 0.4027 -0.1646 0.000151851 1.2855
16500.0 5.5 0.591 -0.4798 0.4983 -0.1997 0.00015833 1.3104
17000.0 5.5 0.5949 -0.5017 0.5193 -0.2069 0.000164898 1.3337
20000.0 5.5 0.6556 -0.7081 0.7223 -0.2787 0.000205976 1.4464
25000.0 5.5 0.8556 -1.1898 1.1655 -0.429 0.000283784 1.5689
30000.0 5.5 0.841 -1.0802 0.9726 -0.3411 0.000389611 1.6474
35000.0 5.5 0.6766 -0.8479 0.7682 -0.2739 0.000515464 1.7018
40000.0 5.5 0.6916 -1.0236 0.9884 -0.3623 0.000613637 1.7418
45000.0 5.5 0.7588 -1.2645 1.2531 -0.4621 0.000695046 1.7723
50000.0 5.5 0.8365 -1.4966 1.4962 -0.5515 0.000769875 1.7965
55000.0 5.5 0.9119 -1.7018 1.7044 -0.6267 0.000838735 1.816
60000.0 5.5 0.9827 -1.8816 1.8823 -0.69 0.000905188 1.8321
3750.0 5.75 1.8376 -2.5841 2.1783 -0.7289 3.54425e-06 -2.1343
4000.0 5.75 1.7789 -2.5585 2.196 -0.7442 4.38474e-06 -1.8245
4250.0 5.75 1.7508 -2.5361 2.1932 -0.7471 5.49058e-06 -1.5532
4500.0 5.75 1.7762 -2.5905 2.2548 -0.771 6.8952e-06 -1.314
4750.0 5.75 1.5324 -1.8626 1.4521 -0.4617 8.59823e-06 -1.1018
5000.0 5.75 1.21 -0.9654 0.5295 -0.1216 1.08459e-05 -0.9125
5250.0 5.75 0.7735 0.1696 -0.5889 0.2767 1.30246e-05 -0.7428
5500.0 5.75 0.3005 1.3152 -1.6619 0.6404 1.53911e-05 -0.59
5750.0 5.75 -0.0254 2.0019 -2.2175 0.8018 1.79188e-05 -0.4519
6000.0 5.75 -0.1603 2.1625 -2.2237 0.762 2.0601e-05 -0.3265
6250.0 5.75 -0.1897 2.0597 -1.9784 0.6375 2.34392e-05 -0.2122
6500.0 5.75 -0.1591 1.8196 -1.6134 0.4762 2.6442e-05 -0.1077
7000.0 5.75 -0.0388 1.2645 -0.8747 0.1689 3.29523e-05 0.0762
7500.0 5.75 0.0652 0.8774 -0.4034 -0.0213 4.02242e-05 0.2327
8000.0 5.75 0.1013 0.7735 -0.2972 -0.0663 4.82875e-05 0.3672
8500.0 5.75 0.1059 0.8364 -0.4313 -0.0078 5.70086e-05 0.4838
9000.0 5.75 0.192 0.6991 -0.3928 0.0031 6.596e-05 0.5857
9500.0 5.75 0.3446 0.2943 -0.0341 -0.1037 7.40592e-05 0.6755
10000.0 5.75 0.4912 -0.1068 0.2942 -0.1826 7.96866e-05 0.7551
10500.0 5.75 0.5417 -0.2119 0.3103 -0.1523 8.47522e-05 0.8261
11000.0 5.75 0.5503 -0.2234 0.2921 -0.1378 9.0703e-05 0.8898
11500.0 5.75 0.5525 -0.2236 0.2712 -0.1263 9.67217e-05 0.9472
12000.0 5.75 0.5592 -0.246 0.2779 -0.125 0.000102695 0.9992
12500.0 5.75 0.5631 -0.2715 0.2953 -0.129 0.000108678 1.0465
13000.0 5.75 0.5668 -0.3001 0.3203 -0.1369 0.000114737 1.0896
13500.0 5.75 0.5683 -0.3238 0.3422 -0.1441 0.000120865 1.1291
14000.0 5.75 0.5696 -0.3469 0.3649 -0.152 0.000127047 1.1655
14500.0 5.75 0.571 -0.3695 0.3879 -0.1603 0.000133286 1.199
15000.0 5.75 0.5721 -0.3899 0.4085 -0.1676 0.000139585 1.23
15500.0 5.75 0.5732 -0.4088 0.4273 -0.1742 0.000145942 1.2588
16000.0 5.75 0.5745 -0.4269 0.4451 -0.1804 0.000152362 1.2855
16500.0 5.75 0.5769 -0.4464 0.4641 -0.187 0.000158846 1.3104
17000.0 5.75 0.5353 -0.3576 0.3705 -0.1517 0.000165412 1.3337
20000.0 5.75 0.6381 -0.6678 0.6814 -0.2636 0.000206437 1.4464
25000.0 5.75 0.8512 -1.1846 1.1615 -0.4278 0.000284077 1.5689
30000.0 5.75 0.808 -1.0117 0.9052 -0.3166 0.000388915 1.6474
35000.0 5.75 0.61 -0.7023 0.6236 -0.2213 0.000512994 1.7018
40000.0 5.75 0.5951 -0.814 0.7816 -0.2875 0.0006099 1.7418
45000.0 5.75 0.6409 -1.0112 1.005 -0.3728 0.000690069 1.7723
50000.0 5.75 0.7026 -1.2138 1.2214 -0.453 0.000763315 1.7965
55000.0 5.75 0.7656 -1.397 1.4105 -0.5219 0.000830567 1.816
60000.0 5.75 0.8272 -1.5635 1.5779 -0.582 0.000895162 1.8321
3750.0 6.0 1.8867 -2.6933 2.2906 -0.7706 3.61883e-06 -2.1343
4000.0 6.0 1.7948 -2.5914 2.2302 -0.757 4.44367e-06 -1.8245
4250.0 6.0 1.7572 -2.5514 2.2091 -0.7531 5.53084e-06 -1.5532
4500.0 6.0 1.7667 -2.5801 2.2469 -0.7687 6.91345e-06 -1.314
4750.0 6.0 1.5805 -2.0074 1.6071 -0.5202 8.59695e-06 -1.1018
5000.0 6.0 1.3075 -1.2335 0.7979 -0.2189 1.08705e-05 -0.9125
5250.0 6.0 0.9305 -0.2344 -0.1997 0.1406 1.30551e-05 -0.7428
5500.0 6.0 0.4658 0.921 -1.3061 0.5239 1.54166e-05 -0.59
5750.0 6.0 0.088 1.7696 -2.0459 0.7575 1.79442e-05 -0.4519
6000.0 6.0 -0.1081 2.1053 -2.2406 0.7879 2.06241e-05 -0.3265
6250.0 6.0 -0.1745 2.1087 -2.1097 0.7055 2.346e-05 -0.2122
6500.0 6.0 -0.1707 1.945 -1.826 0.5737 2.64502e-05 -0.1077
7000.0 6.0 -0.0846 1.4834 -1.1835 0.2996 3.29305e-05 0.0762
7500.0 6.0 0.0128 1.0885 -0.6815 0.0923 4.01332e-05 0.2327
8000.0 6.0 0.0584 0.933 -0.5017 0.0167 4.81095e-05 0.3672
8500.0 6.0 0.0632 0.9724 -0.5925 0.055 5.67714e-05 0.4838
9000.0 6.0 0.1211 0.9121 -0.6278 0.0895 6.58146e-05 0.5857
9500.0 6.0 0.271 0.5268 -0.29 -0.0129 7.44025e-05 0.6755
10000.0 6.0 0.452 0.0022 0.2075 -0.167 8.12206e-05 0.7551
10500.0 6.0 0.5231 -0.1783 0.306 -0.1645 8.58704e-05 0.8261
11000.0 6.0 0.5446 -0.2186 0.2941 -0.1405 9.14204e-05 0.8898
11500.0 6.0 0.5477 -0.221 0.2752 -0.1292 9.74064e-05 0.9472
12000.0 6.0 0.5503 -0.2279 0.2638 -0.121 0.000103378 0.9992
12500.0 6.0 0.555 -0.2511 0.2763 -0.1228 0.000109362 1.0465
13000.0 6.0 0.5586 -0.2776 0.2974 -0.1288 0.000115397 1.0896
13500.0 6.0 0.5607 -0.3024 0.32 -0.1361 0.000121496 1.1291
14000.0 6.0 0.5619 -0.3253 0.3423 -0.1438 0.000127667 1.1655
14500.0 6.0 0.5626 -0.3461 0.3631 -0.1511 0.000133899 1.199
15000.0 6.0 0.5636 -0.3663 0.3834 -0.1582 0.000140193 1.23
15500.0 6.0 0.5637 -0.3831 0.3999 -0.164 0.000146551 1.2588
16000.0 6.0 0.5654 -0.4026 0.4193 -0.1708 0.000152973 1.2855
16500.0 6.0 0.5652 -0.4157 0.4317 -0.1749 0.000159462 1.3104
17000.0 6.0 0.5698 -0.4404 0.4562 -0.1837 0.00016602 1.3337
20000.0 6.0 0.6245 -0.6334 0.6453 -0.2501 0.000207055 1.4464
25000.0 6.0 0.8356 -1.1487 1.1251 -0.4145 0.000284652 1.5689
30000.0 6.0 0.7516 -0.8826 0.7739 -0.2683 0.000388913 1.6474
35000.0 6.0 0.5578 -0.5866 0.5081 -0.1791 0.000511366 1.7018
40000.0 6.0 0.518 -0.6428 0.6111 -0.2254 0.000607097 1.7418
45000.0 6.0 0.5443 -0.799 0.795 -0.2967 0.000686077 1.7723
50000.0 6.0 0.5916 -0.973 0.9848 -0.3677 0.000757834 1.7965
55000.0 6.0 0.6426 -1.1334 1.1529 -0.4294 0.000823609 1.816
60000.0 6.0 0.6976 -1.291 1.3135 -0.4874 0.000890683 1.8321
65000.0 6.0 0.3487 -0.3629 0.3851 -0.1534 0.00106301 1.8456
70000.0 6.0 0.3916 -0.4939 0.5209 -0.2028 0.00113053 1.8571
75000.0 6.0 0.4379 -0.6243 0.6537 -0.2508 0.00119807 1.867
80000.0 6.0 0.486 -0.7516 0.7811 -0.2965 0.00126579 1.8756
85000.0 6.0 0.5349 -0.8756 0.9045 -0.3408 0.00133381 1.8832
90000.0 6.0 0.583 -0.9925 1.0191 -0.3817 0.00140229 1.8899
100000.0 6.0 0.6749 -1.2092 1.2306 -0.4568 0.00154198 1.9013
3750.0 6.25 1.947 -2.8242 2.4228 -0.8193 3.69825e-06 -2.1343
4000.0 6.25 1.8144 -2.6301 2.2694 -0.7716 4.50925e-06 -1.8245
4250.0 6.25 1.7669 -2.5709 2.2286 -0.7603 5.57677e-06 -1.5532
4500.0 6.25 1.7589 -2.5666 2.2335 -0.7639 6.93789e-06 -1.314
4750.0 6.25 1.6222 -2.1312 1.74 -0.5706 8.5998e-06 -1.1018
5000.0 6.25 1.3574 -1.3745 0.9364 -0.2687 1.09101e-05 -0.9125
5250.0 6.25 1.0609 -0.5792 0.1381 0.0205 1.30841e-05 -0.7428
5500.0 6.25 0.6327 0.5087 -0.9208 0.3934 1.54491e-05 -0.59
5750.0 6.25 0.2214 1.4744 -1.802 0.6849 1.79771e-05 -0.4519
6000.0 6.25 -0.0385 1.9945 -2.1965 0.7905 2.06558e-05 -0.3265
6250.0 6.25 -0.146 2.1092 -2.1802 0.7491 2.34856e-05 -0.2122
6500.0 6.25 -0.1746 2.0391 -1.9974 0.6542 2.64682e-05 -0.1077
7000.0 6.25 -0.1162 1.6571 -1.4403 0.4111 3.29175e-05 0.0762
7500.0 6.25 -0.0329 1.2921 -0.9628 0.2107 4.00603e-05 0.2327
8000.0 6.25 0.017 1.1039 -0.7316 0.1125 4.79521e-05 0.3672
8500.0 6.25 0.0249 1.1135 -0.774 0.1294 5.65401e-05 0.4838
9000.0 6.25 0.0604 1.1054 -0.8523 0.1756 6.56046e-05 0.5857
9500.0 6.25 0.1971 0.7737 -0.5759 0.0946 7.45168e-05 0.6755
10000.0 6.25 0.3407 0.3482 -0.1564 -0.0433 8.22276e-05 0.7551
10500.0 6.25 0.478 -0.0594 0.2169 -0.1503 8.7495e-05 0.8261
11000.0 6.25 0.5347 -0.2003 0.2888 -0.1449 9.23529e-05 0.8898
11500.0 6.25 0.5442 -0.2181 0.2767 -0.1309 9.81766e-05 0.9472
12000.0 6.25 0.5464 -0.2222 0.2626 -0.1219 0.000104148 0.9992
12500.0 6.25 0.5501 -0.2377 0.2646 -0.1194 0.000110127 1.0465
13000.0 6.25 0.5532 -0.2601 0.2794 -0.1225 0.000116142 1.0896
13500.0 6.25 0.5554 -0.2839 0.3 -0.1289 0.000122217 1.1291
14000.0 6.25 0.5565 -0.3059 0.3205 -0.1356 0.00012837 1.1655
14500.0 6.25 0.5572 -0.3268 0.3413 -0.1429 0.000134591 1.199
15000.0 6.25 0.558 -0.347 0.3616 -0.15 0.000140881 1.23
15500.0 6.25 0.5569 -0.3614 0.3762 -0.1551 0.00014724 1.2588
16000.0 6.25 0.5589 -0.3818 0.3964 -0.1622 0.000153665 1.2855
16500.0 6.25 0.56 -0.3986 0.4128 -0.1678 0.000160159 1.3104
17000.0 6.25 0.5626 -0.418 0.4314 -0.1742 0.000166728 1.3337
20000.0 6.25 0.6184 -0.6147 0.625 -0.2426 0.000207802 1.4464
25000.0 6.25 0.824 -1.1188 1.0936 -0.4028 0.000285439 1.5689
30000.0 6.25 0.7603 -0.9087 0.8025 -0.2793 0.000389365 1.6474
35000.0 6.25 0.5184 -0.4982 0.4193 -0.1467 0.00051043 1.7018
40000.0 6.25 0.4577 -0.5074 0.4756 -0.1761 0.000605037 1.7418
45000.0 6.25 0.4682 -0.6293 0.6261 -0.2354 0.000682889 1.7723
50000.0 6.25 0.5032 -0.7789 0.7928 -0.2982 0.000755086 1.7965
55000.0 6.25 0.5444 -0.9204 0.9434 -0.3538 0.000820779 1.816
60000.0 6.25 0.5869 -1.0507 1.0778 -0.4026 0.00088309 1.8321
3750.0 6.5 2.0198 -2.9805 2.5796 -0.8767 3.78155e-06 -2.1343
4000.0 6.5 1.8389 -2.6781 2.3173 -0.7892 4.58189e-06 -1.8245
4250.0 6.5 1.7772 -2.5894 2.2464 -0.7668 5.6296e-06 -1.5532
4500.0 6.5 1.7552 -2.5586 2.2247 -0.7606 6.96919e-06 -1.314
4750.0 6.5 1.6519 -2.2177 1.8318 -0.6052 8.60773e-06 -1.1018
5000.0 6.5 1.4255 -1.5768 1.1513 -0.3493 1.09483e-05 -0.9125
5250.0 6.5 1.1695 -0.8733 0.4307 -0.0848 1.31346e-05 -0.7428
5500.0 6.5 0.7902 0.1098 -0.54 0.2616 1.54901e-05 -0.59
5750.0 6.5 0.3719 1.1226 -1.4908 0.5852 1.802e-05 -0.4519
6000.0 6.5 0.0546 1.8144 -2.076 0.7642 2.06988e-05 -0.3265
6250.0 6.5 -0.1054 2.0715 -2.2063 0.7756 2.35275e-05 -0.2122
6500.0 6.5 -0.1536 2.0521 -2.0738 0.6982 2.65011e-05 -0.1077
7000.0 6.5 -0.1314 1.7766 -1.6343 0.4989 3.29227e-05 0.0762
7500.0 6.5 -0.063 1.456 -1.2063 0.3172 4.00142e-05 0.2327
8000.0 6.5 -0.0183 1.2707 -0.9692 0.2149 4.78219e-05 0.3672
8500.0 6.5 -0.0066 1.2537 -0.9703 0.2138 5.63328e-05 0.4838
9000.0 6.5 0.0133 1.274 -1.0636 0.2611 6.53767e-05 0.5857
9500.0 6.5 0.1268 1.0198 -0.8719 0.2099 7.4506e-05 0.6755
10000.0 6.5 0.272 0.5965 -0.4518 0.0679 8.27876e-05 0.7551
10500.0 6.5 0.4034 0.1787 -0.0261 -0.0728 8.9278e-05 0.8261
11000.0 6.5 0.5078 -0.1286 0.2389 -0.1405 9.37982e-05 0.8898
11500.0 6.5 0.5388 -0.2048 0.2674 -0.1299 9.90814e-05 0.9472
12000.0 6.5 0.5451 -0.2193 0.2616 -0.1222 0.000104998 0.9992
12500.0 6.5 0.5471 -0.2278 0.2555 -0.1166 0.000110976 1.0465
13000.0 6.5 0.5421 -0.2265 0.2441 -0.1099 0.000116983 1.0896
13500.0 6.5 0.5534 -0.2706 0.2841 -0.1229 0.000123038 1.1291
14000.0 6.5 0.5532 -0.2883 0.299 -0.1273 0.000129168 1.1655
14500.0 6.5 0.5543 -0.3106 0.3214 -0.1351 0.000135376 1.199
15000.0 6.5 0.5551 -0.3304 0.3409 -0.1418 0.000141661 1.23
15500.0 6.5 0.5541 -0.3454 0.356 -0.147 0.000148019 1.2588
16000.0 6.5 0.5551 -0.3637 0.3741 -0.1533 0.00015445 1.2855
16500.0 6.5 0.5565 -0.3817 0.3922 -0.1597 0.000160952 1.3104
17000.0 6.5 0.5584 -0.4001 0.4104 -0.1661 0.000167527 1.3337
20000.0 6.5 0.6141 -0.5968 0.6036 -0.2342 0.000208681 1.4464
25000.0 6.5 0.8179 -1.0995 1.0721 -0.3947 0.000286437 1.5689
30000.0 6.5 0.7446 -0.8728 0.766 -0.2659 0.00039024 1.6474
35000.0 6.5 0.4884 -0.43 0.3506 -0.1216 0.000510021 1.7018
40000.0 6.5 0.4113 -0.401 0.3683 -0.1368 0.000603536 1.7418
45000.0 6.5 0.4093 -0.4953 0.4914 -0.1862 0.000680411 1.7723
50000.0 6.5 0.4327 -0.6196 0.6337 -0.2404 0.000751127 1.7965
55000.0 6.5 0.4641 -0.7403 0.7643 -0.2889 0.000815325 1.816
60000.0 6.5 0.4984 -0.8543 0.8836 -0.3324 0.000876281 1.8321
65000.0 6.5 0.1328 0.1428 -0.1287 0.035 0.00104047 1.8456
70000.0 6.5 0.143 0.0782 -0.0541 0.0066 0.00110296 1.8571
75000.0 6.5 0.159 0.0073 0.0238 -0.0223 0.001165 1.867
80000.0 6.5 0.18 -0.0699 0.1064 -0.0528 0.00122687 1.8756
85000.0 6.5 0.2039 -0.1484 0.1886 -0.0828 0.00128869 1.8832
90000.0 6.5 0.2303 -0.2283 0.2708 -0.1126 0.00135064 1.8899
100000.0 6.5 0.283 -0.3814 0.427 -0.1691 0.00147559 1.9013
3750.0 6.75 2.1041 -3.1576 2.7545 -0.9401 3.86806e-06 -2.1343
4000.0 6.75 1.87 -2.739 2.3775 -0.8111 4.66137e-06 -1.8245
4250.0 6.75 1.79 -2.611 2.267 -0.7742 5.68911e-06 -1.5532
4500.0 6.75 1.76 -2.5678 2.2331 -0.7635 7.00721e-06 -1.314
4750.0 6.75 1.7707 -2.5516 2.1987 -0.7464 8.62531e-06 -1.1018
5000.0 6.75 1.4596 -1.6807 1.2604 -0.39 1.09926e-05 -0.9125
5250.0 6.75 1.259 -1.1174 0.675 -0.1731 1.31762e-05 -0.7428
5500.0 6.75 0.9288 -0.248 -0.1939 0.14 1.55398e-05 -0.59
5750.0 6.75 0.529 0.7431 -1.1431 0.4695 1.80709e-05 -0.4519
6000.0 6.75 0.1756 1.5503 -1.861 0.7013 2.07528e-05 -0.3265
6250.0 6.75 -0.0368 1.9521 -2.1428 0.7685 2.35763e-05 -0.2122
6500.0 6.75 -0.1317 2.0564 -2.1358 0.7355 2.65439e-05 -0.1077
7000.0 6.75 -0.138 1.8573 -1.7742 0.5637 3.29361e-05 0.0762
7500.0 6.75 -0.0848 1.5861 -1.4055 0.4056 3.99771e-05 0.2327
8000.0 6.75 -0.041 1.4072 -1.1797 0.3091 4.77172e-05 0.3672
8500.0 6.75 -0.0303 1.382 -1.1627 0.2993 5.61422e-05 0.4838
9000.0 6.75 -0.0178 1.4111 -1.2539 0.3428 6.51463e-05 0.5857
9500.0 6.75 0.068 1.2426 -1.1539 0.3242 7.43915e-05 0.6755
10000.0 6.75 0.2119 0.833 -0.7508 0.1868 8.31106e-05 0.7551
10500.0 6.75 0.3286 0.4544 -0.3499 0.0468 9.0565e-05 0.8261
11000.0 6.75 0.4521 0.0519 0.0597 -0.0869 9.57705e-05 0.8898
11500.0 6.75 0.5212 -0.1506 0.2213 -0.1208 0.000100352 0.9472
12000.0 6.75 0.5423 -0.2066 0.2475 -0.1175 0.00010594 0.9992
12500.0 6.75 0.5477 -0.2237 0.2497 -0.1142 0.000111903 1.0465
13000.0 6.75 0.5503 -0.239 0.2549 -0.1137 0.000117901 1.0896
13500.0 6.75 0.5517 -0.255 0.2636 -0.1148 0.000123953 1.1291
14000.0 6.75 0.5532 -0.2764 0.2823 -0.1206 0.000130063 1.1655
14500.0 6.75 0.5533 -0.2951 0.2998 -0.1263 0.000136252 1.199
15000.0 6.75 0.5544 -0.3166 0.3219 -0.1341 0.000142528 1.23
15500.0 6.75 0.5545 -0.3343 0.3395 -0.1401 0.000148882 1.2588
16000.0 6.75 0.5548 -0.3514 0.3568 -0.1462 0.000155314 1.2855
16500.0 6.75 0.5566 -0.3705 0.3761 -0.1531 0.000161823 1.3104
17000.0 6.75 0.5571 -0.3854 0.3902 -0.1578 0.000168411 1.3337
20000.0 6.75 0.6126 -0.5836 0.5865 -0.2274 0.000209663 1.4464
25000.0 6.75 0.812 -1.0783 1.0477 -0.3853 0.000287602 1.5689
30000.0 6.75 0.7109 -0.793 0.6844 -0.2359 0.000391457 1.6474
35000.0 6.75 0.4667 -0.3797 0.2995 -0.1027 0.000510044 1.7018
40000.0 6.75 0.3777 -0.3223 0.2881 -0.1072 0.000602507 1.7418
45000.0 6.75 0.3642 -0.3908 0.3859 -0.1476 0.000678437 1.7723
50000.0 6.75 0.3786 -0.4953 0.5087 -0.1948 0.000748144 1.7965
55000.0 6.75 0.401 -0.5989 0.6238 -0.2379 0.000811957 1.816
60000.0 6.75 0.429 -0.6975 0.7276 -0.2758 0.000870487 1.8321
3750.0 7.0 2.1983 -3.3513 2.9436 -1.0083 3.95684e-06 -2.1343
4000.0 7.0 1.9098 -2.8184 2.4561 -0.8398 4.7471e-06 -1.8245
4250.0 7.0 1.8053 -2.637 2.2919 -0.7832 5.75578e-06 -1.5532
4500.0 7.0 1.7646 -2.5736 2.2376 -0.765 7.05242e-06 -1.314
4750.0 7.0 1.7914 -2.641 2.3111 -0.7928 8.64972e-06 -1.1018
5000.0 7.0 1.4898 -1.7721 1.3568 -0.426 1.10379e-05 -0.9125
5250.0 7.0 1.3108 -1.2718 0.8355 -0.2327 1.32314e-05 -0.7428
5500.0 7.0 1.0531 -0.5738 0.1256 0.0266 1.56016e-05 -0.59
5750.0 7.0 0.6836 0.3596 -0.782 0.3461 1.81317e-05 -0.4519
6000.0 7.0 0.3137 1.233 -1.5854 0.6146 2.08156e-05 -0.3265
6250.0 7.0 0.0488 1.7858 -2.0302 0.7434 2.36388e-05 -0.2122
6500.0 7.0 -0.0846 1.9885 -2.1194 0.7438 2.66026e-05 -0.1077
7000.0 7.0 -0.1313 1.8908 -1.8563 0.6057 3.29707e-05 0.0762
7500.0 7.0 -0.0914 1.6623 -1.5389 0.4681 3.99661e-05 0.2327
8000.0 7.0 -0.0558 1.513 -1.3511 0.3876 4.7638e-05 0.3672
8500.0 7.0 -0.0414 1.4799 -1.3282 0.3769 5.59855e-05 0.4838
9000.0 7.0 -0.0317 1.5118 -1.4173 0.4185 6.49297e-05 0.5857
9500.0 7.0 0.0292 1.4161 -1.3922 0.4258 7.4219e-05 0.6755
10000.0 7.0 0.1636 1.048 -1.0401 0.3071 8.32674e-05 0.7551
10500.0 7.0 0.2787 0.678 -0.6457 0.1662 9.1306e-05 0.8261
11000.0 7.0 0.3796 0.3262 -0.2608 0.0305 9.77901e-05 0.8898
11500.0 7.0 0.4799 -0.0072 0.0751 -0.0768 0.000102266 0.9472
12000.0 7.0 0.5308 -0.1606 0.1984 -0.1027 0.00010716 0.9992
12500.0 7.0 0.5487 -0.215 0.2355 -0.1083 0.000112927 1.0465
13000.0 7.0 0.554 -0.2372 0.2481 -0.1101 0.000118927 1.0896
13500.0 7.0 0.556 -0.2545 0.2589 -0.1124 0.000124953 1.1291
14000.0 7.0 0.5572 -0.2718 0.2712 -0.1153 0.000131053 1.1655
14500.0 7.0 0.5551 -0.2843 0.2818 -0.1184 0.000137244 1.199
15000.0 7.0 0.5545 -0.3014 0.2991 -0.1243 0.000143507 1.23
15500.0 7.0 0.5572 -0.3254 0.3234 -0.1329 0.00014985 1.2588
16000.0 7.0 0.558 -0.3442 0.3428 -0.1398 0.00015628 1.2855
16500.0 7.0 0.5589 -0.3616 0.36 -0.1458 0.000162795 1.3104
17000.0 7.0 0.5586 -0.3752 0.3739 -0.1507 0.00016939 1.3337
20000.0 7.0 0.6169 -0.5811 0.578 -0.2231 0.000210761 1.4464
25000.0 7.0 0.8107 -1.0662 1.0313 -0.3785 0.000288953 1.5689
30000.0 7.0 0.7225 -0.8183 0.7085 -0.2445 0.00039294 1.6474
35000.0 7.0 0.4487 -0.3374 0.2563 -0.0868 0.000510449 1.7018
40000.0 7.0 0.3516 -0.2606 0.2252 -0.0841 0.000601897 1.7418
45000.0 7.0 0.3318 -0.3144 0.3081 -0.1189 0.000676992 1.7723
50000.0 7.0 0.3375 -0.399 0.4112 -0.1591 0.000745504 1.7965
55000.0 7.0 0.3539 -0.4866 0.5097 -0.1961 0.000806636 1.816
60000.0 7.0 0.3749 -0.5725 0.6021 -0.2301 0.000864947 1.8321
65000.0 7.0 0.0212 0.4265 -0.4258 0.1457 0.00102523 1.8456
70000.0 7.0 0.007 0.4154 -0.4027 0.1355 0.0010839 1.8571
75000.0 7.0 -0.0015 0.3986 -0.3776 0.1255 0.00114186 1.867
80000.0 7.0 -0.0035 0.3697 -0.3404 0.1108 0.00119935 1.8756
85000.0 7.0 -0.0013 0.336 -0.3005 0.0957 0.00125667 1.8832
90000.0 7.0 0.0047 0.2973 -0.257 0.0795 0.00131386 1.8899
100000.0 7.0 0.0186 0.2197 -0.1699 0.0468 0.0014286 1.9013
3750.0 7.25 2.3003 -3.5547 3.1387 -1.0778 4.04551e-06 -2.1343
4000.0 7.25 1.959 -2.9172 2.5533 -0.8751 4.83824e-06 -1.8245
4250.0 7.25 1.8237 -2.6683 2.3216 -0.7939 5.82961e-06 -1.5532
4500.0 7.25 1.7731 -2.5865 2.2491 -0.7689 7.10454e-06 -1.314
4750.0 7.25 1.7661 -2.5843 2.2542 -0.7721 8.67784e-06 -1.1018
5000.0 7.25 1.5253 -1.8718 1.4612 -0.465 1.10845e-05 -0.9125
5250.0 7.25 1.3704 -1.4379 1.0058 -0.295 1.32891e-05 -0.7428
5500.0 7.25 1.1413 -0.8159 0.3688 -0.0616 1.56654e-05 -0.59
5750.0 7.25 0.8248 0.0019 -0.44 0.2273 1.82015e-05 -0.4519
6000.0 7.25 0.461 0.8843 -1.2715 0.5119 2.0889e-05 -0.3265
6250.0 7.25 0.1545 1.5642 -1.8599 0.697 2.37133e-05 -0.2122
6500.0 7.25 -0.0267 1.8931 -2.0765 0.7431 2.66731e-05 -0.1077
7000.0 7.25 -0.1223 1.9112 -1.9185 0.639 3.30205e-05 0.0762
7500.0 7.25 -0.094 1.7126 -1.632 0.5126 3.99689e-05 0.2327
8000.0 7.25 -0.06 1.5752 -1.4645 0.4421 4.75666e-05 0.3672
8500.0 7.25 -0.0461 1.5511 -1.458 0.4396 5.58321e-05 0.4838
9000.0 7.25 -0.0339 1.579 -1.5451 0.4813 6.47073e-05 0.5857
9500.0 7.25 0.0176 1.5157 -1.5564 0.5021 7.40089e-05 0.6755
10000.0 7.25 0.1336 1.2182 -1.2895 0.4161 8.32669e-05 0.7551
10500.0 7.25 0.2503 0.8507 -0.9007 0.2761 9.17574e-05 0.8261
11000.0 7.25 0.3336 0.5562 -0.5718 0.1566 9.9131e-05 0.8898
11500.0 7.25 0.4231 0.227 -0.2056 0.0269 0.000104596 0.9472
12000.0 7.25 0.5017 -0.0403 0.0629 -0.0578 0.00010895 0.9992
12500.0 7.25 0.5427 -0.1733 0.1807 -0.088 0.000114128 1.0465
13000.0 7.25 0.5597 -0.2337 0.2339 -0.1028 0.000119999 1.0896
13500.0 7.25 0.5649 -0.2619 0.2586 -0.1106 0.000126037 1.1291
14000.0 7.25 0.5654 -0.2779 0.2707 -0.1138 0.000132128 1.1655
14500.0 7.25 0.5664 -0.2957 0.2859 -0.1184 0.000138306 1.199
15000.0 7.25 0.5677 -0.3162 0.3057 -0.1251 0.000144551 1.23
15500.0 7.25 0.5655 -0.3289 0.3187 -0.1295 0.000150889 1.2588
16000.0 7.25 0.5651 -0.3451 0.3355 -0.1356 0.000157312 1.2855
16500.0 7.25 0.5648 -0.3598 0.3506 -0.1408 0.000163826 1.3104
17000.0 7.25 0.5672 -0.3799 0.3706 -0.1478 0.00017043 1.3337
20000.0 7.25 0.6231 -0.5821 0.5729 -0.22 0.000211908 1.4464
25000.0 7.25 0.8112 -1.0571 1.0175 -0.3726 0.000290409 1.5689
30000.0 7.25 0.7155 -0.7996 0.6882 -0.2368 0.000394632 1.6474
35000.0 7.25 0.4426 -0.3221 0.24 -0.0807 0.000511088 1.7018
40000.0 7.25 0.3366 -0.2233 0.1864 -0.0697 0.000601564 1.7418
45000.0 7.25 0.3074 -0.2548 0.2467 -0.0963 0.000675849 1.7723
50000.0 7.25 0.3075 -0.326 0.3364 -0.1315 0.000742879 1.7965
55000.0 7.25 0.3187 -0.4021 0.4235 -0.1644 0.000803263 1.816
60000.0 7.25 0.3349 -0.4781 0.5064 -0.1951 0.000861472 1.8321
3750.0 7.5 2.4063 -3.7548 3.3245 -1.1426 4.13532e-06 -2.1343
4000.0 7.5 2.0178 -3.0354 2.6692 -0.9171 4.93429e-06 -1.8245
4250.0 7.5 1.8463 -2.7081 2.3599 -0.8077 5.9111e-06 -1.5532
4500.0 7.5 1.7835 -2.6013 2.2622 -0.7735 7.16453e-06 -1.314
4750.0 7.5 1.7662 -2.5814 2.2498 -0.7703 8.713e-06 -1.1018
5000.0 7.5 1.5617 -1.9694 1.5625 -0.5026 1.11348e-05 -0.9125
5250.0 7.5 1.4041 -1.5391 1.1123 -0.3349 1.33482e-05 -0.7428
5500.0 7.5 1.2215 -1.0344 0.5895 -0.1418 1.57401e-05 -0.59
5750.0 7.5 0.9483 -0.3182 -0.1275 0.1168 1.82831e-05 -0.4519
6000.0 7.5 0.6092 0.5231 -0.9366 0.3989 2.09743e-05 -0.3265
6250.0 7.5 0.2806 1.2838 -1.6248 0.6255 2.38018e-05 -0.2122
6500.0 7.5 0.0502 1.7496 -1.9861 0.7257 2.67635e-05 -0.1077
7000.0 7.5 -0.1022 1.8992 -1.9446 0.6586 3.30852e-05 0.0762
7500.0 7.5 -0.0934 1.7418 -1.6917 0.5421 3.99979e-05 0.2327
8000.0 7.5 -0.0588 1.6076 -1.5338 0.4771 4.75281e-05 0.3672
8500.0 7.5 -0.0413 1.5826 -1.5352 0.4803 5.57161e-05 0.4838
9000.0 7.5 -0.0254 1.6088 -1.6273 0.526 6.45216e-05 0.5857
9500.0 7.5 0.0196 1.5733 -1.674 0.5612 7.3782e-05 0.6755
10000.0 7.5 0.1307 1.31 -1.4555 0.4953 8.31891e-05 0.7551
10500.0 7.5 0.2491 0.9498 -1.0827 0.3621 9.20499e-05 0.8261
11000.0 7.5 0.3274 0.6784 -0.7819 0.2517 9.99442e-05 0.8898
11500.0 7.5 0.3925 0.4277 -0.4926 0.1458 0.00010666 0.9472
12000.0 7.5 0.4659 0.1422 -0.1703 0.0308 0.000111387 0.9992
12500.0 7.5 0.5254 -0.0732 0.0521 -0.0407 0.000115879 1.0465
13000.0 7.5 0.5609 -0.2008 0.1788 -0.0794 0.000121274 1.0896
13500.0 7.5 0.5764 -0.2664 0.247 -0.1026 0.00012722 1.1291
14000.0 7.5 0.5807 -0.2976 0.28 -0.1147 0.000133314 1.1655
14500.0 7.5 0.5803 -0.3143 0.2965 -0.1204 0.000139464 1.199
15000.0 7.5 0.579 -0.3284 0.3104 -0.1253 0.000145657 1.23
15500.0 7.5 0.5702 -0.3238 0.305 -0.1228 0.000152052 1.2588
16000.0 7.5 0.5679 -0.3358 0.3179 -0.1274 0.00015847 1.2855
16500.0 7.5 0.5704 -0.3573 0.34 -0.1353 0.00016498 1.3104
17000.0 7.5 0.5731 -0.3785 0.3616 -0.143 0.000171585 1.3337
20000.0 7.5 0.6332 -0.5919 0.5761 -0.2199 0.000213169 1.4464
25000.0 7.5 0.8192 -1.0648 1.0199 -0.3724 0.000292035 1.5689
30000.0 7.5 0.7107 -0.786 0.6733 -0.2311 0.000396579 1.6474
35000.0 7.5 0.4327 -0.2976 0.2145 -0.0712 0.00051203 1.7018
40000.0 7.5 0.3239 -0.1907 0.152 -0.0568 0.000601572 1.7418
45000.0 7.5 0.2859 -0.201 0.1908 -0.0755 0.000675127 1.7723
50000.0 7.5 0.2856 -0.2715 0.28 -0.1106 0.000741382 1.7965
55000.0 7.5 0.2926 -0.3383 0.3581 -0.1403 0.000801289 1.816
60000.0 7.5 0.3043 -0.4035 0.4302 -0.167 0.000857235 1.8321
65000.0 7.5 -0.1089 0.6364 -0.6272 0.2196 0.000963856 1.8456
70000.0 7.5 -0.1362 0.6627 -0.6457 0.2255 0.00101802 1.8571
75000.0 7.5 -0.1568 0.6771 -0.6525 0.227 0.00107109 1.867
80000.0 7.5 -0.1734 0.6865 -0.656 0.2276 0.00112311 1.8756
85000.0 7.5 -0.1851 0.6874 -0.6514 0.2253 0.00117507 1.8832
90000.0 7.5 -0.1926 0.6802 -0.6387 0.2198 0.00122659 1.8899
100000.0 7.5 -0.2075 0.6716 -0.6219 0.213 0.00132954 1.9013
3750.0 7.75 2.5094 -3.9386 3.4901 -1.1994 4.22139e-06 -2.1343
4000.0 7.75 2.088 -3.1768 2.8071 -0.9669 5.03438e-06 -1.8245
4250.0 7.75 1.8744 -2.7588 2.4088 -0.8253 5.99973e-06 -1.5532
4500.0 7.75 1.7957 -2.6191 2.2781 -0.779 7.23267e-06 -1.314
4750.0 7.75 1.7708 -2.5866 2.2535 -0.7714 8.75585e-06 -1.1018
5000.0 7.75 1.6043 -2.0789 1.6757 -0.5446 1.11901e-05 -0.9125
5250.0 7.75 1.4281 -1.6116 1.1887 -0.3635 1.34069e-05 -0.7428
5500.0 7.75 1.2702 -1.1768 0.7373 -0.1965 1.58155e-05 -0.59
5750.0 7.75 1.048 -0.5837 0.136 0.0223 1.83739e-05 -0.4519
6000.0 7.75 0.7482 0.1763 -0.6075 0.2855 2.10725e-05 -0.3265
6250.0 7.75 0.4197 0.9597 -1.3371 0.5327 2.39073e-05 -0.2122
6500.0 7.75 0.1545 1.5293 -1.8137 0.6776 2.6867e-05 -0.1077
7000.0 7.75 -0.0715 1.8615 -1.947 0.6706 3.31752e-05 0.0762
7500.0 7.75 -0.0826 1.7385 -1.7139 0.5572 4.00403e-05 0.2327
8000.0 7.75 -0.055 1.6182 -1.5675 0.4959 4.75148e-05 0.3672
8500.0 7.75 -0.0359 1.5944 -1.5761 0.5037 5.56212e-05 0.4838
9000.0 7.75 -0.0197 1.6294 -1.6855 0.558 6.43376e-05 0.5857
9500.0 7.75 0.0375 1.5747 -1.7228 0.5929 7.35664e-05 0.6755
10000.0 7.75 0.1403 1.3579 -1.5689 0.5541 8.30324e-05 0.7551
10500.0 7.75 0.2673 0.9909 -1.2011 0.4249 9.21907e-05 0.8261
11000.0 7.75 0.3553 0.6996 -0.8849 0.3092 0.000100508 0.8898
11500.0 7.75 0.4135 0.4854 -0.6411 0.2196 0.000107928 0.9472
12000.0 7.75 0.4645 0.2674 -0.3807 0.1228 0.000113946 0.9992
12500.0 7.75 0.5165 0.0438 -0.1221 0.0296 0.000118345 1.0465
13000.0 7.75 0.5597 -0.1311 0.0677 -0.0339 0.00012303 1.0896
13500.0 7.75 0.588 -0.2496 0.1979 -0.0783 0.000128579 1.1291
14000.0 7.75 0.6009 -0.3175 0.2782 -0.1086 0.000134584 1.1655
14500.0 7.75 0.6026 -0.3482 0.3173 -0.1246 0.000140741 1.199
15000.0 7.75 0.6003 -0.3625 0.3348 -0.1319 0.000147008 1.23
15500.0 7.75 0.5966 -0.3716 0.3454 -0.1359 0.000153265 1.2588
16000.0 7.75 0.5962 -0.3863 0.3606 -0.1412 0.000159732 1.2855
16500.0 7.75 0.595 -0.3996 0.3747 -0.1463 0.000166237 1.3104
17000.0 7.75 0.599 -0.4236 0.3992 -0.1551 0.000172838 1.3337
20000.0 7.75 0.6506 -0.6183 0.5957 -0.2255 0.000214519 1.4464
25000.0 7.75 0.824 -1.066 1.0168 -0.3704 0.000293801 1.5689
30000.0 7.75 0.7093 -0.7798 0.6654 -0.228 0.000398734 1.6474
35000.0 7.75 0.4288 -0.2868 0.2028 -0.0666 0.000513191 1.7018
40000.0 7.75 0.3163 -0.1695 0.129 -0.048 0.000601844 1.7418
45000.0 7.75 0.2799 -0.1831 0.1711 -0.068 0.000674698 1.7723
50000.0 7.75 0.2704 -0.2313 0.2376 -0.0948 0.000739608 1.7965
55000.0 7.75 0.2736 -0.2891 0.3069 -0.1213 0.000798144 1.816
60000.0 7.75 0.2824 -0.3487 0.3737 -0.1462 0.000854957 1.8321
65000.0 7.75 0.0044 0.5096 -0.5286 0.1867 0.00101091 1.8456
70000.0 7.75 -0.0288 0.5469 -0.5558 0.1953 0.00106564 1.8571
75000.0 7.75 -0.0557 0.5735 -0.5731 0.2003 0.0011192 1.867
80000.0 7.75 -0.0789 0.5961 -0.5888 0.2053 0.00117164 1.8756
85000.0 7.75 -0.0967 0.6084 -0.5938 0.2061 0.00122396 1.8832
90000.0 7.75 -0.1111 0.6154 -0.5946 0.2056 0.00127581 1.8899
100000.0 7.75 -0.1385 0.6311 -0.5997 0.2062 0.00137921 1.9013
3750.0 8.0 2.5989 -4.0818 3.6112 -1.2392 4.31033e-06 -2.1343
4000.0 8.0 2.1676 -3.3345 2.9592 -1.0212 5.13726e-06 -1.8245
4250.0 8.0 1.9098 -2.825 2.473 -0.8485 6.09478e-06 -1.5532
4500.0 8.0 1.8129 -2.6473 2.305 -0.7887 7.30825e-06 -1.314
4750.0 8.0 1.7766 -2.5921 2.2575 -0.7727 8.80699e-06 -1.1018
5000.0 8.0 1.656 -2.2106 1.8134 -0.596 1.12524e-05 -0.9125
5250.0 8.0 1.4671 -1.7158 1.2956 -0.4028 1.34675e-05 -0.7428
5500.0 8.0 1.3242 -1.3257 0.8903 -0.2526 1.58928e-05 -0.59
5750.0 8.0 1.1385 -0.8223 0.3734 -0.063 1.84716e-05 -0.4519
6000.0 8.0 0.8718 -0.1382 -0.304 0.1791 2.11822e-05 -0.3265
6250.0 8.0 0.5617 0.6179 -1.0231 0.4276 2.40243e-05 -0.2122
6500.0 8.0 0.2744 1.2648 -1.5938 0.6114 2.69882e-05 -0.1077
7000.0 8.0 -0.0315 1.8047 -1.9345 0.6784 3.3284e-05 0.0762
7500.0 8.0 -0.0684 1.7254 -1.725 0.5681 4.0115e-05 0.2327
8000.0 8.0 -0.0579 1.6357 -1.5975 0.5102 4.75244e-05 0.3672
8500.0 8.0 -0.0284 1.5843 -1.5798 0.5098 5.55539e-05 0.4838
9000.0 8.0 -0.0075 1.6139 -1.6899 0.5663 6.4185e-05 0.5857
9500.0 8.0 0.0529 1.5651 -1.7447 0.6106 7.336e-05 0.6755
10000.0 8.0 0.1635 1.3506 -1.6102 0.5831 8.2847e-05 0.7551
10500.0 8.0 0.3006 0.9795 -1.255 0.4622 9.22341e-05 0.8261
11000.0 8.0 0.4016 0.6595 -0.9157 0.339 0.000100903 0.8898
11500.0 8.0 0.4709 0.4258 -0.6584 0.2448 0.000108779 0.9472
12000.0 8.0 0.5202 0.2342 -0.4344 0.1616 0.000115783 0.9992
12500.0 8.0 0.5528 0.0645 -0.2228 0.0818 0.000121208 1.0465
13000.0 8.0 0.5817 -0.0924 -0.0323 0.0121 0.000125545 1.0896
13500.0 8.0 0.6067 -0.2219 0.1192 -0.0409 0.000130446 1.1291
14000.0 8.0 0.6257 -0.3247 0.2438 -0.0868 0.000136062 1.1655
14500.0 8.0 0.6329 -0.3866 0.3274 -0.1209 0.000142124 1.199
15000.0 8.0 0.6304 -0.4123 0.3677 -0.1391 0.000148365 1.23
15500.0 8.0 0.6246 -0.422 0.3859 -0.1481 0.000154601 1.2588
16000.0 8.0 0.619 -0.4265 0.3935 -0.1517 0.000161051 1.2855
16500.0 8.0 0.5965 -0.3912 0.3602 -0.1398 0.000167621 1.3104
17000.0 8.0 0.6179 -0.4539 0.4225 -0.1621 0.000174216 1.3337
20000.0 8.0 0.6635 -0.6361 0.6076 -0.2286 0.000215983 1.4464
25000.0 8.0 0.8329 -1.0762 1.0223 -0.3715 0.000295696 1.5689
30000.0 8.0 0.7077 -0.7737 0.6582 -0.2252 0.00040109 1.6474
35000.0 8.0 0.4272 -0.2815 0.1968 -0.0644 0.000514552 1.7018
40000.0 8.0 0.3123 -0.1569 0.1151 -0.0426 0.00060233 1.7418
45000.0 8.0 0.2729 -0.1624 0.1484 -0.0593 0.000674551 1.7723
50000.0 8.0 0.2606 -0.2035 0.2078 -0.0835 0.000738816 1.7965
55000.0 8.0 0.2607 -0.2542 0.2699 -0.1075 0.000796783 1.816
60000.0 8.0 0.2664 -0.3063 0.3292 -0.1296 0.00085216 1.8321
3750.0 8.25 2.6764 -4.1766 3.6755 -1.2568 4.39198e-06 -2.1343
4000.0 8.25 2.255 -3.5041 3.1207 -1.0787 5.2421e-06 -1.8245
4250.0 8.25 1.954 -2.9098 2.5554 -0.8783 6.19568e-06 -1.5532
4500.0 8.25 1.8324 -2.6789 2.3348 -0.7993 7.39162e-06 -1.314
4750.0 8.25 1.7801 -2.5899 2.2532 -0.7709 8.86713e-06 -1.1018
5000.0 8.25 1.7185 -2.371 1.9835 -0.6601 1.13219e-05 -0.9125
5250.0 8.25 1.4978 -1.7946 1.3754 -0.432 1.35316e-05 -0.7428
5500.0 8.25 1.3565 -1.4187 0.9866 -0.2882 1.59688e-05 -0.59
5750.0 8.25 1.1866 -0.9644 0.5218 -0.1181 1.85709e-05 -0.4519
6000.0 8.25 0.9769 -0.4104 -0.0372 0.0844 2.13023e-05 -0.3265
6250.0 8.25 0.6953 0.288 -0.7118 0.3208 2.41554e-05 -0.2122
6500.0 8.25 0.4049 0.9658 -1.3323 0.528 2.71266e-05 -0.1077
7000.0 8.25 0.0279 1.7013 -1.8786 0.6717 3.34208e-05 0.0762
7500.0 8.25 -0.0509 1.7064 -1.7317 0.5777 4.0216e-05 0.2327
8000.0 8.25 -0.0388 1.5932 -1.5656 0.5028 4.75714e-05 0.3672
8500.0 8.25 -0.0176 1.5529 -1.5503 0.5009 5.55153e-05 0.4838
9000.0 8.25 0.0032 1.5836 -1.6626 0.5587 6.40548e-05 0.5857
9500.0 8.25 0.0621 1.5514 -1.7441 0.6151 7.31586e-05 0.6755
10000.0 8.25 0.1799 1.3414 -1.6319 0.6002 8.26395e-05 0.7551
10500.0 8.25 0.3305 0.9621 -1.2892 0.4889 9.21632e-05 0.8261
11000.0 8.25 0.4568 0.5809 -0.8939 0.3467 0.000101176 0.8898
11500.0 8.25 0.5425 0.308 -0.6012 0.2402 0.000109408 0.9472
12000.0 8.25 0.6081 0.0854 -0.352 0.1481 0.000116963 0.9992
12500.0 8.25 0.6445 -0.0753 -0.156 0.0741 0.000123601 1.0465
13000.0 8.25 0.6559 -0.1842 -0.0085 0.0172 0.000128625 1.0896
13500.0 8.25 0.6627 -0.2762 0.1144 -0.0289 0.000133018 1.1291
14000.0 8.25 0.6705 -0.3618 0.2265 -0.0701 0.000138017 1.1655
14500.0 8.25 0.6749 -0.4317 0.3251 -0.109 0.000143731 1.199
15000.0 8.25 0.672 -0.4737 0.3949 -0.14 0.00014985 1.23
15500.0 8.25 0.6625 -0.4861 0.4273 -0.1567 0.000156131 1.2588
16000.0 8.25 0.6526 -0.4885 0.4428 -0.1661 0.000162533 1.2855
16500.0 8.25 0.6456 -0.4911 0.4515 -0.171 0.000168995 1.3104
17000.0 8.25 0.642 -0.4971 0.4587 -0.1737 0.000175749 1.3337
20000.0 8.25 0.6858 -0.6755 0.6412 -0.2397 0.00021754 1.4464
25000.0 8.25 0.838 -1.0797 1.0228 -0.3711 0.000297722 1.5689
30000.0 8.25 0.7071 -0.7694 0.6525 -0.2229 0.000403618 1.6474
35000.0 8.25 0.428 -0.2817 0.1962 -0.064 0.000516078 1.7018
40000.0 8.25 0.3031 -0.1344 0.0927 -0.0346 0.000603027 1.7418
45000.0 8.25 0.2695 -0.1498 0.1339 -0.0536 0.000674638 1.7723
50000.0 8.25 0.2549 -0.1847 0.1867 -0.0754 0.000737976 1.7965
55000.0 8.25 0.2523 -0.2292 0.2426 -0.0971 0.000795767 1.816
60000.0 8.25 0.2557 -0.2752 0.2959 -0.1172 0.000849654 1.8321
65000.0 8.25 0.0448 0.44 -0.4686 0.1668 0.00100503 1.8456
70000.0 8.25 0.009 0.4857 -0.5049 0.1787 0.00105806 1.8571
75000.0 8.25 -0.0218 0.5245 -0.5357 0.1889 0.00110972 1.867
80000.0 8.25 -0.0489 0.5579 -0.5626 0.198 0.00116025 1.8756
85000.0 8.25 -0.0717 0.5837 -0.5819 0.2042 0.00120996 1.8832
90000.0 8.25 -0.0913 0.6045 -0.597 0.2089 0.00125948 1.8899
100000.0 8.25 -0.1298 0.6493 -0.6323 0.2206 0.00135753 1.9013
3750.0 8.5 2.7306 -4.2073 3.6715 -1.2487 4.46791e-06 -2.1343
4000.0 8.5 2.3474 -3.6769 3.2817 -1.1351 5.34792e-06 -1.8245
4250.0 8.5 2.0078 -3.0136 2.6558 -0.9144 6.30174e-06 -1.5532
4500.0 8.5 1.8554 -2.7174 2.3712 -0.8124 7.48319e-06 -1.314
4750.0 8.5 1.7909 -2.6036 2.2652 -0.775 8.93579e-06 -1.1018
5000.0 8.5 1.7062 -2.3189 1.9184 -0.6335 1.13957e-05 -0.9125
5250.0 8.5 1.5396 -1.8974 1.4797 -0.4701 1.36025e-05 -0.7428
5500.0 8.5 1.3875 -1.503 1.0728 -0.3198 1.60451e-05 -0.59
5750.0 8.5 1.2513 -1.1353 0.6938 -0.1802 1.86711e-05 -0.4519
6000.0 8.5 1.0661 -0.6439 0.1944 0.0015 2.14305e-05 -0.3265
6250.0 8.5 0.8147 -0.0109 -0.4261 0.2214 2.4304e-05 -0.2122
6500.0 8.5 0.5378 0.6526 -1.0498 0.4349 2.72838e-05 -0.1077
7000.0 8.5 0.1065 1.5509 -1.7778 0.6494 3.35805e-05 0.0762
7500.0 8.5 -0.0292 1.6832 -1.74 0.5895 4.03453e-05 0.2327
8000.0 8.5 -0.0265 1.5682 -1.5497 0.5002 4.76487e-05 0.3672
8500.0 8.5 -0.0038 1.5079 -1.5016 0.4836 5.55134e-05 0.4838
9000.0 8.5 0.014 1.5391 -1.6077 0.5376 6.39597e-05 0.5857
9500.0 8.5 0.0679 1.5267 -1.7141 0.6041 7.29779e-05 0.6755
10000.0 8.5 0.1829 1.3472 -1.6502 0.6109 8.24252e-05 0.7551
10500.0 8.5 0.3504 0.9531 -1.3151 0.5081 9.20438e-05 0.8261
11000.0 8.5 0.4985 0.5286 -0.8886 0.3578 0.000101327 0.8898
11500.0 8.5 0.6117 0.1795 -0.5185 0.2229 0.000109912 0.9472
12000.0 8.5 0.6978 -0.0909 -0.2254 0.1154 0.000117843 0.9992
12500.0 8.5 0.7546 -0.2944 0.0096 0.027 0.000125165 1.0465
13000.0 8.5 0.7731 -0.4066 0.1561 -0.0295 0.000131504 1.0896
13500.0 8.5 0.7647 -0.4562 0.2394 -0.0631 0.000136324 1.1291
14000.0 8.5 0.7528 -0.4927 0.3048 -0.089 0.0001408 1.1655
14500.0 8.5 0.7419 -0.5259 0.3647 -0.1125 0.000145865 1.199
15000.0 8.5 0.7308 -0.5582 0.4292 -0.1405 0.000151628 1.23
15500.0 8.5 0.7163 -0.5727 0.4748 -0.1636 0.000157808 1.2588
16000.0 8.5 0.6987 -0.569 0.4964 -0.1779 0.000164197 1.2855
16500.0 8.5 0.6841 -0.5629 0.5075 -0.1868 0.000170651 1.3104
17000.0 8.5 0.675 -0.5616 0.5151 -0.1922 0.000177266 1.3337
20000.0 8.5 0.7096 -0.7194 0.6802 -0.253 0.000219235 1.4464
25000.0 8.5 0.8522 -1.1018 1.0406 -0.3768 0.000299875 1.5689
30000.0 8.5 0.7017 -0.7567 0.6402 -0.2186 0.000406353 1.6474
35000.0 8.5 0.4298 -0.2843 0.1986 -0.0648 0.00051777 1.7018
40000.0 8.5 0.3163 -0.1579 0.1126 -0.0409 0.000603858 1.7418
45000.0 8.5 0.2688 -0.1433 0.1254 -0.0502 0.000674959 1.7723
50000.0 8.5 0.2524 -0.1724 0.1719 -0.0696 0.000736776 1.7965
55000.0 8.5 0.2478 -0.212 0.223 -0.0895 0.000793955 1.816
60000.0 8.5 0.2482 -0.253 0.2718 -0.108 0.000848921 1.8321
65000.0 8.5 0.0715 0.3876 -0.4193 0.1495 0.00100311 1.8456
70000.0 8.5 0.0363 0.4332 -0.4557 0.1614 0.00105526 1.8571
75000.0 8.5 0.0056 0.4728 -0.4879 0.1722 0.00110614 1.867
80000.0 8.5 -0.0215 0.5071 -0.5159 0.1817 0.00115604 1.8756
85000.0 8.5 -0.0445 0.5346 -0.5374 0.1888 0.00120524 1.8832
90000.0 8.5 -0.0654 0.5596 -0.5573 0.1954 0.00125389 1.8899
100000.0 8.5 -0.1048 0.6085 -0.5974 0.209 0.00135018 1.9013
3750.0 8.75 2.7535 -4.1529 3.5799 -1.2087 4.53608e-06 -2.1343
4000.0 8.75 2.4399 -3.8389 3.4271 -1.1848 5.45284e-06 -1.8245
4250.0 8.75 2.0722 -3.1381 2.7757 -0.9573 6.41178e-06 -1.5532
4500.0 8.75 1.8835 -2.7663 2.4179 -0.8292 7.58183e-06 -1.314
4750.0 8.75 1.8076 -2.6297 2.2897 -0.7838 9.01227e-06 -1.1018
5000.0 8.75 1.7788 -2.5031 2.1156 -0.7084 1.14838e-05 -0.9125
5250.0 8.75 1.5853 -2.0079 1.5924 -0.5117 1.36813e-05 -0.7428
5500.0 8.75 1.4192 -1.5842 1.1545 -0.3495 1.61238e-05 -0.59
5750.0 8.75 1.275 -1.21 0.7741 -0.2107 1.87678e-05 -0.4519
6000.0 8.75 1.1178 -0.7938 0.3511 -0.0567 2.15579e-05 -0.3265
6250.0 8.75 0.9149 -0.2699 -0.1719 0.1312 2.44577e-05 -0.2122
6500.0 8.75 0.6642 0.3469 -0.7657 0.3386 2.74601e-05 -0.1077
7000.0 8.75 0.2002 1.3627 -1.6394 0.6136 3.37686e-05 0.0762
7500.0 8.75 0.0108 1.6201 -1.7148 0.5912 4.0514e-05 0.2327
8000.0 8.75 -0.0079 1.5318 -1.5265 0.4962 4.77544e-05 0.3672
8500.0 8.75 0.0129 1.4541 -1.4421 0.4621 5.55488e-05 0.4838
9000.0 8.75 0.0302 1.4727 -1.5239 0.5043 6.39135e-05 0.5857
9500.0 8.75 0.0731 1.4861 -1.6526 0.5777 7.28227e-05 0.6755
10000.0 8.75 0.1733 1.3645 -1.6612 0.6139 8.22097e-05 0.7551
10500.0 8.75 0.3476 0.9862 -1.3673 0.5322 9.18727e-05 0.8261
11000.0 8.75 0.5236 0.507 -0.9008 0.3713 0.000101385 0.8898
11500.0 8.75 0.6584 0.1043 -0.4825 0.2206 0.000110289 0.9472
12000.0 8.75 0.7714 -0.2413 -0.1122 0.0847 0.000118562 0.9992
12500.0 8.75 0.8523 -0.5032 0.1795 -0.0245 0.000126305 1.0465
13000.0 8.75 0.8926 -0.6643 0.3732 -0.0987 0.000133461 1.0896
13500.0 8.75 0.8924 -0.7265 0.4686 -0.1372 0.000139601 1.1291
14000.0 8.75 0.8689 -0.7255 0.4948 -0.1494 0.000144363 1.1655
14500.0 8.75 0.8412 -0.7123 0.5069 -0.1562 0.000148908 1.199
15000.0 8.75 0.8139 -0.6987 0.5187 -0.1627 0.000154041 1.23
15500.0 8.75 0.788 -0.6883 0.5387 -0.1746 0.000159785 1.2588
16000.0 8.75 0.7623 -0.6758 0.5593 -0.189 0.000165964 1.2855
16500.0 8.75 0.7382 -0.658 0.5704 -0.2006 0.000172357 1.3104
17000.0 8.75 0.7144 -0.6344 0.5716 -0.2082 0.000178888 1.3337
20000.0 8.75 0.7342 -0.7646 0.7199 -0.2662 0.000221063 1.4464
25000.0 8.75 0.8626 -1.1155 1.0501 -0.3794 0.00030217 1.5689
30000.0 8.75 0.7045 -0.7592 0.6408 -0.2185 0.000409219 1.6474
35000.0 8.75 0.4329 -0.2901 0.2041 -0.0667 0.000519603 1.7018
40000.0 8.75 0.3189 -0.1604 0.1137 -0.0411 0.000604875 1.7418
45000.0 8.75 0.2706 -0.1427 0.123 -0.0489 0.000675466 1.7723
50000.0 8.75 0.2528 -0.1672 0.1644 -0.0664 0.000736436 1.7965
55000.0 8.75 0.2463 -0.2019 0.2104 -0.0845 0.000792918 1.816
60000.0 8.75 0.2457 -0.2392 0.255 -0.1014 0.000846315 1.8321
3750.0 9.0 2.7418 -4.0117 3.4014 -1.1376 4.58687e-06 -2.1343
4000.0 9.0 2.5265 -3.9748 3.541 -1.2221 5.55457e-06 -1.8245
4250.0 9.0 2.1469 -3.2812 2.9123 -1.006 6.52401e-06 -1.5532
4500.0 9.0 1.919 -2.8305 2.4797 -0.8514 7.68713e-06 -1.314
4750.0 9.0 1.8219 -2.6487 2.3069 -0.79 9.10424e-06 -1.1018
5000.0 9.0 1.811 -2.5719 2.1847 -0.7338 1.15835e-05 -0.9125
5250.0 9.0 1.6408 -2.1418 1.7304 -0.5628 1.37703e-05 -0.7428
5500.0 9.0 1.4493 -1.6568 1.2263 -0.3754 1.62092e-05 -0.59
5750.0 9.0 1.31 -1.3024 0.867 -0.2443 1.88652e-05 -0.4519
6000.0 9.0 1.1667 -0.9278 0.4881 -0.1069 2.16849e-05 -0.3265
6250.0 9.0 1.0043 -0.4983 0.0516 0.052 2.46196e-05 -0.2122
6500.0 9.0 0.7776 0.0634 -0.4942 0.2441 2.76478e-05 -0.1077
7000.0 9.0 0.3116 1.1225 -1.4434 0.5555 3.39859e-05 0.0762
7500.0 9.0 0.0575 1.5491 -1.6894 0.5947 4.07226e-05 0.2327
8000.0 9.0 0.0141 1.4946 -1.509 0.4959 4.7914e-05 0.3672
8500.0 9.0 0.0328 1.3949 -1.3795 0.44 5.56308e-05 0.4838
9000.0 9.0 0.0519 1.3888 -1.4195 0.4632 6.38962e-05 0.5857
9500.0 9.0 0.0771 1.4375 -1.573 0.5421 7.27022e-05 0.6755
10000.0 9.0 0.158 1.3774 -1.6511 0.6048 8.20308e-05 0.7551
10500.0 9.0 0.3262 1.0481 -1.4307 0.5553 9.16933e-05 0.8261
11000.0 9.0 0.5235 0.5407 -0.9574 0.3975 0.000101373 0.8898
11500.0 9.0 0.684 0.0724 -0.4777 0.226 0.000110582 0.9472
12000.0 9.0 0.8183 -0.329 -0.054 0.0714 0.000119158 0.9992
12500.0 9.0 0.9239 -0.6558 0.3023 -0.0612 0.000127235 1.0465
13000.0 9.0 0.9885 -0.8792 0.559 -0.1589 0.000134875 1.0896
13500.0 9.0 1.009 -0.9899 0.7028 -0.2157 0.000141935 1.1291
14000.0 9.0 0.9936 -1.0042 0.7453 -0.2346 0.000147989 1.1655
14500.0 9.0 0.9627 -0.9722 0.7344 -0.2326 0.000152769 1.199
15000.0 9.0 0.9216 -0.9163 0.6998 -0.2222 0.000157382 1.23
15500.0 9.0 0.8826 -0.8662 0.6727 -0.2149 0.000162533 1.2588
16000.0 9.0 0.8441 -0.8179 0.6511 -0.211 0.000168222 1.2855
16500.0 9.0 0.8092 -0.7797 0.6453 -0.2157 0.000174424 1.3104
17000.0 9.0 0.7787 -0.7472 0.6434 -0.2227 0.000180932 1.3337
20000.0 9.0 0.7606 -0.8148 0.7649 -0.2815 0.00022305 1.4464
25000.0 9.0 0.8693 -1.124 1.0563 -0.3814 0.000304643 1.5689
30000.0 9.0 0.7059 -0.7593 0.6395 -0.2178 0.000412256 1.6474
35000.0 9.0 0.4396 -0.3021 0.2146 -0.0702 0.000521575 1.7018
40000.0 9.0 0.3229 -0.1669 0.1197 -0.0432 0.000606061 1.7418
45000.0 9.0 0.2754 -0.1485 0.1266 -0.0497 0.000676183 1.7723
50000.0 9.0 0.2552 -0.1668 0.1617 -0.0649 0.000736316 1.7965
55000.0 9.0 0.2471 -0.1972 0.2033 -0.0814 0.000792331 1.816
60000.0 9.0 0.2451 -0.2308 0.2443 -0.097 0.000844789 1.8321
65000.0 9.0 0.1265 0.2755 -0.3116 0.111 0.00100049 1.8456
70000.0 9.0 0.0933 0.3184 -0.3463 0.1226 0.00105151 1.8571
75000.0 9.0 0.0651 0.3534 -0.374 0.1317 0.00110116 1.867
80000.0 9.0 0.0397 0.3857 -0.4007 0.1409 0.00114975 1.8756
85000.0 9.0 0.0171 0.4139 -0.4236 0.1486 0.00119752 1.8832
90000.0 9.0 -0.0027 0.4379 -0.443 0.1551 0.00124465 1.8899
100000.0 9.0 -0.0408 0.4866 -0.4842 0.1694 0.0013375 1.9013
3750.0 9.25 2.6954 -3.7879 3.1437 -1.0391 4.61536e-06 -2.1343
4000.0 9.25 2.6002 -4.0669 3.6051 -1.2401 5.64748e-06 -1.8245
4250.0 9.25 2.232 -3.4421 3.064 -1.0595 6.63675e-06 -1.5532
4500.0 9.25 1.9636 -2.9132 2.5594 -0.8801 7.79755e-06 -1.314
4750.0 9.25 1.8442 -2.6844 2.3405 -0.802 9.19341e-06 -1.1018
5000.0 9.25 1.8638 -2.7018 2.3244 -0.7871 1.16988e-05 -0.9125
5250.0 9.25 1.7079 -2.3073 1.9041 -0.6279 1.38709e-05 -0.7428
5500.0 9.25 1.492 -1.7574 1.3269 -0.4119 1.63036e-05 -0.59
5750.0 9.25 1.3432 -1.3862 0.9506 -0.2744 1.89642e-05 -0.4519
6000.0 9.25 1.2129 -1.0509 0.612 -0.1516 2.18066e-05 -0.3265
6250.0 9.25 1.0603 -0.6547 0.2127 -0.0071 2.47795e-05 -0.2122
6500.0 9.25 0.873 -0.1785 -0.2589 0.1612 2.7845e-05 -0.1077
7000.0 9.25 0.4252 0.871 -1.2299 0.489 3.42265e-05 0.0762
7500.0 9.25 0.1232 1.4336 -1.6232 0.5845 4.09614e-05 0.2327
8000.0 9.25 0.042 1.4526 -1.495 0.4989 4.81173e-05 0.3672
8500.0 9.25 0.0517 1.3447 -1.3304 0.4236 5.57625e-05 0.4838
9000.0 9.25 0.0726 1.3087 -1.3195 0.4235 6.39259e-05 0.5857
9500.0 9.25 0.0892 1.3627 -1.4627 0.4946 7.26183e-05 0.6755
10000.0 9.25 0.1498 1.3543 -1.5897 0.5734 8.1846e-05 0.7551
10500.0 9.25 0.2932 1.1172 -1.4813 0.5686 9.14683e-05 0.8261
11000.0 9.25 0.4972 0.6304 -1.0568 0.4353 0.000101255 0.8898
11500.0 9.25 0.6788 0.1194 -0.5469 0.2562 0.000110743 0.9472
12000.0 9.25 0.8342 -0.3383 -0.0697 0.0832 0.000119636 0.9992
12500.0 9.25 0.9644 -0.7311 0.3519 -0.0727 0.000128006 1.0465
13000.0 9.25 1.0546 -1.0226 0.6777 -0.1958 0.000135984 1.0896
13500.0 9.25 1.0971 -1.1903 0.8798 -0.2747 0.000143581 1.1291
14000.0 9.25 1.0992 -1.2485 0.9682 -0.3114 0.000150602 1.1655
14500.0 9.25 1.0741 -1.229 0.9719 -0.3155 0.00015667 1.199
15000.0 9.25 1.0348 -1.1684 0.9291 -0.3017 0.000161575 1.23
15500.0 9.25 0.9904 -1.0934 0.8704 -0.2819 0.000166236 1.2588
16000.0 9.25 0.9445 -1.0161 0.8112 -0.2623 0.000171302 1.2855
16500.0 9.25 0.8981 -0.942 0.7603 -0.2471 0.00017702 1.3104
17000.0 9.25 0.8389 -0.8491 0.7074 -0.2366 0.000183034 1.3337
20000.0 9.25 0.792 -0.8747 0.8184 -0.2996 0.000225134 1.4464
25000.0 9.25 0.8849 -1.1464 1.0726 -0.3861 0.000307224 1.5689
30000.0 9.25 0.7055 -0.757 0.6368 -0.2169 0.000415403 1.6474
35000.0 9.25 0.4425 -0.3094 0.2232 -0.0737 0.000523623 1.7018
40000.0 9.25 0.3297 -0.1786 0.13 -0.0466 0.000607292 1.7418
45000.0 9.25 0.2798 -0.1549 0.1322 -0.0516 0.000676975 1.7723
50000.0 9.25 0.2599 -0.1717 0.1645 -0.0655 0.000736331 1.7965
55000.0 9.25 0.2498 -0.1979 0.202 -0.0805 0.000792241 1.816
60000.0 9.25 0.2465 -0.2278 0.2391 -0.0947 0.000843805 1.8321
3750.0 9.5 2.6312 -3.5305 2.8584 -0.9321 4.62896e-06 -2.1343
4000.0 9.5 2.6557 -4.1035 3.6078 -1.2348 5.7262e-06 -1.8245
4250.0 9.5 2.3226 -3.6056 3.2135 -1.1113 6.74638e-06 -1.5532
4500.0 9.5 2.0187 -3.0175 2.6606 -0.9166 7.90997e-06 -1.314
4750.0 9.5 1.8711 -2.7295 2.3836 -0.8176 9.298e-06 -1.1018
5000.0 9.5 1.8928 -2.7625 2.3871 -0.8105 1.19037e-05 -0.9125
5250.0 9.5 1.6787 -2.2048 1.7835 -0.58 1.39759e-05 -0.7428
5500.0 9.5 1.5312 -1.847 1.4166 -0.4446 1.64085e-05 -0.59
5750.0 9.5 1.3836 -1.4826 1.0455 -0.3084 1.90715e-05 -0.4519
6000.0 9.5 1.257 -1.162 0.722 -0.1908 2.19326e-05 -0.3265
6250.0 9.5 1.1135 -0.7963 0.3559 -0.059 2.49365e-05 -0.2122
6500.0 9.5 0.9509 -0.3824 -0.0554 0.0882 2.80454e-05 -0.1077
7000.0 9.5 0.5452 0.5906 -0.977 0.4056 3.44893e-05 0.0762
7500.0 9.5 0.2035 1.2828 -1.5228 0.5622 4.12426e-05 0.2327
8000.0 9.5 0.0737 1.4116 -1.4907 0.5075 4.83687e-05 0.3672
8500.0 9.5 0.0721 1.2998 -1.2942 0.4138 5.59541e-05 0.4838
9000.0 9.5 0.0956 1.2283 -1.224 0.3867 6.40217e-05 0.5857
9500.0 9.5 0.1104 1.2646 -1.33 0.4395 7.26127e-05 0.6755
10000.0 9.5 0.1496 1.3005 -1.4896 0.5264 8.17004e-05 0.7551
10500.0 9.5 0.2576 1.1723 -1.5011 0.5665 9.12488e-05 0.8261
11000.0 9.5 0.4518 0.7515 -1.1718 0.4742 0.000101077 0.8898
11500.0 9.5 0.6489 0.2225 -0.662 0.2998 0.000110795 0.9472
12000.0 9.5 0.8195 -0.2719 -0.155 0.1181 0.000120006 0.9992
12500.0 9.5 0.9703 -0.7179 0.3163 -0.0546 0.000128673 1.0465
13000.0 9.5 1.0869 -1.0787 0.7108 -0.2024 0.000136935 1.0896
13500.0 9.5 1.1559 -1.3169 0.9849 -0.3078 0.000144884 1.1291
14000.0 9.5 1.1789 -1.4314 1.1318 -0.3667 0.000152481 1.1655
14500.0 9.5 1.1671 -1.4468 1.1727 -0.3855 0.000159534 1.199
15000.0 9.5 1.1357 -1.4036 1.1488 -0.3791 0.000165704 1.23
15500.0 9.5 1.0949 -1.3316 1.0911 -0.3595 0.000170831 1.2588
16000.0 9.5 1.048 -1.2416 1.0138 -0.3326 0.000175525 1.2855
16500.0 9.5 0.9973 -1.146 0.9333 -0.305 0.000180538 1.3104
17000.0 9.5 0.9469 -1.0551 0.8619 -0.2818 0.00018622 1.3337
20000.0 9.5 0.8755 -1.2955 1.548 -0.6545 0.000252716 1.4464
25000.0 9.5 0.8955 -1.1609 1.0827 -0.3889 0.000310011 1.5689
30000.0 9.5 0.7061 -0.7563 0.6353 -0.2163 0.000418714 1.6474
35000.0 9.5 0.4478 -0.3202 0.2339 -0.0776 0.000525803 1.7018
40000.0 9.5 0.3368 -0.1912 0.1413 -0.0505 0.000608687 1.7418
45000.0 9.5 0.2867 -0.167 0.1433 -0.0554 0.000677985 1.7723
50000.0 9.5 0.2661 -0.1796 0.1704 -0.0672 0.000735963 1.7965
55000.0 9.5 0.2554 -0.2029 0.2043 -0.0809 0.000790803 1.816
60000.0 9.5 0.2508 -0.2301 0.2388 -0.0941 0.000842686 1.8321
65000.0 9.5 0.1778 0.1684 -0.2069 0.0732 0.000999073 1.8456
70000.0 9.5 0.1481 0.2044 -0.2353 0.0826 0.00104928 1.8571
75000.0 9.5 0.1226 0.2339 -0.2578 0.0899 0.00109799 1.867
80000.0 9.5 0.1001 0.2604 -0.2786 0.0968 0.00114566 1.8756
85000.0 9.5 0.0803 0.2829 -0.2962 0.1027 0.00119242 1.8832
90000.0 9.5 0.062 0.3051 -0.3149 0.1094 0.00123843 1.8899
100000.0 9.5 0.0283 0.346 -0.3489 0.1211 0.0013288 1.9013
