Teff log(g) a1 a2 a3 a4 I1 beaming
3750.0 5.0 1.8041 -2.7089 2.3445 -0.7957 4.2391e-06 -1.4723
4000.0 5.0 1.7196 -2.5905 2.2586 -0.7711 5.21236e-06 -1.2091
4250.0 5.0 1.6866 -2.5254 2.2059 -0.7546 6.43872e-06 -0.9792
4500.0 5.0 1.5464 -2.068 1.6907 -0.5537 7.94494e-06 -0.7771
4750.0 5.0 1.2692 -1.2712 0.8562 -0.2422 9.69025e-06 -0.5981
5000.0 5.0 0.7626 0.0673 -0.4739 0.2338 1.17876e-05 -0.4389
5250.0 5.0 0.2512 1.3118 -1.6416 0.6291 1.38572e-05 -0.2964
5500.0 5.0 -0.0698 1.9578 -2.1299 0.7588 1.60446e-05 -0.1683
5750.0 5.0 -0.1714 1.9919 -1.9743 0.653 1.83397e-05 -0.0526
6000.0 5.0 -0.1518 1.7249 -1.5342 0.4532 2.07407e-05 0.0522
6250.0 5.0 -0.0765 1.349 -1.0212 0.2391 2.32464e-05 0.1477
6500.0 5.0 0.0147 0.9835 -0.5665 0.0594 2.58578e-05 0.2348
7000.0 5.0 0.1549 0.5091 -0.0356 -0.1375 3.14431e-05 0.3881
7500.0 5.0 0.2263 0.3162 0.1438 -0.2009 3.75314e-05 0.5183
8000.0 5.0 0.2539 0.2938 0.1084 -0.1804 4.40185e-05 0.6302
8500.0 5.0 0.3192 0.2162 0.0722 -0.1393 5.05941e-05 0.7271
9000.0 5.0 0.4979 -0.2233 0.413 -0.2246 5.65173e-05 0.8118
9500.0 5.0 0.5954 -0.4478 0.5143 -0.2162 6.03583e-05 0.8864
10000.0 5.0 0.6176 -0.4953 0.5151 -0.2015 6.47004e-05 0.9526
10500.0 5.0 0.6068 -0.4692 0.4805 -0.1884 6.93718e-05 1.0116
11000.0 5.0 0.6133 -0.4904 0.4909 -0.1904 7.41204e-05 1.0646
11500.0 5.0 0.6403 -0.575 0.5686 -0.2167 7.89747e-05 1.1123
12000.0 5.0 0.626 -0.549 0.5399 -0.2062 8.36046e-05 1.1556
12500.0 5.0 0.6292 -0.5743 0.565 -0.2153 8.83318e-05 1.1949
13000.0 5.0 0.6309 -0.5965 0.5885 -0.2241 9.30298e-05 1.2309
13500.0 5.0 0.6035 -0.5465 0.5366 -0.2046 9.77476e-05 1.2638
14000.0 5.0 0.6348 -0.641 0.6362 -0.242 0.000102465 1.2942
14500.0 5.0 0.5683 -0.4935 0.4831 -0.1848 0.000107215 1.3221
15000.0 5.0 0.6397 -0.6852 0.6842 -0.2599 0.000111971 1.348
15500.0 5.0 0.6413 -0.7038 0.7049 -0.2679 0.00011677 1.3721
16000.0 5.0 0.5758 -0.5556 0.5506 -0.21 0.000121617 1.3944
16500.0 5.0 0.6495 -0.7491 0.7525 -0.2852 0.000126488 1.4153
17000.0 5.0 0.6565 -0.7778 0.7827 -0.2964 0.000131423 1.4347
20000.0 5.0 0.7229 -0.9872 0.9942 -0.3727 0.000162216 1.5292
25000.0 5.0 0.9172 -1.4226 1.3881 -0.505 0.000220357 1.6323
30000.0 5.0 0.9002 -1.2913 1.1857 -0.4177 0.000301192 1.6986
35000.0 5.0 0.8311 -1.2821 1.2183 -0.4398 0.000398544 1.7447
40000.0 5.0 0.9235 -1.6112 1.5822 -0.5781 0.000473835 1.7786
45000.0 5.0 1.0338 -1.9224 1.9046 -0.6962 0.000537057 1.8046
50000.0 5.0 1.1392 -2.1907 2.1725 -0.7922 0.000595758 1.8252
55000.0 5.0 1.2287 -2.4012 2.3758 -0.8636 0.000650649 1.8418
60000.0 5.0 1.3049 -2.5676 2.5318 -0.9175 0.000704238 1.8556
3750.0 5.25 1.8268 -2.759 2.3968 -0.8154 4.29775e-06 -1.4723
4000.0 5.25 1.7242 -2.6029 2.2725 -0.7766 5.25351e-06 -1.2091
4250.0 5.25 1.6855 -2.5316 2.2138 -0.7579 6.46069e-06 -0.9792
4500.0 5.25 1.5889 -2.2026 1.838 -0.61 7.94453e-06 -0.7771
4750.0 5.25 1.3527 -1.5137 1.1047 -0.3338 9.67933e-06 -0.5981
5000.0 5.25 0.9178 -0.338 -0.0806 0.0959 1.1799e-05 -0.4389
5250.0 5.25 0.417 0.9183 -1.2891 0.5149 1.38669e-05 -0.2964
5500.0 5.25 0.0304 1.7751 -2.0225 0.7416 1.6055e-05 -0.1683
5750.0 5.25 -0.1411 2.0168 -2.0958 0.7217 1.83501e-05 -0.0526
6000.0 5.25 -0.1679 1.8819 -1.7956 0.572 2.07513e-05 0.0522
6250.0 5.25 -0.1228 1.5822 -1.3532 0.3798 2.32564e-05 0.1477
6500.0 5.25 -0.047 1.2374 -0.8988 0.1932 2.58636e-05 0.2348
7000.0 5.25 0.1031 0.6841 -0.24 -0.0622 3.1419e-05 0.3881
7500.0 5.25 0.1892 0.422 0.0315 -0.1621 3.74505e-05 0.5183
8000.0 5.25 0.2219 0.3657 0.0437 -0.1603 4.38837e-05 0.6302
8500.0 5.25 0.2682 0.3217 -0.0077 -0.1198 5.0498e-05 0.7271
9000.0 5.25 0.4095 -0.0182 0.2486 -0.1827 5.66816e-05 0.8118
9500.0 5.25 0.5369 -0.3415 0.4689 -0.2197 6.11168e-05 0.8864
10000.0 5.25 0.5728 -0.4109 0.454 -0.1855 6.48272e-05 0.9526
10500.0 5.25 0.5842 -0.4438 0.4704 -0.1872 6.94455e-05 1.0116
11000.0 5.25 0.5872 -0.4552 0.4713 -0.1862 7.41199e-05 1.0646
11500.0 5.25 0.591 -0.4724 0.4788 -0.187 7.87987e-05 1.1123
12000.0 5.25 0.5959 -0.4986 0.5003 -0.1937 8.34882e-05 1.1556
12500.0 5.25 0.5984 -0.5215 0.522 -0.2013 8.81855e-05 1.1949
13000.0 5.25 0.5994 -0.5414 0.5423 -0.2088 9.2868e-05 1.2309
13500.0 5.25 0.6005 -0.5612 0.563 -0.2164 9.75738e-05 1.2638
14000.0 5.25 0.6009 -0.5794 0.5826 -0.2237 0.000102289 1.2942
14500.0 5.25 0.6021 -0.5982 0.6026 -0.2311 0.000107025 1.3221
15000.0 5.25 0.6024 -0.6144 0.6204 -0.2378 0.000111787 1.348
15500.0 5.25 0.6058 -0.637 0.6448 -0.2469 0.000116573 1.3721
16000.0 5.25 0.6082 -0.6561 0.6651 -0.2544 0.00012141 1.3944
16500.0 5.25 0.6046 -0.6595 0.6692 -0.2559 0.000126284 1.4153
17000.0 5.25 0.6152 -0.6957 0.7059 -0.2692 0.0001312 1.4347
20000.0 5.25 0.6506 -0.8294 0.8389 -0.3164 0.000161923 1.5292
25000.0 5.25 0.8556 -1.2918 1.26 -0.4587 0.000219726 1.6323
30000.0 5.25 0.8343 -1.1545 1.0526 -0.3698 0.00029895 1.6986
35000.0 5.25 0.7159 -1.0343 0.9751 -0.3521 0.000394688 1.7447
40000.0 5.25 0.7749 -1.2994 1.2804 -0.4703 0.000469047 1.7786
45000.0 5.25 0.867 -1.581 1.578 -0.5803 0.000530966 1.8046
50000.0 5.25 0.9603 -1.834 1.8352 -0.6734 0.000588111 1.8252
55000.0 5.25 1.0441 -2.0435 2.0418 -0.7469 0.000641053 1.8418
60000.0 5.25 1.1189 -2.2193 2.2108 -0.806 0.00069228 1.8556
3750.0 5.5 1.862 -2.8344 2.4731 -0.8435 4.36396e-06 -1.4723
4000.0 5.5 1.7327 -2.6208 2.2909 -0.7835 5.30069e-06 -1.2091
4250.0 5.5 1.6849 -2.5349 2.2179 -0.7595 6.48896e-06 -0.9792
4500.0 5.5 1.6141 -2.2847 1.9279 -0.6445 7.94903e-06 -0.7771
4750.0 5.5 1.4167 -1.705 1.3045 -0.4081 9.67119e-06 -0.5981
5000.0 5.5 1.0498 -0.6916 0.268 -0.0283 1.18177e-05 -0.4389
5250.0 5.5 0.5854 0.5018 -0.9005 0.3839 1.38837e-05 -0.2964
5500.0 5.5 0.1552 1.5112 -1.8182 0.6855 1.60719e-05 -0.1683
5750.0 5.5 -0.0885 1.9684 -2.1309 0.7568 1.83673e-05 -0.0526
6000.0 5.5 -0.164 1.9732 -1.9802 0.6616 2.07682e-05 0.0522
6250.0 5.5 -0.1482 1.7553 -1.6229 0.4993 2.32727e-05 0.1477
6500.0 5.5 -0.0964 1.4678 -1.2181 0.3269 2.58785e-05 0.2348
7000.0 5.5 0.0453 0.8967 -0.5034 0.0402 3.14096e-05 0.3881
7500.0 5.5 0.1446 0.5642 -0.1313 -0.102 3.73929e-05 0.5183
8000.0 5.5 0.1853 0.4629 -0.0551 -0.1265 4.37817e-05 0.6302
8500.0 5.5 0.2201 0.4298 -0.0986 -0.0942 5.04106e-05 0.7271
9000.0 5.5 0.3435 0.146 0.1014 -0.1387 5.68412e-05 0.8118
9500.0 5.5 0.5144 -0.3169 0.4947 -0.2469 6.20154e-05 0.8864
10000.0 5.5 0.5776 -0.4579 0.5321 -0.2227 6.54904e-05 0.9526
10500.0 5.5 0.5644 -0.4189 0.4592 -0.1858 6.96681e-05 1.0116
11000.0 5.5 0.5666 -0.4286 0.4589 -0.1843 7.4269e-05 1.0646
11500.0 5.5 0.5669 -0.4348 0.4548 -0.1811 7.89015e-05 1.1123
12000.0 5.5 0.5707 -0.4555 0.4681 -0.1843 8.35246e-05 1.1556
12500.0 5.5 0.5719 -0.4736 0.4831 -0.1889 8.8184e-05 1.1949
13000.0 5.5 0.5716 -0.4895 0.4978 -0.1938 9.28723e-05 1.2309
13500.0 5.5 0.5755 -0.5165 0.5263 -0.2045 9.75368e-05 1.2638
14000.0 5.5 0.5727 -0.5256 0.5355 -0.2077 0.00010225 1.2942
14500.0 5.5 0.5737 -0.5439 0.5548 -0.2148 0.000106983 1.3221
15000.0 5.5 0.5748 -0.5616 0.5738 -0.2218 0.000111739 1.348
15500.0 5.5 0.576 -0.5783 0.5916 -0.2285 0.000116534 1.3721
16000.0 5.5 0.5468 -0.5203 0.532 -0.2063 0.000121369 1.3944
16500.0 5.5 0.5794 -0.6111 0.6257 -0.2409 0.000126232 1.4153
17000.0 5.5 0.5828 -0.6298 0.6446 -0.2476 0.000131157 1.4347
20000.0 5.5 0.6424 -0.8203 0.8347 -0.3157 0.000161832 1.5292
25000.0 5.5 0.8287 -1.238 1.2092 -0.4408 0.000219455 1.6323
30000.0 5.5 0.7807 -1.0393 0.9389 -0.3287 0.000297629 1.6986
35000.0 5.5 0.6225 -0.8287 0.7713 -0.2783 0.000391889 1.7447
40000.0 5.5 0.6502 -1.0293 1.015 -0.3746 0.000465397 1.7786
45000.0 5.5 0.7229 -1.2753 1.2807 -0.4738 0.000526277 1.8046
50000.0 5.5 0.802 -1.504 1.5171 -0.56 0.000582185 1.8252
55000.0 5.5 0.8762 -1.7002 1.7133 -0.6303 0.000633589 1.8418
60000.0 5.5 0.9445 -1.8697 1.879 -0.6889 0.000683125 1.8556
3750.0 5.75 1.9077 -2.9296 2.5682 -0.8784 4.43248e-06 -1.4723
4000.0 5.75 1.7456 -2.6458 2.3158 -0.7927 5.354e-06 -1.2091
4250.0 5.75 1.6877 -2.5426 2.2256 -0.7624 6.5231e-06 -0.9792
4500.0 5.75 1.7073 -2.5781 2.2645 -0.7772 7.9649e-06 -0.7771
4750.0 5.75 1.4615 -1.8441 1.4526 -0.4639 9.66569e-06 -0.5981
5000.0 5.75 1.1578 -0.9889 0.5657 -0.1358 1.18483e-05 -0.4389
5250.0 5.75 0.7459 0.093 -0.5092 0.2487 1.39065e-05 -0.2964
5500.0 5.75 0.2989 1.1819 -1.5344 0.5973 1.60955e-05 -0.1683
5750.0 5.75 -0.0071 1.8276 -2.0578 0.7495 1.83924e-05 -0.0526
6000.0 5.75 -0.1317 1.9738 -2.06 0.7111 2.07919e-05 0.0522
6250.0 5.75 -0.1576 1.8743 -1.8283 0.594 2.32926e-05 0.1477
6500.0 5.75 -0.1276 1.6485 -1.4886 0.4447 2.58986e-05 0.2348
7000.0 5.75 -0.0108 1.1228 -0.7984 0.1596 3.14111e-05 0.3881
7500.0 5.75 0.0944 0.7406 -0.346 -0.0188 3.73553e-05 0.5183
8000.0 5.75 0.1441 0.5892 -0.1962 -0.0747 4.3707e-05 0.6302
8500.0 5.75 0.1737 0.5481 -0.2117 -0.0577 5.03352e-05 0.7271
9000.0 5.75 0.2788 0.3128 -0.052 -0.092 5.69084e-05 0.8118
9500.0 5.75 0.4247 -0.094 0.3101 -0.1989 6.26322e-05 0.8864
10000.0 5.75 0.5279 -0.3667 0.4969 -0.229 6.64857e-05 0.9526
10500.0 5.75 0.5499 -0.4036 0.4623 -0.192 7.00946e-05 1.0116
11000.0 5.75 0.5506 -0.4078 0.4497 -0.1832 7.4536e-05 1.0646
11500.0 5.75 0.5486 -0.4072 0.4395 -0.1781 7.91265e-05 1.1123
12000.0 5.75 0.5504 -0.4197 0.4429 -0.1775 8.37102e-05 1.1556
12500.0 5.75 0.55 -0.4323 0.4504 -0.1789 8.83012e-05 1.1949
13000.0 5.75 0.5507 -0.4498 0.4657 -0.1838 9.29491e-05 1.2309
13500.0 5.75 0.5506 -0.4654 0.4807 -0.189 9.76307e-05 1.2638
14000.0 5.75 0.5509 -0.4825 0.4981 -0.1952 0.000102335 1.2942
14500.0 5.75 0.5512 -0.4985 0.5145 -0.2011 0.000107067 1.3221
15000.0 5.75 0.5517 -0.514 0.5305 -0.2069 0.00011183 1.348
15500.0 5.75 0.5524 -0.5291 0.5462 -0.2125 0.000116624 1.3721
16000.0 5.75 0.5538 -0.5453 0.5633 -0.2189 0.000121455 1.3944
16500.0 5.75 0.5559 -0.5616 0.5796 -0.2247 0.00012633 1.4153
17000.0 5.75 0.5117 -0.4656 0.4805 -0.1878 0.000131258 1.4347
20000.0 5.75 0.6175 -0.7653 0.7814 -0.2966 0.000161919 1.5292
25000.0 5.75 0.8194 -1.2198 1.1922 -0.4348 0.000219466 1.6323
30000.0 5.75 0.7388 -0.9466 0.8462 -0.2949 0.000296977 1.6986
35000.0 5.75 0.549 -0.6636 0.6062 -0.2181 0.00038995 1.7447
40000.0 5.75 0.5505 -0.8088 0.7963 -0.2953 0.000462547 1.7786
45000.0 5.75 0.6046 -1.0178 1.0274 -0.3824 0.00052254 1.8046
50000.0 5.75 0.6695 -1.2199 1.2395 -0.4603 0.00057732 1.8252
55000.0 5.75 0.7326 -1.3966 1.4188 -0.525 0.000627575 1.8418
60000.0 5.75 0.7924 -1.5531 1.5736 -0.58 0.00067582 1.8556
3750.0 6.0 1.9692 -3.0571 2.6937 -0.9239 4.50794e-06 -1.4723
4000.0 6.0 1.7637 -2.6799 2.3489 -0.8047 5.41379e-06 -1.2091
4250.0 6.0 1.6925 -2.5519 2.2343 -0.7655 6.56324e-06 -0.9792
4500.0 6.0 1.6954 -2.5604 2.249 -0.772 7.98242e-06 -0.7771
4750.0 6.0 1.5051 -1.9771 1.5959 -0.5183 9.664e-06 -0.5981
5000.0 6.0 1.247 -1.2375 0.8169 -0.2272 1.18747e-05 -0.4389
5250.0 6.0 0.8926 -0.2891 -0.137 0.1177 1.39399e-05 -0.2964
5500.0 6.0 0.4534 0.811 -1.1976 0.4866 1.61254e-05 -0.1683
5750.0 6.0 0.0977 1.6128 -1.8991 0.7088 1.84225e-05 -0.0526
6000.0 6.0 -0.0843 1.9224 -2.0764 0.7353 2.08204e-05 0.0522
6250.0 6.0 -0.1448 1.9216 -1.9505 0.6571 2.33217e-05 0.1477
6500.0 6.0 -0.1391 1.7634 -1.681 0.5326 2.59205e-05 0.2348
7000.0 6.0 -0.055 1.3255 -1.079 0.2775 3.14236e-05 0.3881
7500.0 6.0 0.0437 0.9349 -0.5937 0.0804 3.73375e-05 0.5183
8000.0 6.0 0.1005 0.7401 -0.3781 -0.0042 4.36533e-05 0.6302
8500.0 6.0 0.1291 0.6807 -0.3548 -0.0063 5.02732e-05 0.7271
9000.0 6.0 0.2097 0.5057 -0.2453 -0.0272 5.69537e-05 0.8118
9500.0 6.0 0.3602 0.0857 0.14 -0.1471 6.30767e-05 0.8864
10000.0 6.0 0.5055 -0.3298 0.5053 -0.2497 6.77475e-05 0.9526
10500.0 6.0 0.5368 -0.3953 0.4882 -0.2126 7.0947e-05 1.0116
11000.0 6.0 0.5388 -0.3915 0.4443 -0.1839 7.49739e-05 1.0646
11500.0 6.0 0.5359 -0.3887 0.4308 -0.177 7.9472e-05 1.1123
12000.0 6.0 0.5335 -0.3877 0.4197 -0.1711 8.40119e-05 1.1556
12500.0 6.0 0.5337 -0.3993 0.4247 -0.1714 8.85834e-05 1.1949
13000.0 6.0 0.534 -0.4142 0.4357 -0.1743 9.31954e-05 1.2309
13500.0 6.0 0.5339 -0.4293 0.4489 -0.1785 9.78494e-05 1.2638
14000.0 6.0 0.5342 -0.4456 0.465 -0.1841 0.000102544 1.2942
14500.0 6.0 0.5346 -0.4617 0.4813 -0.1898 0.00010727 1.3221
15000.0 6.0 0.535 -0.4767 0.4962 -0.1951 0.000112033 1.348
15500.0 6.0 0.5356 -0.4919 0.5122 -0.2009 0.000116829 1.3721
16000.0 6.0 0.537 -0.5075 0.5279 -0.2065 0.000121668 1.3944
16500.0 6.0 0.537 -0.5183 0.5384 -0.2101 0.000126549 1.4153
17000.0 6.0 0.5413 -0.5386 0.5585 -0.2172 0.000131475 1.4347
20000.0 6.0 0.5986 -0.7204 0.7367 -0.2804 0.000162165 1.5292
25000.0 6.0 0.8003 -1.1736 1.1449 -0.4174 0.000219715 1.6323
30000.0 6.0 0.6713 -0.7884 0.6848 -0.2355 0.000296868 1.6986
35000.0 6.0 0.493 -0.5367 0.4786 -0.1714 0.000388649 1.7447
40000.0 6.0 0.4723 -0.6329 0.6205 -0.2313 0.000460389 1.7786
45000.0 6.0 0.5094 -0.8063 0.8175 -0.3064 0.000519519 1.8046
50000.0 6.0 0.562 -0.9845 1.0073 -0.3765 0.000573221 1.8252
55000.0 6.0 0.6147 -1.1414 1.1686 -0.435 0.000622415 1.8418
60000.0 6.0 0.6691 -1.2907 1.3178 -0.4883 0.000672566 1.8556
65000.0 6.0 0.2435 -0.2193 0.2582 -0.1085 0.000794135 1.8671
70000.0 6.0 0.2848 -0.3421 0.384 -0.1541 0.000844441 1.877
75000.0 6.0 0.3292 -0.4647 0.5078 -0.1987 0.000894744 1.8855
80000.0 6.0 0.3756 -0.5856 0.6284 -0.2421 0.000945105 1.8929
85000.0 6.0 0.4224 -0.702 0.743 -0.283 0.000995639 1.8994
90000.0 6.0 0.4687 -0.8124 0.8503 -0.3211 0.00104642 1.9051
100000.0 6.0 0.5569 -1.017 1.0484 -0.3912 0.00114971 1.9149
3750.0 6.25 2.0468 -3.2169 2.8497 -0.9801 4.58734e-06 -1.4723
4000.0 6.25 1.7888 -2.7278 2.3954 -0.8215 5.47989e-06 -1.2091
4250.0 6.25 1.702 -2.5698 2.2513 -0.7716 6.60883e-06 -0.9792
4500.0 6.25 1.6856 -2.5411 2.2294 -0.7649 8.00601e-06 -0.7771
4750.0 6.25 1.5433 -2.0916 1.7195 -0.5652 9.66612e-06 -0.5981
5000.0 6.25 1.2913 -1.3659 0.9445 -0.2732 1.19145e-05 -0.4389
5250.0 6.25 1.0136 -0.6127 0.183 0.0036 1.39718e-05 -0.2964
5500.0 6.25 0.6101 0.4206 -0.8294 0.3612 1.61616e-05 -0.1683
5750.0 6.25 0.2226 1.3344 -1.667 0.6391 1.84591e-05 -0.0526
6000.0 6.25 -0.0201 1.8194 -2.0342 0.7371 2.08561e-05 0.0522
6250.0 6.25 -0.119 1.9223 -2.0147 0.6969 2.33535e-05 0.1477
6500.0 6.25 -0.1438 1.8511 -1.8382 0.6062 2.5949e-05 0.2348
7000.0 6.25 -0.0857 1.4863 -1.3126 0.3782 3.14401e-05 0.3881
7500.0 6.25 -0.0015 1.1264 -0.8507 0.1869 3.73298e-05 0.5183
8000.0 6.25 0.0575 0.906 -0.5901 0.0812 4.36161e-05 0.6302
8500.0 6.25 0.0864 0.8279 -0.5303 0.0616 5.02203e-05 0.7271
9000.0 6.25 0.1458 0.7001 -0.4552 0.0482 5.69635e-05 0.8118
9500.0 6.25 0.2898 0.3029 -0.0887 -0.0682 6.33675e-05 0.8864
10000.0 6.25 0.4184 -0.0897 0.2901 -0.1886 6.87107e-05 0.9526
10500.0 6.25 0.5103 -0.3476 0.486 -0.2291 7.22694e-05 1.0116
11000.0 6.25 0.5311 -0.3846 0.4558 -0.1942 7.56811e-05 1.0646
11500.0 6.25 0.5273 -0.3735 0.4226 -0.1758 7.99672e-05 1.1123
12000.0 6.25 0.5239 -0.3698 0.409 -0.169 8.44629e-05 1.1556
12500.0 6.25 0.5224 -0.3737 0.4044 -0.1655 8.89978e-05 1.1949
13000.0 6.25 0.5221 -0.3853 0.4107 -0.1664 9.35725e-05 1.2309
13500.0 6.25 0.5217 -0.3985 0.4208 -0.1691 9.8196e-05 1.2638
14000.0 6.25 0.522 -0.4149 0.4366 -0.1745 0.000102869 1.2942
14500.0 6.25 0.522 -0.4293 0.4501 -0.1789 0.000107586 1.3221
15000.0 6.25 0.5228 -0.4457 0.4666 -0.1847 0.000112345 1.348
15500.0 6.25 0.5221 -0.4575 0.4788 -0.1892 0.000117145 1.3721
16000.0 6.25 0.5245 -0.4752 0.4962 -0.1952 0.000121988 1.3944
16500.0 6.25 0.5263 -0.4907 0.5117 -0.2007 0.000126873 1.4153
17000.0 6.25 0.5287 -0.5062 0.5263 -0.2057 0.000131809 1.4347
20000.0 6.25 0.5894 -0.6948 0.7105 -0.2708 0.000162545 1.5292
25000.0 6.25 0.7875 -1.1398 1.1094 -0.4042 0.000220151 1.6323
30000.0 6.25 0.6815 -0.8143 0.7115 -0.2453 0.000297109 1.6986
35000.0 6.25 0.4514 -0.4415 0.3825 -0.1363 0.000387875 1.7447
40000.0 6.25 0.4121 -0.496 0.483 -0.1811 0.000458791 1.7786
45000.0 6.25 0.4356 -0.6405 0.6521 -0.2463 0.000517096 1.8046
50000.0 6.25 0.478 -0.7988 0.8234 -0.3099 0.00057115 1.8252
55000.0 6.25 0.5222 -0.9393 0.9693 -0.363 0.000620313 1.8418
60000.0 6.25 0.5657 -1.0653 1.0966 -0.4086 0.000666922 1.8556
3750.0 6.5 2.14 -3.4081 3.0353 -1.0468 4.66927e-06 -1.4723
4000.0 6.5 1.8223 -2.7929 2.4586 -0.8443 5.55253e-06 -1.2091
4250.0 6.5 1.7137 -2.5899 2.27 -0.7782 6.66103e-06 -0.9792
4500.0 6.5 1.6805 -2.5292 2.2162 -0.7599 8.03621e-06 -0.7771
4750.0 6.5 1.5706 -2.1714 1.8048 -0.5974 9.67306e-06 -0.5981
5000.0 6.5 1.3543 -1.5548 1.1468 -0.3494 1.19523e-05 -0.4389
5250.0 6.5 1.1141 -0.8884 0.4599 -0.0966 1.4023e-05 -0.2964
5500.0 6.5 0.7575 0.044 -0.4668 0.2351 1.62051e-05 -0.1683
5750.0 6.5 0.3632 1.0039 -1.3727 0.5444 1.85052e-05 -0.0526
6000.0 6.5 0.0658 1.653 -1.9225 0.7126 2.09023e-05 0.0522
6250.0 6.5 -0.0825 1.8894 -2.04 0.7217 2.33989e-05 0.1477
6500.0 6.5 -0.1258 1.8661 -1.9109 0.6474 2.59889e-05 0.2348
7000.0 6.5 -0.1015 1.5989 -1.4912 0.4583 3.14677e-05 0.3881
7500.0 6.5 -0.0327 1.284 -1.0775 0.2847 3.73393e-05 0.5183
8000.0 6.5 0.0194 1.0728 -0.8166 0.1762 4.3594e-05 0.6302
8500.0 6.5 0.0485 0.9815 -0.7303 0.1436 5.01831e-05 0.7271
9000.0 6.5 0.0914 0.8864 -0.6737 0.1319 5.69652e-05 0.8118
9500.0 6.5 0.2156 0.5481 -0.3634 0.0324 6.35886e-05 0.8864
10000.0 6.5 0.3553 0.1167 0.0709 -0.1142 6.93946e-05 0.9526
10500.0 6.5 0.4589 -0.2079 0.3774 -0.2065 7.37998e-05 1.0116
11000.0 6.5 0.5186 -0.3656 0.4697 -0.2118 7.68803e-05 1.0646
11500.0 6.5 0.5226 -0.3649 0.4229 -0.179 8.06513e-05 1.1123
12000.0 6.5 0.5184 -0.3558 0.3985 -0.1662 8.50408e-05 1.1556
12500.0 6.5 0.5154 -0.3549 0.389 -0.161 8.95398e-05 1.1949
13000.0 6.5 0.5054 -0.3407 0.3678 -0.1516 9.4084e-05 1.2309
13500.0 6.5 0.5145 -0.3752 0.3986 -0.1617 9.86724e-05 1.2638
14000.0 6.5 0.5131 -0.3863 0.4073 -0.164 0.000103319 1.2942
14500.0 6.5 0.5141 -0.4041 0.4252 -0.1703 0.00010802 1.3221
15000.0 6.5 0.5151 -0.4204 0.4407 -0.1755 0.000112772 1.348
15500.0 6.5 0.5146 -0.4327 0.453 -0.1797 0.00011757 1.3721
16000.0 6.5 0.5163 -0.4491 0.4691 -0.1854 0.000122415 1.3944
16500.0 6.5 0.5185 -0.4654 0.4851 -0.191 0.00012731 1.4153
17000.0 6.5 0.5207 -0.4808 0.4999 -0.196 0.000132252 1.4347
20000.0 6.5 0.5839 -0.6752 0.6893 -0.2629 0.000163054 1.5292
25000.0 6.5 0.7818 -1.1206 1.0885 -0.3964 0.000220769 1.6323
30000.0 6.5 0.6644 -0.7735 0.6699 -0.2301 0.000297683 1.6986
35000.0 6.5 0.4204 -0.3691 0.3091 -0.1093 0.000387503 1.7447
40000.0 6.5 0.3663 -0.3899 0.3757 -0.1418 0.000457613 1.7786
45000.0 6.5 0.3791 -0.5111 0.5222 -0.1989 0.000515198 1.8046
50000.0 6.5 0.4114 -0.6476 0.6724 -0.255 0.000568156 1.8252
55000.0 6.5 0.4474 -0.7714 0.8026 -0.3026 0.000616213 1.8418
60000.0 6.5 0.4835 -0.8825 0.9158 -0.3433 0.000661836 1.8556
65000.0 6.5 0.0332 0.2769 -0.2461 0.0763 0.00077726 1.8671
70000.0 6.5 0.043 0.2179 -0.1798 0.0515 0.000823853 1.877
75000.0 6.5 0.0585 0.1522 -0.109 0.0255 0.000870115 1.8855
80000.0 6.5 0.0783 0.0821 -0.0355 -0.0013 0.000916233 1.8929
85000.0 6.5 0.1013 0.009 0.0398 -0.0286 0.000962296 1.8994
90000.0 6.5 0.1265 -0.0649 0.1148 -0.0556 0.00100843 1.9051
100000.0 6.5 0.1766 -0.2072 0.2584 -0.1073 0.0011015 1.9149
3750.0 6.75 2.2466 -3.6223 3.2406 -1.1199 4.75267e-06 -1.4723
4000.0 6.75 1.8664 -2.8804 2.5437 -0.875 5.63117e-06 -1.2091
4250.0 6.75 1.7296 -2.6178 2.2962 -0.7875 6.71938e-06 -0.9792
4500.0 6.75 1.6851 -2.5372 2.2231 -0.7622 8.07263e-06 -0.7771
4750.0 6.75 1.6894 -2.5039 2.17 -0.7379 9.68946e-06 -0.5981
5000.0 6.75 1.3854 -1.6515 1.2495 -0.388 1.19954e-05 -0.4389
5250.0 6.75 1.1971 -1.1171 0.6908 -0.1803 1.40648e-05 -0.2964
5500.0 6.75 0.8868 -0.2936 -0.1372 0.1188 1.62563e-05 -0.1683
5750.0 6.75 0.5102 0.6464 -1.0429 0.4342 1.85583e-05 -0.0526
6000.0 6.75 0.1782 1.407 -1.7216 0.6538 2.09581e-05 0.0522
6250.0 6.75 -0.0195 1.78 -1.9822 0.7155 2.34499e-05 0.1477
6500.0 6.75 -0.1063 1.8713 -1.9683 0.6817 2.60356e-05 0.2348
7000.0 6.75 -0.1092 1.6761 -1.6212 0.518 3.14981e-05 0.3881
7500.0 6.75 -0.0557 1.41 -1.2642 0.3663 3.73488e-05 0.5183
8000.0 6.75 -0.0071 1.213 -1.0215 0.2656 4.3584e-05 0.6302
8500.0 6.75 0.0177 1.1264 -0.9315 0.2291 5.0153e-05 0.7271
9000.0 6.75 0.0497 1.0542 -0.8892 0.2196 5.6959e-05 0.8118
9500.0 6.75 0.1468 0.7959 -0.6587 0.1465 6.37331e-05 0.8864
10000.0 6.75 0.29 0.3517 -0.2018 -0.0129 6.99205e-05 0.9526
10500.0 6.75 0.3947 0.0046 0.1574 -0.1345 7.50541e-05 1.0116
11000.0 6.75 0.4837 -0.2697 0.4028 -0.2025 7.85521e-05 1.0646
11500.0 6.75 0.5157 -0.3491 0.4259 -0.1883 8.17219e-05 1.1123
12000.0 6.75 0.5153 -0.343 0.3884 -0.164 8.57611e-05 1.1556
12500.0 6.75 0.5129 -0.3416 0.3758 -0.1565 9.01985e-05 1.1949
13000.0 6.75 0.5111 -0.3462 0.3736 -0.1542 9.47092e-05 1.2309
13500.0 6.75 0.5095 -0.3531 0.3753 -0.1534 9.92731e-05 1.2638
14000.0 6.75 0.5089 -0.3652 0.3843 -0.1557 0.00010389 1.2942
14500.0 6.75 0.5085 -0.3787 0.3964 -0.1594 0.00010857 1.3221
15000.0 6.75 0.5099 -0.3969 0.4146 -0.1658 0.000113306 1.348
15500.0 6.75 0.5112 -0.4141 0.4318 -0.1718 0.000118098 1.3721
16000.0 6.75 0.5125 -0.4298 0.4473 -0.1772 0.000122944 1.3944
16500.0 6.75 0.5149 -0.4466 0.4637 -0.1829 0.000127842 1.4153
17000.0 6.75 0.5166 -0.4611 0.4775 -0.1876 0.000132792 1.4347
20000.0 6.75 0.5814 -0.66 0.6716 -0.2562 0.00016367 1.5292
25000.0 6.75 0.7769 -1.1011 1.0662 -0.3879 0.000221531 1.6323
30000.0 6.75 0.6276 -0.6869 0.5825 -0.1983 0.000298529 1.6986
35000.0 6.75 0.3981 -0.3162 0.255 -0.0893 0.000387466 1.7447
40000.0 6.75 0.3335 -0.3127 0.2973 -0.113 0.000456789 1.7786
45000.0 6.75 0.3359 -0.4104 0.4205 -0.1617 0.000513674 1.8046
50000.0 6.75 0.3605 -0.5303 0.5546 -0.2121 0.000565884 1.8252
55000.0 6.75 0.3884 -0.6389 0.6709 -0.2549 0.000613687 1.8418
60000.0 6.75 0.4194 -0.7374 0.7714 -0.291 0.000657486 1.8556
3750.0 7.0 2.3626 -3.8494 3.4549 -1.1954 4.83614e-06 -1.4723
4000.0 7.0 1.9229 -2.9937 2.6538 -0.9146 5.71494e-06 -1.2091
4250.0 7.0 1.7497 -2.6534 2.3297 -0.7994 6.78423e-06 -0.9792
4500.0 7.0 1.6903 -2.5441 2.2284 -0.7638 8.11595e-06 -0.7771
4750.0 7.0 1.7134 -2.6004 2.2896 -0.787 9.71234e-06 -0.5981
5000.0 7.0 1.4129 -1.7359 1.3393 -0.4217 1.20393e-05 -0.4389
5250.0 7.0 1.2441 -1.2597 0.8402 -0.236 1.41187e-05 -0.2964
5500.0 7.0 1.0028 -0.6005 0.1661 0.0106 1.63183e-05 -0.1683
5750.0 7.0 0.6549 0.2845 -0.6995 0.3163 1.86206e-05 -0.0526
6000.0 7.0 0.3071 1.1096 -1.4619 0.5718 2.1023e-05 0.0522
6250.0 7.0 0.0596 1.6258 -1.877 0.6917 2.35131e-05 0.1477
6500.0 7.0 -0.0638 1.8111 -1.9558 0.6905 2.60966e-05 0.2348
7000.0 7.0 -0.1044 1.7102 -1.6993 0.5574 3.15441e-05 0.3881
7500.0 7.0 -0.0639 1.4852 -1.3903 0.4245 3.73743e-05 0.5183
8000.0 7.0 -0.0254 1.3235 -1.1904 0.3409 4.35858e-05 0.6302
8500.0 7.0 -0.0011 1.2441 -1.1109 0.3093 5.01393e-05 0.7271
9000.0 7.0 0.023 1.1944 -1.0903 0.3068 5.69508e-05 0.8118
9500.0 7.0 0.0932 1.0148 -0.9393 0.2605 6.38246e-05 0.8864
10000.0 7.0 0.2275 0.6007 -0.5111 0.1089 7.03222e-05 0.9526
10500.0 7.0 0.3376 0.2282 -0.1101 -0.0341 7.59384e-05 1.0116
11000.0 7.0 0.4229 -0.064 0.192 -0.1346 8.03435e-05 1.0646
11500.0 7.0 0.4912 -0.2745 0.3716 -0.1804 8.33695e-05 1.1123
12000.0 7.0 0.5113 -0.3246 0.378 -0.1651 8.67965e-05 1.1556
12500.0 7.0 0.5125 -0.3283 0.36 -0.1511 9.09971e-05 1.1949
13000.0 7.0 0.5116 -0.3343 0.3581 -0.1482 9.54651e-05 1.2309
13500.0 7.0 0.5099 -0.3412 0.36 -0.1476 9.99902e-05 1.2638
14000.0 7.0 0.5091 -0.3509 0.3657 -0.1484 0.000104577 1.2942
14500.0 7.0 0.5065 -0.3591 0.3724 -0.1502 0.000109245 1.3221
15000.0 7.0 0.5059 -0.3722 0.3847 -0.1542 0.000113967 1.348
15500.0 7.0 0.5102 -0.3968 0.4095 -0.163 0.000118744 1.3721
16000.0 7.0 0.512 -0.4141 0.4267 -0.169 0.000123584 1.3944
16500.0 7.0 0.5146 -0.4321 0.4447 -0.1754 0.000128481 1.4153
17000.0 7.0 0.5151 -0.4445 0.4568 -0.1796 0.000133438 1.4347
20000.0 7.0 0.5849 -0.6559 0.6632 -0.2525 0.000164398 1.5292
25000.0 7.0 0.7764 -1.0902 1.0518 -0.3821 0.000222454 1.6323
30000.0 7.0 0.6411 -0.714 0.6077 -0.2071 0.000299576 1.6986
35000.0 7.0 0.3799 -0.2727 0.2106 -0.073 0.00038772 1.7447
40000.0 7.0 0.3079 -0.2511 0.2344 -0.0898 0.000456284 1.7786
45000.0 7.0 0.3052 -0.3375 0.3463 -0.1344 0.000512547 1.8046
50000.0 7.0 0.3216 -0.4388 0.4621 -0.1783 0.000563868 1.8252
55000.0 7.0 0.3446 -0.5341 0.5647 -0.2161 0.000609649 1.8418
60000.0 7.0 0.3693 -0.6217 0.6556 -0.2489 0.000653313 1.8556
65000.0 7.0 -0.074 0.5517 -0.5333 0.183 0.000765625 1.8671
70000.0 7.0 -0.0876 0.5436 -0.5162 0.1757 0.000809355 1.877
75000.0 7.0 -0.0945 0.5256 -0.4908 0.1657 0.000852544 1.8855
80000.0 7.0 -0.096 0.4995 -0.4588 0.1535 0.00089542 1.8929
85000.0 7.0 -0.0932 0.4675 -0.4219 0.1396 0.000938154 1.8994
90000.0 7.0 -0.087 0.4313 -0.3821 0.125 0.000980791 1.9051
100000.0 7.0 -0.0725 0.357 -0.3004 0.0945 0.00106639 1.9149
3750.0 7.25 2.483 -4.0749 3.6622 -1.2674 4.91647e-06 -1.4723
4000.0 7.25 1.9928 -3.1349 2.7909 -0.9639 5.80251e-06 -1.2091
4250.0 7.25 1.7754 -2.7006 2.3746 -0.8155 6.85527e-06 -0.9792
4500.0 7.25 1.7006 -2.5605 2.2431 -0.7689 8.16531e-06 -0.7771
4750.0 7.25 1.6885 -2.5445 2.2335 -0.7666 9.73817e-06 -0.5981
5000.0 7.25 1.4459 -1.8289 1.437 -0.4582 1.2084e-05 -0.4389
5250.0 7.25 1.2999 -1.4172 1.0034 -0.2962 1.41737e-05 -0.2964
5500.0 7.25 1.0843 -0.8269 0.3955 -0.0729 1.63802e-05 -0.1683
5750.0 7.25 0.7869 -0.0525 -0.3748 0.2031 1.86902e-05 -0.0526
6000.0 7.25 0.445 0.7811 -1.1639 0.4738 2.10957e-05 0.0522
6250.0 7.25 0.1578 1.4194 -1.7173 0.648 2.35874e-05 0.1477
6500.0 7.25 -0.0105 1.7235 -1.916 0.6896 2.61661e-05 0.2348
7000.0 7.25 -0.0969 1.7305 -1.7571 0.588 3.15992e-05 0.3881
7500.0 7.25 -0.0679 1.5354 -1.4785 0.466 3.74036e-05 0.5183
8000.0 7.25 -0.0323 1.3897 -1.3024 0.3931 4.3583e-05 0.6302
8500.0 7.25 -0.012 1.3313 -1.2523 0.3742 5.01133e-05 0.7271
9000.0 7.25 0.0096 1.2974 -1.2535 0.381 5.69236e-05 0.8118
9500.0 7.25 0.0656 1.1683 -1.1602 0.3564 6.38665e-05 0.8864
10000.0 7.25 0.178 0.8293 -0.8161 0.2351 7.05883e-05 0.9526
10500.0 7.25 0.2906 0.4456 -0.3955 0.0811 7.65965e-05 1.0116
11000.0 7.25 0.3667 0.1697 -0.0917 -0.0273 8.16984e-05 1.0646
11500.0 7.25 0.4405 -0.0889 0.1744 -0.1147 8.53887e-05 1.1123
12000.0 7.25 0.4931 -0.2539 0.3135 -0.1493 8.83665e-05 1.1556
12500.0 7.25 0.5097 -0.3016 0.331 -0.1426 9.2025e-05 1.1949
13000.0 7.25 0.5138 -0.32 0.3357 -0.139 9.63121e-05 1.2309
13500.0 7.25 0.5141 -0.3327 0.3437 -0.1402 0.000100807 1.2638
14000.0 7.25 0.513 -0.3431 0.3513 -0.142 0.00010537 1.2942
14500.0 7.25 0.5132 -0.3566 0.363 -0.1457 0.000110008 1.3221
15000.0 7.25 0.5149 -0.3751 0.3806 -0.1516 0.000114705 1.348
15500.0 7.25 0.514 -0.3876 0.3934 -0.156 0.00011947 1.3721
16000.0 7.25 0.5147 -0.4025 0.4081 -0.161 0.000124301 1.3944
16500.0 7.25 0.5161 -0.4188 0.4248 -0.167 0.000129195 1.4153
17000.0 7.25 0.5203 -0.4395 0.445 -0.174 0.000134152 1.4347
20000.0 7.25 0.5899 -0.6535 0.6557 -0.2489 0.000165185 1.5292
25000.0 7.25 0.777 -1.0809 1.0385 -0.3766 0.000223465 1.6323
30000.0 7.25 0.6336 -0.693 0.585 -0.1986 0.00030079 1.6986
35000.0 7.25 0.3741 -0.2565 0.1929 -0.0662 0.000388156 1.7447
40000.0 7.25 0.2934 -0.2141 0.1956 -0.0754 0.00045599 1.7786
45000.0 7.25 0.2814 -0.2785 0.2854 -0.1119 0.000511648 1.8046
50000.0 7.25 0.293 -0.3686 0.3901 -0.1517 0.000561856 1.8252
55000.0 7.25 0.3114 -0.4541 0.4833 -0.1862 0.00060708 1.8418
60000.0 7.25 0.3321 -0.5338 0.5669 -0.2165 0.000650669 1.8556
3750.0 7.5 2.603 -4.283 3.8447 -1.3286 4.99524e-06 -1.4723
4000.0 7.5 2.0757 -3.3018 2.9522 -1.0217 5.89294e-06 -1.2091
4250.0 7.5 1.8083 -2.7626 2.4341 -0.8369 6.93273e-06 -0.9792
4500.0 7.5 1.7136 -2.5814 2.2619 -0.7755 8.22163e-06 -0.7771
4750.0 7.5 1.6888 -2.5419 2.2294 -0.7649 9.77025e-06 -0.5981
5000.0 7.5 1.4808 -1.9229 1.5351 -0.4947 1.21321e-05 -0.4389
5250.0 7.5 1.3305 -1.5099 1.1013 -0.3328 1.42298e-05 -0.2964
5500.0 7.5 1.1587 -1.0313 0.6032 -0.1484 1.64517e-05 -0.1683
5750.0 7.5 0.9023 -0.3546 -0.0776 0.0975 1.87696e-05 -0.0526
6000.0 7.5 0.5831 0.4427 -0.8485 0.3672 2.11798e-05 0.0522
6250.0 7.5 0.2746 1.1593 -1.499 0.5818 2.36744e-05 0.1477
6500.0 7.5 0.0598 1.5931 -1.8348 0.6745 2.6254e-05 0.2348
7000.0 7.5 -0.0792 1.7214 -1.7827 0.6066 3.16663e-05 0.3881
7500.0 7.5 -0.0687 1.5652 -1.5357 0.4937 3.7451e-05 0.5183
8000.0 7.5 -0.0336 1.4268 -1.373 0.4275 4.35982e-05 0.6302
8500.0 7.5 -0.0124 1.3771 -1.341 0.4178 5.01051e-05 0.7271
9000.0 7.5 0.0084 1.359 -1.3681 0.4365 5.6911e-05 0.8118
9500.0 7.5 0.0528 1.2775 -1.3346 0.4359 6.38795e-05 0.8864
10000.0 7.5 0.1543 0.9905 -1.057 0.3409 7.07794e-05 0.9526
10500.0 7.5 0.2641 0.6199 -0.6513 0.1913 7.7123e-05 1.0116
11000.0 7.5 0.3355 0.3547 -0.3521 0.0809 8.26681e-05 1.0646
11500.0 7.5 0.3921 0.1372 -0.1103 -0.0046 8.72848e-05 1.1123
12000.0 7.5 0.4543 -0.0886 0.1247 -0.0827 9.04873e-05 1.1556
12500.0 7.5 0.4956 -0.2268 0.2474 -0.1156 9.35872e-05 1.1949
13000.0 7.5 0.5126 -0.285 0.2876 -0.1208 9.74149e-05 1.2309
13500.0 7.5 0.5197 -0.3186 0.3154 -0.1273 0.000101758 1.2638
14000.0 7.5 0.5217 -0.3402 0.3363 -0.134 0.000106285 1.2942
14500.0 7.5 0.5219 -0.3573 0.3543 -0.1406 0.00011088 1.3221
15000.0 7.5 0.5213 -0.371 0.3681 -0.1454 0.00011553 1.348
15500.0 7.5 0.5136 -0.3678 0.3655 -0.1444 0.00012032 1.3721
16000.0 7.5 0.5129 -0.3806 0.3788 -0.1491 0.000125139 1.3944
16500.0 7.5 0.5176 -0.4045 0.4031 -0.1578 0.000130022 1.4153
17000.0 7.5 0.5222 -0.4269 0.4254 -0.1657 0.000134976 1.4347
20000.0 7.5 0.5978 -0.656 0.6517 -0.2463 0.000166072 1.5292
25000.0 7.5 0.7847 -1.0859 1.0382 -0.3755 0.000224611 1.6323
30000.0 7.5 0.6284 -0.6774 0.5678 -0.1921 0.000302202 1.6986
35000.0 7.5 0.3644 -0.2322 0.1677 -0.0569 0.000388818 1.7447
40000.0 7.5 0.2807 -0.181 0.1606 -0.0623 0.000455953 1.7786
45000.0 7.5 0.2599 -0.2249 0.23 -0.0914 0.00051106 1.8046
50000.0 7.5 0.2721 -0.3163 0.3361 -0.1318 0.000560687 1.8252
55000.0 7.5 0.2866 -0.3934 0.4211 -0.1633 0.000605554 1.8418
60000.0 7.5 0.3032 -0.4632 0.4949 -0.1901 0.00064745 1.8556
65000.0 7.5 -0.199 0.7644 -0.7438 0.2613 0.000723451 1.8671
70000.0 7.5 -0.2252 0.7909 -0.7633 0.2677 0.000763954 1.877
75000.0 7.5 -0.2455 0.8078 -0.7741 0.2709 0.000803665 1.8855
80000.0 7.5 -0.2612 0.8172 -0.7783 0.2718 0.000842586 1.8929
85000.0 7.5 -0.2722 0.8187 -0.7751 0.2701 0.000881468 1.8994
90000.0 7.5 -0.2796 0.8143 -0.7666 0.2665 0.000920039 1.9051
100000.0 7.5 -0.2925 0.8038 -0.7479 0.2587 0.000997109 1.9149
3750.0 7.75 2.7095 -4.4475 3.9782 -1.3712 5.06487e-06 -1.4723
4000.0 7.75 2.172 -3.4942 3.1366 -1.0874 5.98481e-06 -1.2091
4250.0 7.75 1.8502 -2.8431 2.5117 -0.8647 7.01571e-06 -0.9792
4500.0 7.75 1.7301 -2.6087 2.287 -0.7843 8.2849e-06 -0.7771
4750.0 7.75 1.6942 -2.5492 2.2351 -0.7667 9.80891e-06 -0.5981
5000.0 7.75 1.522 -2.029 1.6453 -0.5356 1.21844e-05 -0.4389
5250.0 7.75 1.3529 -1.5787 1.1748 -0.3605 1.42851e-05 -0.2964
5500.0 7.75 1.2038 -1.1647 0.7428 -0.2003 1.65228e-05 -0.1683
5750.0 7.75 0.9949 -0.6031 0.1706 0.0083 1.88559e-05 -0.0526
6000.0 7.75 0.7134 0.1149 -0.5349 0.2585 2.12746e-05 0.0522
6250.0 7.75 0.4046 0.8548 -1.2268 0.4934 2.37762e-05 0.1477
6500.0 7.75 0.1566 1.3879 -1.6734 0.6292 2.63536e-05 0.2348
7000.0 7.75 -0.0517 1.6891 -1.7873 0.6185 3.17545e-05 0.3881
7500.0 7.75 -0.0595 1.5648 -1.5584 0.5084 3.7506e-05 0.5183
8000.0 7.75 -0.0313 1.4406 -1.4074 0.4458 4.36262e-05 0.6302
8500.0 7.75 -0.0104 1.3989 -1.3899 0.4431 5.01002e-05 0.7271
9000.0 7.75 0.0075 1.4023 -1.4494 0.4762 5.6883e-05 0.8118
9500.0 7.75 0.0589 1.3226 -1.4332 0.4858 6.38817e-05 0.8864
10000.0 7.75 0.146 1.1024 -1.2431 0.4268 7.08902e-05 0.9526
10500.0 7.75 0.257 0.7437 -0.8594 0.2864 7.75169e-05 1.0116
11000.0 7.75 0.3336 0.4656 -0.5463 0.1698 8.34306e-05 1.0646
11500.0 7.75 0.3817 0.2776 -0.3327 0.092 8.86224e-05 1.1123
12000.0 7.75 0.4264 0.0936 -0.1245 0.018 9.27497e-05 1.1556
12500.0 7.75 0.4735 -0.0917 0.0742 -0.0498 9.57554e-05 1.1949
13000.0 7.75 0.5063 -0.2144 0.1928 -0.0853 9.90058e-05 1.2309
13500.0 7.75 0.5237 -0.2845 0.2578 -0.1031 0.000102948 1.2638
14000.0 7.75 0.5328 -0.332 0.3075 -0.1194 0.000107324 1.2942
14500.0 7.75 0.5362 -0.3635 0.3444 -0.1334 0.000111879 1.3221
15000.0 7.75 0.536 -0.3816 0.366 -0.1419 0.000116572 1.348
15500.0 7.75 0.5358 -0.3987 0.386 -0.1497 0.000121236 1.3721
16000.0 7.75 0.5371 -0.4155 0.4036 -0.156 0.000126076 1.3944
16500.0 7.75 0.5384 -0.4323 0.4213 -0.1624 0.000130948 1.4153
17000.0 7.75 0.5442 -0.4576 0.4465 -0.1713 0.000135892 1.4347
20000.0 7.75 0.613 -0.6741 0.6621 -0.2485 0.000167038 1.5292
25000.0 7.75 0.7888 -1.0838 1.0313 -0.3721 0.000225872 1.6323
30000.0 7.75 0.6271 -0.6704 0.5591 -0.1886 0.00030377 1.6986
35000.0 7.75 0.3605 -0.2205 0.1548 -0.0519 0.000389654 1.7447
40000.0 7.75 0.2731 -0.1592 0.137 -0.0533 0.000456121 1.7786
45000.0 7.75 0.2545 -0.2076 0.2106 -0.084 0.000510694 1.8046
50000.0 7.75 0.2571 -0.2764 0.2942 -0.1162 0.000559311 1.8252
55000.0 7.75 0.268 -0.3451 0.371 -0.1448 0.000603147 1.8418
60000.0 7.75 0.2821 -0.4103 0.4405 -0.1701 0.000645693 1.8556
65000.0 7.75 -0.0846 0.6243 -0.6262 0.2206 0.000754543 1.8671
70000.0 7.75 -0.1163 0.6608 -0.654 0.2296 0.000795239 1.877
75000.0 7.75 -0.1422 0.6879 -0.6735 0.2358 0.000835094 1.8855
80000.0 7.75 -0.1636 0.7081 -0.6872 0.24 0.00087412 1.8929
85000.0 7.75 -0.1807 0.7213 -0.6948 0.2421 0.000913086 1.8994
90000.0 7.75 -0.1942 0.7285 -0.6968 0.2422 0.000951716 1.9051
100000.0 7.75 -0.2195 0.7429 -0.7019 0.243 0.00102879 1.9149
3750.0 8.0 2.7909 -4.5437 4.0397 -1.3868 5.13239e-06 -1.4723
4000.0 8.0 2.2783 -3.7014 3.3325 -1.1566 6.07613e-06 -1.2091
4250.0 8.0 1.9031 -2.947 2.6121 -0.9008 7.10296e-06 -0.9792
4500.0 8.0 1.7531 -2.6499 2.3263 -0.7984 8.35409e-06 -0.7771
4750.0 8.0 1.7015 -2.558 2.242 -0.7689 9.85474e-06 -0.5981
5000.0 8.0 1.5725 -2.1575 1.7799 -0.586 1.22427e-05 -0.4389
5250.0 8.0 1.3889 -1.6745 1.2725 -0.3962 1.43419e-05 -0.2964
5500.0 8.0 1.2542 -1.3049 0.8878 -0.2537 1.65949e-05 -0.1683
5750.0 8.0 1.0792 -0.8271 0.3951 -0.0726 1.89475e-05 -0.0526
6000.0 8.0 0.8287 -0.1803 -0.2484 0.1579 2.13784e-05 0.0522
6250.0 8.0 0.5375 0.5331 -0.9295 0.3937 2.38875e-05 0.1477
6500.0 8.0 0.268 1.1418 -1.4681 0.5673 2.64687e-05 0.2348
7000.0 8.0 -0.0154 1.6385 -1.7774 0.6263 3.18587e-05 0.3881
7500.0 8.0 -0.0469 1.5542 -1.5698 0.5187 3.75856e-05 0.5183
8000.0 8.0 -0.0347 1.4591 -1.4366 0.4593 4.36665e-05 0.6302
8500.0 8.0 -0.0051 1.3964 -1.4003 0.4511 5.01056e-05 0.7271
9000.0 8.0 0.0153 1.4039 -1.4722 0.4908 5.68626e-05 0.8118
9500.0 8.0 0.0666 1.3442 -1.4915 0.5171 6.38726e-05 0.8864
10000.0 8.0 0.1565 1.145 -1.3437 0.4784 7.09558e-05 0.9526
10500.0 8.0 0.2693 0.8064 -0.9984 0.3559 7.78148e-05 1.0116
11000.0 8.0 0.3527 0.5147 -0.675 0.2356 8.40433e-05 1.0646
11500.0 8.0 0.4067 0.3174 -0.4545 0.1548 8.96315e-05 1.1123
12000.0 8.0 0.4456 0.1622 -0.2777 0.091 9.45261e-05 1.1556
12500.0 8.0 0.4775 0.0115 -0.1007 0.0267 9.82511e-05 1.1949
13000.0 8.0 0.5071 -0.1271 0.0553 -0.0281 0.000101241 1.2309
13500.0 8.0 0.5288 -0.2275 0.1622 -0.063 0.000104666 1.2638
14000.0 8.0 0.5455 -0.3078 0.2495 -0.0923 0.000108636 1.2942
14500.0 8.0 0.5537 -0.3618 0.314 -0.1161 0.000113036 1.3221
15000.0 8.0 0.5567 -0.3986 0.3624 -0.1357 0.000117636 1.348
15500.0 8.0 0.5571 -0.424 0.397 -0.1503 0.000122273 1.3721
16000.0 8.0 0.5565 -0.4411 0.4191 -0.1595 0.000127083 1.3944
16500.0 8.0 0.5364 -0.4129 0.3955 -0.1519 0.000131991 1.4153
17000.0 8.0 0.5608 -0.4784 0.4593 -0.1744 0.000136919 1.4347
20000.0 8.0 0.624 -0.6849 0.6667 -0.2489 0.000168105 1.5292
25000.0 8.0 0.7975 -1.092 1.0348 -0.3724 0.000227233 1.6323
30000.0 8.0 0.6255 -0.6635 0.551 -0.1855 0.000305495 1.6986
35000.0 8.0 0.3591 -0.2149 0.1482 -0.0493 0.000390638 1.7447
40000.0 8.0 0.2692 -0.1462 0.1224 -0.0477 0.000456443 1.7786
45000.0 8.0 0.2474 -0.186 0.1871 -0.075 0.000510538 1.8046
50000.0 8.0 0.2469 -0.2475 0.2631 -0.1044 0.000558671 1.8252
55000.0 8.0 0.255 -0.3096 0.3333 -0.1307 0.000602079 1.8418
60000.0 8.0 0.2664 -0.3686 0.3969 -0.1539 0.000643543 1.8556
3750.0 8.25 2.8507 -4.5676 4.0205 -1.3717 5.18646e-06 -1.4723
4000.0 8.25 2.3904 -3.9125 3.5283 -1.225 6.16513e-06 -1.2091
4250.0 8.25 1.9688 -3.0772 2.738 -0.9459 7.19331e-06 -0.9792
4500.0 8.25 1.7808 -2.6998 2.3736 -0.8152 8.42916e-06 -0.7771
4750.0 8.25 1.7078 -2.5623 2.244 -0.7693 9.90759e-06 -0.5981
5000.0 8.25 1.6342 -2.3155 1.9471 -0.649 1.23074e-05 -0.4389
5250.0 8.25 1.4186 -1.7514 1.3515 -0.4253 1.44011e-05 -0.2964
5500.0 8.25 1.2844 -1.3925 0.9793 -0.2876 1.66649e-05 -0.1683
5750.0 8.25 1.1239 -0.9603 0.5352 -0.1248 1.90391e-05 -0.0526
6000.0 8.25 0.9269 -0.4364 0.0043 0.0679 2.14904e-05 0.0522
6250.0 8.25 0.662 0.224 -0.6363 0.2927 2.40108e-05 0.1477
6500.0 8.25 0.3895 0.8627 -1.2231 0.4891 2.65991e-05 0.2348
7000.0 8.25 0.0389 1.545 -1.7279 0.6209 3.19864e-05 0.3881
7500.0 8.25 -0.0313 1.5383 -1.5774 0.5281 3.76868e-05 0.5183
8000.0 8.25 -0.0176 1.4221 -1.4094 0.4532 4.37329e-05 0.6302
8500.0 8.25 0.0041 1.3715 -1.3776 0.4444 5.01253e-05 0.7271
9000.0 8.25 0.0237 1.3848 -1.4578 0.4878 5.68444e-05 0.8118
9500.0 8.25 0.0723 1.3493 -1.514 0.5305 6.38475e-05 0.8864
10000.0 8.25 0.1663 1.1677 -1.4055 0.5112 7.09827e-05 0.9526
10500.0 8.25 0.2859 0.8418 -1.0959 0.407 7.80058e-05 1.0116
11000.0 8.25 0.3872 0.5103 -0.7392 0.2763 8.45414e-05 1.0646
11500.0 8.25 0.4523 0.2874 -0.4957 0.1873 9.04457e-05 1.1123
12000.0 8.25 0.503 0.111 -0.3009 0.1167 9.58068e-05 1.1556
12500.0 8.25 0.5339 -0.0223 -0.1449 0.0596 0.000100445 1.1949
13000.0 8.25 0.5488 -0.1261 -0.0147 0.0111 0.000103914 1.2309
13500.0 8.25 0.5608 -0.218 0.098 -0.0302 0.000106961 1.2638
14000.0 8.25 0.5718 -0.2968 0.1915 -0.0632 0.000110448 1.2942
14500.0 8.25 0.579 -0.36 0.2701 -0.0918 0.000114491 1.3221
15000.0 8.25 0.5831 -0.412 0.3411 -0.1202 0.000118904 1.348
15500.0 8.25 0.5837 -0.4495 0.3968 -0.144 0.000123506 1.3721
16000.0 8.25 0.5824 -0.4745 0.4354 -0.1613 0.000128255 1.3944
16500.0 8.25 0.5826 -0.4968 0.4665 -0.1747 0.000133057 1.4153
17000.0 8.25 0.5825 -0.5108 0.4832 -0.1813 0.000138086 1.4347
20000.0 8.25 0.6456 -0.7193 0.6945 -0.2577 0.000169249 1.5292
25000.0 8.25 0.8028 -1.0953 1.0353 -0.3721 0.000228703 1.6323
30000.0 8.25 0.6251 -0.6592 0.5455 -0.1833 0.000307356 1.6986
35000.0 8.25 0.3602 -0.2149 0.1471 -0.0487 0.000391755 1.7447
40000.0 8.25 0.2608 -0.1264 0.1034 -0.041 0.000456935 1.7786
45000.0 8.25 0.2436 -0.1721 0.1711 -0.0688 0.000510563 1.8046
50000.0 8.25 0.2409 -0.2276 0.241 -0.096 0.000557992 1.8252
55000.0 8.25 0.2463 -0.2839 0.3055 -0.1202 0.000601267 1.8418
60000.0 8.25 0.2552 -0.3368 0.3631 -0.1413 0.000641612 1.8556
65000.0 8.25 -0.038 0.543 -0.555 0.1966 0.000749903 1.8671
70000.0 8.25 -0.0726 0.5886 -0.5927 0.2094 0.000789305 1.877
75000.0 8.25 -0.1021 0.6266 -0.6238 0.2199 0.000827702 1.8855
80000.0 8.25 -0.128 0.6593 -0.6508 0.229 0.00086526 1.8929
85000.0 8.25 -0.1502 0.6861 -0.6725 0.2364 0.000902241 1.8994
90000.0 8.25 -0.1692 0.7076 -0.6892 0.2419 0.000939075 1.9051
100000.0 8.25 -0.2058 0.7506 -0.7236 0.2534 0.00101208 1.9149
3750.0 8.5 2.8744 -4.4995 3.9076 -1.3224 5.22696e-06 -1.4723
4000.0 8.5 2.5021 -4.1107 3.7056 -1.2854 6.2499e-06 -1.2091
4250.0 8.5 2.0478 -3.2339 2.8888 -0.9998 7.28523e-06 -0.9792
4500.0 8.5 1.815 -2.7629 2.4339 -0.8368 8.50998e-06 -0.7771
4750.0 8.5 1.7224 -2.585 2.2646 -0.7766 9.96734e-06 -0.5981
5000.0 8.5 1.6214 -2.2624 1.8808 -0.6218 1.2375e-05 -0.4389
5250.0 8.5 1.459 -1.8508 1.4524 -0.4623 1.44661e-05 -0.2964
5500.0 8.5 1.3131 -1.4708 1.0594 -0.317 1.67349e-05 -0.1683
5750.0 8.5 1.1849 -1.1224 0.6991 -0.1841 1.91306e-05 -0.0526
6000.0 8.5 1.01 -0.6553 0.2224 -0.0103 2.16079e-05 0.0522
6250.0 8.5 0.7738 -0.0575 -0.3656 0.1983 2.41478e-05 0.1477
6500.0 8.5 0.5135 0.5693 -0.9571 0.4012 2.67448e-05 0.2348
7000.0 8.5 0.1114 1.4068 -1.6354 0.6007 3.2134e-05 0.3881
7500.0 8.5 -0.0118 1.5187 -1.5866 0.5394 3.781e-05 0.5183
8000.0 8.5 -0.0065 1.4004 -1.3958 0.4511 4.3822e-05 0.6302
8500.0 8.5 0.0166 1.3324 -1.3353 0.4295 5.0167e-05 0.7271
9000.0 8.5 0.0335 1.3481 -1.4127 0.4705 5.68416e-05 0.8118
9500.0 8.5 0.0774 1.3346 -1.498 0.5251 6.38195e-05 0.8864
10000.0 8.5 0.168 1.1885 -1.4452 0.5308 7.09824e-05 0.9526
10500.0 8.5 0.3003 0.862 -1.1595 0.4413 7.8135e-05 1.0116
11000.0 8.5 0.4165 0.5077 -0.7935 0.3104 8.49253e-05 1.0646
11500.0 8.5 0.5049 0.2215 -0.4862 0.1982 9.11368e-05 1.1123
12000.0 8.5 0.5717 0.0092 -0.2591 0.1165 9.68324e-05 1.1556
12500.0 8.5 0.62 -0.1596 -0.0702 0.0472 0.000102033 1.1949
13000.0 8.5 0.6376 -0.2569 0.05 0.0023 0.000106473 1.2309
13500.0 8.5 0.636 -0.3141 0.133 -0.0301 0.00010982 1.2638
14000.0 8.5 0.6313 -0.3605 0.202 -0.0571 0.000112938 1.2942
14500.0 8.5 0.6269 -0.4007 0.2614 -0.0797 0.000116475 1.3221
15000.0 8.5 0.6236 -0.4431 0.3258 -0.1052 0.000120531 1.348
15500.0 8.5 0.6192 -0.4783 0.3848 -0.1305 0.000124962 1.3721
16000.0 8.5 0.615 -0.5096 0.4401 -0.1556 0.000129609 1.3944
16500.0 8.5 0.6128 -0.5374 0.4867 -0.177 0.000134358 1.4153
17000.0 8.5 0.6123 -0.5599 0.5208 -0.1923 0.000139266 1.4347
20000.0 8.5 0.6684 -0.757 0.7257 -0.2678 0.000170512 1.5292
25000.0 8.5 0.8165 -1.1148 1.0502 -0.3768 0.00023027 1.6323
30000.0 8.5 0.6208 -0.6495 0.5368 -0.1805 0.000309381 1.6986
35000.0 8.5 0.3625 -0.2182 0.15 -0.0496 0.000392993 1.7447
40000.0 8.5 0.2725 -0.1437 0.1156 -0.0443 0.000457514 1.7786
45000.0 8.5 0.2424 -0.164 0.1609 -0.0646 0.000510763 1.8046
50000.0 8.5 0.2376 -0.2132 0.2241 -0.0894 0.000557047 1.8252
55000.0 8.5 0.2409 -0.2645 0.2837 -0.1118 0.000599858 1.8418
60000.0 8.5 0.247 -0.3125 0.3369 -0.1314 0.000641017 1.8556
65000.0 8.5 -0.0075 0.4832 -0.4988 0.1768 0.000748352 1.8671
70000.0 8.5 -0.0417 0.5291 -0.5371 0.1899 0.000787087 1.877
75000.0 8.5 -0.0712 0.5681 -0.5698 0.201 0.000824877 1.8855
80000.0 8.5 -0.0971 0.6017 -0.598 0.2107 0.00086196 1.8929
85000.0 8.5 -0.1197 0.6304 -0.6219 0.2189 0.000898533 1.8994
90000.0 8.5 -0.1395 0.6549 -0.6421 0.2258 0.000934696 1.9051
100000.0 8.5 -0.1778 0.7043 -0.6837 0.24 0.00100633 1.9149
3750.0 8.75 2.8585 -4.3335 3.6985 -1.2391 5.25058e-06 -1.4723
4000.0 8.75 2.6061 -4.2766 3.8444 -1.3307 6.32699e-06 -1.2091
4250.0 8.75 2.1398 -3.4139 3.0603 -1.0608 7.37653e-06 -0.9792
4500.0 8.75 1.8581 -2.8446 2.5124 -0.8649 8.59476e-06 -0.7771
4750.0 8.75 1.7443 -2.623 2.3005 -0.7894 1.00325e-05 -0.5981
5000.0 8.75 1.6936 -2.4444 2.0745 -0.6951 1.24555e-05 -0.4389
5250.0 8.75 1.5031 -1.9575 1.5613 -0.5024 1.45376e-05 -0.2964
5500.0 8.75 1.3431 -1.5479 1.1373 -0.3453 1.68062e-05 -0.1683
5750.0 8.75 1.2063 -1.1907 0.773 -0.2122 1.92184e-05 -0.0526
6000.0 8.75 1.0584 -0.7971 0.3719 -0.066 2.17233e-05 0.0522
6250.0 8.75 0.8674 -0.301 -0.1253 0.1128 2.42881e-05 0.1477
6500.0 8.75 0.6318 0.2814 -0.6876 0.3094 2.6906e-05 0.2348
7000.0 8.75 0.1978 1.2335 -1.5082 0.568 3.23061e-05 0.3881
7500.0 8.75 0.0245 1.4628 -1.5659 0.542 3.79655e-05 0.5183
8000.0 8.75 0.0104 1.3682 -1.3756 0.4478 4.39319e-05 0.6302
8500.0 8.75 0.0321 1.2839 -1.2815 0.4099 5.02351e-05 0.7271
9000.0 8.75 0.0488 1.289 -1.3385 0.4411 5.68675e-05 0.8118
9500.0 8.75 0.0837 1.2991 -1.4458 0.5028 6.37958e-05 0.8864
10000.0 8.75 0.1614 1.2079 -1.4635 0.5372 7.0959e-05 0.9526
10500.0 8.75 0.2987 0.9039 -1.227 0.472 7.82012e-05 1.0116
11000.0 8.75 0.4373 0.511 -0.8384 0.3371 8.52159e-05 1.0646
11500.0 8.75 0.542 0.1863 -0.4979 0.2143 9.17097e-05 1.1123
12000.0 8.75 0.6348 -0.0977 -0.1966 0.105 9.76997e-05 1.1556
12500.0 8.75 0.7041 -0.315 0.0384 0.0193 0.00010327 1.1949
13000.0 8.75 0.7424 -0.4578 0.2023 -0.0416 0.000108364 1.2309
13500.0 8.75 0.7468 -0.5215 0.291 -0.0764 0.000112673 1.2638
14000.0 8.75 0.7297 -0.5312 0.3232 -0.0906 0.000115999 1.2942
14500.0 8.75 0.7089 -0.5305 0.3437 -0.1004 0.000119174 1.3221
15000.0 8.75 0.6906 -0.5353 0.3703 -0.1125 0.000122758 1.348
15500.0 8.75 0.6732 -0.5412 0.4001 -0.1264 0.000126789 1.3721
16000.0 8.75 0.6598 -0.5567 0.4423 -0.1463 0.000131181 1.3944
16500.0 8.75 0.6495 -0.5754 0.488 -0.1686 0.000135806 1.4153
17000.0 8.75 0.644 -0.6045 0.5454 -0.1964 0.000140576 1.4347
20000.0 8.75 0.6932 -0.8 0.7624 -0.2798 0.000171888 1.5292
25000.0 8.75 0.827 -1.128 1.0596 -0.3796 0.000231955 1.6323
30000.0 8.75 0.6236 -0.6516 0.5374 -0.1805 0.000311507 1.6986
35000.0 8.75 0.3663 -0.2247 0.1559 -0.0517 0.000394342 1.7447
40000.0 8.75 0.2751 -0.1456 0.1161 -0.0442 0.000458244 1.7786
45000.0 8.75 0.2437 -0.1615 0.1563 -0.0626 0.000511104 1.8046
50000.0 8.75 0.2371 -0.2055 0.214 -0.0852 0.000556747 1.8252
55000.0 8.75 0.2385 -0.2521 0.269 -0.106 0.000599029 1.8418
60000.0 8.75 0.2436 -0.2965 0.3181 -0.1241 0.000639001 1.8556
3750.0 9.0 2.8018 -4.0756 3.4036 -1.1266 5.24664e-06 -1.4723
4000.0 9.0 2.6934 -4.3883 3.9227 -1.3528 6.39253e-06 -1.2091
4250.0 9.0 2.2426 -3.6108 3.2455 -1.1261 7.46409e-06 -0.9792
4500.0 9.0 1.9124 -2.9495 2.6134 -0.9011 8.68207e-06 -0.7771
4750.0 9.0 1.7658 -2.6581 2.333 -0.8008 1.01109e-05 -0.5981
5000.0 9.0 1.7266 -2.5152 2.1457 -0.7213 1.25447e-05 -0.4389
5250.0 9.0 1.5579 -2.0896 1.6971 -0.5527 1.46177e-05 -0.2964
5500.0 9.0 1.3722 -1.6185 1.2077 -0.3709 1.6883e-05 -0.1683
5750.0 9.0 1.2394 -1.279 0.8625 -0.2447 1.93056e-05 -0.0526
6000.0 9.0 1.1045 -0.9239 0.5024 -0.114 2.18373e-05 0.0522
6250.0 9.0 0.9511 -0.5155 0.0859 0.0379 2.44334e-05 0.1477
6500.0 9.0 0.7378 0.0152 -0.4315 0.2202 2.70762e-05 0.2348
7000.0 9.0 0.3012 1.0105 -1.3259 0.5139 3.25034e-05 0.3881
7500.0 9.0 0.0669 1.3997 -1.545 0.5462 3.8155e-05 0.5183
8000.0 9.0 0.0302 1.3363 -1.3619 0.4484 4.4084e-05 0.6302
8500.0 9.0 0.0502 1.2316 -1.2263 0.3904 5.03372e-05 0.7271
9000.0 9.0 0.0692 1.2134 -1.245 0.4043 5.69123e-05 0.8118
9500.0 9.0 0.0893 1.254 -1.3739 0.4708 6.37885e-05 0.8864
10000.0 9.0 0.1511 1.2172 -1.4548 0.5296 7.09462e-05 0.9526
10500.0 9.0 0.2834 0.9596 -1.2894 0.4958 7.82381e-05 1.0116
11000.0 9.0 0.44 0.5478 -0.9033 0.3672 8.54309e-05 1.0646
11500.0 9.0 0.567 0.167 -0.511 0.2269 9.21933e-05 1.1123
12000.0 9.0 0.6765 -0.1597 -0.1695 0.1038 9.84505e-05 1.1556
12500.0 9.0 0.7694 -0.4383 0.127 -0.0044 0.000104313 1.1949
13000.0 9.0 0.8324 -0.6423 0.3526 -0.0881 0.000109821 1.2309
13500.0 9.0 0.8578 -0.754 0.4886 -0.1402 0.000114854 1.2638
14000.0 9.0 0.8478 -0.7753 0.532 -0.1585 0.000119118 1.2942
14500.0 9.0 0.8218 -0.7524 0.5274 -0.159 0.00012247 1.3221
15000.0 9.0 0.7869 -0.7113 0.5067 -0.1543 0.000125695 1.348
15500.0 9.0 0.755 -0.6768 0.4924 -0.1517 0.000129295 1.3721
16000.0 9.0 0.7257 -0.6504 0.4895 -0.1541 0.000133269 1.3944
16500.0 9.0 0.7023 -0.6401 0.5067 -0.1653 0.00013765 1.4153
17000.0 9.0 0.6867 -0.6474 0.5432 -0.1848 0.00014233 1.4347
20000.0 9.0 0.7202 -0.8485 0.8055 -0.2945 0.000173401 1.5292
25000.0 9.0 0.834 -1.1368 1.0667 -0.3819 0.000233799 1.6323
30000.0 9.0 0.6249 -0.6508 0.5353 -0.1795 0.000313779 1.6986
35000.0 9.0 0.3723 -0.234 0.1632 -0.0539 0.000395801 1.7447
40000.0 9.0 0.2788 -0.1509 0.1204 -0.0455 0.000459113 1.7786
45000.0 9.0 0.2476 -0.1642 0.1564 -0.0621 0.000511608 1.8046
50000.0 9.0 0.2387 -0.2026 0.2088 -0.0829 0.000556617 1.8252
55000.0 9.0 0.2384 -0.2448 0.2592 -0.102 0.000598544 1.8418
60000.0 9.0 0.2419 -0.2854 0.3046 -0.1187 0.000637809 1.8556
65000.0 9.0 0.0554 0.3541 -0.3744 0.1323 0.00074621 1.8671
70000.0 9.0 0.0239 0.3958 -0.4093 0.1443 0.00078408 1.877
75000.0 9.0 -0.0036 0.4318 -0.4396 0.1547 0.000820932 1.8855
80000.0 9.0 -0.0278 0.4633 -0.4662 0.1639 0.000856997 1.8929
85000.0 9.0 -0.0494 0.4914 -0.4902 0.1722 0.000892475 1.8994
90000.0 9.0 -0.0687 0.5162 -0.5113 0.1796 0.000927483 1.9051
100000.0 9.0 -0.1057 0.5657 -0.554 0.1944 0.000996472 1.9149
3750.0 9.25 2.7127 -3.753 3.0552 -0.9975 5.21092e-06 -1.4723
4000.0 9.25 2.7548 -4.4262 3.9222 -1.3454 6.43905e-06 -1.2091
4250.0 9.25 2.3541 -3.8173 3.4356 -1.1922 7.5443e-06 -0.9792
4500.0 9.25 1.9799 -3.081 2.7396 -0.9463 8.76914e-06 -0.7771
4750.0 9.25 1.7991 -2.7193 2.3921 -0.8223 1.01814e-05 -0.5981
5000.0 9.25 1.7811 -2.6486 2.2879 -0.7752 1.26476e-05 -0.4389
5250.0 9.25 1.6243 -2.253 1.8683 -0.6168 1.47069e-05 -0.2964
5500.0 9.25 1.4128 -1.7138 1.3025 -0.4051 1.69665e-05 -0.1683
5750.0 9.25 1.2704 -1.3574 0.9409 -0.273 1.93936e-05 -0.0526
6000.0 9.25 1.147 -1.0377 0.6169 -0.1552 2.19452e-05 0.0522
6250.0 9.25 1.0032 -0.6622 0.2374 -0.0177 2.45756e-05 0.1477
6500.0 9.25 0.8269 -0.212 -0.2091 0.1416 2.72517e-05 0.2348
7000.0 9.25 0.4068 0.7759 -1.1256 0.4513 3.2719e-05 0.3881
7500.0 9.25 0.1272 1.2945 -1.4853 0.5374 3.83691e-05 0.5183
8000.0 9.25 0.0553 1.2997 -1.3512 0.452 4.42702e-05 0.6302
8500.0 9.25 0.0677 1.186 -1.1816 0.3755 5.04727e-05 0.7271
9000.0 9.25 0.089 1.1399 -1.1537 0.3681 5.69855e-05 0.8118
9500.0 9.25 0.1026 1.1829 -1.2713 0.4269 6.38004e-05 0.8864
10000.0 9.25 0.1483 1.1888 -1.3934 0.4994 7.09125e-05 0.9526
10500.0 9.25 0.2598 1.0126 -1.3286 0.5059 7.82158e-05 1.0116
11000.0 9.25 0.4221 0.6228 -0.9915 0.4015 8.55377e-05 1.0646
11500.0 9.25 0.5661 0.2096 -0.5782 0.2567 9.25512e-05 1.1123
12000.0 9.25 0.6927 -0.1628 -0.1937 0.1189 9.90804e-05 1.1556
12500.0 9.25 0.8071 -0.498 0.1588 -0.0092 0.000105197 1.1949
13000.0 9.25 0.895 -0.7665 0.4496 -0.1169 0.000111001 1.2309
13500.0 9.25 0.9438 -0.9375 0.6462 -0.1917 0.000116486 1.2638
14000.0 9.25 0.9527 -1.0044 0.7362 -0.2274 0.000121506 1.2942
14500.0 9.25 0.9336 -0.9962 0.7477 -0.2342 0.000125786 1.3221
15000.0 9.25 0.8979 -0.9435 0.7115 -0.2232 0.000129231 1.348
15500.0 9.25 0.8574 -0.8783 0.6617 -0.2072 0.000132504 1.3721
16000.0 9.25 0.8169 -0.8155 0.6166 -0.1933 0.000136043 1.3944
16500.0 9.25 0.778 -0.7603 0.5826 -0.1841 0.000140041 1.4153
17000.0 9.25 0.7345 -0.7105 0.5704 -0.1871 0.000144181 1.4347
20000.0 9.25 0.7507 -0.902 0.8514 -0.3096 0.000175002 1.5292
25000.0 9.25 0.8476 -1.1527 1.0764 -0.3844 0.000235711 1.6323
30000.0 9.25 0.6254 -0.6511 0.536 -0.18 0.000316142 1.6986
35000.0 9.25 0.3769 -0.245 0.1752 -0.0585 0.000397338 1.7447
40000.0 9.25 0.2856 -0.1616 0.1294 -0.0484 0.000460012 1.7786
45000.0 9.25 0.2521 -0.1708 0.1621 -0.0639 0.000512174 1.8046
50000.0 9.25 0.2425 -0.2047 0.2085 -0.0823 0.000556591 1.8252
55000.0 9.25 0.2402 -0.243 0.2552 -0.1001 0.000598428 1.8418
60000.0 9.25 0.2421 -0.2794 0.2963 -0.1153 0.000637024 1.8556
3750.0 9.5 2.6166 -3.4287 2.714 -0.8731 5.15724e-06 -1.4723
4000.0 9.5 2.7862 -4.3835 3.8378 -1.3073 6.46044e-06 -1.2091
4250.0 9.5 2.4645 -4.007 3.6022 -1.2484 7.6118e-06 -0.9792
4500.0 9.5 2.0624 -3.2422 2.8944 -1.0017 8.85082e-06 -0.7771
4750.0 9.5 1.8396 -2.7944 2.464 -0.8481 1.02625e-05 -0.5981
5000.0 9.5 1.8126 -2.7151 2.3566 -0.801 1.28355e-05 -0.4389
5250.0 9.5 1.5942 -2.1488 1.7461 -0.5683 1.47979e-05 -0.2964
5500.0 9.5 1.4504 -1.799 1.3873 -0.4359 1.70581e-05 -0.1683
5750.0 9.5 1.3085 -1.448 1.03 -0.3049 1.94876e-05 -0.0526
6000.0 9.5 1.1887 -1.1432 0.7219 -0.1929 2.20557e-05 0.0522
6250.0 9.5 1.0532 -0.7959 0.3736 -0.0674 2.47137e-05 0.1477
6500.0 9.5 0.8998 -0.4035 -0.0176 0.0728 2.74283e-05 0.2348
7000.0 9.5 0.5186 0.5144 -0.889 0.3732 3.29527e-05 0.3881
7500.0 9.5 0.2007 1.1575 -1.3952 0.5179 3.86195e-05 0.5183
8000.0 9.5 0.0841 1.2636 -1.3489 0.4604 4.44962e-05 0.6302
8500.0 9.5 0.0863 1.1464 -1.1502 0.3672 5.06558e-05 0.7271
9000.0 9.5 0.1105 1.0675 -1.0681 0.3353 5.71056e-05 0.8118
9500.0 9.5 0.1236 1.0925 -1.1507 0.3771 6.38658e-05 0.8864
10000.0 9.5 0.1526 1.1325 -1.2965 0.4549 7.09023e-05 0.9526
10500.0 9.5 0.2347 1.049 -1.3345 0.4999 7.81842e-05 1.0116
11000.0 9.5 0.3889 0.7183 -1.0838 0.4329 8.55804e-05 1.0646
11500.0 9.5 0.5463 0.2911 -0.6732 0.2933 9.28078e-05 1.1123
12000.0 9.5 0.6846 -0.1106 -0.264 0.1479 9.96054e-05 1.1556
12500.0 9.5 0.8147 -0.4862 0.1254 0.0075 0.000105976 1.1949
13000.0 9.5 0.9254 -0.8125 0.4726 -0.1201 0.000112028 1.2309
13500.0 9.5 1.0005 -1.0512 0.7376 -0.2199 0.00011782 1.2638
14000.0 9.5 1.0328 -1.1789 0.8906 -0.2793 0.000123317 1.2942
14500.0 9.5 1.0291 -1.2098 0.943 -0.3016 0.000128364 1.3221
15000.0 9.5 1.0026 -1.1764 0.9263 -0.2977 0.000132731 1.348
15500.0 9.5 0.9645 -1.1109 0.8743 -0.2807 0.000136358 1.3721
16000.0 9.5 0.9193 -1.0268 0.8026 -0.2564 0.00013964 1.3944
16500.0 9.5 0.872 -0.9416 0.7331 -0.2335 0.000143139 1.4153
17000.0 9.5 0.8277 -0.8682 0.6789 -0.2169 0.000147124 1.4347
20000.0 9.5 0.8378 -1.237 1.3321 -0.5073 0.000193584 1.5292
25000.0 9.5 0.8574 -1.1645 1.0845 -0.3867 0.000237818 1.6323
30000.0 9.5 0.6265 -0.6513 0.5358 -0.18 0.000318648 1.6986
35000.0 9.5 0.3833 -0.2579 0.1881 -0.0632 0.000398975 1.7447
40000.0 9.5 0.2928 -0.1736 0.14 -0.052 0.000461051 1.7786
45000.0 9.5 0.2589 -0.1816 0.1713 -0.067 0.000512911 1.8046
50000.0 9.5 0.2478 -0.2101 0.2115 -0.083 0.000556286 1.8252
55000.0 9.5 0.2446 -0.2447 0.2541 -0.0992 0.000597318 1.8418
60000.0 9.5 0.2453 -0.2786 0.2928 -0.1134 0.000636138 1.8556
65000.0 9.5 0.1143 0.2305 -0.2536 0.0888 0.000745041 1.8671
70000.0 9.5 0.0866 0.2644 -0.2809 0.098 0.00078227 1.877
75000.0 9.5 0.0626 0.2934 -0.3045 0.1061 0.000818397 1.8855
80000.0 9.5 0.0413 0.3192 -0.3258 0.1134 0.000853762 1.8929
85000.0 9.5 0.0224 0.3422 -0.3451 0.1201 0.000888457 1.8994
90000.0 9.5 0.0053 0.3631 -0.3628 0.1263 0.000922591 1.9051
100000.0 9.5 -0.0275 0.4058 -0.4003 0.1396 0.000989714 1.9149
