Teff log(g) a1 a2 a3 a4 I1 beaming
3750.0 5.0 1.3503 -1.0914 0.5754 -0.1261 2.11773e-06 -3.2178
4000.0 5.0 1.5722 -1.7693 1.3265 -0.4136 2.81122e-06 -2.8347
4250.0 5.0 1.6473 -2.0054 1.6034 -0.5227 3.76242e-06 -2.4982
4500.0 5.0 1.5892 -1.7841 1.3581 -0.4273 5.02855e-06 -2.2005
4750.0 5.0 1.3292 -1.0622 0.632 -0.1614 6.62569e-06 -1.9356
5000.0 5.0 0.8012 0.3001 -0.6867 0.3039 8.70152e-06 -1.6987
5250.0 5.0 0.2565 1.6217 -1.916 0.7179 1.09008e-05 -1.4856
5500.0 5.0 -0.1123 2.3898 -2.5205 0.8872 1.3349e-05 -1.2932
5750.0 5.0 -0.2512 2.501 -2.4225 0.7963 1.60459e-05 -1.1189
6000.0 5.0 -0.2493 2.2443 -1.9596 0.5791 1.89958e-05 -0.9602
6250.0 5.0 -0.1747 1.8272 -1.3656 0.3256 2.22079e-05 -0.8153
6500.0 5.0 -0.0734 1.3929 -0.8025 0.0966 2.56957e-05 -0.6826
7000.0 5.0 0.0824 0.8222 -0.1153 -0.174 3.36278e-05 -0.4484
7500.0 5.0 0.1255 0.706 0.0116 -0.2329 4.30226e-05 -0.2486
8000.0 5.0 0.0786 0.9638 -0.3435 -0.0998 5.39124e-05 -0.0765
8500.0 5.0 0.0802 1.1931 -0.7755 0.0961 6.59734e-05 0.073
9000.0 5.0 0.2746 0.7695 -0.4761 0.0314 7.81897e-05 0.2038
9500.0 5.0 0.4806 0.2138 -0.0267 -0.0658 8.74617e-05 0.3191
10000.0 5.0 0.5656 0.0121 0.1147 -0.0919 9.65544e-05 0.4214
10500.0 5.0 0.5743 0.0408 0.0306 -0.0511 0.000105395 0.5127
11000.0 5.0 0.603 -0.0163 0.0483 -0.0485 0.000114097 0.5945
11500.0 5.0 0.6449 -0.145 0.162 -0.0852 0.000122824 0.6683
12000.0 5.0 0.6389 -0.1354 0.1372 -0.0731 0.000131346 0.7351
12500.0 5.0 0.6456 -0.1749 0.1714 -0.084 0.000140015 0.7958
13000.0 5.0 0.6489 -0.2056 0.1988 -0.0932 0.000148722 0.8513
13500.0 5.0 0.6283 -0.177 0.1655 -0.0798 0.000157534 0.902
14000.0 5.0 0.6527 -0.2586 0.2478 -0.1097 0.000166422 0.9487
14500.0 5.0 0.602 -0.1542 0.1366 -0.0675 0.00017542 0.9917
15000.0 5.0 0.6566 -0.3083 0.2958 -0.1265 0.000184491 1.0314
15500.0 5.0 0.6574 -0.3284 0.3147 -0.1328 0.000193688 1.0683
16000.0 5.0 0.6089 -0.2261 0.2061 -0.0916 0.000203012 1.1025
16500.0 5.0 0.6643 -0.3789 0.3637 -0.1498 0.000212427 1.1344
17000.0 5.0 0.6701 -0.4087 0.393 -0.1601 0.000221995 1.1641
20000.0 5.0 0.7265 -0.6244 0.6074 -0.236 0.000282408 1.3079
25000.0 5.0 0.925 -1.1457 1.1058 -0.4092 0.00039924 1.4634
30000.0 5.0 1.0019 -1.2809 1.1588 -0.4093 0.00056262 1.5625
35000.0 5.0 0.9532 -1.2975 1.1775 -0.4169 0.000753165 1.631
40000.0 5.0 1.026 -1.5794 1.4906 -0.5367 0.000901831 1.6811
45000.0 5.0 1.1246 -1.8693 1.7954 -0.6495 0.0010276 1.7193
50000.0 5.0 1.2228 -2.127 2.0568 -0.7442 0.00114498 1.7493
55000.0 5.0 1.308 -2.3319 2.2574 -0.8152 0.00125545 1.7736
60000.0 5.0 1.38 -2.4908 2.4074 -0.8672 0.00136411 1.7936
3750.0 5.25 1.4013 -1.2337 0.7297 -0.1844 2.16543e-06 -3.2178
4000.0 5.25 1.6137 -1.8868 1.4546 -0.4624 2.8461e-06 -2.8347
4250.0 5.25 1.6864 -2.121 1.7278 -0.5698 3.78291e-06 -2.4982
4500.0 5.25 1.6601 -1.9925 1.5797 -0.5108 5.02903e-06 -2.2005
4750.0 5.25 1.445 -1.378 0.9458 -0.2753 6.60691e-06 -1.9356
5000.0 5.25 0.9868 -0.1704 -0.2406 0.1494 8.69244e-06 -1.6987
5250.0 5.25 0.4523 1.1592 -1.5035 0.5842 1.0885e-05 -1.4856
5500.0 5.25 0.0171 2.1407 -2.3562 0.8519 1.33293e-05 -1.2932
5750.0 5.25 -0.1994 2.4891 -2.5257 0.8631 1.60152e-05 -1.1189
6000.0 5.25 -0.2526 2.3963 -2.243 0.7126 1.89502e-05 -0.9602
6250.0 5.25 -0.2181 2.0885 -1.7599 0.4969 2.21438e-05 -0.8153
6500.0 5.25 -0.1415 1.7037 -1.2298 0.2736 2.56026e-05 -0.6826
7000.0 5.25 0.0184 1.0671 -0.4276 -0.051 3.34266e-05 -0.4484
7500.0 5.25 0.0844 0.8511 -0.1742 -0.1584 4.26396e-05 -0.2486
8000.0 5.25 0.0549 1.0269 -0.4218 -0.0673 5.33328e-05 -0.0765
8500.0 5.25 0.0324 1.3046 -0.8864 0.1346 6.52865e-05 0.073
9000.0 5.25 0.157 1.1203 -0.8559 0.166 7.7674e-05 0.2038
9500.0 5.25 0.3721 0.5299 -0.3313 0.0217 8.80353e-05 0.3191
10000.0 5.25 0.5164 0.1329 -0.001 -0.0537 9.67145e-05 0.4214
10500.0 5.25 0.5624 0.0453 0.0396 -0.0574 0.00010576 0.5127
11000.0 5.25 0.5888 0.0035 0.0371 -0.0467 0.000114506 0.5945
11500.0 5.25 0.6122 -0.0567 0.0712 -0.0526 0.00012314 0.6683
12000.0 5.25 0.6281 -0.1136 0.116 -0.0656 0.00013176 0.7351
12500.0 5.25 0.636 -0.1557 0.1522 -0.0771 0.000140418 0.7958
13000.0 5.25 0.639 -0.1857 0.1784 -0.0856 0.000149111 0.8513
13500.0 5.25 0.6407 -0.2127 0.2031 -0.0939 0.000157904 0.902
14000.0 5.25 0.6409 -0.2352 0.224 -0.1009 0.000166781 0.9487
14500.0 5.25 0.6416 -0.2583 0.2463 -0.1086 0.000175749 0.9917
15000.0 5.25 0.6413 -0.2773 0.2644 -0.1148 0.000184815 1.0314
15500.0 5.25 0.6432 -0.301 0.2875 -0.1228 0.000193979 1.0683
16000.0 5.25 0.6446 -0.3222 0.3079 -0.1298 0.000203272 1.1025
16500.0 5.25 0.6423 -0.3332 0.3179 -0.1329 0.000212678 1.1344
17000.0 5.25 0.6505 -0.3694 0.3539 -0.1458 0.000222198 1.1641
20000.0 5.25 0.6823 -0.5279 0.5099 -0.2001 0.000282377 1.3079
25000.0 5.25 0.8864 -1.0708 1.0329 -0.3829 0.000398291 1.4634
30000.0 5.25 0.9599 -1.2077 1.0912 -0.3855 0.000558189 1.5625
35000.0 5.25 0.8605 -1.1128 1.0001 -0.3535 0.000745546 1.631
40000.0 5.25 0.8958 -1.3232 1.248 -0.4509 0.00089213 1.6811
45000.0 5.25 0.9749 -1.5843 1.5306 -0.557 0.00101495 1.7193
50000.0 5.25 1.0627 -1.8347 1.791 -0.6525 0.0011287 1.7493
55000.0 5.25 1.1457 -2.0513 2.0094 -0.7313 0.00123453 1.7736
60000.0 5.25 1.2214 -2.2354 2.19 -0.7953 0.0013374 1.7936
3750.0 5.5 1.4493 -1.3652 0.8727 -0.2385 2.21974e-06 -3.2178
4000.0 5.5 1.6469 -1.9782 1.5544 -0.5004 2.88572e-06 -2.8347
4250.0 5.5 1.7158 -2.207 1.8206 -0.6051 3.80832e-06 -2.4982
4500.0 5.5 1.709 -2.1367 1.7329 -0.5685 5.03435e-06 -2.2005
4750.0 5.5 1.5336 -1.6276 1.1992 -0.3684 6.59401e-06 -1.9356
5000.0 5.5 1.1455 -0.5815 0.1545 0.0104 8.69076e-06 -1.6987
5250.0 5.5 0.6471 0.6823 -1.0632 0.4364 1.08761e-05 -1.4856
5500.0 5.5 0.1697 1.8115 -2.0943 0.7772 1.33173e-05 -1.2932
5750.0 5.5 -0.1232 2.3917 -2.5242 0.8882 1.59975e-05 -1.1189
6000.0 5.5 -0.2332 2.4692 -2.4307 0.8088 1.89177e-05 -0.9602
6250.0 5.5 -0.2342 2.2655 -2.0609 0.6345 2.2093e-05 -0.8153
6500.0 5.5 -0.1901 1.9669 -1.616 0.4396 2.55279e-05 -0.6826
7000.0 5.5 -0.0476 1.3382 -0.7871 0.0952 3.3257e-05 -0.4484
7500.0 5.5 0.0366 1.0317 -0.4108 -0.062 4.23016e-05 -0.2486
8000.0 5.5 0.0261 1.1192 -0.5419 -0.0172 5.2789e-05 -0.0765
8500.0 5.5 -0.0072 1.3987 -0.9846 0.1706 6.45939e-05 0.073
9000.0 5.5 0.0925 1.3084 -1.0643 0.2418 7.71303e-05 0.2038
9500.0 5.5 0.3111 0.7244 -0.5327 0.0821 8.87416e-05 0.3191
10000.0 5.5 0.499 0.179 -0.0445 -0.0461 9.73235e-05 0.4214
10500.0 5.5 0.5496 0.0558 0.0396 -0.0597 0.000106156 0.5127
11000.0 5.5 0.5768 0.0151 0.0364 -0.0492 0.00011497 0.5945
11500.0 5.5 0.5991 -0.0337 0.0535 -0.0478 0.000123645 0.6683
12000.0 5.5 0.6179 -0.0932 0.0975 -0.0596 0.000132259 0.7351
12500.0 5.5 0.6266 -0.1354 0.1315 -0.0696 0.000140914 0.7958
13000.0 5.5 0.6305 -0.1683 0.1606 -0.079 0.000149638 0.8513
13500.0 5.5 0.6337 -0.1988 0.1889 -0.0886 0.000158386 0.902
14000.0 5.5 0.6321 -0.2174 0.2061 -0.0943 0.000167257 0.9487
14500.0 5.5 0.632 -0.2386 0.2261 -0.1011 0.000176219 0.9917
15000.0 5.5 0.6319 -0.2585 0.2453 -0.1077 0.000185271 1.0314
15500.0 5.5 0.632 -0.2782 0.2645 -0.1144 0.00019444 1.0683
16000.0 5.5 0.6116 -0.2464 0.23 -0.1009 0.000203719 1.1025
16500.0 5.5 0.6333 -0.3165 0.3012 -0.1269 0.000213098 1.1344
17000.0 5.5 0.6361 -0.3396 0.3239 -0.1347 0.000222621 1.1641
20000.0 5.5 0.6818 -0.5342 0.518 -0.2034 0.000282636 1.3079
25000.0 5.5 0.8695 -1.0427 1.007 -0.3739 0.000398004 1.4634
30000.0 5.5 0.9238 -1.141 1.0281 -0.3631 0.000555552 1.5625
35000.0 5.5 0.781 -0.9484 0.8401 -0.2959 0.000740025 1.631
40000.0 5.5 0.7799 -1.0839 1.0162 -0.3678 0.000884774 1.6811
45000.0 5.5 0.836 -1.3035 1.2623 -0.4617 0.00100529 1.7193
50000.0 5.5 0.9078 -1.5283 1.5018 -0.5507 0.00111628 1.7493
55000.0 5.5 0.9808 -1.7334 1.713 -0.6276 0.0012186 1.7736
60000.0 5.5 1.0515 -1.9182 1.8987 -0.6944 0.0013175 1.7936
3750.0 5.75 1.489 -1.4737 0.9924 -0.2843 2.27645e-06 -3.2178
4000.0 5.75 1.6744 -2.051 1.634 -0.5309 2.93046e-06 -2.8347
4250.0 5.75 1.739 -2.2723 1.8909 -0.6317 3.83863e-06 -2.4982
4500.0 5.75 1.7904 -2.4016 2.037 -0.6883 5.04879e-06 -2.2005
4750.0 5.75 1.5967 -1.8112 1.389 -0.439 6.58655e-06 -1.9356
5000.0 5.75 1.2761 -0.9283 0.4924 -0.1101 8.70215e-06 -1.6987
5250.0 5.75 0.8322 0.2179 -0.6254 0.2862 1.08735e-05 -1.4856
5500.0 5.75 0.3406 1.4165 -1.7509 0.6689 1.33116e-05 -1.2932
5750.0 5.75 -0.0173 2.1949 -2.4035 0.866 1.59907e-05 -1.1189
6000.0 5.75 -0.1819 2.4338 -2.4878 0.8536 1.89019e-05 -0.9602
6250.0 5.75 -0.2318 2.3765 -2.2806 0.7401 2.20545e-05 -0.8153
6500.0 5.75 -0.2137 2.1558 -1.9224 0.5773 2.54688e-05 -0.6826
7000.0 5.75 -0.1059 1.6049 -1.1587 0.2514 3.31171e-05 -0.4484
7500.0 5.75 -0.0143 1.2399 -0.6923 0.055 4.20091e-05 -0.2486
8000.0 5.75 -0.0071 1.2422 -0.7084 0.0533 5.229e-05 -0.0765
8500.0 5.75 -0.0406 1.4869 -1.0867 0.2109 6.39085e-05 0.073
9000.0 5.75 0.0293 1.4916 -1.2695 0.3185 7.64526e-05 0.2038
9500.0 5.75 0.1921 1.1048 -0.9583 0.2353 8.86336e-05 0.3191
10000.0 5.75 0.3983 0.483 -0.3509 0.0478 9.80923e-05 0.4214
10500.0 5.75 0.5277 0.1054 -0.0087 -0.0444 0.000106577 0.5127
11000.0 5.75 0.5664 0.0218 0.0404 -0.0532 0.000115442 0.5945
11500.0 5.75 0.5879 -0.017 0.044 -0.0464 0.000124182 0.6683
12000.0 5.75 0.6074 -0.0716 0.0778 -0.0533 0.000132826 0.7351
12500.0 5.75 0.6182 -0.117 0.1137 -0.0636 0.000141455 0.7958
13000.0 5.75 0.624 -0.1534 0.1452 -0.0735 0.000150163 0.8513
13500.0 5.75 0.6259 -0.1807 0.1698 -0.0816 0.000158948 0.902
14000.0 5.75 0.6259 -0.2033 0.1909 -0.0887 0.00016782 0.9487
14500.0 5.75 0.6255 -0.224 0.2105 -0.0953 0.000176784 0.9917
15000.0 5.75 0.6248 -0.2432 0.2292 -0.1018 0.000185845 1.0314
15500.0 5.75 0.624 -0.2606 0.2459 -0.1074 0.00019501 1.0683
16000.0 5.75 0.6239 -0.2787 0.2633 -0.1133 0.000204284 1.1025
16500.0 5.75 0.6247 -0.298 0.282 -0.1197 0.000213673 1.1344
17000.0 5.75 0.5953 -0.243 0.2236 -0.0974 0.000223194 1.1641
20000.0 5.75 0.6686 -0.5056 0.4884 -0.1924 0.000283138 1.3079
25000.0 5.75 0.8635 -1.036 1.0015 -0.3722 0.000398211 1.4634
30000.0 5.75 0.8943 -1.0841 0.973 -0.3433 0.00055421 1.5625
35000.0 5.75 0.7162 -0.8118 0.7057 -0.2472 0.000736154 1.631
40000.0 5.75 0.6827 -0.8776 0.814 -0.2949 0.000879025 1.6811
45000.0 5.75 0.7153 -1.0495 1.015 -0.3729 0.000997648 1.7193
50000.0 5.75 0.7695 -1.2417 1.225 -0.4518 0.0011062 1.7493
55000.0 5.75 0.8297 -1.4254 1.4186 -0.5232 0.00120599 1.7736
60000.0 5.75 0.8908 -1.5969 1.5942 -0.5869 0.00130193 1.7936
3750.0 6.0 1.5276 -1.5763 1.1049 -0.3273 2.33968e-06 -3.2178
4000.0 6.0 1.6976 -2.1096 1.6982 -0.5555 2.98095e-06 -2.8347
4250.0 6.0 1.7575 -2.3212 1.9434 -0.6517 3.87423e-06 -2.4982
4500.0 6.0 1.7939 -2.4252 2.0646 -0.6992 5.06545e-06 -2.2005
4750.0 6.0 1.6529 -1.9761 1.5631 -0.5044 6.58433e-06 -1.9356
5000.0 6.0 1.3836 -1.2182 0.7784 -0.2131 8.71225e-06 -1.6987
5250.0 6.0 1.0009 -0.2129 -0.2139 0.1427 1.08828e-05 -1.4856
5500.0 6.0 0.5196 0.9863 -1.3605 0.5402 1.33132e-05 -1.2932
5750.0 6.0 0.1121 1.9207 -2.1911 0.8075 1.59904e-05 -1.1189
6000.0 6.0 -0.1151 2.3414 -2.4734 0.8695 1.8895e-05 -0.9602
6250.0 6.0 -0.2041 2.3997 -2.3936 0.8037 2.20373e-05 -0.8153
6500.0 6.0 -0.2145 2.2634 -2.1284 0.6755 2.5423e-05 -0.6826
7000.0 6.0 -0.1455 1.825 -1.4878 0.3949 3.30005e-05 -0.4484
7500.0 6.0 -0.0629 1.4584 -0.9988 0.1852 4.17585e-05 -0.2486
8000.0 6.0 -0.0411 1.3864 -0.9127 0.1416 5.1844e-05 -0.0765
8500.0 6.0 -0.0682 1.5766 -1.2047 0.2609 6.32551e-05 0.073
9000.0 6.0 -0.0267 1.6549 -1.4562 0.3901 7.57191e-05 0.2038
9500.0 6.0 0.1279 1.3218 -1.2194 0.3351 8.82678e-05 0.3191
10000.0 6.0 0.3376 0.6919 -0.5818 0.1232 9.91738e-05 0.4214
10500.0 6.0 0.4797 0.2515 -0.1633 0.0048 0.00010724 0.5127
11000.0 6.0 0.5548 0.0378 0.0299 -0.0509 0.000115956 0.5945
11500.0 6.0 0.5788 -0.008 0.0431 -0.0483 0.000124739 0.6683
12000.0 6.0 0.5975 -0.0522 0.0617 -0.0486 0.000133423 0.7351
12500.0 6.0 0.6112 -0.1001 0.0965 -0.0577 0.00014209 0.7958
13000.0 6.0 0.6188 -0.1395 0.1298 -0.0679 0.000150801 0.8513
13500.0 6.0 0.622 -0.1696 0.1566 -0.0765 0.000159585 0.902
14000.0 6.0 0.6223 -0.193 0.1784 -0.0838 0.000168461 0.9487
14500.0 6.0 0.6218 -0.2137 0.1982 -0.0905 0.00017743 0.9917
15000.0 6.0 0.6209 -0.2321 0.2161 -0.0966 0.0001865 1.0314
15500.0 6.0 0.6197 -0.2492 0.2327 -0.1023 0.000195674 1.0683
16000.0 6.0 0.6193 -0.2669 0.25 -0.1082 0.000204957 1.1025
16500.0 6.0 0.6185 -0.2822 0.2644 -0.113 0.000214357 1.1344
17000.0 6.0 0.6207 -0.3043 0.2862 -0.1206 0.000223874 1.1641
20000.0 6.0 0.6596 -0.4841 0.4653 -0.1837 0.000283837 1.3079
25000.0 6.0 0.8505 -1.0076 0.9721 -0.3613 0.000398812 1.4634
30000.0 6.0 0.8487 -0.9835 0.8713 -0.3059 0.000553869 1.5625
35000.0 6.0 0.6646 -0.7009 0.596 -0.2073 0.000733501 1.631
40000.0 6.0 0.6038 -0.7063 0.6444 -0.2333 0.000874643 1.6811
45000.0 6.0 0.6148 -0.8323 0.8007 -0.2954 0.000991484 1.7193
50000.0 6.0 0.6526 -0.9917 0.9802 -0.3636 0.00109777 1.7493
55000.0 6.0 0.6991 -1.149 1.1494 -0.4266 0.00119529 1.7736
60000.0 6.0 0.7527 -1.3112 1.3186 -0.4885 0.00129478 1.7936
65000.0 6.0 0.4925 -0.5524 0.5458 -0.209 0.0015696 1.8103
70000.0 6.0 0.5356 -0.6892 0.6906 -0.2622 0.00167047 1.8246
75000.0 6.0 0.5821 -0.8242 0.8298 -0.3128 0.00177141 1.8369
80000.0 6.0 0.6306 -0.9565 0.964 -0.3612 0.00187269 1.8475
85000.0 6.0 0.6796 -1.0829 1.0902 -0.4064 0.00197461 1.8569
90000.0 6.0 0.7281 -1.203 1.2088 -0.4488 0.00207733 1.8652
100000.0 6.0 0.8208 -1.4255 1.4285 -0.5274 0.00228761 1.8791
3750.0 6.25 1.5646 -1.673 1.2113 -0.3681 2.40783e-06 -3.2178
4000.0 6.25 1.718 -2.1585 1.7519 -0.5762 3.03737e-06 -2.8347
4250.0 6.25 1.7742 -2.362 1.9867 -0.6681 3.91494e-06 -2.4982
4500.0 6.25 1.7964 -2.4393 2.0802 -0.7053 5.08776e-06 -2.2005
4750.0 6.25 1.6998 -2.1131 1.7084 -0.5591 6.58663e-06 -1.9356
5000.0 6.25 1.4415 -1.3762 0.9298 -0.2669 8.73938e-06 -1.6987
5250.0 6.25 1.1401 -0.5763 0.1373 0.0187 1.08918e-05 -1.4856
5500.0 6.25 0.6986 0.5434 -0.9472 0.4 1.33212e-05 -1.2932
5750.0 6.25 0.2613 1.5829 -1.9044 0.7194 1.59974e-05 -1.1189
6000.0 6.25 -0.0305 2.192 -2.3925 0.8594 1.88986e-05 -0.9602
6250.0 6.25 -0.1631 2.3717 -2.4407 0.8404 2.20289e-05 -0.8153
6500.0 6.25 -0.2086 2.3404 -2.2924 0.7561 2.53957e-05 -0.6826
7000.0 6.25 -0.169 1.9914 -1.7532 0.5139 3.28972e-05 -0.4484
7500.0 6.25 -0.1019 1.6604 -1.2976 0.3156 4.15423e-05 -0.2486
8000.0 6.25 -0.0726 1.5408 -1.1412 0.2422 5.1444e-05 -0.0765
8500.0 6.25 -0.0906 1.6717 -1.3447 0.3235 6.26449e-05 0.073
9000.0 6.25 -0.0702 1.7893 -1.6192 0.4557 7.49614e-05 0.2038
9500.0 6.25 0.0705 1.5219 -1.4671 0.4332 8.76958e-05 0.3191
10000.0 6.25 0.2265 1.0831 -1.0431 0.2954 9.94733e-05 0.4214
10500.0 6.25 0.4057 0.4995 -0.4326 0.0923 0.000108355 0.5127
11000.0 6.25 0.5291 0.1117 -0.0516 -0.0226 0.000116548 0.5945
11500.0 6.25 0.5713 0.0 0.0403 -0.0486 0.000125338 0.6683
12000.0 6.25 0.5906 -0.0421 0.0558 -0.0479 0.00013407 0.7351
12500.0 6.25 0.606 -0.0869 0.083 -0.0532 0.000142774 0.7958
13000.0 6.25 0.6153 -0.1276 0.1155 -0.0625 0.000151496 0.8513
13500.0 6.25 0.6198 -0.1602 0.1441 -0.0715 0.000160284 0.902
14000.0 6.25 0.621 -0.1855 0.1676 -0.0793 0.000169162 0.9487
14500.0 6.25 0.6208 -0.207 0.1883 -0.0864 0.000178139 0.9917
15000.0 6.25 0.6198 -0.2259 0.2068 -0.0927 0.000187219 1.0314
15500.0 6.25 0.6175 -0.2402 0.2206 -0.0974 0.000196406 1.0683
16000.0 6.25 0.6175 -0.2588 0.2388 -0.1036 0.000205704 1.1025
16500.0 6.25 0.6171 -0.2754 0.2548 -0.109 0.000215118 1.1344
17000.0 6.25 0.6179 -0.2942 0.2731 -0.1152 0.000224654 1.1641
20000.0 6.25 0.6563 -0.4731 0.4516 -0.1783 0.000284688 1.3079
25000.0 6.25 0.8416 -0.986 0.9486 -0.3523 0.000399694 1.4634
30000.0 6.25 0.8509 -0.9957 0.8851 -0.3112 0.000554186 1.5625
35000.0 6.25 0.6249 -0.6148 0.5101 -0.176 0.00073183 1.631
40000.0 6.25 0.5415 -0.5692 0.5077 -0.1835 0.000871335 1.6811
45000.0 6.25 0.5348 -0.6567 0.6266 -0.2322 0.000986496 1.7193
50000.0 6.25 0.5581 -0.7867 0.7779 -0.2904 0.0010934 1.7493
55000.0 6.25 0.5931 -0.9218 0.9264 -0.3462 0.00119075 1.7736
60000.0 6.25 0.6327 -1.0529 1.0655 -0.3975 0.00128314 1.7936
3750.0 6.5 1.6009 -1.7662 1.314 -0.4075 2.48046e-06 -3.2178
4000.0 6.5 1.7364 -2.2003 1.7975 -0.5937 3.10034e-06 -2.8347
4250.0 6.5 1.788 -2.3922 2.0185 -0.6801 3.962e-06 -2.4982
4500.0 6.5 1.8002 -2.4515 2.0928 -0.7101 5.11647e-06 -2.2005
4750.0 6.5 1.7339 -2.2108 1.8109 -0.5975 6.59397e-06 -1.9356
5000.0 6.5 1.514 -1.5895 1.1545 -0.351 8.76619e-06 -1.6987
5250.0 6.5 1.256 -0.8863 0.4418 -0.0904 1.09234e-05 -1.4856
5500.0 6.5 0.8658 0.121 -0.5462 0.2613 1.33376e-05 -1.2932
5750.0 6.5 0.4253 1.1945 -1.5572 0.6068 1.60135e-05 -1.1189
6000.0 6.5 0.0779 1.9715 -2.2321 0.819 1.89141e-05 -0.9602
6250.0 6.5 -0.1102 2.304 -2.4401 0.8583 2.20402e-05 -0.8153
6500.0 6.5 -0.177 2.3296 -2.3501 0.7949 2.53907e-05 -0.6826
7000.0 6.5 -0.1754 2.0967 -1.9431 0.6032 3.28347e-05 -0.4484
7500.0 6.5 -0.1224 1.8109 -1.5425 0.4272 4.13644e-05 -0.2486
8000.0 6.5 -0.0965 1.6866 -1.3716 0.3468 5.11055e-05 -0.0765
8500.0 6.5 -0.1049 1.7639 -1.4978 0.3953 6.20983e-05 0.073
9000.0 6.5 -0.0977 1.8922 -1.7607 0.517 7.42302e-05 0.2038
9500.0 6.5 0.0213 1.6999 -1.6943 0.5259 8.70268e-05 0.3191
10000.0 6.5 0.176 1.2922 -1.3197 0.4069 9.92924e-05 0.4214
10500.0 6.5 0.3244 0.804 -0.7938 0.2236 0.000109667 0.5127
11000.0 6.5 0.4758 0.2961 -0.2612 0.0492 0.000117494 0.5945
11500.0 6.5 0.5588 0.0335 0.0019 -0.0344 0.000125978 0.6683
12000.0 6.5 0.5871 -0.0393 0.0556 -0.0487 0.000134765 0.7351
12500.0 6.5 0.6025 -0.0798 0.0764 -0.0513 0.000143504 0.7958
13000.0 6.5 0.6082 -0.1063 0.0907 -0.053 0.00015226 0.8513
13500.0 6.5 0.6204 -0.1556 0.1351 -0.0676 0.000161056 0.902
14000.0 6.5 0.622 -0.1811 0.158 -0.0748 0.000169937 0.9487
14500.0 6.5 0.6223 -0.2037 0.1799 -0.0824 0.000178923 0.9917
15000.0 6.5 0.6217 -0.2236 0.1995 -0.0891 0.000188013 1.0314
15500.0 6.5 0.6192 -0.2377 0.2133 -0.0937 0.000197215 1.0683
16000.0 6.5 0.6186 -0.2552 0.2305 -0.0997 0.00020653 1.1025
16500.0 6.5 0.6182 -0.272 0.247 -0.1053 0.000215965 1.1344
17000.0 6.5 0.6183 -0.2893 0.264 -0.1112 0.000225519 1.1641
20000.0 6.5 0.6559 -0.4666 0.4412 -0.1737 0.000285683 1.3079
25000.0 6.5 0.8376 -0.9731 0.9324 -0.3458 0.000400843 1.4634
30000.0 6.5 0.8367 -0.9651 0.8533 -0.2994 0.000555085 1.5625
35000.0 6.5 0.5944 -0.5479 0.443 -0.1514 0.000730897 1.631
40000.0 6.5 0.4935 -0.4614 0.3991 -0.1437 0.000868824 1.6811
45000.0 6.5 0.4724 -0.5166 0.486 -0.1809 0.000982534 1.7193
50000.0 6.5 0.4826 -0.6182 0.6098 -0.2293 0.00108725 1.7493
55000.0 6.5 0.5059 -0.7279 0.7334 -0.2761 0.00118236 1.7736
60000.0 6.5 0.5359 -0.8398 0.8547 -0.3212 0.0012727 1.7936
65000.0 6.5 0.2694 -0.0367 0.0215 -0.0165 0.00153517 1.8103
70000.0 6.5 0.2778 -0.1016 0.0991 -0.0465 0.00162851 1.8246
75000.0 6.5 0.2932 -0.1761 0.1838 -0.0785 0.00172115 1.8369
80000.0 6.5 0.3135 -0.2555 0.2707 -0.1109 0.00181353 1.8475
85000.0 6.5 0.3381 -0.34 0.3615 -0.1446 0.00190586 1.8569
90000.0 6.5 0.3649 -0.4246 0.4499 -0.1768 0.00199843 1.8652
100000.0 6.5 0.42 -0.5898 0.6214 -0.2394 0.0021851 1.8791
3750.0 6.75 1.6364 -1.8557 1.4121 -0.4452 2.55743e-06 -3.2178
4000.0 6.75 1.7533 -2.2369 1.8378 -0.6093 3.1699e-06 -2.8347
4250.0 6.75 1.8006 -2.4168 2.044 -0.6897 4.01534e-06 -2.4982
4500.0 6.75 1.8092 -2.4725 2.1142 -0.718 5.15171e-06 -2.2005
4750.0 6.75 1.8397 -2.5119 2.1422 -0.7251 6.61001e-06 -1.9356
5000.0 6.75 1.5513 -1.7004 1.269 -0.3935 8.80139e-06 -1.6987
5250.0 6.75 1.3513 -1.1431 0.6956 -0.1817 1.09492e-05 -1.4856
5500.0 6.75 1.0122 -0.2547 -0.186 0.1353 1.3364e-05 -1.2932
5750.0 6.75 0.5943 0.7837 -1.1794 0.4804 1.60371e-05 -1.1189
6000.0 6.75 0.2129 1.6687 -1.9785 0.7422 1.89404e-05 -0.9602
6250.0 6.75 -0.0284 2.1495 -2.3425 0.8393 2.20601e-05 -0.8153
6500.0 6.75 -0.1448 2.3098 -2.3918 0.8261 2.53994e-05 -0.6826
7000.0 6.75 -0.1745 2.1641 -2.078 0.6687 3.27876e-05 -0.4484
7500.0 6.75 -0.1346 1.9233 -1.7347 0.5166 4.12164e-05 -0.2486
8000.0 6.75 -0.1057 1.7937 -1.5637 0.4385 5.08107e-05 -0.0765
8500.0 6.75 -0.1115 1.8461 -1.6499 0.4695 6.16054e-05 0.073
9000.0 6.75 -0.108 1.9607 -1.8777 0.573 7.35426e-05 0.2038
9500.0 6.75 -0.0136 1.8414 -1.8875 0.6084 8.6291e-05 0.3191
10000.0 6.75 0.1419 1.4516 -1.5453 0.5026 9.88932e-05 0.4214
10500.0 6.75 0.2678 1.0576 -1.1307 0.358 0.000110307 0.5127
11000.0 6.75 0.4096 0.5531 -0.567 0.1582 0.000118987 0.5945
11500.0 6.75 0.5253 0.1567 -0.1483 0.0211 0.000126803 0.6683
12000.0 6.75 0.5822 -0.0241 0.035 -0.0402 0.00013547 0.7351
12500.0 6.75 0.6033 -0.0823 0.0783 -0.052 0.000144272 0.7958
13000.0 6.75 0.6152 -0.1207 0.1032 -0.0575 0.00015305 0.8513
13500.0 6.75 0.6229 -0.1548 0.1293 -0.0646 0.000161885 0.902
14000.0 6.75 0.6264 -0.1836 0.1547 -0.0726 0.000170776 0.9487
14500.0 6.75 0.6268 -0.2057 0.1753 -0.0793 0.000179765 0.9917
15000.0 6.75 0.6262 -0.2256 0.1951 -0.0862 0.000188868 1.0314
15500.0 6.75 0.6249 -0.2427 0.2121 -0.092 0.000198081 1.0683
16000.0 6.75 0.6234 -0.2582 0.2276 -0.0973 0.000207415 1.1025
16500.0 6.75 0.623 -0.2753 0.2445 -0.1032 0.000216871 1.1344
17000.0 6.75 0.6225 -0.2914 0.2606 -0.1087 0.000226449 1.1641
20000.0 6.75 0.6585 -0.4653 0.4346 -0.1702 0.00028678 1.3079
25000.0 6.75 0.8354 -0.9624 0.9176 -0.3396 0.000402192 1.4634
30000.0 6.75 0.8093 -0.9017 0.7875 -0.2749 0.000556434 1.5625
35000.0 6.75 0.5724 -0.4991 0.3936 -0.1332 0.000730549 1.631
40000.0 6.75 0.4584 -0.382 0.3188 -0.1143 0.000866952 1.6811
45000.0 6.75 0.4247 -0.4082 0.3765 -0.1407 0.000979295 1.7193
50000.0 6.75 0.4244 -0.4863 0.4772 -0.1809 0.00108251 1.7493
55000.0 6.75 0.4378 -0.5768 0.5834 -0.2217 0.00117704 1.7736
60000.0 6.75 0.4599 -0.6692 0.6846 -0.2594 0.00126378 1.7936
3750.0 7.0 1.6714 -1.9421 1.5072 -0.4818 2.63844e-06 -3.2178
4000.0 7.0 1.7697 -2.2708 1.8748 -0.6236 3.24593e-06 -2.8347
4250.0 7.0 1.8119 -2.4364 2.0643 -0.6974 4.07559e-06 -2.4982
4500.0 7.0 1.8156 -2.484 2.1253 -0.7221 5.19368e-06 -2.2005
4750.0 7.0 1.8509 -2.5762 2.2266 -0.7607 6.63265e-06 -1.9356
5000.0 7.0 1.5835 -1.7967 1.3695 -0.4309 8.83806e-06 -1.6987
5250.0 7.0 1.4057 -1.3022 0.8576 -0.2414 1.09902e-05 -1.4856
5500.0 7.0 1.1433 -0.5965 0.1464 0.0174 1.34037e-05 -1.2932
5750.0 7.0 0.7583 0.376 -0.7968 0.3496 1.60711e-05 -1.1189
6000.0 7.0 0.3641 1.3152 -1.6666 0.6423 1.89736e-05 -0.9602
6250.0 7.0 0.0707 1.9467 -2.1936 0.8012 2.20933e-05 -0.8153
6500.0 7.0 -0.0866 2.2128 -2.3479 0.8251 2.5426e-05 -0.6826
7000.0 7.0 -0.1601 2.1809 -2.1484 0.708 3.27709e-05 -0.4484
7500.0 7.0 -0.1324 1.9819 -1.8584 0.5782 4.11084e-05 -0.2486
8000.0 7.0 -0.1076 1.8695 -1.7137 0.5127 5.05546e-05 -0.0765
8500.0 7.0 -0.1047 1.895 -1.7708 0.5336 6.11774e-05 0.073
9000.0 7.0 -0.0995 1.9882 -1.9621 0.6205 7.29207e-05 0.2038
9500.0 7.0 -0.0276 1.9277 -2.0268 0.6732 8.5544e-05 0.3191
10000.0 7.0 0.1238 1.5676 -1.7275 0.5845 9.83587e-05 0.4214
10500.0 7.0 0.2499 1.194 -1.3482 0.4533 0.00011029 0.5127
11000.0 7.0 0.3572 0.8067 -0.9057 0.2919 0.00012055 0.5945
11500.0 7.0 0.4747 0.3684 -0.4114 0.1177 0.000128189 0.6683
12000.0 7.0 0.5649 0.0514 -0.0669 0.0005 0.000136292 0.7351
12500.0 7.0 0.6059 -0.0838 0.0731 -0.0486 0.000145068 0.7958
13000.0 7.0 0.6214 -0.133 0.1123 -0.0601 0.000153913 0.8513
13500.0 7.0 0.6296 -0.1664 0.1368 -0.0666 0.00016274 0.902
14000.0 7.0 0.6347 -0.1956 0.1607 -0.0735 0.00017167 0.9487
14500.0 7.0 0.6345 -0.2151 0.1778 -0.0787 0.000180691 0.9917
15000.0 7.0 0.6333 -0.2331 0.1954 -0.0847 0.000189804 1.0314
15500.0 7.0 0.6338 -0.2543 0.2167 -0.0922 0.000199029 1.0683
16000.0 7.0 0.6324 -0.2703 0.2328 -0.0978 0.000208379 1.1025
16500.0 7.0 0.6317 -0.2871 0.2498 -0.1037 0.000217852 1.1344
17000.0 7.0 0.6296 -0.2991 0.2615 -0.1076 0.000227459 1.1641
20000.0 7.0 0.6672 -0.4774 0.441 -0.1713 0.000287981 1.3079
25000.0 7.0 0.8376 -0.9614 0.9118 -0.3365 0.000403755 1.4634
30000.0 7.0 0.8178 -0.9225 0.8071 -0.2818 0.000558128 1.5625
35000.0 7.0 0.5543 -0.4587 0.3524 -0.118 0.000730708 1.631
40000.0 7.0 0.4313 -0.3199 0.2557 -0.091 0.000865666 1.6811
45000.0 7.0 0.3901 -0.3285 0.2955 -0.1109 0.000976782 1.7193
50000.0 7.0 0.3805 -0.385 0.3746 -0.1433 0.00107825 1.7493
55000.0 7.0 0.3869 -0.457 0.4615 -0.177 0.00116881 1.7736
60000.0 7.0 0.4011 -0.5346 0.5492 -0.21 0.00125521 1.7936
65000.0 7.0 0.152 0.254 -0.2825 0.0969 0.00151184 1.8103
70000.0 7.0 0.1345 0.2484 -0.2634 0.0879 0.0015996 1.8246
75000.0 7.0 0.1246 0.2305 -0.2339 0.0755 0.0016862 1.8369
80000.0 7.0 0.1207 0.2031 -0.1966 0.0606 0.00177212 1.8475
85000.0 7.0 0.1215 0.169 -0.1543 0.0441 0.00185773 1.8569
90000.0 7.0 0.1264 0.1293 -0.1076 0.0263 0.00194314 1.8652
100000.0 7.0 0.1395 0.0479 -0.0138 -0.0093 0.00211436 1.8791
3750.0 7.25 1.7055 -2.0244 1.5971 -0.5164 2.72223e-06 -3.2178
4000.0 7.25 1.7857 -2.3029 1.91 -0.6373 3.32805e-06 -2.8347
4250.0 7.25 1.8221 -2.452 2.0803 -0.7035 4.14297e-06 -2.4982
4500.0 7.25 1.8238 -2.4975 2.1383 -0.7268 5.2427e-06 -2.2005
4750.0 7.25 1.8291 -2.528 2.1783 -0.7432 6.65973e-06 -1.9356
5000.0 7.25 1.6199 -1.8985 1.4749 -0.47 8.87687e-06 -1.6987
5250.0 7.25 1.4684 -1.4766 1.0356 -0.3067 1.10382e-05 -1.4856
5500.0 7.25 1.2354 -0.846 0.3932 -0.0714 1.34501e-05 -1.2932
5750.0 7.25 0.9077 -0.0018 -0.4375 0.225 1.61153e-05 -1.1189
6000.0 7.25 0.5234 0.9344 -1.3216 0.5285 1.9019e-05 -0.9602
6250.0 7.25 0.1905 1.6863 -1.984 0.7406 2.2138e-05 -0.8153
6500.0 7.25 -0.0167 2.0857 -2.274 0.8136 2.54666e-05 -0.6826
7000.0 7.25 -0.144 2.1855 -2.1988 0.7383 3.27778e-05 -0.4484
7500.0 7.25 -0.1286 2.0189 -1.9439 0.6218 4.1032e-05 -0.2486
8000.0 7.25 -0.1023 1.9094 -1.8109 0.5635 5.03361e-05 -0.0765
8500.0 7.25 -0.0936 1.922 -1.8597 0.5837 6.07689e-05 0.073
9000.0 7.25 -0.0814 1.9907 -2.0211 0.6589 7.23279e-05 0.2038
9500.0 7.25 -0.0152 1.9416 -2.0916 0.7118 8.48101e-05 0.3191
10000.0 7.25 0.1236 1.6335 -1.8574 0.6484 9.7697e-05 0.4214
10500.0 7.25 0.257 1.2539 -1.4828 0.5199 0.000110002 0.5127
11000.0 7.25 0.3496 0.9391 -1.1335 0.3931 0.000121201 0.5945
11500.0 7.25 0.4401 0.5738 -0.6978 0.2312 0.000130098 0.6683
12000.0 7.25 0.5338 0.2101 -0.2828 0.0848 0.000137523 0.7351
12500.0 7.25 0.6019 -0.042 0.0022 -0.0169 0.000145883 0.7958
13000.0 7.25 0.6321 -0.1517 0.1218 -0.0612 0.000154743 0.8513
13500.0 7.25 0.6423 -0.1927 0.1582 -0.0731 0.000163652 0.902
14000.0 7.25 0.6466 -0.2188 0.1788 -0.0791 0.000172587 0.9487
14500.0 7.25 0.6494 -0.243 0.1997 -0.0854 0.000181639 0.9917
15000.0 7.25 0.6503 -0.2649 0.2204 -0.0923 0.000190757 1.0314
15500.0 7.25 0.6474 -0.2776 0.2328 -0.0965 0.000199997 1.0683
16000.0 7.25 0.6455 -0.2923 0.2478 -0.1016 0.000209362 1.1025
16500.0 7.25 0.6434 -0.3053 0.2609 -0.1061 0.000218854 1.1344
17000.0 7.25 0.6438 -0.3236 0.2794 -0.1126 0.000228478 1.1641
20000.0 7.25 0.678 -0.4938 0.4513 -0.1737 0.000289194 1.3079
25000.0 7.25 0.8419 -0.9645 0.9101 -0.3348 0.000405407 1.4634
30000.0 7.25 0.8121 -0.9091 0.7917 -0.2757 0.000560062 1.5625
35000.0 7.25 0.5468 -0.4428 0.3359 -0.1118 0.000731143 1.631
40000.0 7.25 0.4151 -0.2819 0.2162 -0.0763 0.000864705 1.6811
45000.0 7.25 0.3648 -0.2688 0.2343 -0.0883 0.000974647 1.7193
50000.0 7.25 0.3485 -0.3087 0.296 -0.1141 0.00107394 1.7493
55000.0 7.25 0.3493 -0.3685 0.3711 -0.1437 0.0011634 1.7736
60000.0 7.25 0.3577 -0.4338 0.4472 -0.1727 0.00124964 1.7936
3750.0 7.5 1.7363 -2.0949 1.6736 -0.5456 2.80974e-06 -3.2178
4000.0 7.5 1.8005 -2.3312 1.9412 -0.6495 3.41636e-06 -2.8347
4250.0 7.5 1.8313 -2.464 2.0927 -0.7083 4.2182e-06 -2.4982
4500.0 7.5 1.8315 -2.5073 2.1475 -0.7301 5.29961e-06 -2.2005
4750.0 7.5 1.8307 -2.5294 2.1786 -0.7432 6.69423e-06 -1.9356
5000.0 7.5 1.6564 -1.9962 1.5758 -0.5074 8.92101e-06 -1.6987
5250.0 7.5 1.503 -1.5789 1.1415 -0.346 1.10889e-05 -1.4856
5500.0 7.5 1.319 -1.0727 0.6199 -0.1536 1.35102e-05 -1.2932
5750.0 7.5 1.0371 -0.336 -0.1141 0.1109 1.61723e-05 -1.1189
6000.0 7.5 0.6814 0.5477 -0.9629 0.4073 1.90763e-05 -0.9602
6250.0 7.5 0.3296 1.3704 -1.7139 0.6568 2.21973e-05 -0.8153
6500.0 7.5 0.0732 1.9071 -2.1492 0.7841 2.55272e-05 -0.6826
7000.0 7.5 -0.1167 2.1556 -2.2099 0.7535 3.28033e-05 -0.4484
7500.0 7.5 -0.1234 2.0381 -1.9981 0.6507 4.09932e-05 -0.2486
8000.0 7.5 -0.0935 1.9222 -1.8646 0.5945 5.01728e-05 -0.0765
8500.0 7.5 -0.077 1.9187 -1.9034 0.6136 6.04423e-05 0.073
9000.0 7.5 -0.0546 1.9612 -2.04 0.6811 7.18014e-05 0.2038
9500.0 7.5 0.008 1.9227 -2.1204 0.7371 8.41091e-05 0.3191
10000.0 7.5 0.1476 1.6259 -1.9052 0.6815 9.70005e-05 0.4214
10500.0 7.5 0.2894 1.2349 -1.5286 0.5537 0.000109598 0.5127
11000.0 7.5 0.3837 0.9356 -1.2104 0.4399 0.000121247 0.5945
11500.0 7.5 0.4549 0.6567 -0.8781 0.3152 0.000131665 0.6683
12000.0 7.5 0.5236 0.3474 -0.4989 0.1733 0.000139495 0.7351
12500.0 7.5 0.5927 0.0579 -0.1585 0.0511 0.000147062 0.7958
13000.0 7.5 0.6425 -0.1448 0.0828 -0.0394 0.000155623 0.8513
13500.0 7.5 0.662 -0.2306 0.1836 -0.0789 0.00016457 0.902
14000.0 7.5 0.6668 -0.2626 0.2165 -0.0911 0.000173576 0.9487
14500.0 7.5 0.6669 -0.2802 0.2316 -0.0959 0.000182608 0.9917
15000.0 7.5 0.6655 -0.2939 0.2427 -0.099 0.000191674 1.0314
15500.0 7.5 0.6582 -0.2947 0.2427 -0.0984 0.000201057 1.0683
16000.0 7.5 0.655 -0.306 0.2542 -0.1023 0.000210437 1.1025
16500.0 7.5 0.6552 -0.3247 0.2732 -0.109 0.000219944 1.1344
17000.0 7.5 0.6554 -0.3422 0.291 -0.1153 0.000229588 1.1641
20000.0 7.5 0.6923 -0.5189 0.4704 -0.1793 0.000290497 1.3079
25000.0 7.5 0.8527 -0.9831 0.9239 -0.3387 0.000407232 1.4634
30000.0 7.5 0.8082 -0.9001 0.7811 -0.2715 0.0005623 1.5625
35000.0 7.5 0.537 -0.4206 0.3128 -0.1032 0.000731952 1.631
40000.0 7.5 0.4021 -0.251 0.1838 -0.0641 0.000864177 1.6811
45000.0 7.5 0.3435 -0.2173 0.1804 -0.0682 0.000973065 1.7193
50000.0 7.5 0.3258 -0.2539 0.2393 -0.0931 0.00107123 1.7493
55000.0 7.5 0.3214 -0.3019 0.3028 -0.1185 0.00116 1.7736
60000.0 7.5 0.3252 -0.3556 0.3668 -0.143 0.00124291 1.7936
65000.0 7.5 0.0094 0.4744 -0.4864 0.1703 0.00141057 1.8103
70000.0 7.5 -0.0187 0.4984 -0.4999 0.1738 0.00149114 1.8246
75000.0 7.5 -0.0408 0.5131 -0.5058 0.1748 0.00156999 1.8369
80000.0 7.5 -0.0581 0.521 -0.5064 0.1742 0.00164732 1.8475
85000.0 7.5 -0.0705 0.5205 -0.4992 0.1707 0.00172454 1.8569
90000.0 7.5 -0.0792 0.5142 -0.4868 0.1654 0.00180111 1.8652
100000.0 7.5 -0.0946 0.5015 -0.4635 0.1557 0.0019539 1.8791
3750.0 7.75 1.7696 -2.1711 1.7562 -0.5773 2.89945e-06 -3.2178
4000.0 7.75 1.816 -2.3605 1.9733 -0.662 3.51064e-06 -2.8347
4250.0 7.75 1.8398 -2.4732 2.1021 -0.7119 4.30122e-06 -2.4982
4500.0 7.75 1.8386 -2.5141 2.1534 -0.7323 5.36493e-06 -2.2005
4750.0 7.75 1.8352 -2.5348 2.183 -0.7447 6.7368e-06 -1.9356
5000.0 7.75 1.6981 -2.1038 1.687 -0.5486 8.96984e-06 -1.6987
5250.0 7.75 1.5271 -1.651 1.2161 -0.3736 1.11401e-05 -1.4856
5500.0 7.75 1.3689 -1.2168 0.7672 -0.2077 1.35755e-05 -1.2932
5750.0 7.75 1.1411 -0.6111 0.1562 0.0143 1.62463e-05 -1.1189
6000.0 7.75 0.8282 0.181 -0.6165 0.2878 1.91481e-05 -0.9602
6250.0 7.75 0.4803 1.0146 -1.3952 0.5527 2.2273e-05 -0.8153
6500.0 7.75 0.1905 1.6502 -1.9397 0.7224 2.55998e-05 -0.6826
7000.0 7.75 -0.0775 2.0957 -2.1918 0.7587 3.28575e-05 -0.4484
7500.0 7.75 -0.1074 2.0215 -2.0092 0.6626 4.09766e-05 -0.2486
8000.0 7.75 -0.0845 1.9184 -1.8862 0.6099 5.00521e-05 -0.0765
8500.0 7.75 -0.0633 1.9048 -1.9193 0.6288 6.01585e-05 0.073
9000.0 7.75 -0.0371 1.9409 -2.0534 0.697 7.13196e-05 0.2038
9500.0 7.75 0.0435 1.859 -2.0934 0.7397 8.34576e-05 0.3191
10000.0 7.75 0.179 1.5899 -1.9166 0.7001 9.62687e-05 0.4214
10500.0 7.75 0.3359 1.1698 -1.5192 0.5663 0.000109064 0.5127
11000.0 7.75 0.4462 0.8341 -1.1709 0.4422 0.000121076 0.5945
11500.0 7.75 0.5194 0.5782 -0.8808 0.3349 0.000132185 0.6683
12000.0 7.75 0.5689 0.3447 -0.5851 0.2214 0.00014169 0.7351
12500.0 7.75 0.6124 0.1113 -0.2891 0.11 0.000149004 0.7958
13000.0 7.75 0.6584 -0.1113 -0.014 0.0082 0.000156784 0.8513
13500.0 7.75 0.6895 -0.2651 0.1828 -0.0694 0.000165498 0.902
14000.0 7.75 0.6981 -0.3277 0.2664 -0.1046 0.000174538 0.9487
14500.0 7.75 0.6951 -0.3435 0.2877 -0.114 0.000183661 0.9917
15000.0 7.75 0.6903 -0.3483 0.2914 -0.1153 0.000192843 1.0314
15500.0 7.75 0.6854 -0.3539 0.2964 -0.1167 0.000202066 1.0683
16000.0 7.75 0.6841 -0.3679 0.3102 -0.1213 0.000211557 1.1025
16500.0 7.75 0.6812 -0.3785 0.3208 -0.1249 0.000221084 1.1344
17000.0 7.75 0.6828 -0.3992 0.342 -0.1324 0.000230742 1.1641
20000.0 7.75 0.7125 -0.5586 0.5044 -0.1904 0.000291843 1.3079
25000.0 7.75 0.8604 -0.995 0.9313 -0.3404 0.000409178 1.4634
30000.0 7.75 0.8072 -0.8974 0.7765 -0.2694 0.000564756 1.5625
35000.0 7.75 0.5325 -0.4112 0.3027 -0.0994 0.000732993 1.631
40000.0 7.75 0.3944 -0.2318 0.1629 -0.0561 0.000863939 1.6811
45000.0 7.75 0.3362 -0.1987 0.1603 -0.0605 0.000971834 1.7193
50000.0 7.75 0.3104 -0.2149 0.1982 -0.0777 0.00106803 1.7493
55000.0 7.75 0.3019 -0.2524 0.2505 -0.0989 0.00115479 1.7736
60000.0 7.75 0.3019 -0.2984 0.3072 -0.1208 0.001239 1.7936
65000.0 7.75 0.124 0.3543 -0.4025 0.1446 0.00148883 1.8103
70000.0 7.75 0.0883 0.3948 -0.4306 0.1529 0.00157087 1.8246
75000.0 7.75 0.059 0.4245 -0.4497 0.1583 0.00165101 1.8369
80000.0 7.75 0.0348 0.4463 -0.4622 0.1615 0.00172956 1.8475
85000.0 7.75 0.0149 0.4616 -0.4693 0.163 0.0018079 1.8569
90000.0 7.75 -0.0012 0.4704 -0.4708 0.1626 0.00188549 1.8652
100000.0 7.75 -0.0306 0.4867 -0.4741 0.162 0.00204002 1.8791
3750.0 8.0 1.8045 -2.2513 1.8432 -0.6107 2.99719e-06 -3.2178
4000.0 8.0 1.8312 -2.3879 2.0031 -0.6736 3.61059e-06 -2.8347
4250.0 8.0 1.8479 -2.4811 2.1103 -0.7152 4.39191e-06 -2.4982
4500.0 8.0 1.8477 -2.525 2.1642 -0.7363 5.43841e-06 -2.2005
4750.0 8.0 1.8391 -2.5359 2.1831 -0.7447 6.78824e-06 -1.9356
5000.0 8.0 1.7473 -2.229 1.8179 -0.5976 9.0258e-06 -1.6987
5250.0 8.0 1.566 -1.7547 1.322 -0.4125 1.11957e-05 -1.4856
5500.0 8.0 1.4241 -1.3692 0.9232 -0.2649 1.36453e-05 -1.2932
5750.0 8.0 1.2351 -0.8584 0.4005 -0.0733 1.63304e-05 -1.1189
6000.0 8.0 0.958 -0.1487 -0.3004 0.1773 1.92359e-05 -0.9602
6250.0 8.0 0.6321 0.6466 -1.0561 0.4387 2.2362e-05 -0.8153
6500.0 8.0 0.3231 1.3506 -1.6845 0.6435 2.56908e-05 -0.6826
7000.0 8.0 -0.0278 2.0128 -2.1541 0.7578 3.29324e-05 -0.4484
7500.0 8.0 -0.0879 1.9941 -2.0075 0.6694 4.10009e-05 -0.2486
8000.0 8.0 -0.0854 1.9309 -1.9139 0.6244 4.99692e-05 -0.0765
8500.0 8.0 -0.0508 1.877 -1.905 0.6288 5.99273e-05 0.073
9000.0 8.0 -0.017 1.8949 -2.0235 0.6926 7.08986e-05 0.2038
9500.0 8.0 0.0703 1.8027 -2.0589 0.7355 8.28587e-05 0.3191
10000.0 8.0 0.2176 1.5185 -1.8785 0.6974 9.55524e-05 0.4214
10500.0 8.0 0.3898 1.0734 -1.4672 0.561 0.000108475 0.5127
11000.0 8.0 0.5182 0.6925 -1.078 0.4228 0.000120767 0.5945
11500.0 8.0 0.6085 0.4029 -0.7634 0.3077 0.000132269 0.6683
12000.0 8.0 0.666 0.1771 -0.4917 0.2042 0.00014289 0.7351
12500.0 8.0 0.691 0.0066 -0.2596 0.1133 0.000151548 0.7958
13000.0 8.0 0.7096 -0.1487 -0.0495 0.0334 0.00015873 0.8513
13500.0 8.0 0.7307 -0.2992 0.1532 -0.0446 0.000166736 0.902
14000.0 8.0 0.7441 -0.4072 0.307 -0.1086 0.000175541 0.9487
14500.0 8.0 0.7397 -0.4399 0.3657 -0.1365 0.000184684 0.9917
15000.0 8.0 0.728 -0.4358 0.3708 -0.1412 0.000193956 1.0314
15500.0 8.0 0.716 -0.4236 0.3606 -0.1386 0.000203134 1.0683
16000.0 8.0 0.708 -0.4198 0.3564 -0.1368 0.000212634 1.1025
16500.0 8.0 0.687 -0.3869 0.3231 -0.1244 0.000222307 1.1344
17000.0 8.0 0.7037 -0.4418 0.3785 -0.1443 0.000231971 1.1641
20000.0 8.0 0.7278 -0.5877 0.528 -0.1977 0.000293256 1.3079
25000.0 8.0 0.8717 -1.0152 0.947 -0.3451 0.000411216 1.4634
30000.0 8.0 0.8059 -0.8943 0.7716 -0.2673 0.000567407 1.5625
35000.0 8.0 0.5299 -0.4063 0.2973 -0.0973 0.000734236 1.631
40000.0 8.0 0.39 -0.2208 0.1507 -0.0514 0.00086394 1.6811
45000.0 8.0 0.3291 -0.18 0.1396 -0.0525 0.000970928 1.7193
50000.0 8.0 0.3003 -0.1884 0.1694 -0.0668 0.00106619 1.7493
55000.0 8.0 0.2889 -0.2188 0.2147 -0.0854 0.00115214 1.7736
60000.0 8.0 0.2858 -0.2569 0.2635 -0.1045 0.00123423 1.7936
3750.0 8.25 1.8342 -2.3123 1.9081 -0.6354 3.0956e-06 -3.2178
4000.0 8.25 1.846 -2.4137 2.0315 -0.6847 3.7165e-06 -2.8347
4250.0 8.25 1.8558 -2.4879 2.1175 -0.7181 4.49032e-06 -2.4982
4500.0 8.25 1.8555 -2.5315 2.1701 -0.7385 5.52058e-06 -2.2005
4750.0 8.25 1.8393 -2.5264 2.1722 -0.7405 6.84974e-06 -1.9356
5000.0 8.25 1.8055 -2.3788 1.9771 -0.6577 9.08892e-06 -1.6987
5250.0 8.25 1.5962 -1.8319 1.4 -0.441 1.12567e-05 -1.4856
5500.0 8.25 1.4568 -1.4628 1.0196 -0.3005 1.37174e-05 -1.2932
5750.0 8.25 1.2839 -1.0011 0.5477 -0.1277 1.64218e-05 -1.1189
6000.0 8.25 1.0677 -0.4323 -0.0242 0.0793 1.93391e-05 -0.9602
6250.0 8.25 0.7729 0.2983 -0.7287 0.3263 2.24681e-05 -0.8153
6500.0 8.25 0.4647 1.0216 -1.3941 0.5498 2.57996e-05 -0.6826
7000.0 8.25 0.0429 1.8787 -2.0681 0.7406 3.30363e-05 -0.4484
7500.0 8.25 -0.0648 1.9596 -2.0002 0.6746 4.10565e-05 -0.2486
8000.0 8.25 -0.0616 1.8721 -1.8644 0.6105 4.99384e-05 -0.0765
8500.0 8.25 -0.0372 1.8335 -1.8621 0.6151 5.97456e-05 0.073
9000.0 8.25 -0.0027 1.8468 -1.9749 0.6769 7.05291e-05 0.2038
9500.0 8.25 0.0846 1.7618 -2.024 0.7265 8.22963e-05 0.3191
10000.0 8.25 0.2427 1.4663 -1.8449 0.6922 9.48495e-05 0.4214
10500.0 8.25 0.4328 0.9964 -1.4251 0.5567 0.000107793 0.5127
11000.0 8.25 0.5899 0.5391 -0.9605 0.3916 0.000120375 0.5945
11500.0 8.25 0.6998 0.2 -0.6007 0.2607 0.000132165 0.6683
12000.0 8.25 0.7776 -0.0653 -0.2989 0.1471 0.000143298 0.7351
12500.0 8.25 0.8135 -0.2416 -0.071 0.0579 0.000153458 0.7958
13000.0 8.25 0.8145 -0.3408 0.0822 -0.0035 0.000161503 0.8513
13500.0 8.25 0.8109 -0.4249 0.2139 -0.0548 0.000168714 0.902
14000.0 8.25 0.8108 -0.5123 0.3505 -0.1099 0.000176828 0.9487
14500.0 8.25 0.8043 -0.5661 0.4506 -0.1555 0.000185753 0.9917
15000.0 8.25 0.7862 -0.5657 0.4795 -0.1737 0.000195016 1.0314
15500.0 8.25 0.7642 -0.5368 0.4637 -0.1723 0.000204358 1.0683
16000.0 8.25 0.7452 -0.5072 0.4377 -0.1644 0.000213701 1.1025
16500.0 8.25 0.7332 -0.4916 0.4221 -0.1589 0.000223332 1.1344
17000.0 8.25 0.728 -0.4942 0.425 -0.1598 0.000233294 1.1641
20000.0 8.25 0.751 -0.6358 0.571 -0.2122 0.000294695 1.3079
25000.0 8.25 0.8784 -1.0259 0.9536 -0.3467 0.000413332 1.4634
30000.0 8.25 0.8052 -0.8926 0.7681 -0.2656 0.000570192 1.5625
35000.0 8.25 0.5297 -0.4072 0.2978 -0.0973 0.000735599 1.631
40000.0 8.25 0.3805 -0.199 0.1284 -0.0432 0.000864142 1.6811
45000.0 8.25 0.3258 -0.1698 0.1275 -0.0477 0.000970257 1.7193
50000.0 8.25 0.2953 -0.1737 0.1526 -0.0602 0.00106418 1.7493
55000.0 8.25 0.2808 -0.1962 0.1896 -0.0757 0.00114989 1.7736
60000.0 8.25 0.2754 -0.2281 0.2321 -0.0926 0.0012298 1.7936
65000.0 8.25 0.1549 0.2988 -0.3552 0.1291 0.00147803 1.8103
70000.0 8.25 0.1167 0.3483 -0.3938 0.1415 0.00155761 1.8246
75000.0 8.25 0.0841 0.3889 -0.4248 0.1514 0.00163514 1.8369
80000.0 8.25 0.056 0.4219 -0.4492 0.1591 0.00171094 1.8475
85000.0 8.25 0.0314 0.4505 -0.4706 0.1659 0.00178548 1.8569
90000.0 8.25 0.01 0.4741 -0.4878 0.1713 0.0018597 1.8652
100000.0 8.25 -0.0295 0.5172 -0.5189 0.181 0.00200648 1.8791
3750.0 8.5 1.8684 -2.3845 1.9844 -0.6642 3.1988e-06 -3.2178
4000.0 8.5 1.8615 -2.44 2.0599 -0.6957 3.82877e-06 -2.8347
4250.0 8.5 1.8634 -2.4937 2.1237 -0.7206 4.59677e-06 -2.4982
4500.0 8.5 1.8623 -2.5343 2.1724 -0.7394 5.61241e-06 -2.2005
4750.0 8.5 1.8444 -2.5275 2.1723 -0.7405 6.92058e-06 -1.9356
5000.0 8.5 1.794 -2.3282 1.9138 -0.6319 9.15625e-06 -1.6987
5250.0 8.5 1.6367 -1.9317 1.5015 -0.4783 1.13245e-05 -1.4856
5500.0 8.5 1.4873 -1.5453 1.1031 -0.331 1.37927e-05 -1.2932
5750.0 8.5 1.3505 -1.1779 0.7257 -0.1922 1.6519e-05 -1.1189
6000.0 8.5 1.16 -0.6736 0.2139 -0.0058 1.94582e-05 -0.9602
6250.0 8.5 0.8981 -0.0153 -0.4304 0.2226 2.25983e-05 -0.8153
6500.0 8.5 0.6074 0.6821 -1.0862 0.4476 2.59309e-05 -0.6826
7000.0 8.5 0.134 1.6937 -1.9328 0.7061 3.31635e-05 -0.4484
7500.0 8.5 -0.0365 1.9188 -1.9923 0.681 4.11444e-05 -0.2486
8000.0 8.5 -0.0462 1.8365 -1.8382 0.6044 4.99476e-05 -0.0765
8500.0 8.5 -0.0212 1.7774 -1.8002 0.5928 5.96206e-05 0.073
9000.0 8.5 0.0085 1.7928 -1.907 0.6505 7.02224e-05 0.2038
9500.0 8.5 0.0904 1.7252 -1.9765 0.7083 8.17879e-05 0.3191
10000.0 8.5 0.2473 1.4517 -1.8341 0.6908 9.41773e-05 0.4214
10500.0 8.5 0.4588 0.9503 -1.401 0.5552 0.000107094 0.5127
11000.0 8.5 0.6411 0.4363 -0.8888 0.3752 0.000119876 0.5945
11500.0 8.5 0.7792 0.0153 -0.4439 0.2128 0.000131976 0.6683
12000.0 8.5 0.8795 -0.3044 -0.0929 0.0821 0.000143416 0.7351
12500.0 8.5 0.9371 -0.5249 0.1719 -0.0202 0.00015428 0.7958
13000.0 8.5 0.949 -0.6362 0.3324 -0.0849 0.000164034 0.8513
13500.0 8.5 0.9307 -0.6734 0.4155 -0.12 0.000171734 0.902
14000.0 8.5 0.9086 -0.6959 0.4778 -0.1457 0.00017901 0.9487
14500.0 8.5 0.8893 -0.7227 0.5482 -0.1767 0.000187171 0.9917
15000.0 8.5 0.8659 -0.7302 0.6009 -0.2052 0.000196189 1.0314
15500.0 8.5 0.8357 -0.6981 0.5997 -0.2131 0.000205576 1.0683
16000.0 8.5 0.8035 -0.6448 0.5629 -0.2052 0.000215131 1.1025
16500.0 8.5 0.7773 -0.5972 0.5218 -0.1929 0.000224689 1.1344
17000.0 8.5 0.7613 -0.5713 0.497 -0.1845 0.000234448 1.1641
20000.0 8.5 0.7744 -0.6849 0.6146 -0.2268 0.000296208 1.3079
25000.0 8.5 0.8937 -1.0548 0.9776 -0.3543 0.000415505 1.4634
30000.0 8.5 0.7992 -0.8801 0.7545 -0.2606 0.000573151 1.5625
35000.0 8.5 0.5302 -0.4096 0.2999 -0.098 0.000737094 1.631
40000.0 8.5 0.3933 -0.2267 0.1541 -0.052 0.000864402 1.6811
45000.0 8.5 0.3254 -0.167 0.1231 -0.0457 0.00096981 1.7193
50000.0 8.5 0.2936 -0.165 0.1412 -0.0554 0.00106151 1.7493
55000.0 8.5 0.2774 -0.1836 0.1744 -0.0697 0.00114633 1.7736
60000.0 8.5 0.2686 -0.2092 0.2109 -0.0843 0.00122791 1.7936
65000.0 8.5 0.1762 0.2557 -0.3149 0.115 0.00147393 1.8103
70000.0 8.5 0.1386 0.3049 -0.3536 0.1275 0.00155226 1.8246
75000.0 8.5 0.1059 0.3469 -0.3866 0.1382 0.00162863 1.8369
80000.0 8.5 0.0776 0.3818 -0.4135 0.1469 0.00170353 1.8475
85000.0 8.5 0.0528 0.4117 -0.4364 0.1543 0.00177736 1.8569
90000.0 8.5 0.0308 0.4377 -0.4564 0.1608 0.00185033 1.8652
100000.0 8.5 -0.0101 0.4864 -0.4941 0.1731 0.00199461 1.8791
3750.0 8.75 1.9015 -2.451 2.054 -0.6906 3.30763e-06 -3.2178
4000.0 8.75 1.8777 -2.4665 2.0882 -0.7066 3.94756e-06 -2.8347
4250.0 8.75 1.8711 -2.498 2.1279 -0.7223 4.71128e-06 -2.4982
4500.0 8.75 1.8681 -2.5345 2.172 -0.7394 5.71358e-06 -2.2005
4750.0 8.75 1.8535 -2.5365 2.1807 -0.7437 7.00085e-06 -1.9356
5000.0 8.75 1.8599 -2.4952 2.0932 -0.7001 9.23686e-06 -1.6987
5250.0 8.75 1.6794 -2.0341 1.6055 -0.5165 1.13999e-05 -1.4856
5500.0 8.75 1.5181 -1.6236 1.1814 -0.3593 1.3873e-05 -1.2932
5750.0 8.75 1.3731 -1.2484 0.8002 -0.2202 1.66175e-05 -1.1189
6000.0 8.75 1.2115 -0.8221 0.3674 -0.0626 1.95835e-05 -0.9602
6250.0 8.75 1.0017 -0.2827 -0.1697 0.1303 2.27412e-05 -0.8153
6500.0 8.75 0.7411 0.3569 -0.7838 0.3447 2.60868e-05 -0.6826
7000.0 8.75 0.2405 1.4702 -1.7594 0.6577 3.33198e-05 -0.4484
7500.0 8.75 0.0125 1.8305 -1.9425 0.6743 4.12735e-05 -0.2486
8000.0 8.75 -0.023 1.785 -1.7992 0.5948 4.99923e-05 -0.0765
8500.0 8.75 -0.0026 1.7129 -1.7278 0.5662 5.95482e-05 0.073
9000.0 8.75 0.0246 1.7182 -1.8107 0.612 6.99934e-05 0.2038
9500.0 8.75 0.0925 1.682 -1.907 0.6778 8.13341e-05 0.3191
10000.0 8.75 0.2335 1.4674 -1.8373 0.6898 9.35351e-05 0.4214
10500.0 8.75 0.4555 0.9691 -1.4301 0.5693 0.000106372 0.5127
11000.0 8.75 0.6688 0.3883 -0.8633 0.3729 0.000119306 0.5945
11500.0 8.75 0.8309 -0.096 -0.3586 0.1899 0.000131681 0.6683
12000.0 8.75 0.9579 -0.4933 0.0731 0.0292 0.000143411 0.7351
12500.0 8.75 1.0392 -0.7713 0.3909 -0.0919 0.00015464 0.7958
13000.0 8.75 1.0721 -0.9281 0.5925 -0.1719 0.000165301 0.8513
13500.0 8.75 1.0621 -0.9774 0.6867 -0.2122 0.000174762 0.902
14000.0 8.75 1.031 -0.9662 0.7116 -0.2249 0.000182321 0.9487
14500.0 8.75 0.9957 -0.9413 0.7195 -0.2304 0.000189641 0.9917
15000.0 8.75 0.962 -0.9209 0.7368 -0.2415 0.000197866 1.0314
15500.0 8.75 0.9259 -0.8881 0.7444 -0.2527 0.000206866 1.0683
16000.0 8.75 0.8857 -0.8316 0.7213 -0.2532 0.000216304 1.1025
16500.0 8.75 0.8459 -0.7591 0.668 -0.2403 0.000225874 1.1344
17000.0 8.75 0.8063 -0.6772 0.5951 -0.2176 0.000235568 1.1641
20000.0 8.75 0.7988 -0.7373 0.6618 -0.2427 0.000297772 1.3079
25000.0 8.75 0.9057 -1.0771 0.9949 -0.3595 0.000417745 1.4634
30000.0 8.75 0.8017 -0.8855 0.7577 -0.2612 0.000576151 1.5625
35000.0 8.75 0.5319 -0.4154 0.3055 -0.1 0.000738645 1.631
40000.0 8.75 0.3955 -0.2314 0.1578 -0.0531 0.000864809 1.6811
45000.0 8.75 0.3275 -0.1701 0.1246 -0.0459 0.000969502 1.7193
50000.0 8.75 0.2948 -0.1649 0.1391 -0.0543 0.00105998 1.7493
55000.0 8.75 0.2765 -0.1772 0.1653 -0.0658 0.00114381 1.7736
60000.0 8.75 0.2673 -0.2 0.1985 -0.0792 0.00122305 1.7936
3750.0 9.0 1.9358 -2.5182 2.1225 -0.7161 3.41726e-06 -3.2178
4000.0 9.0 1.8941 -2.4918 2.1145 -0.7167 4.07336e-06 -2.8347
4250.0 9.0 1.8794 -2.5036 2.1338 -0.7247 4.83386e-06 -2.4982
4500.0 9.0 1.8736 -2.5334 2.1707 -0.7391 5.82473e-06 -2.2005
4750.0 9.0 1.8567 -2.5303 2.1736 -0.7411 7.09756e-06 -1.9356
5000.0 9.0 1.8883 -2.5544 2.1529 -0.722 9.32857e-06 -1.6987
5250.0 9.0 1.7316 -2.1598 1.7353 -0.5647 1.14844e-05 -1.4856
5500.0 9.0 1.547 -1.6926 1.2492 -0.3838 1.39593e-05 -1.2932
5750.0 9.0 1.4084 -1.3413 0.8934 -0.2539 1.672e-05 -1.1189
6000.0 9.0 1.2608 -0.9565 0.5041 -0.1127 1.97156e-05 -0.9602
6250.0 9.0 1.0942 -0.5186 0.0603 0.0488 2.29023e-05 -0.8153
6500.0 9.0 0.8589 0.0623 -0.5029 0.247 2.62633e-05 -0.6826
7000.0 9.0 0.3639 1.1961 -1.5293 0.5873 3.35091e-05 -0.4484
7500.0 9.0 0.0693 1.7315 -1.8901 0.6685 4.14435e-05 -0.2486
8000.0 9.0 0.0044 1.731 -1.7647 0.5885 5.00957e-05 -0.0765
8500.0 9.0 0.0199 1.6411 -1.65 0.5382 5.95379e-05 0.073
9000.0 9.0 0.0466 1.6241 -1.6914 0.5644 6.98115e-05 0.2038
9500.0 9.0 0.0918 1.6351 -1.8238 0.6399 8.09454e-05 0.3191
10000.0 9.0 0.2104 1.4887 -1.8299 0.6804 9.29637e-05 0.4214
10500.0 9.0 0.427 1.0364 -1.4928 0.591 0.000105672 0.5127
11000.0 9.0 0.6663 0.4133 -0.9032 0.3915 0.000118684 0.5945
11500.0 9.0 0.8552 -0.1419 -0.331 0.1854 0.000131323 0.6683
12000.0 9.0 1.005 -0.601 0.1604 0.0038 0.000143317 0.7351
12500.0 9.0 1.1113 -0.9466 0.5454 -0.1417 0.000154822 0.7958
13000.0 9.0 1.1671 -1.1619 0.8035 -0.2425 0.000165935 0.8513
13500.0 9.0 1.1758 -1.2535 0.9378 -0.2982 0.000176471 0.902
14000.0 9.0 1.1516 -1.2541 0.9755 -0.3168 0.000185776 0.9487
14500.0 9.0 1.1148 -1.2141 0.9634 -0.3149 0.0001933 0.9917
15000.0 9.0 1.0694 -1.1519 0.9278 -0.3041 0.000200666 1.0314
15500.0 9.0 1.026 -1.0955 0.9025 -0.2988 0.000208879 1.0683
16000.0 9.0 0.9814 -1.0339 0.8765 -0.2964 0.00021781 1.1025
16500.0 9.0 0.9344 -0.9577 0.8328 -0.2891 0.000227332 1.1344
17000.0 9.0 0.8886 -0.8719 0.7689 -0.2729 0.000236974 1.1641
20000.0 9.0 0.8247 -0.7943 0.7139 -0.2605 0.000299407 1.3079
25000.0 9.0 0.9132 -1.0919 1.0058 -0.3626 0.000419904 1.4634
30000.0 9.0 0.8026 -0.8887 0.7586 -0.2611 0.000579034 1.5625
35000.0 9.0 0.5376 -0.4294 0.3186 -0.1045 0.000740243 1.631
40000.0 9.0 0.3984 -0.2391 0.1649 -0.0556 0.000865118 1.6811
45000.0 9.0 0.3325 -0.1805 0.1333 -0.0486 0.000969164 1.7193
50000.0 9.0 0.2979 -0.1694 0.1414 -0.0546 0.00105846 1.7493
55000.0 9.0 0.2785 -0.1783 0.164 -0.0648 0.00114163 1.7736
60000.0 9.0 0.268 -0.1973 0.1932 -0.0767 0.00121952 1.7936
65000.0 9.0 0.2202 0.1624 -0.2258 0.0834 0.00146682 1.8103
70000.0 9.0 0.1845 0.2093 -0.2631 0.0956 0.00154354 1.8246
75000.0 9.0 0.1537 0.2485 -0.2936 0.1054 0.00161816 1.8369
80000.0 9.0 0.1267 0.2822 -0.32 0.1141 0.00169116 1.8475
85000.0 9.0 0.1032 0.3105 -0.3416 0.121 0.00176291 1.8569
90000.0 9.0 0.0815 0.3375 -0.3634 0.1283 0.0018337 1.8652
100000.0 9.0 0.0421 0.3857 -0.4015 0.1409 0.00197296 1.8791
3750.0 9.25 1.9722 -2.5864 2.1891 -0.7406 3.52566e-06 -3.2178
4000.0 9.25 1.9126 -2.5203 2.1429 -0.7273 4.20434e-06 -2.8347
4250.0 9.25 1.8889 -2.5124 2.1434 -0.7285 4.96547e-06 -2.4982
4500.0 9.25 1.8791 -2.5314 2.1685 -0.7384 5.94588e-06 -2.2005
4750.0 9.25 1.8641 -2.5331 2.1757 -0.7419 7.19642e-06 -1.9356
5000.0 9.25 1.9346 -2.6688 2.2771 -0.7697 9.43438e-06 -1.6987
5250.0 9.25 1.7945 -2.315 1.8989 -0.6262 1.15804e-05 -1.4856
5500.0 9.25 1.5882 -1.7892 1.3457 -0.4188 1.40547e-05 -1.2932
5750.0 9.25 1.4411 -1.4233 0.9748 -0.2833 1.6826e-05 -1.1189
6000.0 9.25 1.3078 -1.0809 0.6284 -0.1573 1.98483e-05 -0.9602
6250.0 9.25 1.1504 -0.6747 0.2198 -0.0096 2.30713e-05 -0.8153
6500.0 9.25 0.9571 -0.1863 -0.2627 0.1624 2.64614e-05 -0.6826
7000.0 9.25 0.4878 0.9165 -1.2882 0.5108 3.37296e-05 -0.4484
7500.0 9.25 0.1468 1.5838 -1.7925 0.6474 4.16456e-05 -0.2486
8000.0 9.25 0.0394 1.6684 -1.7306 0.5846 5.02463e-05 -0.0765
8500.0 9.25 0.0417 1.5787 -1.5872 0.5167 5.95853e-05 0.073
9000.0 9.25 0.0675 1.5356 -1.5788 0.5193 6.97003e-05 0.2038
9500.0 9.25 0.1 1.56 -1.7078 0.5891 8.06239e-05 0.3191
10000.0 9.25 0.1932 1.4777 -1.7751 0.6502 9.24116e-05 0.4214
10500.0 9.25 0.3829 1.1239 -1.5574 0.6084 0.000104939 0.5127
11000.0 9.25 0.6321 0.5125 -1.0074 0.4301 0.000117949 0.5945
11500.0 9.25 0.846 -0.0966 -0.3933 0.2122 0.000130823 0.6683
12000.0 9.25 1.0193 -0.6196 0.1593 0.0096 0.000143106 0.7351
12500.0 9.25 1.1514 -1.0369 0.6161 -0.1618 0.00015486 0.7958
13000.0 9.25 1.2318 -1.3192 0.9418 -0.2875 0.000166261 0.8513
13500.0 9.25 1.2606 -1.4622 1.1259 -0.3615 0.000177324 0.902
14000.0 9.25 1.2508 -1.4973 1.1973 -0.3933 0.000187795 0.9487
14500.0 9.25 1.2188 -1.4672 1.1977 -0.3975 0.000197078 0.9917
15000.0 9.25 1.1761 -1.4018 1.1552 -0.3841 0.000204741 1.0314
15500.0 9.25 1.1299 -1.3256 1.0996 -0.3654 0.000212105 1.0683
16000.0 9.25 1.0822 -1.2467 1.0444 -0.3479 0.000220139 1.1025
16500.0 9.25 1.0321 -1.1645 0.9924 -0.3346 0.000229116 1.1344
17000.0 9.25 0.9612 -1.0298 0.8963 -0.3099 0.000238483 1.1641
20000.0 9.25 0.8557 -0.8627 0.7766 -0.2819 0.000300999 1.3079
25000.0 9.25 0.931 -1.1256 1.0334 -0.3712 0.000422405 1.4634
30000.0 9.25 0.8008 -0.8865 0.7549 -0.2595 0.000582069 1.5625
35000.0 9.25 0.5376 -0.4335 0.3234 -0.1065 0.000741551 1.631
40000.0 9.25 0.4044 -0.2529 0.1776 -0.0598 0.000865488 1.6811
45000.0 9.25 0.3363 -0.1892 0.1411 -0.0513 0.000968932 1.7193
50000.0 9.25 0.3029 -0.178 0.1477 -0.0564 0.00105712 1.7493
55000.0 9.25 0.2818 -0.1829 0.1666 -0.0652 0.00114043 1.7736
60000.0 9.25 0.2704 -0.1993 0.1931 -0.0762 0.00121682 1.7936
3750.0 9.5 2.0142 -2.6631 2.2591 -0.7652 3.63418e-06 -3.2178
4000.0 9.5 1.9352 -2.5572 2.1781 -0.7402 4.33858e-06 -2.8347
4250.0 9.5 1.8998 -2.5226 2.1532 -0.7323 5.10546e-06 -2.4982
4500.0 9.5 1.884 -2.5283 2.1664 -0.7382 6.07659e-06 -2.2005
4750.0 9.5 1.8708 -2.5337 2.1759 -0.7422 7.3145e-06 -1.9356
5000.0 9.5 1.9592 -2.7194 2.3305 -0.79 9.62475e-06 -1.6987
5250.0 9.5 1.7654 -2.2122 1.7784 -0.5784 1.16801e-05 -1.4856
5500.0 9.5 1.6246 -1.8709 1.4269 -0.4482 1.41595e-05 -1.2932
5750.0 9.5 1.4811 -1.5185 1.0687 -0.3169 1.69405e-05 -1.1189
6000.0 9.5 1.353 -1.1948 0.7414 -0.1978 1.99889e-05 -0.9602
6250.0 9.5 1.2045 -0.8174 0.3628 -0.0612 2.32458e-05 -0.8153
6500.0 9.5 1.036 -0.3916 -0.0596 0.0899 2.66758e-05 -0.6826
7000.0 9.5 0.616 0.613 -1.0119 0.4187 3.3983e-05 -0.4484
7500.0 9.5 0.2392 1.3994 -1.6591 0.6136 4.18951e-05 -0.2486
8000.0 9.5 0.079 1.6048 -1.7048 0.586 5.0446e-05 -0.0765
8500.0 9.5 0.0663 1.5186 -1.5349 0.5011 5.96978e-05 0.073
9000.0 9.5 0.0918 1.4445 -1.4689 0.4767 6.96674e-05 0.2038
9500.0 9.5 0.1187 1.4578 -1.565 0.529 8.0417e-05 0.3191
10000.0 9.5 0.185 1.433 -1.6781 0.6029 9.19381e-05 0.4214
10500.0 9.5 0.3344 1.2023 -1.596 0.612 0.000104242 0.5127
11000.0 9.5 0.5742 0.657 -1.1426 0.4757 0.000117158 0.5945
11500.0 9.5 0.8074 0.0202 -0.5194 0.2594 0.000130199 0.6683
12000.0 9.5 1.0001 -0.5508 0.074 0.0443 0.000142781 0.7351
12500.0 9.5 1.1564 -1.0322 0.5923 -0.1483 0.000154803 0.7958
13000.0 9.5 1.264 -1.3876 0.9906 -0.3 0.000166439 0.8513
13500.0 9.5 1.3175 -1.5983 1.2434 -0.3994 0.000177817 0.902
14000.0 9.5 1.3261 -1.6832 1.3651 -0.4502 0.000188884 0.9487
14500.0 9.5 1.3048 -1.6796 1.3918 -0.465 0.000199364 0.9917
15000.0 9.5 1.2682 -1.6274 1.3642 -0.4581 0.000208748 1.0314
15500.0 9.5 1.2244 -1.5517 1.3069 -0.4389 0.000216543 1.0683
16000.0 9.5 1.1781 -1.4645 1.2356 -0.414 0.000224036 1.1025
16500.0 9.5 1.1277 -1.3706 1.1605 -0.3884 0.000231938 1.1344
17000.0 9.5 1.0753 -1.2755 1.0898 -0.3669 0.000240678 1.1641
20000.0 9.5 0.7301 -0.5893 0.735 -0.3764 0.000337381 1.3079
25000.0 9.5 0.9431 -1.1505 1.0532 -0.3772 0.000424599 1.4634
30000.0 9.5 0.8003 -0.8876 0.7544 -0.259 0.00058514 1.5625
35000.0 9.5 0.5409 -0.4438 0.3337 -0.1102 0.000743061 1.631
40000.0 9.5 0.4107 -0.2682 0.1921 -0.065 0.000865903 1.6811
45000.0 9.5 0.3427 -0.2037 0.1548 -0.0561 0.00096885 1.7193
50000.0 9.5 0.3096 -0.191 0.159 -0.0602 0.00105503 1.7493
55000.0 9.5 0.2885 -0.1942 0.1752 -0.0678 0.00113656 1.7736
60000.0 9.5 0.2758 -0.207 0.1979 -0.0774 0.00121367 1.7936
65000.0 9.5 0.2608 0.0733 -0.1397 0.0527 0.0014605 1.8103
70000.0 9.5 0.2284 0.1135 -0.1702 0.0623 0.00153604 1.8246
75000.0 9.5 0.2004 0.1474 -0.1958 0.0704 0.00160931 1.8369
80000.0 9.5 0.1756 0.1773 -0.2189 0.0779 0.00168101 1.8475
85000.0 9.5 0.1539 0.2027 -0.2382 0.0842 0.00175131 1.8569
90000.0 9.5 0.1347 0.2246 -0.2546 0.0894 0.00182043 1.8652
100000.0 9.5 0.099 0.2667 -0.2876 0.1004 0.00195618 1.8791
