log(g) Teff a1 a2 a3 a4 I1 beaming
5.0 3750.0 1.3621 -1.1238 0.6083 -0.138 2.14327e-06 -3.1919
5.0 4000.0 1.5806 -1.7938 1.3521 -0.4231 2.84252e-06 -2.8106
5.0 4250.0 1.6534 -2.0246 1.6234 -0.5301 3.80063e-06 -2.4756
5.0 4500.0 1.593 -1.7972 1.3714 -0.4322 5.07446e-06 -2.1793
5.0 4750.0 1.3315 -1.0709 0.6404 -0.1643 6.67906e-06 -1.9156
5.0 5000.0 0.8027 0.2941 -0.6821 0.3025 8.76043e-06 -1.6797
5.0 5250.0 0.2571 1.6174 -1.9132 0.7172 1.09632e-05 -1.4677
5.0 5500.0 -0.1116 2.3844 -2.5161 0.8858 1.34127e-05 -1.2763
5.0 5750.0 -0.2498 2.493 -2.4153 0.7938 1.61087e-05 -1.1027
5.0 6000.0 -0.247 2.2341 -1.9503 0.576 1.90546e-05 -0.9448
5.0 6250.0 -0.1719 1.8157 -1.3558 0.3225 2.2259e-05 -0.8007
5.0 6500.0 -0.0704 1.3817 -0.7939 0.0943 2.5735e-05 -0.6687
5.0 7000.0 0.0854 0.8122 -0.1098 -0.1747 3.36298e-05 -0.4356
5.0 7500.0 0.1295 0.6928 0.0199 -0.2343 4.29643e-05 -0.2369
5.0 8000.0 0.0851 0.9414 -0.3243 -0.1053 5.37662e-05 -0.0657
5.0 8500.0 0.0887 1.1605 -0.7427 0.085 6.5709e-05 0.083
5.0 9000.0 0.2834 0.7337 -0.4384 0.0181 7.77705e-05 0.2131
5.0 9500.0 0.4862 0.1899 -0.0035 -0.0738 8.68688e-05 0.3278
5.0 10000.0 0.5687 -0.0041 0.1286 -0.0961 9.58401e-05 0.4295
5.0 10500.0 0.5762 0.0261 0.0444 -0.0557 0.000104594 0.5203
5.0 11000.0 0.6039 -0.0288 0.0607 -0.0527 0.000113219 0.6017
5.0 11500.0 0.6453 -0.1564 0.1734 -0.0891 0.000121872 0.6751
5.0 12000.0 0.6388 -0.1457 0.1479 -0.0768 0.000130319 0.7416
5.0 12500.0 0.6454 -0.1846 0.1816 -0.0876 0.000138912 0.802
5.0 13000.0 0.6486 -0.2152 0.2091 -0.0969 0.000147541 0.8571
5.0 13500.0 0.6275 -0.1854 0.1746 -0.083 0.000156272 0.9076
5.0 14000.0 0.6523 -0.2678 0.2579 -0.1134 0.000165077 0.954
5.0 14500.0 0.6007 -0.1611 0.1444 -0.0703 0.000173992 0.9967
5.0 15000.0 0.6563 -0.3177 0.3062 -0.1302 0.000182977 1.0362
5.0 15500.0 0.6571 -0.3376 0.3249 -0.1365 0.000192085 1.0729
5.0 16000.0 0.6076 -0.2331 0.2141 -0.0945 0.000201318 1.1069
5.0 16500.0 0.664 -0.3881 0.374 -0.1536 0.000210642 1.1387
5.0 17000.0 0.6698 -0.4177 0.4031 -0.1638 0.000220116 1.1683
5.0 20000.0 0.7266 -0.6337 0.6177 -0.2398 0.00027992 1.3113
5.0 25000.0 0.9256 -1.1542 1.1148 -0.4124 0.000395512 1.466
5.0 30000.0 1.0005 -1.2832 1.1614 -0.4102 0.000557158 1.5646
5.0 35000.0 0.9508 -1.298 1.1791 -0.4177 0.000745848 1.6327
5.0 40000.0 1.0242 -1.5813 1.4938 -0.5381 0.000893024 1.6825
5.0 45000.0 1.1233 -1.8723 1.7998 -0.6513 0.0010175 1.7205
5.0 50000.0 1.2218 -2.1309 2.062 -0.7462 0.00113366 1.7505
5.0 55000.0 1.3073 -2.3364 2.2631 -0.8175 0.00124297 1.7746
5.0 60000.0 1.3796 -2.4959 2.4137 -0.8696 0.00135046 1.7945
5.25 3750.0 1.4125 -1.2646 0.7614 -0.1959 2.19132e-06 -3.1919
5.25 4000.0 1.6211 -1.9091 1.4781 -0.4711 2.8776e-06 -2.8106
5.25 4250.0 1.6914 -2.1374 1.745 -0.5762 3.8212e-06 -2.4756
5.25 4500.0 1.6632 -2.0036 1.5911 -0.515 5.07493e-06 -2.1793
5.25 4750.0 1.4466 -1.3853 0.9528 -0.2777 6.66041e-06 -1.9156
5.25 5000.0 0.9879 -0.1757 -0.2366 0.1482 8.7518e-06 -1.6797
5.25 5250.0 0.4525 1.1557 -1.5015 0.5837 1.09477e-05 -1.4677
5.25 5500.0 0.0173 2.1366 -2.3532 0.8511 1.33933e-05 -1.2763
5.25 5750.0 -0.1986 2.4826 -2.5198 0.8611 1.60784e-05 -1.1027
5.25 6000.0 -0.2509 2.3872 -2.2345 0.7096 1.90099e-05 -0.9448
5.25 6250.0 -0.2158 2.0776 -1.7499 0.4936 2.21966e-05 -0.8007
5.25 6500.0 -0.1387 1.6919 -1.2199 0.2706 2.56444e-05 -0.6687
5.25 7000.0 0.0215 1.0559 -0.4198 -0.0527 3.34328e-05 -0.4356
5.25 7500.0 0.0882 0.8377 -0.165 -0.1603 4.25882e-05 -0.2369
5.25 8000.0 0.0608 1.006 -0.404 -0.0724 5.31966e-05 -0.0657
5.25 8500.0 0.0405 1.2738 -0.8555 0.1242 6.50362e-05 0.083
5.25 9000.0 0.1658 1.0839 -0.8167 0.152 7.72785e-05 0.2131
5.25 9500.0 0.3792 0.499 -0.2987 0.0099 8.74681e-05 0.3278
5.25 10000.0 0.5199 0.1154 0.0145 -0.0587 9.59945e-05 0.4295
5.25 10500.0 0.5646 0.0302 0.0535 -0.0618 0.000104943 0.5203
5.25 11000.0 0.5899 -0.0095 0.0498 -0.051 0.000113608 0.6017
5.25 11500.0 0.6124 -0.0678 0.0825 -0.0564 0.000122166 0.6751
5.25 12000.0 0.6278 -0.1236 0.1263 -0.0692 0.000130711 0.7416
5.25 12500.0 0.6355 -0.1651 0.1621 -0.0805 0.000139293 0.802
5.25 13000.0 0.6384 -0.1947 0.1881 -0.089 0.000147908 0.8571
5.25 13500.0 0.64 -0.2216 0.2127 -0.0972 0.000156621 0.9076
5.25 14000.0 0.6402 -0.2439 0.2336 -0.1043 0.000165416 0.954
5.25 14500.0 0.6409 -0.2669 0.2557 -0.112 0.0001743 0.9967
5.25 15000.0 0.6406 -0.2859 0.2739 -0.1182 0.00018328 1.0362
5.25 15500.0 0.6425 -0.3095 0.297 -0.1263 0.000192355 1.0729
5.25 16000.0 0.6439 -0.3306 0.3173 -0.1332 0.000201558 1.1069
5.25 16500.0 0.6415 -0.3414 0.3271 -0.1363 0.000210872 1.1387
5.25 17000.0 0.6499 -0.3778 0.3633 -0.1492 0.000220298 1.1683
5.25 20000.0 0.6818 -0.5358 0.5188 -0.2034 0.000279869 1.3113
5.25 25000.0 0.8864 -1.0781 1.0407 -0.3857 0.000394552 1.466
5.25 30000.0 0.958 -1.2087 1.0925 -0.3859 0.00055275 1.5646
5.25 35000.0 0.8576 -1.1118 1.0002 -0.3536 0.00073828 1.6327
5.25 40000.0 0.8933 -1.3234 1.2495 -0.4516 0.000883401 1.6825
5.25 45000.0 0.9729 -1.5855 1.533 -0.558 0.00100497 1.7205
5.25 50000.0 1.061 -1.8364 1.7938 -0.6537 0.00111754 1.7505
5.25 55000.0 1.1442 -2.0533 2.0124 -0.7325 0.00122227 1.7746
5.25 60000.0 1.22 -2.2377 2.1933 -0.7966 0.00132406 1.7945
5.5 3750.0 1.4597 -1.3946 0.903 -0.2496 2.24603e-06 -3.1919
5.5 4000.0 1.6536 -1.9986 1.5758 -0.5084 2.91748e-06 -2.8106
5.5 4250.0 1.7198 -2.221 1.8355 -0.6106 3.84674e-06 -2.4756
5.5 4500.0 1.7113 -2.146 1.7426 -0.572 5.08025e-06 -2.1793
5.5 4750.0 1.5346 -1.6337 1.2051 -0.3705 6.64759e-06 -1.9156
5.5 5000.0 1.1461 -0.5861 0.1581 0.0093 8.75056e-06 -1.6797
5.5 5250.0 0.6471 0.6796 -1.0619 0.4362 1.09392e-05 -1.4677
5.5 5500.0 0.1695 1.8086 -2.0926 0.7768 1.33817e-05 -1.2763
5.5 5750.0 -0.1229 2.3867 -2.5199 0.8868 1.60611e-05 -1.1027
5.5 6000.0 -0.2322 2.4614 -2.4233 0.8063 1.89778e-05 -0.9448
5.5 6250.0 -0.2323 2.2554 -2.0514 0.6312 2.21467e-05 -0.8007
5.5 6500.0 -0.1876 1.9554 -1.6055 0.4361 2.55716e-05 -0.6687
5.5 7000.0 -0.0445 1.326 -0.7775 0.0926 3.3267e-05 -0.4356
5.5 7500.0 0.0403 1.0181 -0.4007 -0.0645 4.22566e-05 -0.2369
5.5 8000.0 0.0315 1.0995 -0.525 -0.022 5.26625e-05 -0.0657
5.5 8500.0 0.0003 1.3697 -0.9558 0.1609 6.43567e-05 0.083
5.5 9000.0 0.1009 1.2729 -1.0259 0.228 7.67528e-05 0.2131
5.5 9500.0 0.319 0.6897 -0.4951 0.0684 8.8194e-05 0.3278
5.5 10000.0 0.5037 0.1567 -0.0226 -0.0538 9.66082e-05 0.4295
5.5 10500.0 0.552 0.0403 0.0535 -0.064 0.000105323 0.5203
5.5 11000.0 0.5782 0.0014 0.0496 -0.0536 0.000114051 0.6017
5.5 11500.0 0.5995 -0.0453 0.0651 -0.0517 0.000122647 0.6751
5.5 12000.0 0.6177 -0.1035 0.1081 -0.0632 0.000131184 0.7416
5.5 12500.0 0.626 -0.1447 0.1412 -0.073 0.000139763 0.802
5.5 13000.0 0.6297 -0.177 0.1698 -0.0822 0.000148409 0.8571
5.5 13500.0 0.6328 -0.2073 0.198 -0.0918 0.000157078 0.9076
5.5 14000.0 0.6311 -0.2257 0.2151 -0.0975 0.000165867 0.954
5.5 14500.0 0.6311 -0.2468 0.2352 -0.1044 0.000174744 0.9967
5.5 15000.0 0.6309 -0.2665 0.2542 -0.1109 0.00018371 1.0362
5.5 15500.0 0.631 -0.2862 0.2734 -0.1176 0.000192791 1.0729
5.5 16000.0 0.6103 -0.2534 0.238 -0.1038 0.000201979 1.1069
5.5 16500.0 0.6324 -0.3243 0.31 -0.13 0.000211266 1.1387
5.5 17000.0 0.6351 -0.3473 0.3326 -0.1379 0.000220695 1.1683
5.5 20000.0 0.6813 -0.5422 0.5269 -0.2067 0.000280102 1.3113
5.5 25000.0 0.8694 -1.0497 1.0144 -0.3765 0.000394244 1.466
5.5 30000.0 0.9215 -1.1412 1.0285 -0.3631 0.000550115 1.5646
5.5 35000.0 0.7777 -0.9464 0.8391 -0.2956 0.000732787 1.6327
5.5 40000.0 0.7771 -1.0832 1.0167 -0.3681 0.000876094 1.6825
5.5 45000.0 0.8336 -1.3036 1.2635 -0.4623 0.00099539 1.7205
5.5 50000.0 0.9057 -1.5288 1.5033 -0.5513 0.00110524 1.7505
5.5 55000.0 0.9789 -1.7341 1.7145 -0.6282 0.0012065 1.7746
5.5 60000.0 1.0496 -1.9189 1.9002 -0.695 0.00130438 1.7945
5.75 3750.0 1.4988 -1.5016 1.0213 -0.295 2.30316e-06 -3.1919
5.75 4000.0 1.6804 -2.0697 1.6538 -0.5382 2.96252e-06 -2.8106
5.75 4250.0 1.7424 -2.2846 1.9039 -0.6366 3.87721e-06 -2.4756
5.75 4500.0 1.7927 -2.4113 2.0471 -0.692 5.09477e-06 -2.1793
5.75 4750.0 1.5973 -1.8162 1.3938 -0.4407 6.64016e-06 -1.9156
5.75 5000.0 1.2765 -0.9324 0.4958 -0.1112 8.76239e-06 -1.6797
5.75 5250.0 0.832 0.2154 -0.6241 0.286 1.09371e-05 -1.4677
5.75 5500.0 0.34 1.4144 -1.7501 0.6689 1.33763e-05 -1.2763
5.75 5750.0 -0.0175 2.1912 -2.4005 0.8651 1.60546e-05 -1.1027
5.75 6000.0 -0.1814 2.4273 -2.4818 0.8515 1.89625e-05 -0.9448
5.75 6250.0 -0.2305 2.3674 -2.2718 0.737 2.21087e-05 -0.8007
5.75 6500.0 -0.2117 2.145 -1.912 0.5737 2.55136e-05 -0.6687
5.75 7000.0 -0.103 1.5924 -1.1479 0.248 3.31307e-05 -0.4356
5.75 7500.0 -0.0108 1.2261 -0.6812 0.052 4.19699e-05 -0.2369
5.75 8000.0 -0.0022 1.2234 -0.6922 0.0485 5.21726e-05 -0.0657
5.75 8500.0 -0.0337 1.4597 -1.0599 0.2019 6.3684e-05 0.083
5.75 9000.0 0.0373 1.4573 -1.2324 0.3052 7.60918e-05 0.2131
5.75 9500.0 0.2 1.0686 -0.9178 0.2203 8.81105e-05 0.3278
5.75 10000.0 0.4044 0.4538 -0.3194 0.0362 9.73969e-05 0.4295
5.75 10500.0 0.5306 0.0882 0.0071 -0.0496 0.000105733 0.5203
5.75 11000.0 0.5681 0.0074 0.0539 -0.0575 0.0001145 0.6017
5.75 11500.0 0.5885 -0.0294 0.0562 -0.0505 0.000123158 0.6751
5.75 12000.0 0.6072 -0.0821 0.0885 -0.0569 0.000131723 0.7416
5.75 12500.0 0.6176 -0.1264 0.1235 -0.067 0.000140275 0.802
5.75 13000.0 0.6232 -0.1622 0.1544 -0.0767 0.000148905 0.8571
5.75 13500.0 0.6249 -0.1891 0.1789 -0.0848 0.000157611 0.9076
5.75 14000.0 0.6248 -0.2113 0.1996 -0.0918 0.0001664 0.954
5.75 14500.0 0.6244 -0.2319 0.2193 -0.0984 0.000175279 0.9967
5.75 15000.0 0.6237 -0.251 0.2379 -0.1049 0.000184254 1.0362
5.75 15500.0 0.6229 -0.2682 0.2544 -0.1105 0.000193331 1.0729
5.75 16000.0 0.6228 -0.2862 0.2718 -0.1164 0.000202514 1.1069
5.75 16500.0 0.6236 -0.3054 0.2904 -0.1227 0.000211811 1.1387
5.75 17000.0 0.5938 -0.2493 0.2309 -0.1 0.000221238 1.1683
5.75 20000.0 0.6679 -0.5132 0.4969 -0.1955 0.000280573 1.3113
5.75 25000.0 0.8634 -1.043 1.009 -0.3748 0.00039442 1.466
5.75 30000.0 0.8917 -1.0836 0.9728 -0.3431 0.000548757 1.5646
5.75 35000.0 0.7127 -0.8091 0.704 -0.2467 0.000728924 1.6327
5.75 40000.0 0.6797 -0.8764 0.814 -0.295 0.000870375 1.6825
5.75 45000.0 0.7128 -1.0492 1.0157 -0.3733 0.000987798 1.7205
5.75 50000.0 0.7674 -1.242 1.2262 -0.4523 0.00109524 1.7505
5.75 55000.0 0.8277 -1.4257 1.4197 -0.5236 0.00119401 1.7746
5.75 60000.0 0.8888 -1.5971 1.595 -0.5872 0.00128896 1.7945
6.0 3750.0 1.5367 -1.6026 1.1323 -0.3374 2.36688e-06 -3.1919
6.0 4000.0 1.703 -2.1268 1.7164 -0.5623 3.01334e-06 -2.8106
6.0 4250.0 1.7603 -2.3321 1.9549 -0.656 3.91301e-06 -2.4756
6.0 4500.0 1.7957 -2.4335 2.0733 -0.7025 5.11151e-06 -2.1793
6.0 4750.0 1.6531 -1.9803 1.5672 -0.5058 6.63796e-06 -1.9156
6.0 5000.0 1.3838 -1.2221 0.7817 -0.2141 8.77294e-06 -1.6797
6.0 5250.0 1.0006 -0.2152 -0.2126 0.1425 1.0947e-05 -1.4677
6.0 5500.0 0.5188 0.985 -1.3604 0.5404 1.33784e-05 -1.2763
6.0 5750.0 0.1115 1.9182 -2.1895 0.8071 1.60546e-05 -1.1027
6.0 6000.0 -0.1151 2.3361 -2.4685 0.8677 1.89558e-05 -0.9448
6.0 6250.0 -0.2033 2.3917 -2.3858 0.8009 2.2092e-05 -0.8007
6.0 6500.0 -0.2129 2.2532 -2.1184 0.672 2.54684e-05 -0.6687
6.0 7000.0 -0.1429 1.8127 -1.4765 0.3912 3.30162e-05 -0.4356
6.0 7500.0 -0.0596 1.4445 -0.987 0.1816 4.17245e-05 -0.2369
6.0 8000.0 -0.0366 1.3687 -0.897 0.1368 5.1735e-05 -0.0657
6.0 8500.0 -0.0619 1.5514 -1.1799 0.2526 6.30427e-05 0.083
6.0 9000.0 -0.0192 1.6224 -1.4211 0.3775 7.5374e-05 0.2131
6.0 9500.0 0.1355 1.286 -1.1788 0.32 8.77645e-05 0.3278
6.0 10000.0 0.3444 0.6589 -0.5451 0.1095 9.84939e-05 0.4295
6.0 10500.0 0.4838 0.2292 -0.1403 -0.0035 0.000106398 0.5203
6.0 11000.0 0.5567 0.0227 0.0438 -0.0553 0.000114993 0.6017
6.0 11500.0 0.5797 -0.0211 0.0558 -0.0524 0.000123686 0.6751
6.0 12000.0 0.5975 -0.0634 0.0729 -0.0524 0.000132289 0.7416
6.0 12500.0 0.6107 -0.11 0.1068 -0.0613 0.000140878 0.802
6.0 13000.0 0.618 -0.1485 0.1393 -0.0712 0.00014951 0.8571
6.0 13500.0 0.6209 -0.1779 0.1656 -0.0796 0.000158214 0.9076
6.0 14000.0 0.6211 -0.201 0.1872 -0.0869 0.000167008 0.954
6.0 14500.0 0.6206 -0.2214 0.2068 -0.0936 0.000175892 0.9967
6.0 15000.0 0.6196 -0.2397 0.2245 -0.0996 0.000184876 1.0362
6.0 15500.0 0.6184 -0.2567 0.2411 -0.1053 0.000193961 1.0729
6.0 16000.0 0.6181 -0.2743 0.2583 -0.1112 0.000203153 1.1069
6.0 16500.0 0.6172 -0.2894 0.2725 -0.1159 0.00021246 1.1387
6.0 17000.0 0.6194 -0.3115 0.2944 -0.1236 0.000221882 1.1683
6.0 20000.0 0.6588 -0.4914 0.4736 -0.1868 0.000281234 1.3113
6.0 25000.0 0.8503 -1.0143 0.9792 -0.3638 0.000394981 1.466
6.0 30000.0 0.8456 -0.9818 0.8698 -0.3053 0.000548385 1.5646
6.0 35000.0 0.6609 -0.6979 0.5938 -0.2067 0.000726263 1.6327
6.0 40000.0 0.6008 -0.7049 0.644 -0.2333 0.000866005 1.6825
6.0 45000.0 0.6124 -0.8319 0.8013 -0.2957 0.000981668 1.7205
6.0 50000.0 0.6505 -0.9918 0.9811 -0.364 0.00108688 1.7505
6.0 55000.0 0.6971 -1.1492 1.1503 -0.427 0.00118339 1.7746
6.0 60000.0 0.7508 -1.3115 1.3194 -0.4888 0.00128187 1.7945
6.0 65000.0 0.4882 -0.5482 0.5427 -0.208 0.00155303 1.8112
6.0 70000.0 0.5313 -0.6849 0.6873 -0.2611 0.00165284 1.8254
6.0 75000.0 0.5778 -0.8198 0.8264 -0.3117 0.00175271 1.8376
6.0 80000.0 0.6264 -0.952 0.9604 -0.36 0.00185292 1.8482
6.0 85000.0 0.6753 -1.0784 1.0865 -0.4051 0.00195375 1.8575
6.0 90000.0 0.7239 -1.1984 1.205 -0.4475 0.00205537 1.8658
6.0 100000.0 0.8167 -1.421 1.4247 -0.5261 0.00226336 1.8797
6.25 3750.0 1.573 -1.6975 1.2368 -0.3776 2.43555e-06 -3.1919
6.25 4000.0 1.723 -2.1746 1.7689 -0.5825 3.07015e-06 -2.8106
6.25 4250.0 1.7767 -2.3719 1.9971 -0.6719 3.95396e-06 -2.4756
6.25 4500.0 1.7978 -2.4464 2.0876 -0.7081 5.13392e-06 -2.1793
6.25 4750.0 1.6998 -2.1168 1.712 -0.5604 6.64028e-06 -1.9156
6.25 5000.0 1.4415 -1.3796 0.9328 -0.2678 8.80062e-06 -1.6797
6.25 5250.0 1.1396 -0.5785 0.1386 0.0185 1.09566e-05 -1.4677
6.25 5500.0 0.6977 0.5423 -0.9473 0.4002 1.33869e-05 -1.2763
6.25 5750.0 0.2603 1.5812 -1.9037 0.7194 1.60619e-05 -1.1027
6.25 6000.0 -0.031 2.188 -2.3889 0.8581 1.89594e-05 -0.9448
6.25 6250.0 -0.1627 2.3648 -2.4338 0.8379 2.20836e-05 -0.8007
6.25 6500.0 -0.2074 2.3311 -2.2831 0.7528 2.54414e-05 -0.6687
6.25 7000.0 -0.1668 1.9793 -1.7417 0.51 3.2914e-05 -0.4356
6.25 7500.0 -0.0989 1.6469 -1.2855 0.3118 4.15125e-05 -0.2369
6.25 8000.0 -0.0686 1.5239 -1.1259 0.2374 5.13427e-05 -0.0657
6.25 8500.0 -0.085 1.6486 -1.3219 0.3158 6.24437e-05 0.083
6.25 9000.0 -0.0633 1.759 -1.5866 0.444 7.46311e-05 0.2131
6.25 9500.0 0.0776 1.4875 -1.4278 0.4185 8.72104e-05 0.3278
6.25 10000.0 0.2331 1.0487 -1.0033 0.2803 9.8815e-05 0.4295
6.25 10500.0 0.411 0.4711 -0.401 0.0804 0.000107528 0.5203
6.25 11000.0 0.5317 0.0942 -0.0346 -0.0285 0.00011557 0.6017
6.25 11500.0 0.5725 -0.0139 0.0534 -0.0528 0.000124256 0.6751
6.25 12000.0 0.5909 -0.0542 0.0677 -0.052 0.000132902 0.7416
6.25 12500.0 0.6055 -0.0972 0.0936 -0.0568 0.000141525 0.802
6.25 13000.0 0.6144 -0.1369 0.1251 -0.0658 0.000150167 0.8571
6.25 13500.0 0.6187 -0.1687 0.1532 -0.0747 0.000158875 0.9076
6.25 14000.0 0.6197 -0.1935 0.1763 -0.0824 0.000167671 0.954
6.25 14500.0 0.6194 -0.2148 0.1969 -0.0894 0.000176562 0.9967
6.25 15000.0 0.6184 -0.2334 0.2152 -0.0957 0.000185556 1.0362
6.25 15500.0 0.6161 -0.2476 0.229 -0.1004 0.000194654 1.0729
6.25 16000.0 0.616 -0.2661 0.247 -0.1065 0.000203861 1.1069
6.25 16500.0 0.6156 -0.2826 0.2629 -0.1119 0.000213181 1.1387
6.25 17000.0 0.6165 -0.3012 0.2811 -0.1181 0.000222621 1.1683
6.25 20000.0 0.6553 -0.4803 0.4598 -0.1812 0.000282042 1.3113
6.25 25000.0 0.8412 -0.9925 0.9555 -0.3548 0.000395814 1.466
6.25 30000.0 0.848 -0.9945 0.884 -0.3108 0.000548658 1.5646
6.25 35000.0 0.6211 -0.6116 0.5078 -0.1753 0.00072457 1.6327
6.25 40000.0 0.5385 -0.5677 0.5072 -0.1835 0.000862695 1.6825
6.25 45000.0 0.5323 -0.6564 0.6272 -0.2326 0.000976697 1.7205
6.25 50000.0 0.5561 -0.787 0.779 -0.2909 0.00108252 1.7505
6.25 55000.0 0.5914 -0.9224 0.9276 -0.3467 0.00117887 1.7746
6.25 60000.0 0.631 -1.0535 1.0666 -0.3979 0.00127032 1.7945
6.5 3750.0 1.6084 -1.7889 1.3377 -0.4163 2.50873e-06 -3.1919
6.5 4000.0 1.7409 -2.2152 1.8132 -0.5996 3.13354e-06 -2.8106
6.5 4250.0 1.7902 -2.4012 2.0279 -0.6836 4.00128e-06 -2.4756
6.5 4500.0 1.8012 -2.4577 2.0994 -0.7125 5.16278e-06 -2.1793
6.5 4750.0 1.7338 -2.2141 1.8141 -0.5986 6.64765e-06 -1.9156
6.5 5000.0 1.5138 -1.5928 1.1574 -0.352 8.82788e-06 -1.6797
6.5 5250.0 1.2555 -0.8884 0.4433 -0.0908 1.09888e-05 -1.4677
6.5 5500.0 0.8648 0.1199 -0.5461 0.2615 1.34039e-05 -1.2763
6.5 5750.0 0.4241 1.1936 -1.5574 0.6071 1.60783e-05 -1.1027
6.5 6000.0 0.077 1.9687 -2.2299 0.8182 1.8975e-05 -0.9448
6.5 6250.0 -0.1102 2.2982 -2.4344 0.8562 2.20948e-05 -0.8007
6.5 6500.0 -0.1762 2.3212 -2.3416 0.7918 2.54362e-05 -0.6687
6.5 7000.0 -0.1735 2.0853 -1.9319 0.5993 3.28523e-05 -0.4356
6.5 7500.0 -0.1198 1.7979 -1.5304 0.4232 4.13371e-05 -0.2369
6.5 8000.0 -0.093 1.6709 -1.3571 0.3421 5.10111e-05 -0.0657
6.5 8500.0 -0.1001 1.7428 -1.4771 0.3883 6.19073e-05 0.083
6.5 9000.0 -0.0916 1.8645 -1.731 0.5064 7.39139e-05 0.2131
6.5 9500.0 0.0277 1.6676 -1.6573 0.512 8.65581e-05 0.3278
6.5 10000.0 0.182 1.2586 -1.28 0.3917 9.86535e-05 0.4295
6.5 10500.0 0.3298 0.7729 -0.7577 0.2098 0.000108852 0.5203
6.5 11000.0 0.4794 0.2732 -0.2363 0.0398 0.000116517 0.6017
6.5 11500.0 0.5603 0.0186 0.0161 -0.0392 0.000124869 0.6751
6.5 12000.0 0.5877 -0.0519 0.0679 -0.0527 0.00013356 0.7416
6.5 12500.0 0.6023 -0.0908 0.0875 -0.055 0.000142215 0.802
6.5 13000.0 0.6073 -0.1158 0.1005 -0.0564 0.000150889 0.8571
6.5 13500.0 0.6193 -0.1643 0.1444 -0.0708 0.000159604 0.9076
6.5 14000.0 0.6206 -0.1891 0.1666 -0.0778 0.000168402 0.954
6.5 14500.0 0.6208 -0.2114 0.1884 -0.0854 0.000177303 0.9967
6.5 15000.0 0.6202 -0.2311 0.2078 -0.092 0.000186306 1.0362
6.5 15500.0 0.6177 -0.245 0.2214 -0.0966 0.000195419 1.0729
6.5 16000.0 0.617 -0.2623 0.2385 -0.1025 0.000204642 1.1069
6.5 16500.0 0.6166 -0.279 0.2549 -0.1081 0.000213984 1.1387
6.5 17000.0 0.6167 -0.2962 0.2719 -0.114 0.000223442 1.1683
6.5 20000.0 0.6548 -0.4738 0.4493 -0.1766 0.000282986 1.3113
6.5 25000.0 0.8371 -0.9793 0.9391 -0.3482 0.000396907 1.466
6.5 30000.0 0.8336 -0.9636 0.8519 -0.2988 0.000549502 1.5646
6.5 35000.0 0.5906 -0.5446 0.4405 -0.1506 0.000723603 1.6327
6.5 40000.0 0.4904 -0.4599 0.3986 -0.1436 0.000860167 1.6825
6.5 45000.0 0.47 -0.5164 0.4866 -0.1812 0.000972737 1.7205
6.5 50000.0 0.4807 -0.6187 0.6111 -0.2298 0.00107639 1.7505
6.5 55000.0 0.5043 -0.7289 0.7351 -0.2767 0.00117054 1.7746
6.5 60000.0 0.5345 -0.8409 0.8562 -0.3218 0.00125995 1.7945
6.5 65000.0 0.2647 -0.0316 0.0174 -0.0151 0.00151888 1.8112
6.5 70000.0 0.2732 -0.0967 0.0952 -0.0451 0.00161123 1.8254
6.5 75000.0 0.2887 -0.1711 0.1797 -0.0771 0.00170291 1.8376
6.5 80000.0 0.3091 -0.2505 0.2665 -0.1094 0.00179433 1.8482
6.5 85000.0 0.3337 -0.3349 0.3571 -0.143 0.00188568 1.8575
6.5 90000.0 0.3606 -0.4194 0.4454 -0.1752 0.00197727 1.8658
6.5 100000.0 0.4155 -0.5841 0.6164 -0.2376 0.00216198 1.8797
6.75 3750.0 1.6432 -1.8764 1.4339 -0.4533 2.58627e-06 -3.1919
6.75 4000.0 1.7574 -2.2508 1.8524 -0.6148 3.20357e-06 -2.8106
6.75 4250.0 1.8025 -2.4251 2.0528 -0.693 4.05493e-06 -2.4756
6.75 4500.0 1.81 -2.4781 2.1201 -0.7202 5.19818e-06 -2.1793
6.75 4750.0 1.8399 -2.516 2.1464 -0.7266 6.66378e-06 -1.9156
6.75 5000.0 1.5511 -1.7035 1.2718 -0.3944 8.8637e-06 -1.6797
6.75 5250.0 1.3507 -1.1452 0.6971 -0.1821 1.10151e-05 -1.4677
6.75 5500.0 1.0111 -0.2557 -0.186 0.1355 1.34308e-05 -1.2763
6.75 5750.0 0.5928 0.7833 -1.1801 0.4809 1.61024e-05 -1.1027
6.75 6000.0 0.2117 1.6671 -1.9775 0.742 1.90015e-05 -0.9448
6.75 6250.0 -0.0289 2.1449 -2.338 0.8377 2.21146e-05 -0.8007
6.75 6500.0 -0.1443 2.3023 -2.3841 0.8233 2.54446e-05 -0.6687
6.75 7000.0 -0.1729 2.1531 -2.067 0.6647 3.28052e-05 -0.4356
6.75 7500.0 -0.1323 1.9105 -1.7223 0.5123 4.11908e-05 -0.2369
6.75 8000.0 -0.1027 1.779 -1.5498 0.4339 5.07211e-05 -0.0657
6.75 8500.0 -0.1074 1.8272 -1.6312 0.4631 6.14239e-05 0.083
6.75 9000.0 -0.1028 1.9357 -1.851 0.5635 7.32392e-05 0.2131
6.75 9500.0 -0.008 1.8118 -1.8536 0.5957 8.58382e-05 0.3278
6.75 10000.0 0.1472 1.4202 -1.5077 0.4881 9.82718e-05 0.4295
6.75 10500.0 0.2725 1.0269 -1.0937 0.3436 0.000109507 0.5203
6.75 11000.0 0.4137 0.5262 -0.5358 0.1462 0.000118019 0.6017
6.75 11500.0 0.5275 0.1386 -0.1292 0.0141 0.000125681 0.6751
6.75 12000.0 0.5829 -0.0372 0.0476 -0.0444 0.00013423 0.7416
6.75 12500.0 0.6033 -0.0937 0.0895 -0.0557 0.00014294 0.802
6.75 13000.0 0.6145 -0.1308 0.1134 -0.0609 0.000151634 0.8571
6.75 13500.0 0.6217 -0.1638 0.1387 -0.0678 0.000160385 0.9076
6.75 14000.0 0.625 -0.1918 0.1635 -0.0756 0.000169192 0.954
6.75 14500.0 0.6252 -0.2133 0.1836 -0.0822 0.000178096 0.9967
6.75 15000.0 0.6245 -0.2329 0.2032 -0.089 0.000187112 1.0362
6.75 15500.0 0.6232 -0.2497 0.22 -0.0948 0.000196236 1.0729
6.75 16000.0 0.6217 -0.2652 0.2354 -0.1001 0.000205477 1.1069
6.75 16500.0 0.6213 -0.2822 0.2522 -0.1059 0.000214839 1.1387
6.75 17000.0 0.6208 -0.2982 0.2682 -0.1115 0.00022432 1.1683
6.75 20000.0 0.6573 -0.4721 0.4424 -0.173 0.000284027 1.3113
6.75 25000.0 0.8347 -0.9685 0.924 -0.3418 0.00039819 1.466
6.75 30000.0 0.806 -0.8997 0.7856 -0.2741 0.000550786 1.5646
6.75 35000.0 0.5685 -0.4958 0.391 -0.1324 0.00072321 1.6327
6.75 40000.0 0.4554 -0.3806 0.3183 -0.1142 0.000858267 1.6825
6.75 45000.0 0.4223 -0.4081 0.3773 -0.1411 0.000969486 1.7205
6.75 50000.0 0.4227 -0.4872 0.4788 -0.1816 0.00107166 1.7505
6.75 55000.0 0.4364 -0.5782 0.5855 -0.2225 0.00116524 1.7746
6.75 60000.0 0.4586 -0.6706 0.6865 -0.2601 0.00125109 1.7945
7.0 3750.0 1.6773 -1.9609 1.5269 -0.4892 2.66789e-06 -3.1919
7.0 4000.0 1.7734 -2.2836 1.8883 -0.6287 3.2801e-06 -2.8106
7.0 4250.0 1.8136 -2.4443 2.0726 -0.7005 4.11552e-06 -2.4756
7.0 4500.0 1.8163 -2.4893 2.1307 -0.7241 5.24035e-06 -2.1793
7.0 4750.0 1.8512 -2.5806 2.2312 -0.7624 6.68653e-06 -1.9156
7.0 5000.0 1.5831 -1.7997 1.3722 -0.4318 8.90099e-06 -1.6797
7.0 5250.0 1.4051 -1.3043 0.8591 -0.2418 1.10566e-05 -1.4677
7.0 5500.0 1.1422 -0.5975 0.1466 0.0175 1.34713e-05 -1.2763
7.0 5750.0 0.7568 0.3758 -0.7976 0.3501 1.6137e-05 -1.1027
7.0 6000.0 0.3626 1.3145 -1.6666 0.6424 1.9035e-05 -0.9448
7.0 6250.0 0.0698 1.9432 -2.1903 0.8 2.21477e-05 -0.8007
7.0 6500.0 -0.0866 2.2063 -2.3412 0.8226 2.54708e-05 -0.6687
7.0 7000.0 -0.1587 2.1705 -2.1379 0.7042 3.27878e-05 -0.4356
7.0 7500.0 -0.1304 1.9697 -1.8464 0.574 4.10831e-05 -0.2369
7.0 8000.0 -0.1049 1.8554 -1.7 0.508 5.04674e-05 -0.0657
7.0 8500.0 -0.1013 1.878 -1.754 0.5279 6.10034e-05 0.083
7.0 9000.0 -0.0952 1.9663 -1.9388 0.6121 7.26289e-05 0.2131
7.0 9500.0 -0.023 1.9014 -1.9968 0.6619 8.5106e-05 0.3278
7.0 10000.0 0.1281 1.5391 -1.6932 0.5712 9.77531e-05 0.4295
7.0 10500.0 0.2536 1.1656 -1.313 0.4395 0.000109508 0.5203
7.0 11000.0 0.3604 0.7801 -0.8733 0.2792 0.000119588 0.6017
7.0 11500.0 0.4773 0.3463 -0.3859 0.1079 0.000127069 0.6751
7.0 12000.0 0.5658 0.0368 -0.052 -0.0049 0.000135026 0.7416
7.0 12500.0 0.6059 -0.0954 0.0843 -0.0522 0.000143693 0.802
7.0 13000.0 0.6208 -0.1434 0.1226 -0.0636 0.000152447 0.8571
7.0 13500.0 0.6285 -0.1756 0.1463 -0.0698 0.000161189 0.9076
7.0 14000.0 0.6332 -0.2038 0.1694 -0.0765 0.000170032 0.954
7.0 14500.0 0.6328 -0.2227 0.186 -0.0815 0.000178968 0.9967
7.0 15000.0 0.6315 -0.2402 0.2032 -0.0875 0.000187993 1.0362
7.0 15500.0 0.6319 -0.2612 0.2244 -0.0949 0.000197128 1.0729
7.0 16000.0 0.6305 -0.277 0.2404 -0.1005 0.000206386 1.1069
7.0 16500.0 0.6299 -0.2937 0.2573 -0.1064 0.000215763 1.1387
7.0 17000.0 0.6278 -0.3056 0.2688 -0.1102 0.000225273 1.1683
7.0 20000.0 0.6659 -0.4841 0.4486 -0.1741 0.000285165 1.3113
7.0 25000.0 0.8368 -0.9672 0.918 -0.3386 0.000399678 1.466
7.0 30000.0 0.8145 -0.9205 0.8052 -0.281 0.000552403 1.5646
7.0 35000.0 0.5503 -0.4553 0.3498 -0.1172 0.000723312 1.6327
7.0 40000.0 0.4283 -0.3185 0.2552 -0.091 0.000856941 1.6825
7.0 45000.0 0.3878 -0.3286 0.2965 -0.1114 0.000966947 1.7205
7.0 50000.0 0.3788 -0.3862 0.3765 -0.144 0.00106739 1.7505
7.0 55000.0 0.3856 -0.4587 0.4637 -0.1778 0.00115704 1.7746
7.0 60000.0 0.4 -0.5364 0.5515 -0.2108 0.00124256 1.7945
7.0 65000.0 0.1473 0.2592 -0.2866 0.0982 0.00149565 1.8112
7.0 70000.0 0.1298 0.2537 -0.2676 0.0893 0.00158249 1.8254
7.0 75000.0 0.12 0.2355 -0.238 0.0769 0.00166818 1.8376
7.0 80000.0 0.1162 0.208 -0.2007 0.062 0.00175321 1.8482
7.0 85000.0 0.1172 0.174 -0.1586 0.0456 0.00183793 1.8575
7.0 90000.0 0.1221 0.1342 -0.1118 0.0278 0.00192244 1.8658
7.0 100000.0 0.1352 0.053 -0.0183 -0.0077 0.00209188 1.8797
7.25 3750.0 1.7106 -2.041 1.6146 -0.5229 2.75229e-06 -3.1919
7.25 4000.0 1.7889 -2.3146 1.9223 -0.6419 3.36276e-06 -2.8106
7.25 4250.0 1.8237 -2.4595 2.0882 -0.7064 4.18327e-06 -2.4756
7.25 4500.0 1.8244 -2.5025 2.1435 -0.7287 5.28959e-06 -2.1793
7.25 4750.0 1.8292 -2.5321 2.1825 -0.7447 6.71372e-06 -1.9156
7.25 5000.0 1.6196 -1.9015 1.4777 -0.4709 8.94042e-06 -1.6797
7.25 5250.0 1.4677 -1.4787 1.0373 -0.3072 1.11054e-05 -1.4677
7.25 5500.0 1.2342 -0.8471 0.3936 -0.0714 1.35183e-05 -1.2763
7.25 5750.0 0.9061 -0.0017 -0.4384 0.2255 1.6182e-05 -1.1027
7.25 6000.0 0.5216 0.9343 -1.3222 0.5289 1.90808e-05 -0.9448
7.25 6250.0 0.1892 1.684 -1.982 0.7399 2.21923e-05 -0.8007
7.25 6500.0 -0.017 2.0802 -2.2683 0.8114 2.55109e-05 -0.6687
7.25 7000.0 -0.1429 2.1756 -2.1886 0.7346 3.27936e-05 -0.4356
7.25 7500.0 -0.1268 2.0071 -1.9322 0.6177 4.1006e-05 -0.2369
7.25 8000.0 -0.1001 1.8962 -1.7979 0.559 5.02505e-05 -0.0657
7.25 8500.0 -0.0907 1.9062 -1.844 0.5783 6.05994e-05 0.083
7.25 9000.0 -0.078 1.9715 -2.001 0.6518 7.20464e-05 0.2131
7.25 9500.0 -0.0115 1.9186 -2.0657 0.7021 8.43856e-05 0.3278
7.25 10000.0 0.1269 1.6085 -1.8272 0.6366 9.71064e-05 0.4295
7.25 10500.0 0.2595 1.2288 -1.451 0.5073 0.000109235 0.5203
7.25 11000.0 0.3515 0.9153 -1.1031 0.381 0.000120253 0.6017
7.25 11500.0 0.4418 0.552 -0.6709 0.2206 0.000128979 0.6751
7.25 12000.0 0.5349 0.193 -0.2632 0.0772 0.00013625 0.7416
7.25 12500.0 0.6018 -0.0537 0.0139 -0.021 0.000144473 0.802
7.25 13000.0 0.6315 -0.1619 0.1316 -0.0643 0.000153226 0.8571
7.25 13500.0 0.6413 -0.2022 0.1676 -0.0762 0.000162043 0.9076
7.25 14000.0 0.6452 -0.2273 0.1877 -0.0821 0.000170891 0.954
7.25 14500.0 0.6476 -0.2506 0.2077 -0.0881 0.000179855 0.9967
7.25 15000.0 0.6485 -0.2721 0.2282 -0.095 0.000188885 1.0362
7.25 15500.0 0.6455 -0.2844 0.2404 -0.0991 0.000198035 1.0729
7.25 16000.0 0.6435 -0.2989 0.2551 -0.1042 0.000207306 1.1069
7.25 16500.0 0.6414 -0.3117 0.2681 -0.1087 0.000216702 1.1387
7.25 17000.0 0.6418 -0.3299 0.2864 -0.1151 0.000226228 1.1683
7.25 20000.0 0.6765 -0.5003 0.4586 -0.1763 0.000286308 1.3113
7.25 25000.0 0.8409 -0.9702 0.9161 -0.3368 0.000401248 1.466
7.25 30000.0 0.8086 -0.9069 0.7896 -0.2749 0.00055425 1.5646
7.25 35000.0 0.5429 -0.4394 0.3333 -0.111 0.000723679 1.6327
7.25 40000.0 0.4121 -0.2806 0.2159 -0.0763 0.00085593 1.6825
7.25 45000.0 0.3625 -0.2691 0.2354 -0.0888 0.000964775 1.7205
7.25 50000.0 0.3469 -0.3099 0.2979 -0.1149 0.00106307 1.7505
7.25 55000.0 0.3481 -0.3705 0.3737 -0.1446 0.00115163 1.7746
7.25 60000.0 0.3568 -0.436 0.4499 -0.1737 0.00123699 1.7945
7.5 3750.0 1.7405 -2.1094 1.6889 -0.5514 2.84043e-06 -3.1919
7.5 4000.0 1.8033 -2.3419 1.9524 -0.6537 3.45163e-06 -2.8106
7.5 4250.0 1.8328 -2.4712 2.1002 -0.711 4.25891e-06 -2.4756
7.5 4500.0 1.832 -2.5121 2.1524 -0.732 5.34676e-06 -2.1793
7.5 4750.0 1.8308 -2.5332 2.1826 -0.7446 6.74834e-06 -1.9156
7.5 5000.0 1.6561 -1.9992 1.5787 -0.5084 8.98538e-06 -1.6797
7.5 5250.0 1.5024 -1.5811 1.1434 -0.3465 1.11569e-05 -1.4677
7.5 5500.0 1.3179 -1.0739 0.6205 -0.1536 1.35792e-05 -1.2763
7.5 5750.0 1.0355 -0.336 -0.1149 0.1113 1.62395e-05 -1.1027
7.5 6000.0 0.6795 0.548 -0.964 0.4078 1.91388e-05 -0.9448
7.5 6250.0 0.3279 1.3692 -1.7132 0.6566 2.22518e-05 -0.8007
7.5 6500.0 0.0724 1.9028 -2.145 0.7825 2.5571e-05 -0.6687
7.5 7000.0 -0.1158 2.1462 -2.2003 0.7499 3.28178e-05 -0.4356
7.5 7500.0 -0.1218 2.0265 -1.9864 0.6465 4.09657e-05 -0.2369
7.5 8000.0 -0.0915 1.9094 -1.8519 0.5901 5.0087e-05 -0.0657
7.5 8500.0 -0.0746 1.9042 -1.8889 0.6085 6.02763e-05 0.083
7.5 9000.0 -0.0518 1.9442 -2.0222 0.6748 7.15271e-05 0.2131
7.5 9500.0 0.0107 1.9031 -2.0984 0.7289 8.36973e-05 0.3278
7.5 10000.0 0.1499 1.6047 -1.8795 0.6716 9.64239e-05 0.4295
7.5 10500.0 0.2907 1.2138 -1.5014 0.543 0.000108844 0.5203
7.5 11000.0 0.3841 0.9159 -1.1841 0.4293 0.000120313 0.6017
7.5 11500.0 0.4549 0.6385 -0.8542 0.3056 0.000130547 0.6751
7.5 12000.0 0.5236 0.3309 -0.4783 0.1651 0.00013822 0.7416
7.5 12500.0 0.5922 0.0455 -0.1445 0.0457 0.000145635 0.802
7.5 13000.0 0.6415 -0.154 0.0916 -0.0424 0.000154063 0.8571
7.5 13500.0 0.6608 -0.2392 0.1918 -0.0815 0.000162904 0.9076
7.5 14000.0 0.6654 -0.2711 0.2249 -0.0938 0.000171817 0.954
7.5 14500.0 0.6653 -0.2881 0.2397 -0.0986 0.000180759 0.9967
7.5 15000.0 0.6636 -0.3013 0.2505 -0.1017 0.000189737 1.0362
7.5 15500.0 0.6561 -0.3014 0.2499 -0.1008 0.000199026 1.0729
7.5 16000.0 0.6528 -0.3125 0.2613 -0.1048 0.000208313 1.1069
7.5 16500.0 0.653 -0.331 0.2802 -0.1115 0.000217723 1.1387
7.5 17000.0 0.6532 -0.3483 0.2979 -0.1177 0.000227268 1.1683
7.5 20000.0 0.6906 -0.5253 0.4775 -0.1818 0.000287534 1.3113
7.5 25000.0 0.8516 -0.9886 0.9296 -0.3407 0.000402979 1.466
7.5 30000.0 0.8047 -0.8978 0.7789 -0.2706 0.00055639 1.5646
7.5 35000.0 0.5329 -0.4172 0.3102 -0.1024 0.000724409 1.6327
7.5 40000.0 0.3991 -0.2497 0.1835 -0.0641 0.000855339 1.6825
7.5 45000.0 0.3413 -0.2177 0.1817 -0.0687 0.000963142 1.7205
7.5 50000.0 0.3242 -0.2554 0.2415 -0.0939 0.00106033 1.7505
7.5 55000.0 0.3203 -0.3042 0.3055 -0.1195 0.0011482 1.7746
7.5 60000.0 0.3244 -0.3582 0.3698 -0.1441 0.00123027 1.7945
7.5 65000.0 0.0047 0.4798 -0.491 0.172 0.00139574 1.8112
7.5 70000.0 -0.0233 0.5037 -0.5045 0.1754 0.00147549 1.8254
7.5 75000.0 -0.0453 0.5184 -0.5105 0.1765 0.00155352 1.8376
7.5 80000.0 -0.0625 0.5263 -0.5111 0.1759 0.00163007 1.8482
7.5 85000.0 -0.0748 0.5257 -0.5039 0.1724 0.00170651 1.8575
7.5 90000.0 -0.0834 0.5193 -0.4915 0.1671 0.0017823 1.8658
7.5 100000.0 -0.0987 0.5067 -0.4683 0.1574 0.00193355 1.8797
7.75 3750.0 1.7729 -2.1834 1.7692 -0.5822 2.93077e-06 -3.1919
7.75 4000.0 1.8184 -2.3701 1.9834 -0.6657 3.5465e-06 -2.8106
7.75 4250.0 1.8411 -2.48 2.1091 -0.7145 4.34238e-06 -2.4756
7.75 4500.0 1.839 -2.5188 2.1583 -0.734 5.41236e-06 -2.1793
7.75 4750.0 1.8352 -2.5384 2.1868 -0.746 6.79105e-06 -1.9156
7.75 5000.0 1.6978 -2.1069 1.69 -0.5497 9.03505e-06 -1.6797
7.75 5250.0 1.5264 -1.6532 1.218 -0.3742 1.1209e-05 -1.4677
7.75 5500.0 1.3678 -1.2181 0.7681 -0.2079 1.36455e-05 -1.2763
7.75 5750.0 1.1395 -0.6113 0.1557 0.0146 1.63145e-05 -1.1027
7.75 6000.0 0.8262 0.1816 -0.6178 0.2884 1.92113e-05 -0.9448
7.75 6250.0 0.4784 1.0144 -1.3954 0.5529 2.23279e-05 -0.8007
7.75 6500.0 0.1893 1.6471 -1.9367 0.7213 2.56434e-05 -0.6687
7.75 7000.0 -0.077 2.0872 -2.183 0.7554 3.28704e-05 -0.4356
7.75 7500.0 -0.106 2.0103 -1.9979 0.6585 4.09472e-05 -0.2369
7.75 8000.0 -0.0826 1.9059 -1.8736 0.6055 4.99648e-05 -0.0657
7.75 8500.0 -0.0612 1.891 -1.9053 0.6239 5.99933e-05 0.083
7.75 9000.0 -0.0348 1.9254 -2.0372 0.6912 7.10509e-05 0.2131
7.75 9500.0 0.0456 1.8421 -2.0746 0.7328 8.30554e-05 0.3278
7.75 10000.0 0.1802 1.5722 -1.8952 0.6919 9.57058e-05 0.4295
7.75 10500.0 0.336 1.1525 -1.4967 0.5573 0.000108322 0.5203
7.75 11000.0 0.4453 0.8182 -1.149 0.4333 0.000120154 0.6017
7.75 11500.0 0.5176 0.5646 -0.8614 0.3269 0.00013108 0.6751
7.75 12000.0 0.567 0.3324 -0.5684 0.2145 0.000140407 0.7416
7.75 12500.0 0.6107 0.1003 -0.275 0.1043 0.000147572 0.802
7.75 13000.0 0.6565 -0.1194 -0.0051 0.0048 0.000155199 0.8571
7.75 13500.0 0.6876 -0.2717 0.1888 -0.0712 0.000163783 0.9076
7.75 14000.0 0.6964 -0.335 0.273 -0.1066 0.000172715 0.954
7.75 14500.0 0.6934 -0.3511 0.2951 -0.1164 0.000181741 0.9967
7.75 15000.0 0.6884 -0.3558 0.299 -0.1178 0.000190834 1.0362
7.75 15500.0 0.6834 -0.3611 0.304 -0.1193 0.000199961 1.0729
7.75 16000.0 0.682 -0.3747 0.3174 -0.1238 0.000209355 1.1069
7.75 16500.0 0.679 -0.385 0.3279 -0.1273 0.000218786 1.1387
7.75 17000.0 0.6806 -0.4055 0.3489 -0.1348 0.000228344 1.1683
7.75 20000.0 0.7108 -0.5651 0.5115 -0.1929 0.000288794 1.3113
7.75 25000.0 0.8593 -1.0005 0.9369 -0.3423 0.000404822 1.466
7.75 30000.0 0.8035 -0.895 0.7741 -0.2684 0.000558737 1.5646
7.75 35000.0 0.5284 -0.4079 0.3002 -0.0985 0.00072536 1.6327
7.75 40000.0 0.3913 -0.2307 0.1627 -0.0561 0.000855026 1.6825
7.75 45000.0 0.334 -0.1993 0.1617 -0.0611 0.000961847 1.7205
7.75 50000.0 0.3089 -0.2167 0.2007 -0.0787 0.00105708 1.7505
7.75 55000.0 0.3009 -0.2548 0.2535 -0.1 0.00114297 1.7746
7.75 60000.0 0.3011 -0.3011 0.3103 -0.1219 0.00122633 1.7945
7.75 65000.0 0.1191 0.3597 -0.4068 0.146 0.00147259 1.8112
7.75 70000.0 0.0835 0.3999 -0.4348 0.1543 0.00155378 1.8254
7.75 75000.0 0.0544 0.4294 -0.4538 0.1597 0.00163306 1.8376
7.75 80000.0 0.0303 0.4513 -0.4663 0.1629 0.00171079 1.8482
7.75 85000.0 0.0105 0.4663 -0.4733 0.1644 0.0017883 1.8575
7.75 90000.0 -0.0055 0.475 -0.4748 0.164 0.00186508 1.8658
7.75 100000.0 -0.0348 0.4913 -0.4781 0.1635 0.00201801 1.8797
8.0 3750.0 1.8069 -2.2615 1.8542 -0.6148 3.02915e-06 -3.1919
8.0 4000.0 1.8331 -2.3965 2.0121 -0.6769 3.64705e-06 -2.8106
8.0 4250.0 1.8491 -2.4876 2.117 -0.7176 4.43353e-06 -2.4756
8.0 4500.0 1.8481 -2.5297 2.169 -0.7381 5.48615e-06 -2.1793
8.0 4750.0 1.839 -2.5395 2.1868 -0.746 6.84266e-06 -1.9156
8.0 5000.0 1.747 -2.2323 1.8211 -0.5987 9.09191e-06 -1.6797
8.0 5250.0 1.5653 -1.757 1.3242 -0.4132 1.12656e-05 -1.4677
8.0 5500.0 1.423 -1.3707 0.9242 -0.2652 1.37163e-05 -1.2763
8.0 5750.0 1.2336 -0.8587 0.4002 -0.073 1.63996e-05 -1.1027
8.0 6000.0 0.956 -0.1481 -0.3017 0.1779 1.92999e-05 -0.9448
8.0 6250.0 0.63 0.6469 -1.057 0.4391 2.24174e-05 -0.8007
8.0 6500.0 0.3215 1.3487 -1.6828 0.6428 2.57344e-05 -0.6687
8.0 7000.0 -0.0276 2.0051 -2.1462 0.7549 3.29439e-05 -0.4356
8.0 7500.0 -0.0867 1.9832 -1.9965 0.6654 4.09689e-05 -0.2369
8.0 8000.0 -0.0836 1.9183 -1.9011 0.6198 4.98794e-05 -0.0657
8.0 8500.0 -0.0488 1.8635 -1.8912 0.6239 5.97608e-05 0.083
8.0 9000.0 -0.0151 1.8803 -2.0082 0.6871 7.0632e-05 0.2131
8.0 9500.0 0.0718 1.7875 -2.0421 0.7293 8.24638e-05 0.3278
8.0 10000.0 0.2181 1.5037 -1.8608 0.6907 9.50008e-05 0.4295
8.0 10500.0 0.389 1.0598 -1.4492 0.5539 0.000107746 0.5203
8.0 11000.0 0.5162 0.6806 -1.0607 0.4157 0.000119855 0.6017
8.0 11500.0 0.6053 0.3934 -0.7485 0.3014 0.000131176 0.6751
8.0 12000.0 0.6622 0.1697 -0.4797 0.1991 0.000141612 0.7416
8.0 12500.0 0.6875 -0.0003 -0.2495 0.1091 0.000150102 0.802
8.0 13000.0 0.7064 -0.1547 -0.0415 0.0301 0.000157137 0.8571
8.0 13500.0 0.7276 -0.3034 0.1574 -0.0461 0.000164993 0.9076
8.0 14000.0 0.7413 -0.4114 0.3101 -0.1093 0.000173664 0.954
8.0 14500.0 0.7374 -0.4456 0.3703 -0.1377 0.000182695 0.9967
8.0 15000.0 0.726 -0.4425 0.3771 -0.1431 0.000191866 1.0362
8.0 15500.0 0.714 -0.4308 0.3679 -0.141 0.00020095 1.0729
8.0 16000.0 0.7059 -0.4268 0.3637 -0.1393 0.000210351 1.1069
8.0 16500.0 0.6847 -0.3933 0.33 -0.1267 0.000219924 1.1387
8.0 17000.0 0.7015 -0.4484 0.3855 -0.1467 0.000229486 1.1683
8.0 20000.0 0.7261 -0.5942 0.535 -0.2002 0.000290113 1.3113
8.0 25000.0 0.8705 -1.0207 0.9526 -0.347 0.000406747 1.466
8.0 30000.0 0.8021 -0.8918 0.7692 -0.2663 0.000561267 1.5646
8.0 35000.0 0.5258 -0.403 0.2948 -0.0964 0.0007265 1.6327
8.0 40000.0 0.3869 -0.2198 0.1506 -0.0515 0.000854939 1.6825
8.0 45000.0 0.3269 -0.1807 0.1411 -0.0531 0.000960865 1.7205
8.0 50000.0 0.2988 -0.1903 0.1719 -0.0677 0.00105518 1.7505
8.0 55000.0 0.2879 -0.2214 0.2178 -0.0865 0.00114026 1.7746
8.0 60000.0 0.2851 -0.26 0.2669 -0.1057 0.00122153 1.7945
8.25 3750.0 1.8359 -2.3209 1.9174 -0.6389 3.12821e-06 -3.1919
8.25 4000.0 1.8476 -2.4213 2.0394 -0.6876 3.75358e-06 -2.8106
8.25 4250.0 1.8568 -2.494 2.1238 -0.7203 4.53244e-06 -2.4756
8.25 4500.0 1.856 -2.5361 2.1748 -0.7402 5.56865e-06 -2.1793
8.25 4750.0 1.8392 -2.53 2.1759 -0.7418 6.90432e-06 -1.9156
8.25 5000.0 1.8053 -2.3822 1.9805 -0.6589 9.156e-06 -1.6797
8.25 5250.0 1.5956 -1.8344 1.4024 -0.4418 1.13279e-05 -1.4677
8.25 5500.0 1.4558 -1.4644 1.0208 -0.3008 1.37897e-05 -1.2763
8.25 5750.0 1.2824 -1.0017 0.5478 -0.1276 1.64921e-05 -1.1027
8.25 6000.0 1.0657 -0.4317 -0.0254 0.0799 1.9404e-05 -0.9448
8.25 6250.0 0.7706 0.2991 -0.7299 0.3268 2.25241e-05 -0.8007
8.25 6500.0 0.4628 1.0207 -1.3935 0.5496 2.58433e-05 -0.6687
8.25 7000.0 0.0427 1.8721 -2.0613 0.7381 3.30464e-05 -0.4356
8.25 7500.0 -0.0638 1.9492 -1.9896 0.6708 4.10219e-05 -0.2369
8.25 8000.0 -0.0599 1.8597 -1.8519 0.606 4.98453e-05 -0.0657
8.25 8500.0 -0.0353 1.82 -1.8483 0.6101 5.95765e-05 0.083
8.25 9000.0 -0.0009 1.8324 -1.9598 0.6715 7.02618e-05 0.2131
8.25 9500.0 0.0859 1.7475 -2.0083 0.7207 8.19051e-05 0.3278
8.25 10000.0 0.2428 1.4532 -1.8293 0.6863 9.43066e-05 0.4295
8.25 10500.0 0.4313 0.9855 -1.4105 0.5509 0.000107075 0.5203
8.25 11000.0 0.587 0.5302 -0.9471 0.386 0.000119473 0.6017
8.25 11500.0 0.6956 0.1941 -0.5901 0.2561 0.00013108 0.6751
8.25 12000.0 0.7726 -0.0688 -0.2911 0.1437 0.000142031 0.7416
8.25 12500.0 0.8085 -0.2441 -0.0653 0.0554 0.000152008 0.802
8.25 13000.0 0.8099 -0.343 0.0866 -0.0054 0.000159893 0.8571
8.25 13500.0 0.8067 -0.427 0.217 -0.0562 0.000166957 0.9076
8.25 14000.0 0.8068 -0.5134 0.3511 -0.11 0.000174921 0.954
8.25 14500.0 0.8008 -0.5681 0.4511 -0.1552 0.000183708 0.9967
8.25 15000.0 0.7834 -0.5697 0.4822 -0.1742 0.000192852 1.0362
8.25 15500.0 0.7619 -0.5428 0.4689 -0.1737 0.000202089 1.0729
8.25 16000.0 0.7431 -0.5143 0.4446 -0.1666 0.000211322 1.1069
8.25 16500.0 0.7311 -0.4989 0.4297 -0.1615 0.00022086 1.1387
8.25 17000.0 0.7258 -0.501 0.4322 -0.1622 0.000230716 1.1683
8.25 20000.0 0.7492 -0.6425 0.5782 -0.2147 0.00029145 1.3113
8.25 25000.0 0.8772 -1.0315 0.9593 -0.3486 0.000408739 1.466
8.25 30000.0 0.8013 -0.8901 0.7656 -0.2646 0.000563919 1.5646
8.25 35000.0 0.5256 -0.4041 0.2954 -0.0965 0.00072775 1.6327
8.25 40000.0 0.3773 -0.1981 0.1284 -0.0433 0.000855044 1.6825
8.25 45000.0 0.3236 -0.1707 0.1292 -0.0484 0.000960105 1.7205
8.25 50000.0 0.2938 -0.1756 0.1552 -0.0612 0.00105309 1.7505
8.25 55000.0 0.2798 -0.199 0.1929 -0.0769 0.00113794 1.7746
8.25 60000.0 0.2747 -0.2314 0.2358 -0.0939 0.00121705 1.7945
8.25 65000.0 0.1501 0.3039 -0.3593 0.1305 0.00146162 1.8112
8.25 70000.0 0.112 0.3531 -0.3976 0.1428 0.00154037 1.8254
8.25 75000.0 0.0795 0.3935 -0.4285 0.1527 0.00161708 1.8376
8.25 80000.0 0.0516 0.4265 -0.453 0.1604 0.00169209 1.8482
8.25 85000.0 0.0271 0.4549 -0.4743 0.1672 0.00176585 1.8575
8.25 90000.0 0.0057 0.4784 -0.4914 0.1726 0.00183929 1.8658
8.25 100000.0 -0.0336 0.5213 -0.5224 0.1823 0.00198454 1.8797
8.5 3750.0 1.8694 -2.3916 1.9921 -0.6672 3.23205e-06 -3.1919
8.5 4000.0 1.8626 -2.4465 2.0666 -0.6982 3.86647e-06 -2.8106
8.5 4250.0 1.8643 -2.4994 2.1296 -0.7227 4.63939e-06 -2.4756
8.5 4500.0 1.8627 -2.5389 2.177 -0.7411 5.66083e-06 -2.1793
8.5 4750.0 1.8444 -2.5311 2.176 -0.7418 6.97536e-06 -1.9156
8.5 5000.0 1.7939 -2.3317 1.9174 -0.6331 9.22431e-06 -1.6797
8.5 5250.0 1.6361 -1.9344 1.5041 -0.4792 1.13969e-05 -1.4677
8.5 5500.0 1.4863 -1.547 1.1045 -0.3314 1.38665e-05 -1.2763
8.5 5750.0 1.3491 -1.1788 0.7261 -0.1922 1.65908e-05 -1.1027
8.5 6000.0 1.158 -0.6732 0.2129 -0.0053 1.95243e-05 -0.9448
8.5 6250.0 0.8957 -0.0143 -0.4318 0.2232 2.26552e-05 -0.8007
8.5 6500.0 0.6052 0.6821 -1.0864 0.4477 2.5975e-05 -0.6687
8.5 7000.0 0.1333 1.6883 -1.9272 0.704 3.31723e-05 -0.4356
8.5 7500.0 -0.0357 1.9088 -1.9821 0.6773 4.11068e-05 -0.2369
8.5 8000.0 -0.0445 1.8241 -1.8256 0.5999 4.98507e-05 -0.0657
8.5 8500.0 -0.0193 1.7638 -1.7862 0.5878 5.94475e-05 0.083
8.5 9000.0 0.0104 1.7783 -1.8917 0.645 6.99526e-05 0.2131
8.5 9500.0 0.0916 1.7111 -1.9609 0.7025 8.13969e-05 0.3278
8.5 10000.0 0.2472 1.4394 -1.8196 0.6853 9.36394e-05 0.4295
8.5 10500.0 0.4569 0.9409 -1.3885 0.5503 0.000106385 0.5203
8.5 11000.0 0.6375 0.4301 -0.8785 0.3709 0.000118982 0.6017
8.5 11500.0 0.7742 0.0121 -0.4365 0.2095 0.000130897 0.6751
8.5 12000.0 0.8735 -0.3048 -0.0887 0.0801 0.000142155 0.7416
8.5 12500.0 0.9309 -0.5241 0.1742 -0.0214 0.000152836 0.802
8.5 13000.0 0.9431 -0.635 0.3332 -0.0854 0.00016241 0.8571
8.5 13500.0 0.9253 -0.6725 0.4157 -0.1202 0.000169956 0.9076
8.5 14000.0 0.9035 -0.6949 0.477 -0.1455 0.000177086 0.954
8.5 14500.0 0.8846 -0.7213 0.5458 -0.1756 0.000185095 0.9967
8.5 15000.0 0.8618 -0.7301 0.599 -0.204 0.000193969 1.0362
8.5 15500.0 0.8324 -0.7006 0.6005 -0.2128 0.000203229 1.0729
8.5 16000.0 0.8009 -0.6497 0.5668 -0.2061 0.000212668 1.1069
8.5 16500.0 0.7751 -0.6037 0.528 -0.1948 0.000222118 1.1387
8.5 17000.0 0.7593 -0.5784 0.5043 -0.1869 0.000231771 1.1683
8.5 20000.0 0.7726 -0.6919 0.622 -0.2293 0.000292851 1.3113
8.5 25000.0 0.8924 -1.0606 0.9834 -0.3562 0.000410778 1.466
8.5 30000.0 0.7952 -0.8776 0.7521 -0.2596 0.000566735 1.5646
8.5 35000.0 0.526 -0.4066 0.2976 -0.0972 0.00072912 1.6327
8.5 40000.0 0.3902 -0.226 0.1543 -0.0522 0.00085519 1.6825
8.5 45000.0 0.3232 -0.168 0.1248 -0.0464 0.000959556 1.7205
8.5 50000.0 0.292 -0.1671 0.1438 -0.0564 0.00105035 1.7505
8.5 55000.0 0.2763 -0.1863 0.1777 -0.0709 0.00113432 1.7746
8.5 60000.0 0.268 -0.2126 0.2146 -0.0856 0.00121508 1.7945
8.5 65000.0 0.1714 0.2605 -0.3188 0.1164 0.00145741 1.8112
8.5 70000.0 0.134 0.3094 -0.3571 0.1287 0.00153492 1.8254
8.5 75000.0 0.1014 0.3513 -0.3901 0.1394 0.00161048 1.8376
8.5 80000.0 0.0732 0.3861 -0.4169 0.1481 0.0016846 1.8482
8.5 85000.0 0.0485 0.416 -0.44 0.1555 0.00175765 1.8575
8.5 90000.0 0.0266 0.4419 -0.4599 0.1621 0.00182985 1.8658
8.5 100000.0 -0.0142 0.4905 -0.4975 0.1743 0.00197262 1.8797
8.75 3750.0 1.902 -2.4571 2.0608 -0.6931 3.34151e-06 -3.1919
8.75 4000.0 1.8783 -2.472 2.0939 -0.7087 3.98588e-06 -2.8106
8.75 4250.0 1.8718 -2.5034 2.1333 -0.7242 4.75441e-06 -2.4756
8.75 4500.0 1.8685 -2.5391 2.1767 -0.741 5.76236e-06 -2.1793
8.75 4750.0 1.8535 -2.5402 2.1844 -0.745 7.05584e-06 -1.9156
8.75 5000.0 1.8598 -2.499 2.0971 -0.7015 9.30597e-06 -1.6797
8.75 5250.0 1.6789 -2.037 1.6084 -0.5175 1.14736e-05 -1.4677
8.75 5500.0 1.5172 -1.6256 1.1831 -0.3599 1.39485e-05 -1.2763
8.75 5750.0 1.3718 -1.2494 0.8008 -0.2203 1.66911e-05 -1.1027
8.75 6000.0 1.2097 -0.822 0.3667 -0.0622 1.96512e-05 -0.9448
8.75 6250.0 0.9994 -0.2817 -0.1712 0.1309 2.27993e-05 -0.8007
8.75 6500.0 0.7387 0.3574 -0.7847 0.345 2.61315e-05 -0.6687
8.75 7000.0 0.2394 1.466 -1.7551 0.6562 3.33275e-05 -0.4356
8.75 7500.0 0.013 1.8214 -1.9332 0.6709 4.12328e-05 -0.2369
8.75 8000.0 -0.0214 1.7727 -1.7867 0.5902 4.98911e-05 -0.0657
8.75 8500.0 -0.0005 1.6989 -1.7135 0.5611 5.93702e-05 0.083
8.75 9000.0 0.0265 1.7033 -1.795 0.6063 6.97188e-05 0.2131
8.75 9500.0 0.0938 1.6674 -1.8909 0.6719 8.09405e-05 0.3278
8.75 10000.0 0.2334 1.4549 -1.8225 0.6841 9.2998e-05 0.4295
8.75 10500.0 0.4535 0.9602 -1.4184 0.5646 0.000105668 0.5203
8.75 11000.0 0.6649 0.3835 -0.855 0.3693 0.000118417 0.6017
8.75 11500.0 0.8251 -0.0968 -0.3539 0.1876 0.000130606 0.6751
8.75 12000.0 0.9512 -0.4914 0.0747 0.0282 0.000142153 0.7416
8.75 12500.0 1.0321 -0.7679 0.3903 -0.092 0.0001532 0.802
8.75 13000.0 1.0652 -0.9243 0.5906 -0.1714 0.000163678 0.8571
8.75 13500.0 1.0557 -0.9739 0.6843 -0.2114 0.000172962 0.9076
8.75 14000.0 1.0251 -0.9629 0.7087 -0.2239 0.000180371 0.954
8.75 14500.0 0.9901 -0.9382 0.7162 -0.2292 0.000187546 0.9967
8.75 15000.0 0.9568 -0.918 0.7326 -0.2398 0.000195615 1.0362
8.75 15500.0 0.9212 -0.8862 0.7406 -0.2508 0.000204463 1.0729
8.75 16000.0 0.882 -0.8325 0.7202 -0.2522 0.000213764 1.1069
8.75 16500.0 0.843 -0.7629 0.6704 -0.2406 0.000223213 1.1387
8.75 17000.0 0.8041 -0.6837 0.6012 -0.2195 0.000232791 1.1683
8.75 20000.0 0.7971 -0.7447 0.6695 -0.2454 0.000294294 1.3113
8.75 25000.0 0.9044 -1.083 1.0008 -0.3614 0.000412872 1.466
8.75 30000.0 0.7975 -0.8829 0.7551 -0.2602 0.000569579 1.5646
8.75 35000.0 0.5276 -0.4125 0.3033 -0.0993 0.000730533 1.6327
8.75 40000.0 0.3924 -0.2309 0.1582 -0.0533 0.000855473 1.6825
8.75 45000.0 0.3252 -0.1712 0.1265 -0.0466 0.000959135 1.7205
8.75 50000.0 0.2932 -0.1671 0.1419 -0.0553 0.00104871 1.7505
8.75 55000.0 0.2754 -0.18 0.1685 -0.0669 0.00113171 1.7746
8.75 60000.0 0.2667 -0.2035 0.2023 -0.0805 0.00121015 1.7945
9.0 3750.0 1.936 -2.5237 2.1287 -0.7185 3.45172e-06 -3.1919
9.0 4000.0 1.8944 -2.4964 2.1192 -0.7184 4.11228e-06 -2.8106
9.0 4250.0 1.88 -2.5086 2.1388 -0.7265 4.8775e-06 -2.4756
9.0 4500.0 1.8741 -2.538 2.1753 -0.7407 5.87388e-06 -2.1793
9.0 4750.0 1.8568 -2.5342 2.1774 -0.7425 7.1528e-06 -1.9156
9.0 5000.0 1.8884 -2.5586 2.1571 -0.7235 9.3988e-06 -1.6797
9.0 5250.0 1.7313 -2.163 1.7385 -0.5658 1.15594e-05 -1.4677
9.0 5500.0 1.5462 -1.6947 1.2513 -0.3844 1.40365e-05 -1.2763
9.0 5750.0 1.4072 -1.3424 0.8942 -0.2541 1.67957e-05 -1.1027
9.0 6000.0 1.259 -0.9566 0.5038 -0.1124 1.97853e-05 -0.9448
9.0 6250.0 1.0919 -0.5175 0.0587 0.0495 2.2962e-05 -0.8007
9.0 6500.0 0.8563 0.0632 -0.5041 0.2475 2.63091e-05 -0.6687
9.0 7000.0 0.3625 1.193 -1.5263 0.5862 3.3516e-05 -0.4356
9.0 7500.0 0.0695 1.7234 -1.8818 0.6655 4.13995e-05 -0.2369
9.0 8000.0 0.0059 1.7189 -1.7524 0.584 4.99895e-05 -0.0657
9.0 8500.0 0.022 1.6269 -1.6355 0.533 5.93543e-05 0.083
9.0 9000.0 0.0488 1.6086 -1.6752 0.5585 6.95311e-05 0.2131
9.0 9500.0 0.0935 1.6195 -1.8068 0.6335 8.05466e-05 0.3278
9.0 10000.0 0.2107 1.4752 -1.8141 0.6744 9.24236e-05 0.4295
9.0 10500.0 0.4253 1.027 -1.4806 0.5861 0.000104968 0.5203
9.0 11000.0 0.6624 0.4086 -0.8951 0.3881 0.000117799 0.6017
9.0 11500.0 0.8492 -0.1419 -0.3275 0.1836 0.00013025 0.6751
9.0 12000.0 0.9976 -0.5972 0.1599 0.0035 0.000142059 0.7416
9.0 12500.0 1.1034 -0.9409 0.5424 -0.141 0.000153382 0.802
9.0 13000.0 1.1594 -1.1557 0.7994 -0.2412 0.000164313 0.8571
9.0 13500.0 1.1687 -1.2479 0.9335 -0.2966 0.000174666 0.9076
9.0 14000.0 1.145 -1.2491 0.971 -0.3151 0.000183795 0.954
9.0 14500.0 1.1085 -1.2093 0.9585 -0.313 0.000191173 0.9967
9.0 15000.0 1.0635 -1.1473 0.9227 -0.3022 0.000198391 1.0362
9.0 15500.0 1.0204 -1.0913 0.897 -0.2966 0.000206446 1.0729
9.0 16000.0 0.9763 -1.0306 0.8711 -0.294 0.000215218 1.1069
9.0 16500.0 0.9302 -0.957 0.8298 -0.2874 0.000224591 1.1387
9.0 17000.0 0.8852 -0.8743 0.7696 -0.2725 0.000234088 1.1683
9.0 20000.0 0.823 -0.8021 0.722 -0.2632 0.000295799 1.3113
9.0 25000.0 0.9118 -1.098 1.0119 -0.3646 0.000414859 1.466
9.0 30000.0 0.7982 -0.886 0.756 -0.2601 0.000572277 1.5646
9.0 35000.0 0.5332 -0.4266 0.3165 -0.1038 0.000731981 1.6327
9.0 40000.0 0.3952 -0.2387 0.1653 -0.0558 0.000855629 1.6825
9.0 45000.0 0.3302 -0.1818 0.1354 -0.0495 0.00095865 1.7205
9.0 50000.0 0.2963 -0.1718 0.1444 -0.0557 0.00104706 1.7505
9.0 55000.0 0.2774 -0.1814 0.1675 -0.066 0.0011294 1.7746
9.0 60000.0 0.2673 -0.2009 0.1972 -0.0781 0.00120651 1.7945
9.0 65000.0 0.2155 0.1665 -0.2289 0.0845 0.00145 1.8112
9.0 70000.0 0.1799 0.2132 -0.266 0.0966 0.00152591 1.8254
9.0 75000.0 0.1493 0.2522 -0.2965 0.1064 0.00159975 1.8376
9.0 80000.0 0.1224 0.2858 -0.3228 0.115 0.00167197 1.8482
9.0 85000.0 0.099 0.314 -0.3444 0.122 0.00174297 1.8575
9.0 90000.0 0.0774 0.3411 -0.3663 0.1294 0.00181302 1.8658
9.0 100000.0 0.0382 0.389 -0.4042 0.1419 0.00195082 1.8797
9.25 3750.0 1.9723 -2.5921 2.1957 -0.7431 3.56063e-06 -3.1919
9.25 4000.0 1.9125 -2.5241 2.1468 -0.7287 4.24383e-06 -2.8106
9.25 4250.0 1.8893 -2.517 2.1479 -0.7301 5.0096e-06 -2.4756
9.25 4500.0 1.8794 -2.5359 2.173 -0.74 5.99538e-06 -2.1793
9.25 4750.0 1.8642 -2.537 2.1796 -0.7433 7.25184e-06 -1.9156
9.25 5000.0 1.9348 -2.6732 2.2816 -0.7713 9.50585e-06 -1.6797
9.25 5250.0 1.7943 -2.3186 1.9025 -0.6275 1.16566e-05 -1.4677
9.25 5500.0 1.5875 -1.7917 1.3481 -0.4196 1.41335e-05 -1.2763
9.25 5750.0 1.44 -1.4247 0.976 -0.2836 1.69039e-05 -1.1027
9.25 6000.0 1.3061 -1.0811 0.6283 -0.1571 1.99205e-05 -0.9448
9.25 6250.0 1.1481 -0.6738 0.2184 -0.009 2.31332e-05 -0.8007
9.25 6500.0 0.9545 -0.185 -0.2643 0.1631 2.65088e-05 -0.6687
9.25 7000.0 0.4859 0.9144 -1.286 0.51 3.37361e-05 -0.4356
9.25 7500.0 0.1465 1.5768 -1.7853 0.6448 4.15985e-05 -0.2369
9.25 8000.0 0.0406 1.6568 -1.7188 0.5803 5.01345e-05 -0.0657
9.25 8500.0 0.0438 1.5643 -1.5724 0.5114 5.93946e-05 0.083
9.25 9000.0 0.0699 1.5195 -1.562 0.5133 6.94128e-05 0.2131
9.25 9500.0 0.1021 1.5431 -1.6894 0.5823 8.02183e-05 0.3278
9.25 10000.0 0.1941 1.4626 -1.7577 0.6436 9.18651e-05 0.4295
9.25 10500.0 0.3816 1.1132 -1.5438 0.603 0.000104231 0.5203
9.25 11000.0 0.6284 0.507 -0.9985 0.4263 0.000117061 0.6017
9.25 11500.0 0.84 -0.0967 -0.3896 0.2103 0.000129747 0.6751
9.25 12000.0 1.0115 -0.6149 0.1578 0.0097 0.000141842 0.7416
9.25 12500.0 1.1428 -1.0293 0.6113 -0.1604 0.000153414 0.802
9.25 13000.0 1.2233 -1.3109 0.9356 -0.2854 0.000164633 0.8571
9.25 13500.0 1.2527 -1.4546 1.1196 -0.3592 0.000175514 0.9076
9.25 14000.0 1.2435 -1.4905 1.1913 -0.3911 0.000185803 0.954
9.25 14500.0 1.212 -1.4611 1.1917 -0.3952 0.00019491 0.9967
9.25 15000.0 1.1696 -1.396 1.149 -0.3817 0.000202422 1.0362
9.25 15500.0 1.1237 -1.3202 1.0935 -0.3631 0.000209641 1.0729
9.25 16000.0 1.0762 -1.2414 1.0378 -0.3453 0.000217516 1.1069
9.25 16500.0 1.0265 -1.1599 0.9859 -0.3318 0.000226327 1.1387
9.25 17000.0 0.9567 -1.0284 0.8928 -0.3081 0.000235523 1.1683
9.25 20000.0 0.854 -0.8707 0.7848 -0.2846 0.000297253 1.3113
9.25 25000.0 0.9294 -1.1316 1.0392 -0.3731 0.000417207 1.466
9.25 30000.0 0.7962 -0.8837 0.7522 -0.2584 0.000575134 1.5646
9.25 35000.0 0.5331 -0.431 0.3216 -0.1059 0.00073311 1.6327
9.25 40000.0 0.4012 -0.2527 0.1782 -0.0601 0.000855849 1.6825
9.25 45000.0 0.334 -0.1907 0.1434 -0.0522 0.000958276 1.7205
9.25 50000.0 0.3012 -0.1805 0.1508 -0.0575 0.00104559 1.7505
9.25 55000.0 0.2807 -0.186 0.1701 -0.0665 0.0011281 1.7746
9.25 60000.0 0.2697 -0.203 0.197 -0.0776 0.00120371 1.7945
9.5 3750.0 2.0147 -2.6702 2.2671 -0.7682 3.66965e-06 -3.1919
9.5 4000.0 1.9348 -2.5605 2.1816 -0.7414 4.37856e-06 -2.8106
9.5 4250.0 1.9 -2.5267 2.1572 -0.7337 5.15004e-06 -2.4756
9.5 4500.0 1.8843 -2.5327 2.1708 -0.7398 6.12642e-06 -2.1793
9.5 4750.0 1.871 -2.5378 2.18 -0.7436 7.37012e-06 -1.9156
9.5 5000.0 1.9594 -2.724 2.3352 -0.7917 9.69786e-06 -1.6797
9.5 5250.0 1.7654 -2.2162 1.7824 -0.5798 1.17576e-05 -1.4677
9.5 5500.0 1.6241 -1.8738 1.4298 -0.4492 1.42399e-05 -1.2763
9.5 5750.0 1.4801 -1.5202 1.0701 -0.3174 1.70206e-05 -1.1027
9.5 6000.0 1.3515 -1.1952 0.7414 -0.1977 2.00639e-05 -0.9448
9.5 6250.0 1.2024 -0.8165 0.3615 -0.0606 2.33106e-05 -0.8007
9.5 6500.0 1.0334 -0.3901 -0.0615 0.0906 2.67255e-05 -0.6687
9.5 7000.0 0.6138 0.6118 -1.0106 0.4182 3.39897e-05 -0.4356
9.5 7500.0 0.2385 1.3935 -1.6532 0.6114 4.18451e-05 -0.2369
9.5 8000.0 0.0801 1.5937 -1.6936 0.5819 5.03282e-05 -0.0657
9.5 8500.0 0.0685 1.504 -1.5199 0.4957 5.94991e-05 0.083
9.5 9000.0 0.0944 1.4278 -1.4516 0.4705 6.9371e-05 0.2131
9.5 9500.0 0.1213 1.4398 -1.5458 0.522 8.00028e-05 0.3278
9.5 10000.0 0.1866 1.4159 -1.6587 0.5956 9.1384e-05 0.4295
9.5 10500.0 0.3338 1.1892 -1.5799 0.6056 0.000103526 0.5203
9.5 11000.0 0.571 0.6498 -1.1318 0.4712 0.000116264 0.6017
9.5 11500.0 0.8018 0.0187 -0.5141 0.2569 0.000129115 0.6751
9.5 12000.0 0.9923 -0.5465 0.0732 0.0441 0.000141508 0.7416
9.5 12500.0 1.1472 -1.0236 0.5866 -0.1467 0.000153345 0.802
9.5 13000.0 1.2546 -1.3774 0.9826 -0.2973 0.0001648 0.8571
9.5 13500.0 1.3086 -1.5884 1.235 -0.3965 0.000175997 0.9076
9.5 14000.0 1.318 -1.6746 1.3574 -0.4474 0.00018688 0.954
9.5 14500.0 1.2974 -1.672 1.3847 -0.4623 0.000197176 0.9967
9.5 15000.0 1.2612 -1.6207 1.3574 -0.4555 0.000206383 1.0362
9.5 15500.0 1.2176 -1.5451 1.2999 -0.4361 0.000214014 1.0729
9.5 16000.0 1.1715 -1.4581 1.2285 -0.4113 0.000221371 1.1069
9.5 16500.0 1.1215 -1.3646 1.1534 -0.3857 0.000229113 1.1387
9.5 17000.0 1.0692 -1.27 1.0827 -0.364 0.000237671 1.1683
9.5 20000.0 0.7427 -0.6478 0.8013 -0.3997 0.000333082 1.3113
9.5 25000.0 0.9414 -1.1565 1.0589 -0.3791 0.000419206 1.466
9.5 30000.0 0.7955 -0.8848 0.7517 -0.2579 0.000578015 1.5646
9.5 35000.0 0.5363 -0.4415 0.3321 -0.1097 0.000734447 1.6327
9.5 40000.0 0.4074 -0.2682 0.193 -0.0654 0.000856103 1.6825
9.5 45000.0 0.3404 -0.2056 0.1574 -0.0571 0.000958039 1.7205
9.5 50000.0 0.308 -0.1938 0.1623 -0.0614 0.00104337 1.7505
9.5 55000.0 0.2873 -0.1975 0.1788 -0.0691 0.00112409 1.7746
9.5 60000.0 0.275 -0.2108 0.202 -0.0788 0.00120043 1.7945
9.5 65000.0 0.2562 0.0766 -0.142 0.0535 0.0014433 1.8112
9.5 70000.0 0.2239 0.1166 -0.1724 0.0631 0.00151804 1.8254
9.5 75000.0 0.1961 0.1504 -0.1979 0.0712 0.00159054 1.8376
9.5 80000.0 0.1714 0.1802 -0.221 0.0787 0.00166148 1.8482
9.5 85000.0 0.1499 0.2055 -0.2402 0.0849 0.00173105 1.8575
9.5 90000.0 0.1307 0.2273 -0.2566 0.0902 0.00179944 1.8658
9.5 100000.0 0.0952 0.2693 -0.2896 0.1011 0.00193376 1.8797
