Title: Limb-Darkening Coefficients for Eclipsing White Dwarfs
Authors: Gianninas A., Strickland B., Kilic M., Bergeron P.
Table: Limb-Darkening Coefficients for the LSST i-band
================================================================================
Byte-by-byte Description of file: apj461722t4_mrt.txt
--------------------------------------------------------------------------------
   Bytes Format Units   Label   Explanations
--------------------------------------------------------------------------------
   1-  4 F4.2   ---     log(g)  Log of the surface gravity
   6- 10 I5     K       Teff    Effective temperature
  12- 17 F6.4   ---     a       Linear "a" coefficient
  19- 25 F7.4   ---     b       Quadratic "b" coefficient
  27- 32 F6.4   ---     c       Quadratic "c" coefficient
  34- 40 F7.4   ---     d       Square-root "d" coefficient
  42- 47 F6.4   ---     f       Square-root "f" coefficient
  49- 54 F6.4   ---     g       Logarithmic "g" coefficient
  56- 61 F6.4   ---     h       Logarithmic "h" coefficient
  63- 68 F6.4   ---     j       Exponential "j" coefficient
  70- 76 F7.4   ---     k       Exponential "k" coefficient
  78- 83 F6.4   ---     l       Sing 3-parameter "l" coefficient
  85- 91 F7.4   ---     m       Sing 3-parameter "m" coefficient
  93- 98 F6.4   ---     n       Sing 3-parameter "n" coefficient
 100-106 F7.4   ---     p       Claret 4-parameter "p" coefficient
 108-114 F7.4   ---     q       Claret 4-parameter "q" coefficient
 116-122 F7.4   ---     r       Claret 4-parameter "r" coefficient
 124-130 F7.4   ---     s       Claret 4-parameter "s" coefficient
--------------------------------------------------------------------------------
5.00  4000 0.3045 -0.0201 0.4306 -0.3564 0.9374 0.4912 0.4297 0.2503 -0.0049 3.1973 -4.9144 2.2325  1.5460 -1.8969  1.4383 -0.4409
5.00  4250 0.3086 -0.0173 0.4324 -0.3566 0.9436 0.4963 0.4317 0.2537 -0.0050 3.2251 -4.9591 2.2550  1.5968 -2.0365  1.6024 -0.5064
5.00  4500 0.3227 -0.0013 0.4299 -0.3208 0.9128 0.5076 0.4248 0.2732 -0.0046 3.0644 -4.6014 2.0637  1.1696 -0.7893  0.2045  0.0412
5.00  4750 0.3519  0.0304 0.4265 -0.2683 0.8797 0.5335 0.4159 0.3077 -0.0041 2.8804 -4.1655 1.8308  0.8081  0.2177 -0.8448  0.4333
5.00  5000 0.3902  0.0754 0.4177 -0.1935 0.8278 0.5653 0.3992 0.3531 -0.0036 2.5823 -3.4867 1.4718  0.4193  1.2007 -1.7637  0.7467
5.00  5250 0.4212  0.1178 0.4025 -0.1167 0.7630 0.5869 0.3758 0.3912 -0.0031 2.2065 -2.6774 1.0484  0.1034  1.8659 -2.2526  0.8696
5.00  5500 0.4410  0.1534 0.3815 -0.0529 0.7006 0.5958 0.3493 0.4160 -0.0027 1.8813 -2.0124 0.7090 -0.0006  1.8833 -2.0148  0.7100
5.00  6000 0.4585  0.2159 0.3219  0.0552 0.5720 0.5870 0.2866 0.4406 -0.0021 1.4118 -1.1515 0.3021  0.0414  1.2753 -0.9812  0.2304
5.00  6500 0.4616  0.2599 0.2676  0.1280 0.4731 0.5681 0.2346 0.4477 -0.0018 1.1775 -0.7977 0.1647  0.1534  0.6720 -0.1672 -0.1007
5.00  7000 0.4547  0.2706 0.2443  0.1462 0.4376 0.5524 0.2141 0.4415 -0.0017 1.1347 -0.7833 0.1801  0.2511  0.3072  0.2487 -0.2542
5.00  7500 0.4420  0.2536 0.2501  0.1221 0.4537 0.5423 0.2208 0.4271 -0.0018 1.1800 -0.8893 0.2319  0.3408  0.0571  0.5111 -0.3575
5.00  8000 0.4248  0.2206 0.2710  0.0739 0.4978 0.5339 0.2421 0.4069 -0.0021 1.2821 -1.0836 0.3162  0.4178 -0.0947  0.6333 -0.4063
5.00  8500 0.4031  0.1850 0.2893  0.0204 0.5428 0.5206 0.2626 0.3816 -0.0023 1.4462 -1.4236 0.4821  0.4934 -0.1795  0.6038 -0.3711
5.00  9000 0.3826  0.1705 0.2813 -0.0008 0.5437 0.4983 0.2594 0.3593 -0.0024 1.5572 -1.7188 0.6500  0.5901 -0.3872  0.7060 -0.3704
5.00  9500 0.3611  0.1645 0.2609 -0.0074 0.5227 0.4703 0.2447 0.3372 -0.0025 1.6426 -1.9948 0.8202  0.6635 -0.5437  0.7317 -0.3273
5.00 10000 0.3480  0.1532 0.2584 -0.0216 0.5243 0.4568 0.2444 0.3233 -0.0025 1.6930 -2.1338 0.8979  0.6775 -0.5393  0.6500 -0.2736
5.00 10500 0.3383  0.1419 0.2605 -0.0353 0.5300 0.4482 0.2471 0.3131 -0.0025 1.7111 -2.1859 0.9240  0.6828 -0.5388  0.6197 -0.2567
5.00 11000 0.3286  0.1328 0.2598 -0.0452 0.5300 0.4382 0.2470 0.3030 -0.0026 1.7141 -2.2147 0.9404  0.6937 -0.5718  0.6359 -0.2592
5.00 11500 0.3197  0.1257 0.2575 -0.0520 0.5272 0.4286 0.2454 0.2941 -0.0026 1.7086 -2.2276 0.9497  0.7071 -0.6214  0.6780 -0.2731
5.00 12000 0.3117  0.1199 0.2546 -0.0572 0.5233 0.4195 0.2431 0.2859 -0.0026 1.7006 -2.2352 0.9567  0.7241 -0.6854  0.7403 -0.2955
5.00 12500 0.3045  0.1150 0.2514 -0.0611 0.5186 0.4110 0.2405 0.2786 -0.0026 1.6901 -2.2365 0.9606  0.7397 -0.7473  0.8030 -0.3186
5.00 13000 0.2980  0.1108 0.2483 -0.0644 0.5139 0.4033 0.2379 0.2721 -0.0025 1.6791 -2.2352 0.9630  0.7534 -0.8032  0.8602 -0.3397
5.00 13500 0.2920  0.1071 0.2454 -0.0672 0.5095 0.3962 0.2355 0.2661 -0.0025 1.6688 -2.2340 0.9652  0.7680 -0.8618  0.9218 -0.3628
5.00 14000 0.2865  0.1036 0.2426 -0.0697 0.5052 0.3896 0.2331 0.2606 -0.0025 1.6585 -2.2313 0.9666  0.7802 -0.9123  0.9747 -0.3826
5.00 14500 0.2813  0.1007 0.2395 -0.0711 0.4998 0.3832 0.2304 0.2555 -0.0025 1.6429 -2.2174 0.9621  0.7818 -0.9333  0.9952 -0.3899
5.00 15000 0.2766  0.0975 0.2375 -0.0741 0.4974 0.3778 0.2289 0.2507 -0.0025 1.6396 -2.2256 0.9685  0.8013 -1.0008  1.0672 -0.4172
5.00 15500 0.2722  0.0948 0.2353 -0.0761 0.4940 0.3725 0.2270 0.2462 -0.0025 1.6315 -2.2237 0.9697  0.8109 -1.0406  1.1086 -0.4326
5.00 16000 0.2679  0.0923 0.2330 -0.0776 0.4900 0.3673 0.2250 0.2421 -0.0025 1.6209 -2.2164 0.9680  0.8133 -1.0591  1.1257 -0.4385
5.00 16500 0.2641  0.0896 0.2315 -0.0803 0.4884 0.3630 0.2238 0.2381 -0.0025 1.6198 -2.2258 0.9747  0.8305 -1.1167  1.1867 -0.4614
5.00 17000 0.2603  0.0873 0.2296 -0.0817 0.4851 0.3584 0.2222 0.2344 -0.0025 1.6109 -2.2204 0.9737  0.8314 -1.1286  1.1959 -0.4640
5.00 20000 0.2427  0.0734 0.2246 -0.0976 0.4827 0.3393 0.2192 0.2158 -0.0026 1.6279 -2.3053 1.0246  0.9136 -1.3825  1.4489 -0.5553
5.00 25000 0.2284  0.0505 0.2361 -0.1364 0.5174 0.3309 0.2336 0.1984 -0.0028 1.7883 -2.6399 1.1945  1.0215 -1.5777  1.5577 -0.5721
5.00 30000 0.2151  0.0307 0.2447 -0.1597 0.5315 0.3210 0.2422 0.1847 -0.0028 1.8184 -2.7083 1.2230  0.9455 -1.2969  1.1767 -0.4120
5.25  4000 0.3038 -0.0198 0.4292 -0.3551 0.9345 0.4899 0.4283 0.2497 -0.0049 3.1876 -4.8993 2.2257  1.5445 -1.9016  1.4473 -0.4451
5.25  4250 0.3058 -0.0187 0.4305 -0.3593 0.9433 0.4928 0.4304 0.2503 -0.0050 3.2302 -4.9807 2.2685  1.6610 -2.2430  1.8447 -0.6038
5.25  4500 0.3170 -0.0057 0.4281 -0.3270 0.9134 0.5015 0.4239 0.2669 -0.0046 3.0775 -4.6448 2.0889  1.2278 -0.9682  0.4004 -0.0343
5.25  4750 0.3399  0.0185 0.4263 -0.2854 0.8869 0.5220 0.4175 0.2943 -0.0042 2.9264 -4.2868 1.8967  0.9001 -0.0395 -0.5881  0.3401
5.25  5000 0.3753  0.0587 0.4199 -0.2194 0.8435 0.5523 0.4042 0.3360 -0.0038 2.6791 -3.7136 1.5925  0.5287  0.9370 -1.5412  0.6782
5.25  5250 0.4078  0.1017 0.4061 -0.1425 0.7805 0.5759 0.3821 0.3758 -0.0032 2.3195 -2.9320 1.1828  0.1715  1.7545 -2.2274  0.8863
5.25  5500 0.4300  0.1368 0.3890 -0.0798 0.7231 0.5887 0.3590 0.4032 -0.0028 1.9998 -2.2631 0.8374  0.0285  1.9060 -2.1461  0.7881
5.25  6000 0.4496  0.1946 0.3383  0.0226 0.6057 0.5852 0.3036 0.4299 -0.0022 1.5194 -1.3519 0.3943  0.0192  1.4562 -1.2731  0.3611
5.25  6500 0.4542  0.2385 0.2861  0.0968 0.5068 0.5681 0.2525 0.4388 -0.0019 1.2484 -0.9129 0.2086  0.1173  0.8619 -0.4309  0.0057
5.25  7000 0.4495  0.2562 0.2566  0.1268 0.4577 0.5519 0.2254 0.4356 -0.0017 1.1590 -0.8130 0.1840  0.2169  0.4442  0.0785 -0.1912
5.25  7500 0.4387  0.2463 0.2552  0.1138 0.4608 0.5409 0.2253 0.4237 -0.0018 1.1783 -0.8791 0.2212  0.3059  0.1703  0.3779 -0.3078
5.25  8000 0.4232  0.2185 0.2717  0.0736 0.4959 0.5323 0.2421 0.4057 -0.0020 1.2586 -1.0362 0.2899  0.3820 -0.0001  0.5334 -0.3707
5.25  8500 0.4036  0.1842 0.2911  0.0224 0.5407 0.5213 0.2631 0.3828 -0.0023 1.4024 -1.3265 0.4277  0.4489 -0.0769  0.5183 -0.3486
5.25  9000 0.3835  0.1646 0.2905 -0.0068 0.5536 0.5023 0.2664 0.3605 -0.0024 1.5235 -1.6228 0.5889  0.5419 -0.2620  0.6039 -0.3481
5.25  9500 0.3642  0.1624 0.2677 -0.0082 0.5282 0.4754 0.2494 0.3406 -0.0024 1.5934 -1.8679 0.7445  0.6304 -0.4840  0.7226 -0.3457
5.25 10000 0.3475  0.1543 0.2562 -0.0178 0.5181 0.4553 0.2418 0.3233 -0.0025 1.6617 -2.0752 0.8683  0.6610 -0.5164  0.6411 -0.2748
5.25 10500 0.3374  0.1436 0.2572 -0.0307 0.5221 0.4458 0.2436 0.3127 -0.0025 1.6835 -2.1391 0.9020  0.6663 -0.5121  0.5989 -0.2502
5.25 11000 0.3283  0.1345 0.2571 -0.0406 0.5231 0.4367 0.2441 0.3033 -0.0025 1.6870 -2.1658 0.9165  0.6678 -0.5133  0.5781 -0.2382
5.25 11500 0.3195  0.1269 0.2555 -0.0485 0.5219 0.4274 0.2431 0.2942 -0.0025 1.6875 -2.1894 0.9310  0.6873 -0.5774  0.6350 -0.2576
5.25 12000 0.3115  0.1211 0.2527 -0.0535 0.5177 0.4184 0.2409 0.2863 -0.0025 1.6772 -2.1915 0.9349  0.6964 -0.6176  0.6702 -0.2694
5.25 12500 0.3042  0.1162 0.2495 -0.0573 0.5128 0.4098 0.2383 0.2789 -0.0025 1.6654 -2.1908 0.9377  0.7089 -0.6703  0.7219 -0.2880
5.25 13000 0.2976  0.1120 0.2463 -0.0604 0.5078 0.4019 0.2356 0.2723 -0.0025 1.6535 -2.1879 0.9394  0.7218 -0.7249  0.7780 -0.3088
5.25 13500 0.2915  0.1082 0.2431 -0.0630 0.5028 0.3946 0.2329 0.2662 -0.0025 1.6411 -2.1831 0.9399  0.7334 -0.7756  0.8307 -0.3284
5.25 14000 0.2858  0.1049 0.2401 -0.0653 0.4981 0.3878 0.2303 0.2606 -0.0025 1.6293 -2.1779 0.9401  0.7442 -0.8230  0.8802 -0.3469
5.25 14500 0.2807  0.1018 0.2373 -0.0674 0.4936 0.3815 0.2279 0.2554 -0.0025 1.6181 -2.1727 0.9400  0.7539 -0.8658  0.9248 -0.3634
5.25 15000 0.2758  0.0989 0.2347 -0.0692 0.4894 0.3756 0.2257 0.2506 -0.0025 1.6073 -2.1671 0.9396  0.7623 -0.9044  0.9651 -0.3785
5.25 15500 0.2713  0.0961 0.2324 -0.0713 0.4859 0.3703 0.2238 0.2461 -0.0025 1.5993 -2.1656 0.9411  0.7736 -0.9499  1.0133 -0.3967
5.25 16000 0.2671  0.0936 0.2302 -0.0729 0.4822 0.3652 0.2218 0.2419 -0.0024 1.5894 -2.1598 0.9402  0.7789 -0.9771  1.0408 -0.4067
5.25 16500 0.2631  0.0912 0.2281 -0.0745 0.4789 0.3604 0.2201 0.2380 -0.0024 1.5813 -2.1565 0.9405  0.7851 -1.0055  1.0694 -0.4171
5.25 17000 0.2586  0.0909 0.2225 -0.0682 0.4636 0.3533 0.2140 0.2348 -0.0023 1.5226 -2.0579 0.8927  0.7082 -0.8110  0.8522 -0.3320
5.25 20000 0.2413  0.0751 0.2206 -0.0915 0.4720 0.3361 0.2148 0.2153 -0.0025 1.5861 -2.2315 0.9887  0.8720 -1.2874  1.3519 -0.5193
5.25 25000 0.2260  0.0522 0.2306 -0.1290 0.5035 0.3259 0.2277 0.1970 -0.0027 1.7354 -2.5491 1.1508  0.9753 -1.4782  1.4585 -0.5358
5.25 30000 0.2118  0.0333 0.2368 -0.1491 0.5119 0.3142 0.2339 0.1829 -0.0027 1.7451 -2.5825 1.1626  0.8769 -1.1445  1.0210 -0.3539
5.50  4000 0.3036 -0.0185 0.4273 -0.3508 0.9281 0.4887 0.4260 0.2501 -0.0049 3.1613 -4.8500 2.2010  1.5020 -1.7877  1.3217 -0.3963
5.50  4250 0.3038 -0.0194 0.4287 -0.3598 0.9413 0.4902 0.4289 0.2482 -0.0050 3.2256 -4.9799 2.2699  1.6900 -2.3430  1.9645 -0.6526
5.50  4500 0.3127 -0.0091 0.4270 -0.3323 0.9149 0.4970 0.4235 0.2619 -0.0047 3.0934 -4.6901 2.1146  1.2864 -1.1455  0.5961 -0.1100
5.50  4750 0.3304  0.0096 0.4255 -0.2980 0.8912 0.5126 0.4181 0.2837 -0.0043 2.9578 -4.3741 1.9448  0.9771 -0.2617 -0.3592  0.2552
5.50  5000 0.3612  0.0435 0.4214 -0.2425 0.8563 0.5396 0.4081 0.3200 -0.0039 2.7578 -3.9034 1.6939  0.6359  0.6624 -1.2902  0.5941
5.50  5250 0.3943  0.0851 0.4102 -0.1696 0.7998 0.5652 0.3891 0.3602 -0.0034 2.4363 -3.1927 1.3199  0.2622  1.5723 -2.1152  0.8665
5.50  5500 0.4194  0.1202 0.3969 -0.1074 0.7472 0.5822 0.3691 0.3905 -0.0030 2.1240 -2.5237 0.9707  0.0739  1.8806 -2.2202  0.8429
5.50  6000 0.4415  0.1757 0.3527 -0.0073 0.6366 0.5833 0.3187 0.4200 -0.0024 1.6280 -1.5579 0.4916  0.0095  1.5968 -1.5190  0.4752
5.50  6500 0.4470  0.2177 0.3043  0.0657 0.5408 0.5684 0.2702 0.4300 -0.0020 1.3307 -1.0524 0.2660  0.0853  1.0497 -0.7019  0.1185
5.50  7000 0.4444  0.2404 0.2706  0.1050 0.4815 0.5523 0.2385 0.4296 -0.0018 1.1946 -0.8611 0.1960  0.1809  0.5984 -0.1176 -0.1169
5.50  7500 0.4355  0.2376 0.2626  0.1031 0.4715 0.5404 0.2318 0.4203 -0.0018 1.1818 -0.8741 0.2111  0.2690  0.2953  0.2315 -0.2542
5.50  8000 0.4218  0.2152 0.2741  0.0713 0.4971 0.5316 0.2438 0.4045 -0.0020 1.2390 -0.9920 0.2635  0.3439  0.1059  0.4210 -0.3312
5.50  8500 0.4040  0.1829 0.2933  0.0236 0.5396 0.5221 0.2640 0.3837 -0.0022 1.3621 -1.2359 0.3765  0.4042  0.0303  0.4249 -0.3225
5.50  9000 0.3835  0.1591 0.2979 -0.0123 0.5615 0.5047 0.2721 0.3607 -0.0024 1.4980 -1.5501 0.5422  0.4915 -0.1215  0.4693 -0.3077
5.50  9500 0.3674  0.1567 0.2795 -0.0145 0.5417 0.4825 0.2585 0.3440 -0.0024 1.5551 -1.7509 0.6693  0.5825 -0.3641  0.6425 -0.3379
5.50 10000 0.3485  0.1535 0.2587 -0.0169 0.5183 0.4568 0.2431 0.3247 -0.0024 1.6246 -1.9892 0.8192  0.6418 -0.4901  0.6480 -0.2906
5.50 10500 0.3373  0.1454 0.2547 -0.0265 0.5160 0.4446 0.2409 0.3131 -0.0025 1.6598 -2.0965 0.8814  0.6516 -0.4872  0.5810 -0.2454
5.50 11000 0.3285  0.1361 0.2553 -0.0370 0.5184 0.4361 0.2421 0.3039 -0.0025 1.6689 -2.1323 0.9002  0.6558 -0.4920  0.5625 -0.2338
5.50 11500 0.3195  0.1283 0.2536 -0.0447 0.5165 0.4265 0.2410 0.2947 -0.0025 1.6657 -2.1488 0.9109  0.6628 -0.5180  0.5743 -0.2351
5.50 12000 0.3116  0.1222 0.2513 -0.0502 0.5133 0.4178 0.2392 0.2868 -0.0025 1.6580 -2.1551 0.9166  0.6728 -0.5590  0.6095 -0.2469
5.50 12500 0.3042  0.1172 0.2481 -0.0541 0.5083 0.4091 0.2366 0.2794 -0.0025 1.6456 -2.1529 0.9186  0.6822 -0.6024  0.6504 -0.2611
5.50 13000 0.2975  0.1130 0.2448 -0.0572 0.5031 0.4011 0.2339 0.2727 -0.0025 1.6330 -2.1491 0.9198  0.6931 -0.6508  0.6989 -0.2788
5.50 13500 0.2913  0.1093 0.2415 -0.0597 0.4978 0.3936 0.2310 0.2666 -0.0024 1.6195 -2.1424 0.9194  0.7026 -0.6955  0.7444 -0.2954
5.50 14000 0.2856  0.1059 0.2384 -0.0618 0.4927 0.3867 0.2283 0.2609 -0.0024 1.6065 -2.1353 0.9187  0.7122 -0.7401  0.7911 -0.3128
5.50 14500 0.2803  0.1028 0.2355 -0.0637 0.4880 0.3803 0.2258 0.2557 -0.0024 1.5943 -2.1285 0.9179  0.7211 -0.7817  0.8346 -0.3291
5.50 15000 0.2754  0.1001 0.2327 -0.0653 0.4832 0.3743 0.2234 0.2509 -0.0024 1.5816 -2.1195 0.9158  0.7275 -0.8154  0.8697 -0.3421
5.50 15500 0.2709  0.0973 0.2303 -0.0671 0.4795 0.3688 0.2213 0.2463 -0.0024 1.5725 -2.1162 0.9165  0.7367 -0.8550  0.9109 -0.3574
5.50 16000 0.2666  0.0948 0.2279 -0.0686 0.4754 0.3636 0.2192 0.2421 -0.0024 1.5616 -2.1087 0.9148  0.7414 -0.8812  0.9376 -0.3672
5.50 16500 0.2626  0.0923 0.2259 -0.0705 0.4725 0.3588 0.2176 0.2381 -0.0024 1.5552 -2.1087 0.9168  0.7512 -0.9200  0.9779 -0.3822
5.50 17000 0.2588  0.0900 0.2240 -0.0721 0.4694 0.3543 0.2160 0.2343 -0.0024 1.5481 -2.1068 0.9176  0.7576 -0.9482  1.0063 -0.3925
5.50 20000 0.2405  0.0764 0.2177 -0.0866 0.4640 0.3339 0.2117 0.2152 -0.0024 1.5538 -2.1732 0.9599  0.8334 -1.1925  1.2516 -0.4814
5.50 25000 0.2244  0.0536 0.2266 -0.1233 0.4932 0.3225 0.2235 0.1963 -0.0026 1.6956 -2.4797 1.1171  0.9360 -1.3886  1.3667 -0.5016
5.50 30000 0.2093  0.0354 0.2308 -0.1405 0.4962 0.3089 0.2274 0.1817 -0.0026 1.6857 -2.4795 1.1129  0.8168 -1.0058  0.8770 -0.2996
5.75  4000 0.3045 -0.0186 0.4286 -0.3526 0.9320 0.4902 0.4275 0.2507 -0.0049 3.1762 -4.8757 2.2136  1.5249 -1.8484  1.3903 -0.4234
5.75  4250 0.3027 -0.0198 0.4278 -0.3600 0.9399 0.4886 0.4281 0.2470 -0.0050 3.2219 -4.9770 2.2693  1.7019 -2.3862  2.0166 -0.6739
5.75  4500 0.3095 -0.0119 0.4264 -0.3378 0.9182 0.4938 0.4238 0.2579 -0.0047 3.1151 -4.7435 2.1441  1.3538 -1.3456  0.8191 -0.1968
5.75  4750 0.3232  0.0034 0.4244 -0.3068 0.8936 0.5053 0.4180 0.2758 -0.0044 2.9788 -4.4359 1.9794  1.0402 -0.4487 -0.1616  0.1807
5.75  5000 0.3486  0.0303 0.4222 -0.2622 0.8663 0.5280 0.4109 0.3057 -0.0040 2.8193 -4.0558 1.7757  0.7338  0.4014 -1.0407  0.5068
5.75  5250 0.3804  0.0699 0.4120 -0.1930 0.8133 0.5529 0.3934 0.3444 -0.0035 2.5266 -3.4056 1.4336  0.3476  1.3813 -1.9774  0.8325
5.75  5500 0.4075  0.1057 0.4005 -0.1309 0.7637 0.5728 0.3753 0.3769 -0.0031 2.2307 -2.7616 1.0960  0.1304  1.8009 -2.2256  0.8704
5.75  6000 0.4335  0.1604 0.3623 -0.0316 0.6596 0.5798 0.3296 0.4105 -0.0025 1.7246 -1.7513 0.5868  0.0110  1.6883 -1.7061  0.5677
5.75  6500 0.4394  0.1989 0.3191  0.0373 0.5704 0.5671 0.2853 0.4209 -0.0021 1.4195 -1.2147 0.3391  0.0612  1.2178 -0.9631  0.2333
5.75  7000 0.4381  0.2230 0.2854  0.0799 0.5081 0.5519 0.2528 0.4221 -0.0019 1.2527 -0.9572 0.2333  0.1446  0.7761 -0.3628 -0.0168
5.75  7500 0.4310  0.2259 0.2721  0.0874 0.4873 0.5396 0.2408 0.4152 -0.0019 1.2065 -0.9101 0.2211  0.2297  0.4496  0.0338 -0.1762
5.75  8000 0.4189  0.2090 0.2785  0.0643 0.5030 0.5303 0.2477 0.4017 -0.0020 1.2406 -0.9899 0.2579  0.3036  0.2402  0.2577 -0.2671
5.75  8500 0.4026  0.1802 0.2952  0.0222 0.5397 0.5212 0.2652 0.3827 -0.0022 1.3420 -1.1922 0.3509  0.3621  0.1491  0.2955 -0.2752
5.75  9000 0.3831  0.1539 0.3040 -0.0173 0.5679 0.5063 0.2769 0.3605 -0.0024 1.4787 -1.4950 0.5061  0.4398  0.0297  0.3121 -0.2544
5.75  9500 0.3667  0.1476 0.2907 -0.0257 0.5566 0.4858 0.2678 0.3431 -0.0024 1.5429 -1.6975 0.6292  0.5347 -0.2190  0.4996 -0.2955
5.75 10000 0.3505  0.1502 0.2658 -0.0198 0.5252 0.4611 0.2482 0.3269 -0.0024 1.5851 -1.8839 0.7551  0.6134 -0.4363  0.6368 -0.3058
5.75 10500 0.3367  0.1453 0.2539 -0.0247 0.5126 0.4435 0.2397 0.3128 -0.0024 1.6356 -2.0491 0.8565  0.6375 -0.4651  0.5705 -0.2459
5.75 11000 0.3279  0.1372 0.2530 -0.0337 0.5129 0.4344 0.2396 0.3037 -0.0024 1.6487 -2.0976 0.8837  0.6414 -0.4647  0.5380 -0.2254
5.75 11500 0.3198  0.1296 0.2524 -0.0418 0.5128 0.4262 0.2395 0.2954 -0.0025 1.6497 -2.1179 0.8954  0.6447 -0.4747  0.5312 -0.2195
5.75 12000 0.3119  0.1233 0.2502 -0.0475 0.5098 0.4175 0.2379 0.2874 -0.0025 1.6426 -2.1251 0.9014  0.6521 -0.5060  0.5543 -0.2262
5.75 12500 0.3045  0.1182 0.2473 -0.0516 0.5051 0.4090 0.2355 0.2801 -0.0024 1.6306 -2.1232 0.9033  0.6592 -0.5414  0.5854 -0.2366
5.75 13000 0.2977  0.1138 0.2440 -0.0546 0.4998 0.4009 0.2327 0.2733 -0.0024 1.6172 -2.1179 0.9038  0.6676 -0.5826  0.6254 -0.2507
5.75 13500 0.2914  0.1101 0.2406 -0.0570 0.4942 0.3933 0.2298 0.2671 -0.0024 1.6030 -2.1102 0.9029  0.6754 -0.6223  0.6650 -0.2650
5.75 14000 0.2857  0.1067 0.2374 -0.0589 0.4888 0.3862 0.2270 0.2614 -0.0024 1.5886 -2.1006 0.9010  0.6820 -0.6587  0.7019 -0.2785
5.75 14500 0.2797  0.1053 0.2314 -0.0546 0.4743 0.3776 0.2209 0.2565 -0.0023 1.5356 -2.0181 0.8622  0.6313 -0.5444  0.5759 -0.2294
5.75 15000 0.2754  0.1009 0.2314 -0.0621 0.4786 0.3735 0.2218 0.2513 -0.0024 1.5613 -2.0806 0.8961  0.6927 -0.7210  0.7655 -0.3017
5.75 15500 0.2708  0.0984 0.2287 -0.0634 0.4740 0.3679 0.2194 0.2468 -0.0023 1.5488 -2.0712 0.8936  0.6977 -0.7502  0.7959 -0.3129
5.75 16000 0.2665  0.0959 0.2263 -0.0649 0.4700 0.3626 0.2173 0.2426 -0.0023 1.5383 -2.0645 0.8924  0.7029 -0.7775  0.8234 -0.3229
5.75 16500 0.2624  0.0936 0.2239 -0.0660 0.4657 0.3575 0.2152 0.2386 -0.0023 1.5263 -2.0541 0.8892  0.7046 -0.7955  0.8412 -0.3293
5.75 17000 0.2586  0.0911 0.2222 -0.0681 0.4634 0.3532 0.2138 0.2348 -0.0023 1.5224 -2.0584 0.8932  0.7164 -0.8380  0.8852 -0.3456
5.75 20000 0.2401  0.0776 0.2157 -0.0824 0.4574 0.3324 0.2092 0.2155 -0.0024 1.5262 -2.1219 0.9342  0.7925 -1.0851  1.1345 -0.4362
5.75 25000 0.2233  0.0550 0.2233 -0.1177 0.4837 0.3198 0.2197 0.1960 -0.0026 1.6575 -2.4108 1.0831  0.8885 -1.2703  1.2403 -0.4534
5.75 30000 0.2074  0.0373 0.2258 -0.1330 0.4828 0.3046 0.2219 0.1809 -0.0025 1.6336 -2.3878 1.0682  0.7569 -0.8605  0.7225 -0.2408
6.00  4000 0.3059 -0.0187 0.4307 -0.3550 0.9375 0.4927 0.4297 0.2517 -0.0049 3.1965 -4.9096 2.2299  1.5499 -1.9105  1.4591 -0.4504
6.00  4250 0.3023 -0.0199 0.4274 -0.3600 0.9394 0.4881 0.4278 0.2466 -0.0050 3.2197 -4.9739 2.2680  1.7043 -2.3962  2.0294 -0.6793
6.00  4500 0.3071 -0.0146 0.4267 -0.3444 0.9239 0.4918 0.4250 0.2544 -0.0048 3.1461 -4.8126 2.1813  1.4418 -1.6049  1.1122 -0.3121
6.00  4750 0.3179 -0.0011 0.4232 -0.3133 0.8953 0.4998 0.4177 0.2698 -0.0044 2.9955 -4.4848 2.0071  1.0937 -0.6082  0.0092  0.1158
6.00  5000 0.3379  0.0194 0.4226 -0.2786 0.8745 0.5181 0.4130 0.2936 -0.0041 2.8701 -4.1831 1.8442  0.8213  0.1639 -0.8083  0.4240
6.00  5250 0.3669  0.0552 0.4136 -0.2155 0.8260 0.5409 0.3975 0.3291 -0.0036 2.6087 -3.6009 1.5378  0.4393  1.1610 -1.7955  0.7780
6.00  5500 0.3954  0.0906 0.4044 -0.1553 0.7811 0.5632 0.3817 0.3628 -0.0032 2.3381 -3.0011 1.2220  0.2019  1.6728 -2.1714  0.8728
6.00  6000 0.4261  0.1463 0.3711 -0.0543 0.6813 0.5765 0.3396 0.4016 -0.0026 1.8175 -1.9376 0.6788  0.0176  1.7594 -1.8651  0.6484
6.00  6500 0.4327  0.1827 0.3316  0.0123 0.5963 0.5657 0.2983 0.4128 -0.0022 1.5030 -1.3702 0.4109  0.0458  1.3520 -1.1820  0.3317
6.00  7000 0.4316  0.2057 0.2997  0.0542 0.5353 0.5513 0.2670 0.4144 -0.0020 1.3238 -1.0817 0.2865  0.1140  0.9481 -0.6132  0.0893
6.00  7500 0.4259  0.2123 0.2835  0.0684 0.5072 0.5391 0.2517 0.4094 -0.0019 1.2479 -0.9777 0.2464  0.1918  0.6161 -0.1897 -0.0853
6.00  8000 0.4158  0.2008 0.2852  0.0538 0.5134 0.5297 0.2539 0.3983 -0.0020 1.2556 -1.0104 0.2624  0.2631  0.3888  0.0706 -0.1926
6.00  8500 0.4011  0.1759 0.2989  0.0179 0.5436 0.5209 0.2682 0.3814 -0.0022 1.3342 -1.1694 0.3349  0.3201  0.2793  0.1461 -0.2188
6.00  9000 0.3830  0.1490 0.3105 -0.0223 0.5750 0.5084 0.2821 0.3606 -0.0024 1.4627 -1.4448 0.4725  0.3871  0.1871  0.1459 -0.1970
6.00  9500 0.3656  0.1379 0.3021 -0.0382 0.5727 0.4888 0.2776 0.3418 -0.0025 1.5425 -1.6695 0.6027  0.4866 -0.0610  0.3301 -0.2388
6.00 10000 0.3530  0.1428 0.2789 -0.0292 0.5421 0.4681 0.2588 0.3293 -0.0024 1.5625 -1.7978 0.6953  0.5694 -0.3137  0.5419 -0.2893
6.00 10500 0.3376  0.1429 0.2582 -0.0266 0.5165 0.4456 0.2428 0.3138 -0.0024 1.6078 -1.9783 0.8138  0.6209 -0.4381  0.5732 -0.2600
6.00 11000 0.3278  0.1379 0.2520 -0.0317 0.5099 0.4338 0.2385 0.3038 -0.0024 1.6334 -2.0683 0.8689  0.6294 -0.4405  0.5179 -0.2195
6.00 11500 0.3199  0.1306 0.2511 -0.0393 0.5094 0.4257 0.2382 0.2957 -0.0024 1.6359 -2.0922 0.8827  0.6316 -0.4454  0.5033 -0.2096
6.00 12000 0.3124  0.1242 0.2497 -0.0454 0.5074 0.4176 0.2372 0.2882 -0.0024 1.6312 -2.1019 0.8893  0.6344 -0.4591  0.5048 -0.2077
6.00 12500 0.3051  0.1189 0.2471 -0.0498 0.5034 0.4093 0.2350 0.2809 -0.0024 1.6210 -2.1026 0.8924  0.6406 -0.4899  0.5298 -0.2155
6.00 13000 0.2983  0.1145 0.2439 -0.0530 0.4982 0.4013 0.2324 0.2741 -0.0024 1.6078 -2.0974 0.8927  0.6470 -0.5242  0.5614 -0.2262
6.00 13500 0.2920  0.1107 0.2405 -0.0553 0.4926 0.3937 0.2295 0.2679 -0.0024 1.5933 -2.0889 0.8915  0.6532 -0.5592  0.5953 -0.2382
6.00 14000 0.2861  0.1073 0.2372 -0.0572 0.4870 0.3865 0.2266 0.2622 -0.0024 1.5786 -2.0791 0.8895  0.6587 -0.5918  0.6274 -0.2495
6.00 14500 0.2808  0.1043 0.2341 -0.0588 0.4816 0.3799 0.2238 0.2569 -0.0023 1.5643 -2.0686 0.8869  0.6643 -0.6247  0.6611 -0.2619
6.00 15000 0.2758  0.1015 0.2311 -0.0602 0.4764 0.3737 0.2212 0.2520 -0.0023 1.5500 -2.0571 0.8836  0.6683 -0.6520  0.6890 -0.2720
6.00 15500 0.2711  0.0990 0.2284 -0.0615 0.4717 0.3679 0.2188 0.2475 -0.0023 1.5373 -2.0474 0.8811  0.6728 -0.6797  0.7173 -0.2824
6.00 16000 0.2668  0.0965 0.2259 -0.0628 0.4674 0.3626 0.2166 0.2432 -0.0023 1.5256 -2.0386 0.8789  0.6769 -0.7047  0.7427 -0.2916
6.00 16500 0.2627  0.0941 0.2236 -0.0643 0.4637 0.3576 0.2146 0.2392 -0.0023 1.5163 -2.0335 0.8783  0.6826 -0.7328  0.7713 -0.3020
6.00 17000 0.2588  0.0918 0.2216 -0.0658 0.4605 0.3530 0.2129 0.2354 -0.0023 1.5083 -2.0300 0.8785  0.6883 -0.7597  0.7982 -0.3118
6.00 20000 0.2402  0.0783 0.2148 -0.0799 0.4540 0.3321 0.2081 0.2160 -0.0023 1.5107 -2.0917 0.9187  0.7654 -1.0113  1.0534 -0.4049
6.00 25000 0.2231  0.0554 0.2224 -0.1160 0.4810 0.3191 0.2187 0.1960 -0.0025 1.6460 -2.3897 1.0726  0.8747 -1.2364  1.2047 -0.4401
6.00 30000 0.2062  0.0385 0.2225 -0.1280 0.4740 0.3018 0.2184 0.1804 -0.0024 1.5995 -2.3278 1.0389  0.7200 -0.7729  0.6307 -0.2061
6.25  4000 0.3079 -0.0189 0.4335 -0.3581 0.9446 0.4959 0.4327 0.2531 -0.0050 3.2227 -4.9528 2.2505  1.5787 -1.9792  1.5342 -0.4795
6.25  4250 0.3026 -0.0198 0.4277 -0.3599 0.9396 0.4885 0.4279 0.2469 -0.0050 3.2191 -4.9717 2.2665  1.7004 -2.3837  2.0154 -0.6740
6.25  4500 0.3053 -0.0171 0.4277 -0.3523 0.9327 0.4909 0.4270 0.2511 -0.0049 3.1885 -4.9022 2.2288  1.5642 -1.9656  1.5253 -0.4761
6.25  4750 0.3140 -0.0044 0.4224 -0.3183 0.8968 0.4957 0.4175 0.2653 -0.0045 3.0097 -4.5247 2.0296  1.1402 -0.7475  0.1606  0.0578
6.25  5000 0.3296  0.0117 0.4218 -0.2896 0.8782 0.5098 0.4134 0.2843 -0.0042 2.8976 -4.2599 1.8866  0.8922 -0.0424 -0.5935  0.3437
6.25  5250 0.3544  0.0414 0.4153 -0.2365 0.8381 0.5299 0.4013 0.3149 -0.0038 2.6813 -3.7739 1.6298  0.5309  0.9319 -1.5921  0.7116
6.25  5500 0.3829  0.0757 0.4075 -0.1793 0.7974 0.5529 0.3875 0.3484 -0.0034 2.4392 -3.2298 1.3427  0.2820  1.5100 -2.0709  0.8550
6.25  6000 0.4183  0.1335 0.3778 -0.0753 0.7001 0.5721 0.3479 0.3924 -0.0027 1.9106 -2.1304 0.7766  0.0380  1.7855 -1.9744  0.7110
6.25  6500 0.4267  0.1692 0.3417 -0.0089 0.6179 0.5642 0.3089 0.4056 -0.0023 1.5781 -1.5132 0.4782  0.0366  1.4576 -1.3630  0.4150
6.25  7000 0.4256  0.1904 0.3121  0.0311 0.5596 0.5506 0.2795 0.4072 -0.0021 1.3933 -1.2070 0.3419  0.0907  1.0945 -0.8344  0.1851
6.25  7500 0.4206  0.1982 0.2951  0.0478 0.5288 0.5386 0.2631 0.4032 -0.0020 1.3020 -1.0711 0.2853  0.1578  0.7819 -0.4225  0.0123
6.25  8000 0.4118  0.1905 0.2936  0.0394 0.5282 0.5291 0.2620 0.3937 -0.0020 1.2898 -1.0683 0.2853  0.2248  0.5490 -0.1444 -0.1035
6.25  8500 0.3990  0.1697 0.3042  0.0101 0.5515 0.5208 0.2731 0.3791 -0.0022 1.3448 -1.1821 0.3364  0.2800  0.4221 -0.0314 -0.1479
6.25  9000 0.3825  0.1437 0.3168 -0.0284 0.5828 0.5101 0.2873 0.3601 -0.0024 1.4580 -1.4200 0.4527  0.3376  0.3456 -0.0326 -0.1311
6.25  9500 0.3646  0.1285 0.3133 -0.0507 0.5891 0.4920 0.2874 0.3405 -0.0025 1.5516 -1.6615 0.5871  0.4348  0.1191  0.1250 -0.1647
6.25 10000 0.3529  0.1309 0.2946 -0.0456 0.5652 0.4737 0.2724 0.3287 -0.0025 1.5685 -1.7697 0.6644  0.5198 -0.1443  0.3663 -0.2345
6.25 10500 0.3398  0.1372 0.2688 -0.0337 0.5299 0.4515 0.2512 0.3160 -0.0024 1.5841 -1.8967 0.7590  0.5921 -0.3670  0.5365 -0.2650
6.25 11000 0.3278  0.1363 0.2541 -0.0329 0.5117 0.4345 0.2400 0.3040 -0.0024 1.6193 -2.0332 0.8477  0.6182 -0.4177  0.5070 -0.2213
6.25 11500 0.3201  0.1311 0.2508 -0.0380 0.5078 0.4256 0.2376 0.2961 -0.0024 1.6274 -2.0751 0.8737  0.6206 -0.4174  0.4749 -0.1994
6.25 12000 0.3128  0.1248 0.2494 -0.0440 0.5061 0.4178 0.2367 0.2887 -0.0024 1.6239 -2.0865 0.8813  0.6222 -0.4264  0.4703 -0.1947
6.25 12500 0.3058  0.1192 0.2476 -0.0494 0.5038 0.4103 0.2355 0.2817 -0.0024 1.6197 -2.0967 0.8886  0.6306 -0.4583  0.4946 -0.2020
6.25 13000 0.2991  0.1147 0.2446 -0.0524 0.4985 0.4023 0.2328 0.2750 -0.0024 1.6050 -2.0882 0.8871  0.6320 -0.4775  0.5088 -0.2059
6.25 13500 0.2927  0.1109 0.2412 -0.0546 0.4927 0.3946 0.2299 0.2688 -0.0024 1.5893 -2.0775 0.8846  0.6350 -0.5029  0.5317 -0.2135
6.25 14000 0.2869  0.1076 0.2379 -0.0565 0.4870 0.3874 0.2270 0.2631 -0.0024 1.5745 -2.0673 0.8824  0.6396 -0.5331  0.5610 -0.2237
6.25 14500 0.2815  0.1044 0.2350 -0.0587 0.4825 0.3810 0.2246 0.2578 -0.0023 1.5640 -2.0640 0.8835  0.6496 -0.5767  0.6055 -0.2400
6.25 15000 0.2764  0.1019 0.2315 -0.0592 0.4759 0.3744 0.2214 0.2529 -0.0023 1.5443 -2.0426 0.8753  0.6466 -0.5864  0.6145 -0.2429
6.25 15500 0.2717  0.0993 0.2288 -0.0604 0.4711 0.3686 0.2189 0.2483 -0.0023 1.5312 -2.0325 0.8726  0.6509 -0.6135  0.6422 -0.2530
6.25 16000 0.2673  0.0970 0.2259 -0.0611 0.4658 0.3630 0.2163 0.2440 -0.0023 1.5154 -2.0162 0.8667  0.6499 -0.6259  0.6542 -0.2571
6.25 16500 0.2632  0.0945 0.2239 -0.0631 0.4628 0.3582 0.2146 0.2400 -0.0023 1.5091 -2.0167 0.8690  0.6597 -0.6645  0.6940 -0.2718
6.25 17000 0.2594  0.0922 0.2217 -0.0644 0.4592 0.3535 0.2128 0.2362 -0.0023 1.4999 -2.0111 0.8681  0.6645 -0.6896  0.7193 -0.2810
6.25 20000 0.2407  0.0787 0.2148 -0.0785 0.4527 0.3324 0.2079 0.2167 -0.0023 1.5028 -2.0741 0.9091  0.7443 -0.9496  0.9842 -0.3779
6.25 25000 0.2231  0.0560 0.2217 -0.1141 0.4783 0.3188 0.2178 0.1964 -0.0025 1.6332 -2.3649 1.0598  0.8539 -1.1805  1.1440 -0.4168
6.25 30000 0.2052  0.0396 0.2196 -0.1231 0.4656 0.2994 0.2151 0.1802 -0.0023 1.5656 -2.2667 1.0087  0.6758 -0.6612  0.5102 -0.1599
6.50  4000 0.3103 -0.0191 0.4371 -0.3620 0.9535 0.4999 0.4364 0.2548 -0.0050 3.2555 -5.0069 2.2762  1.6132 -2.0601  1.6219 -0.5135
6.50  4250 0.3035 -0.0196 0.4287 -0.3601 0.9412 0.4898 0.4288 0.2478 -0.0050 3.2235 -4.9763 2.2681  1.6965 -2.3666  1.9947 -0.6656
6.50  4500 0.3031 -0.0156 0.4229 -0.3459 0.9206 0.4865 0.4218 0.2499 -0.0048 3.1413 -4.8207 2.1895  1.5282 -1.8942  1.4589 -0.4532
6.50  4750 0.3110 -0.0072 0.4222 -0.3234 0.8998 0.4928 0.4180 0.2617 -0.0045 3.0295 -4.5729 2.0559  1.1882 -0.8854  0.3092  0.0013
6.50  5000 0.3232  0.0058 0.4211 -0.2982 0.8814 0.5035 0.4138 0.2772 -0.0043 2.9227 -4.3273 1.9239  0.9519 -0.2138 -0.4160  0.2779
6.50  5250 0.3434  0.0300 0.4157 -0.2533 0.8463 0.5196 0.4035 0.3025 -0.0039 2.7333 -3.9042 1.7000  0.6115  0.7186 -1.3917  0.6426
6.50  5500 0.3703  0.0614 0.4098 -0.2018 0.8114 0.5421 0.3921 0.3339 -0.0035 2.5273 -3.4339 1.4511  0.3691  1.3110 -1.9171  0.8127
6.50  6000 0.4101  0.1210 0.3835 -0.0961 0.7179 0.5670 0.3554 0.3827 -0.0028 2.0054 -2.3305 0.8793  0.0688  1.7786 -2.0476  0.7603
6.50  6500 0.4213  0.1578 0.3495 -0.0269 0.6356 0.5622 0.3175 0.3990 -0.0024 1.6473 -1.6486 0.5439  0.0355  1.5302 -1.5027  0.4825
6.50  7000 0.4201  0.1772 0.3222  0.0109 0.5804 0.5494 0.2899 0.4005 -0.0022 1.4609 -1.3334 0.4004  0.0761  1.2102 -1.0208  0.2688
6.50  7500 0.4151  0.1844 0.3060  0.0273 0.5500 0.5376 0.2741 0.3966 -0.0021 1.3656 -1.1873 0.3374  0.1322  0.9299 -0.6438  0.1087
6.50  8000 0.4073  0.1792 0.3027  0.0229 0.5452 0.5285 0.2711 0.3886 -0.0021 1.3374 -1.1530 0.3221  0.1911  0.7078 -0.3679 -0.0083
6.50  8500 0.3959  0.1616 0.3108 -0.0013 0.5633 0.5204 0.2796 0.3756 -0.0022 1.3760 -1.2363 0.3591  0.2435  0.5736 -0.2357 -0.0620
6.50  9000 0.3810  0.1374 0.3232 -0.0367 0.5925 0.5111 0.2932 0.3586 -0.0024 1.4709 -1.4330 0.4533  0.2935  0.5037 -0.2268 -0.0543
6.50  9500 0.3637  0.1193 0.3243 -0.0635 0.6059 0.4953 0.2973 0.3393 -0.0025 1.5707 -1.6747 0.5833  0.3812  0.3147 -0.1084 -0.0759
6.50 10000 0.3506  0.1176 0.3091 -0.0643 0.5886 0.4770 0.2856 0.3257 -0.0025 1.5962 -1.7943 0.6632  0.4751  0.0306  0.1580 -0.1584
6.50 10500 0.3416  0.1267 0.2851 -0.0487 0.5536 0.4591 0.2651 0.3172 -0.0025 1.5861 -1.8549 0.7201  0.5472 -0.2168  0.3935 -0.2261
6.50 11000 0.3289  0.1311 0.2625 -0.0397 0.5228 0.4385 0.2468 0.3049 -0.0024 1.6047 -1.9786 0.8097  0.5995 -0.3708  0.4850 -0.2271
6.50 11500 0.3201  0.1300 0.2523 -0.0391 0.5095 0.4262 0.2388 0.2962 -0.0024 1.6226 -2.0608 0.8645  0.6107 -0.3897  0.4486 -0.1915
6.50 12000 0.3132  0.1249 0.2498 -0.0437 0.5062 0.4184 0.2370 0.2893 -0.0024 1.6219 -2.0805 0.8777  0.6122 -0.3952  0.4349 -0.1810
6.50 12500 0.3064  0.1195 0.2479 -0.0484 0.5032 0.4108 0.2355 0.2824 -0.0024 1.6142 -2.0836 0.8812  0.6135 -0.4074  0.4375 -0.1797
6.50 13000 0.2999  0.1149 0.2454 -0.0520 0.4991 0.4034 0.2335 0.2760 -0.0024 1.6030 -2.0800 0.8817  0.6143 -0.4210  0.4441 -0.1805
6.50 13500 0.2936  0.1110 0.2423 -0.0545 0.4938 0.3959 0.2308 0.2698 -0.0024 1.5887 -2.0714 0.8801  0.6173 -0.4454  0.4652 -0.1874
6.50 14000 0.2878  0.1076 0.2391 -0.0564 0.4882 0.3887 0.2280 0.2641 -0.0023 1.5740 -2.0612 0.8779  0.6212 -0.4729  0.4913 -0.1963
6.50 14500 0.2823  0.1045 0.2359 -0.0580 0.4827 0.3820 0.2251 0.2588 -0.0023 1.5594 -2.0506 0.8754  0.6254 -0.5013  0.5192 -0.2061
6.50 15000 0.2773  0.1018 0.2328 -0.0592 0.4772 0.3757 0.2224 0.2539 -0.0023 1.5447 -2.0385 0.8719  0.6290 -0.5278  0.5461 -0.2158
6.50 15500 0.2725  0.0993 0.2299 -0.0604 0.4722 0.3699 0.2198 0.2492 -0.0023 1.5311 -2.0276 0.8688  0.6327 -0.5537  0.5723 -0.2253
6.50 16000 0.2682  0.0968 0.2273 -0.0617 0.4679 0.3645 0.2176 0.2450 -0.0023 1.5198 -2.0198 0.8672  0.6379 -0.5821  0.6014 -0.2359
6.50 16500 0.2640  0.0946 0.2248 -0.0627 0.4634 0.3593 0.2154 0.2409 -0.0023 1.5075 -2.0092 0.8640  0.6405 -0.6030  0.6227 -0.2436
6.50 17000 0.2602  0.0923 0.2228 -0.0643 0.4602 0.3547 0.2136 0.2371 -0.0023 1.5000 -2.0069 0.8648  0.6477 -0.6344  0.6547 -0.2553
6.50 20000 0.2414  0.0789 0.2155 -0.0780 0.4530 0.3334 0.2084 0.2176 -0.0023 1.5000 -2.0649 0.9035  0.7260 -0.8921  0.9181 -0.3519
6.50 25000 0.2234  0.0562 0.2218 -0.1131 0.4773 0.3190 0.2176 0.1969 -0.0025 1.6265 -2.3501 1.0518  0.8374 -1.1329  1.0910 -0.3964
6.50 30000 0.2046  0.0401 0.2183 -0.1211 0.4620 0.2983 0.2137 0.1800 -0.0023 1.5509 -2.2404 0.9958  0.6593 -0.6215  0.4686 -0.1443
6.75  4000 0.3131 -0.0196 0.4414 -0.3669 0.9645 0.5048 0.4410 0.2568 -0.0051 3.2959 -5.0740 2.3082  1.6553 -2.1585  1.7279 -0.5543
6.75  4250 0.3046 -0.0185 0.4287 -0.3573 0.9387 0.4908 0.4284 0.2494 -0.0050 3.2099 -4.9455 2.2513  1.6543 -2.2411  1.8521 -0.6094
6.75  4500 0.3027 -0.0166 0.4237 -0.3503 0.9263 0.4866 0.4232 0.2485 -0.0049 3.1659 -4.8707 2.2158  1.6054 -2.1240  1.7262 -0.5605
6.75  4750 0.3089 -0.0097 0.4227 -0.3284 0.9039 0.4911 0.4191 0.2589 -0.0046 3.0520 -4.6230 2.0825  1.2370 -1.0240  0.4600 -0.0566
6.75  5000 0.3185  0.0019 0.4200 -0.3038 0.8827 0.4986 0.4135 0.2719 -0.0043 2.9366 -4.3689 1.9475  0.9995 -0.3570 -0.2617  0.2190
6.75  5250 0.3343  0.0207 0.4161 -0.2673 0.8532 0.5112 0.4054 0.2922 -0.0039 2.7786 -4.0168 1.7606  0.6823  0.5303 -1.2129  0.5806
6.75  5500 0.3582  0.0480 0.4115 -0.2224 0.8235 0.5315 0.3960 0.3202 -0.0036 2.6023 -3.6110 1.5453  0.4555  1.1015 -1.7394  0.7577
6.75  6000 0.4011  0.1081 0.3886 -0.1174 0.7354 0.5608 0.3625 0.3720 -0.0030 2.1038 -2.5413 0.9885  0.1110  1.7380 -2.0852  0.7966
6.75  6500 0.4164  0.1474 0.3569 -0.0435 0.6523 0.5607 0.3255 0.3932 -0.0025 1.7114 -1.7733 0.6040  0.0330  1.6025 -1.6375  0.5469
6.75  7000 0.4156  0.1668 0.3301 -0.0052 0.5968 0.5483 0.2981 0.3951 -0.0022 1.5150 -1.4350 0.4476  0.0666  1.2954 -1.1613  0.3324
6.75  7500 0.4102  0.1729 0.3149  0.0098 0.5679 0.5365 0.2832 0.3908 -0.0022 1.4218 -1.2915 0.3850  0.1135  1.0479 -0.8252  0.1888
6.75  8000 0.4025  0.1678 0.3114  0.0058 0.5626 0.5274 0.2801 0.3829 -0.0022 1.3951 -1.2609 0.3720  0.1652  0.8508 -0.5822  0.0863
6.75  8500 0.3922  0.1525 0.3180 -0.0148 0.5773 0.5198 0.2870 0.3713 -0.0022 1.4216 -1.3204 0.3975  0.2124  0.7216 -0.4474  0.0301
6.75  9000 0.3787  0.1301 0.3298 -0.0473 0.6041 0.5115 0.2996 0.3558 -0.0024 1.5022 -1.4859 0.4754  0.2563  0.6575 -0.4327  0.0322
6.75  9500 0.3625  0.1103 0.3346 -0.0766 0.6228 0.4981 0.3068 0.3376 -0.0026 1.6017 -1.7150 0.5948  0.3302  0.5136 -0.3581  0.0237
6.75 10000 0.3479  0.1046 0.3229 -0.0835 0.6120 0.4798 0.2985 0.3222 -0.0026 1.6396 -1.8548 0.6822  0.4305  0.2211 -0.0858 -0.0622
6.75 10500 0.3401  0.1114 0.3034 -0.0712 0.5835 0.4648 0.2818 0.3149 -0.0026 1.6234 -1.8877 0.7195  0.5002 -0.0247  0.1676 -0.1454
6.75 11000 0.3307  0.1215 0.2775 -0.0535 0.5450 0.4458 0.2597 0.3062 -0.0025 1.6063 -1.9392 0.7733  0.5646 -0.2541  0.3808 -0.2030
6.75 11500 0.3203  0.1251 0.2591 -0.0458 0.5193 0.4289 0.2446 0.2962 -0.0024 1.6201 -2.0376 0.8451  0.5974 -0.3483  0.4170 -0.1879
6.75 12000 0.3134  0.1238 0.2516 -0.0453 0.5088 0.4193 0.2386 0.2894 -0.0024 1.6247 -2.0812 0.8763  0.6031 -0.3627  0.3972 -0.1667
6.75 12500 0.3070  0.1193 0.2491 -0.0490 0.5050 0.4120 0.2366 0.2831 -0.0024 1.6184 -2.0878 0.8823  0.6039 -0.3714  0.3936 -0.1620
6.75 13000 0.3007  0.1147 0.2468 -0.0527 0.5012 0.4047 0.2347 0.2767 -0.0024 1.6077 -2.0848 0.8830  0.6050 -0.3857  0.4011 -0.1632
6.75 13500 0.2946  0.1106 0.2441 -0.0555 0.4966 0.3976 0.2324 0.2708 -0.0024 1.5953 -2.0783 0.8821  0.6057 -0.4004  0.4105 -0.1653
6.75 14000 0.2888  0.1072 0.2410 -0.0575 0.4912 0.3906 0.2297 0.2651 -0.0023 1.5807 -2.0682 0.8798  0.6081 -0.4231  0.4306 -0.1718
6.75 14500 0.2834  0.1042 0.2378 -0.0590 0.4855 0.3838 0.2268 0.2598 -0.0023 1.5656 -2.0564 0.8766  0.6113 -0.4487  0.4556 -0.1805
6.75 15000 0.2783  0.1015 0.2346 -0.0601 0.4800 0.3775 0.2241 0.2549 -0.0023 1.5506 -2.0438 0.8729  0.6144 -0.4738  0.4807 -0.1895
6.75 15500 0.2736  0.0989 0.2317 -0.0612 0.4748 0.3716 0.2214 0.2503 -0.0023 1.5365 -2.0319 0.8694  0.6174 -0.4980  0.5051 -0.1982
6.75 16000 0.2692  0.0966 0.2289 -0.0623 0.4701 0.3661 0.2190 0.2460 -0.0023 1.5235 -2.0211 0.8663  0.6212 -0.5236  0.5317 -0.2080
6.75 16500 0.2650  0.0943 0.2265 -0.0635 0.4659 0.3610 0.2168 0.2419 -0.0023 1.5125 -2.0133 0.8645  0.6258 -0.5494  0.5580 -0.2176
6.75 17000 0.2612  0.0921 0.2243 -0.0648 0.4623 0.3562 0.2150 0.2381 -0.0023 1.5036 -2.0084 0.8641  0.6321 -0.5791  0.5888 -0.2289
6.75 20000 0.2423  0.0787 0.2171 -0.0787 0.4554 0.3349 0.2098 0.2185 -0.0023 1.5054 -2.0702 0.9048  0.7157 -0.8530  0.8708 -0.3329
6.75 25000 0.2240  0.0563 0.2225 -0.1131 0.4781 0.3199 0.2183 0.1975 -0.0025 1.6263 -2.3465 1.0490  0.8262 -1.0960  1.0483 -0.3796
6.75 30000 0.2042  0.0407 0.2168 -0.1181 0.4571 0.2971 0.2119 0.1800 -0.0023 1.5301 -2.2020 0.9764  0.6273 -0.5371  0.3759 -0.1084
7.00  4000 0.3164 -0.0203 0.4466 -0.3730 0.9777 0.5103 0.4464 0.2590 -0.0052 3.3450 -5.1561 2.3475  1.7067 -2.2787  1.8570 -0.6039
7.00  4250 0.3066 -0.0186 0.4315 -0.3599 0.9454 0.4941 0.4313 0.2510 -0.0050 3.2336 -4.9834 2.2690  1.6736 -2.2811  1.8938 -0.6252
7.00  4500 0.3032 -0.0169 0.4246 -0.3526 0.9301 0.4876 0.4244 0.2485 -0.0049 3.1821 -4.9010 2.2313  1.6424 -2.2297  1.8478 -0.6089
7.00  4750 0.3074 -0.0121 0.4239 -0.3344 0.9103 0.4905 0.4210 0.2566 -0.0046 3.0837 -4.6886 2.1168  1.2977 -1.1922  0.6436 -0.1272
7.00  5000 0.3150 -0.0011 0.4194 -0.3085 0.8843 0.4950 0.4134 0.2678 -0.0044 2.9506 -4.4073 1.9690  1.0407 -0.4784 -0.1311  0.1694
7.00  5250 0.3273  0.0147 0.4147 -0.2753 0.8547 0.5039 0.4050 0.2845 -0.0040 2.7951 -4.0693 1.7904  0.7375  0.3650 -1.0387  0.5150
7.00  5500 0.3474  0.0363 0.4126 -0.2402 0.8333 0.5217 0.3990 0.3079 -0.0037 2.6631 -3.7576 1.6236  0.5361  0.8964 -1.5543  0.6963
7.00  6000 0.3911  0.0947 0.3932 -0.1397 0.7528 0.5536 0.3693 0.3604 -0.0031 2.2050 -2.7613 1.1031  0.1650  1.6612 -2.0831  0.8177
7.00  6500 0.4107  0.1380 0.3618 -0.0591 0.6663 0.5575 0.3316 0.3864 -0.0026 1.7821 -1.9200 0.6787  0.0495  1.6190 -1.7165  0.5930
7.00  7000 0.4114  0.1584 0.3358 -0.0185 0.6098 0.5467 0.3043 0.3901 -0.0023 1.5664 -1.5362 0.4967  0.0657  1.3499 -1.2663  0.3831
7.00  7500 0.4058  0.1635 0.3214 -0.0047 0.5822 0.5350 0.2903 0.3855 -0.0022 1.4736 -1.3917 0.4327  0.1040  1.1310 -0.9644  0.2529
7.00  8000 0.3982  0.1581 0.3185 -0.0089 0.5773 0.5261 0.2875 0.3778 -0.0022 1.4457 -1.3569 0.4168  0.1457  0.9655 -0.7582  0.1648
7.00  8500 0.3881  0.1432 0.3248 -0.0290 0.5915 0.5187 0.2942 0.3665 -0.0023 1.4753 -1.4233 0.4465  0.1882  0.8551 -0.6498  0.1209
7.00  9000 0.3757  0.1222 0.3363 -0.0592 0.6169 0.5112 0.3063 0.3523 -0.0024 1.5470 -1.5690 0.5140  0.2261  0.8018 -0.6397  0.1229
7.00  9500 0.3606  0.1015 0.3438 -0.0900 0.6391 0.4999 0.3157 0.3351 -0.0026 1.6447 -1.7849 0.6235  0.2872  0.6983 -0.6046  0.1267
7.00 10000 0.3453  0.0921 0.3359 -0.1025 0.6351 0.4823 0.3110 0.3187 -0.0027 1.6950 -1.9421 0.7165  0.3864  0.4216 -0.3540  0.0482
7.00 10500 0.3362  0.0953 0.3196 -0.0955 0.6123 0.4673 0.2972 0.3097 -0.0026 1.6838 -1.9800 0.7533  0.4624  0.1602 -0.0800 -0.0463
7.00 11000 0.3306  0.1066 0.2972 -0.0762 0.5770 0.4532 0.2774 0.3051 -0.0026 1.6475 -1.9743 0.7727  0.5189 -0.0623  0.1579 -0.1246
7.00 11500 0.3212  0.1154 0.2730 -0.0601 0.5408 0.4349 0.2568 0.2965 -0.0025 1.6301 -2.0203 0.8217  0.5714 -0.2527  0.3276 -0.1663
7.00 12000 0.3133  0.1191 0.2576 -0.0523 0.5185 0.4215 0.2440 0.2890 -0.0024 1.6335 -2.0838 0.8716  0.5914 -0.3153  0.3464 -0.1511
7.00 12500 0.3073  0.1179 0.2514 -0.0516 0.5091 0.4132 0.2388 0.2833 -0.0024 1.6286 -2.1026 0.8880  0.5962 -0.3360  0.3474 -0.1430
7.00 13000 0.3014  0.1140 0.2486 -0.0543 0.5045 0.4062 0.2365 0.2774 -0.0024 1.6179 -2.0996 0.8892  0.5967 -0.3483  0.3523 -0.1427
7.00 13500 0.2955  0.1100 0.2460 -0.0571 0.5000 0.3992 0.2342 0.2716 -0.0024 1.6050 -2.0919 0.8876  0.5975 -0.3636  0.3631 -0.1456
7.00 14000 0.2899  0.1065 0.2433 -0.0593 0.4952 0.3926 0.2319 0.2661 -0.0024 1.5919 -2.0832 0.8856  0.5983 -0.3795  0.3752 -0.1490
7.00 14500 0.2845  0.1035 0.2402 -0.0608 0.4897 0.3859 0.2291 0.2608 -0.0023 1.5770 -2.0717 0.8825  0.6006 -0.4020  0.3963 -0.1561
7.00 15000 0.2794  0.1007 0.2370 -0.0620 0.4843 0.3796 0.2263 0.2559 -0.0023 1.5622 -2.0594 0.8790  0.6033 -0.4258  0.4196 -0.1643
7.00 15500 0.2747  0.0983 0.2341 -0.0630 0.4790 0.3737 0.2237 0.2513 -0.0023 1.5480 -2.0473 0.8753  0.6069 -0.4518  0.4465 -0.1741
7.00 16000 0.2705  0.0955 0.2322 -0.0656 0.4767 0.3688 0.2222 0.2470 -0.0023 1.5452 -2.0552 0.8815  0.6209 -0.5007  0.4962 -0.1922
7.00 16500 0.2661  0.0937 0.2287 -0.0650 0.4697 0.3630 0.2189 0.2430 -0.0023 1.5227 -2.0264 0.8694  0.6148 -0.5030  0.4998 -0.1937
7.00 17000 0.2623  0.0915 0.2266 -0.0665 0.4663 0.3583 0.2171 0.2391 -0.0023 1.5146 -2.0232 0.8698  0.6221 -0.5352  0.5331 -0.2060
7.00 20000 0.2434  0.0782 0.2191 -0.0802 0.4589 0.3368 0.2117 0.2195 -0.0023 1.5151 -2.0830 0.9097  0.7077 -0.8169  0.8252 -0.3142
7.00 25000 0.2246  0.0564 0.2231 -0.1125 0.4781 0.3206 0.2186 0.1983 -0.0025 1.6229 -2.3366 1.0431  0.8108 -1.0489  0.9952 -0.3590
7.00 30000 0.2039  0.0411 0.2160 -0.1165 0.4544 0.2964 0.2109 0.1800 -0.0023 1.5180 -2.1794 0.9650  0.6087 -0.4879  0.3220 -0.0877
7.25  4000 0.3200 -0.0213 0.4528 -0.3803 0.9933 0.5168 0.4530 0.2614 -0.0053 3.4032 -5.2540 2.3944  1.7682 -2.4231  2.0118 -0.6633
7.25  4250 0.3090 -0.0187 0.4348 -0.3629 0.9531 0.4979 0.4347 0.2529 -0.0051 3.2606 -5.0261 2.2889  1.6950 -2.3244  1.9388 -0.6422
7.25  4500 0.3040 -0.0174 0.4263 -0.3548 0.9344 0.4892 0.4262 0.2490 -0.0050 3.1964 -4.9248 2.2424  1.6608 -2.2760  1.8996 -0.6296
7.25  4750 0.3066 -0.0145 0.4260 -0.3417 0.9195 0.4909 0.4239 0.2546 -0.0047 3.1258 -4.7730 2.1605  1.3812 -1.4250  0.9021 -0.2278
7.25  5000 0.3123 -0.0037 0.4194 -0.3130 0.8870 0.4925 0.4140 0.2647 -0.0044 2.9675 -4.4481 1.9911  1.0784 -0.5860 -0.0168  0.1262
7.25  5250 0.3220  0.0100 0.4139 -0.2820 0.8567 0.4985 0.4050 0.2786 -0.0040 2.8135 -4.1209 1.8192  0.7822  0.2359 -0.9063  0.4664
7.25  5500 0.3382  0.0268 0.4131 -0.2545 0.8407 0.5133 0.4010 0.2975 -0.0038 2.7102 -3.8735 1.6860  0.6060  0.7132 -1.3832  0.6379
7.25  6000 0.3805  0.0810 0.3974 -0.1623 0.7699 0.5456 0.3758 0.3480 -0.0032 2.3053 -2.9815 1.2183  0.2290  1.5508 -2.0406  0.8223
7.25  6500 0.4049  0.1279 0.3675 -0.0759 0.6819 0.5545 0.3385 0.3794 -0.0027 1.8576 -2.0749 0.7569  0.0656  1.6414 -1.8053  0.6435
7.25  7000 0.4079  0.1512 0.3405 -0.0299 0.6210 0.5453 0.3096 0.3858 -0.0024 1.6114 -1.6252 0.5402  0.0670  1.3906 -1.3498  0.4243
7.25  7500 0.4023  0.1566 0.3261 -0.0154 0.5924 0.5336 0.2953 0.3815 -0.0023 1.5124 -1.4677 0.4693  0.0993  1.1851 -1.0596  0.2975
7.25  8000 0.3942  0.1504 0.3235 -0.0207 0.5885 0.5243 0.2930 0.3731 -0.0023 1.4911 -1.4473 0.4608  0.1356  1.0444 -0.8902  0.2264
7.25  8500 0.3842  0.1354 0.3301 -0.0410 0.6031 0.5172 0.3000 0.3620 -0.0023 1.5233 -1.5178 0.4924  0.1705  0.9615 -0.8172  0.1975
7.25  9000 0.3721  0.1146 0.3417 -0.0713 0.6289 0.5102 0.3123 0.3481 -0.0025 1.5987 -1.6701 0.5633  0.2049  0.9236 -0.8282  0.2090
7.25  9500 0.3578  0.0931 0.3512 -0.1032 0.6539 0.5003 0.3234 0.3317 -0.0026 1.6979 -1.8822 0.6688  0.2556  0.8557 -0.8319  0.2268
7.25 10000 0.3426  0.0805 0.3477 -0.1209 0.6574 0.4846 0.3227 0.3151 -0.0027 1.7600 -2.0525 0.7645  0.3454  0.6218 -0.6331  0.1672
7.25 10500 0.3316  0.0801 0.3338 -0.1191 0.6392 0.4686 0.3113 0.3040 -0.0027 1.7582 -2.1079 0.8085  0.4309  0.3384 -0.3374  0.0634
7.25 11000 0.3266  0.0881 0.3164 -0.1048 0.6119 0.4570 0.2959 0.2996 -0.0027 1.7250 -2.0943 0.8185  0.4825  0.1353 -0.1118 -0.0158
7.25 11500 0.3212  0.1006 0.2926 -0.0832 0.5735 0.4425 0.2747 0.2953 -0.0026 1.6781 -2.0695 0.8288  0.5323 -0.0758  0.1176 -0.0916
7.25 12000 0.3131  0.1087 0.2712 -0.0681 0.5407 0.4265 0.2562 0.2881 -0.0025 1.6571 -2.0983 0.8658  0.5712 -0.2249  0.2487 -0.1219
7.25 12500 0.3070  0.1129 0.2576 -0.0596 0.5200 0.4153 0.2446 0.2825 -0.0024 1.6488 -2.1292 0.8962  0.5871 -0.2857  0.2832 -0.1190
7.25 13000 0.3017  0.1121 0.2516 -0.0581 0.5103 0.4078 0.2394 0.2775 -0.0024 1.6360 -2.1289 0.9021  0.5915 -0.3132  0.3018 -0.1209
7.25 13500 0.2962  0.1090 0.2484 -0.0597 0.5048 0.4010 0.2367 0.2721 -0.0024 1.6215 -2.1185 0.8996  0.5924 -0.3305  0.3158 -0.1249
7.25 14000 0.2907  0.1056 0.2456 -0.0616 0.4998 0.3944 0.2342 0.2668 -0.0024 1.6068 -2.1065 0.8959  0.5932 -0.3478  0.3311 -0.1299
7.25 14500 0.2856  0.1025 0.2430 -0.0634 0.4951 0.3882 0.2318 0.2618 -0.0024 1.5938 -2.0971 0.8935  0.5947 -0.3656  0.3465 -0.1349
7.25 15000 0.2806  0.0998 0.2399 -0.0647 0.4897 0.3819 0.2291 0.2569 -0.0023 1.5793 -2.0851 0.8900  0.5974 -0.3891  0.3695 -0.1430
7.25 15500 0.2759  0.0972 0.2371 -0.0659 0.4849 0.3762 0.2266 0.2523 -0.0023 1.5666 -2.0757 0.8877  0.6020 -0.4171  0.3981 -0.1533
7.25 16000 0.2714  0.0952 0.2338 -0.0661 0.4786 0.3703 0.2236 0.2480 -0.0023 1.5476 -2.0541 0.8793  0.6010 -0.4326  0.4153 -0.1599
7.25 16500 0.2673  0.0928 0.2314 -0.0674 0.4747 0.3652 0.2215 0.2439 -0.0023 1.5380 -2.0490 0.8789  0.6077 -0.4645  0.4482 -0.1720
7.25 17000 0.2634  0.0906 0.2293 -0.0690 0.4715 0.3606 0.2198 0.2401 -0.0023 1.5308 -2.0473 0.8801  0.6161 -0.4994  0.4845 -0.1854
7.25 20000 0.2445  0.0777 0.2214 -0.0821 0.4633 0.3389 0.2139 0.2205 -0.0023 1.5280 -2.1016 0.9175  0.7027 -0.7872  0.7857 -0.2976
7.25 25000 0.2256  0.0558 0.2253 -0.1147 0.4826 0.3226 0.2208 0.1991 -0.0025 1.6376 -2.3596 1.0534  0.8120 -1.0380  0.9770 -0.3508
7.25 30000 0.2038  0.0411 0.2159 -0.1159 0.4535 0.2962 0.2107 0.1801 -0.0022 1.5133 -2.1702 0.9602  0.5972 -0.4545  0.2838 -0.0726
7.50  4000 0.3240 -0.0225 0.4598 -0.3891 1.0114 0.5241 0.4604 0.2640 -0.0054 3.4712 -5.3691 2.4497  1.8393 -2.5896  2.1890 -0.7311
7.50  4250 0.3118 -0.0188 0.4387 -0.3665 0.9620 0.5024 0.4386 0.2551 -0.0051 3.2922 -5.0763 2.3122  1.7199 -2.3751  1.9912 -0.6621
7.50  4500 0.3054 -0.0172 0.4281 -0.3561 0.9383 0.4914 0.4279 0.2502 -0.0050 3.2094 -4.9441 2.2511  1.6699 -2.2930  1.9177 -0.6366
7.50  4750 0.3061 -0.0169 0.4285 -0.3514 0.9326 0.4919 0.4275 0.2522 -0.0049 3.1853 -4.8919 2.2225  1.5318 -1.8619  1.4023 -0.4263
7.50  5000 0.3105 -0.0061 0.4201 -0.3177 0.8911 0.4912 0.4152 0.2623 -0.0044 2.9892 -4.4953 2.0160  1.1158 -0.6873  0.0894  0.0865
7.50  5250 0.3179  0.0063 0.4133 -0.2875 0.8587 0.4944 0.4052 0.2739 -0.0041 2.8315 -4.1686 1.8457  0.8210  0.1264 -0.7951  0.4260
7.50  5500 0.3309  0.0194 0.4132 -0.2657 0.8461 0.5064 0.4023 0.2892 -0.0039 2.7469 -3.9651 1.7355  0.6657  0.5533 -1.2295  0.5842
7.50  6000 0.3696  0.0675 0.4008 -0.1842 0.7854 0.5368 0.3814 0.3353 -0.0033 2.3978 -3.1886 1.3271  0.3027  1.4003 -1.9447  0.8037
7.50  6500 0.3980  0.1172 0.3725 -0.0939 0.6977 0.5503 0.3451 0.3712 -0.0028 1.9417 -2.2514 0.8475  0.0943  1.6310 -1.8640  0.6845
7.50  7000 0.4045  0.1445 0.3449 -0.0407 0.6316 0.5440 0.3145 0.3818 -0.0024 1.6550 -1.7115 0.5825  0.0703  1.4234 -1.4227  0.4610
7.50  7500 0.3997  0.1515 0.3292 -0.0232 0.5997 0.5324 0.2987 0.3784 -0.0023 1.5414 -1.5255 0.4975  0.0986  1.2164 -1.1203  0.3269
7.50  8000 0.3911  0.1451 0.3263 -0.0288 0.5955 0.5227 0.2963 0.3696 -0.0023 1.5230 -1.5127 0.4934  0.1309  1.0918 -0.9749  0.2671
7.50  8500 0.3808  0.1296 0.3334 -0.0501 0.6112 0.5154 0.3038 0.3582 -0.0024 1.5628 -1.5987 0.5330  0.1605  1.0340 -0.9393  0.2555
7.50  9000 0.3688  0.1082 0.3457 -0.0815 0.6386 0.5087 0.3169 0.3442 -0.0025 1.6459 -1.7651 0.6108  0.1900  1.0200 -0.9846  0.2823
7.50  9500 0.3549  0.0858 0.3570 -0.1150 0.6665 0.5001 0.3297 0.3282 -0.0027 1.7503 -1.9823 0.7172  0.2319  0.9863 -1.0296  0.3163
7.50 10000 0.3396  0.0702 0.3573 -0.1377 0.6770 0.4857 0.3326 0.3112 -0.0028 1.8304 -2.1806 0.8243  0.3152  0.7916 -0.8853  0.2792
7.50 10500 0.3270  0.0664 0.3458 -0.1410 0.6638 0.4691 0.3236 0.2981 -0.0028 1.8412 -2.2596 0.8788  0.4078  0.4975 -0.5839  0.1735
7.50 11000 0.3206  0.0707 0.3317 -0.1323 0.6425 0.4575 0.3113 0.2921 -0.0028 1.8173 -2.2595 0.8928  0.4635  0.2901 -0.3550  0.0913
7.50 11500 0.3177  0.0815 0.3133 -0.1138 0.6120 0.4475 0.2947 0.2901 -0.0027 1.7710 -2.2169 0.8880  0.5005  0.1217 -0.1601  0.0224
7.50 12000 0.3122  0.0933 0.2905 -0.0927 0.5743 0.4331 0.2742 0.2858 -0.0026 1.7184 -2.1780 0.8898  0.5427 -0.0697  0.0519 -0.0486
7.50 12500 0.3058  0.1015 0.2710 -0.0774 0.5435 0.4194 0.2571 0.2803 -0.0025 1.6897 -2.1820 0.9114  0.5722 -0.1958  0.1693 -0.0781
7.50 13000 0.3010  0.1063 0.2584 -0.0679 0.5232 0.4099 0.2460 0.2762 -0.0025 1.6692 -2.1823 0.9242  0.5858 -0.2609  0.2247 -0.0887
7.50 13500 0.2964  0.1063 0.2522 -0.0650 0.5126 0.4028 0.2404 0.2719 -0.0024 1.6487 -2.1652 0.9212  0.5907 -0.2976  0.2620 -0.1003
7.50 14000 0.2915  0.1041 0.2486 -0.0654 0.5061 0.3964 0.2372 0.2672 -0.0024 1.6301 -2.1458 0.9142  0.5920 -0.3206  0.2868 -0.1095
7.50 14500 0.2864  0.1013 0.2456 -0.0664 0.5005 0.3902 0.2345 0.2623 -0.0024 1.6129 -2.1282 0.9077  0.5928 -0.3405  0.3077 -0.1175
7.50 15000 0.2815  0.0986 0.2427 -0.0676 0.4952 0.3841 0.2319 0.2576 -0.0024 1.5971 -2.1131 0.9024  0.5947 -0.3626  0.3307 -0.1261
7.50 15500 0.2770  0.0964 0.2396 -0.0682 0.4897 0.3783 0.2291 0.2532 -0.0023 1.5811 -2.0972 0.8968  0.5948 -0.3787  0.3468 -0.1317
7.50 16000 0.2726  0.0940 0.2369 -0.0694 0.4850 0.3728 0.2267 0.2489 -0.0023 1.5690 -2.0882 0.8947  0.6000 -0.4080  0.3773 -0.1429
7.50 16500 0.2685  0.0918 0.2344 -0.0705 0.4807 0.3677 0.2245 0.2449 -0.0023 1.5577 -2.0797 0.8926  0.6057 -0.4380  0.4090 -0.1548
7.50 17000 0.2647  0.0896 0.2324 -0.0721 0.4777 0.3631 0.2228 0.2411 -0.0023 1.5511 -2.0792 0.8943  0.6148 -0.4749  0.4473 -0.1689
7.50 20000 0.2458  0.0768 0.2242 -0.0848 0.4688 0.3413 0.2166 0.2214 -0.0023 1.5466 -2.1305 0.9304  0.7033 -0.7708  0.7594 -0.2858
7.50 25000 0.2265  0.0554 0.2270 -0.1161 0.4860 0.3243 0.2225 0.1999 -0.0025 1.6480 -2.3746 1.0598  0.8093 -1.0188  0.9510 -0.3398
7.50 30000 0.2037  0.0413 0.2155 -0.1149 0.4519 0.2959 0.2102 0.1802 -0.0022 1.5060 -2.1562 0.9530  0.5851 -0.4219  0.2481 -0.0588
7.75  4000 0.3285 -0.0242 0.4679 -0.3991 1.0320 0.5322 0.4690 0.2669 -0.0056 3.5488 -5.5006 2.5129  1.9187 -2.7736  2.3837 -0.8051
7.75  4250 0.3149 -0.0190 0.4430 -0.3706 0.9722 0.5074 0.4430 0.2575 -0.0052 3.3286 -5.1344 2.3394  1.7499 -2.4373  2.0560 -0.6866
7.75  4500 0.3074 -0.0172 0.4306 -0.3581 0.9440 0.4945 0.4305 0.2518 -0.0050 3.2288 -4.9739 2.2647  1.6829 -2.3166  1.9414 -0.6455
7.75  4750 0.3056 -0.0160 0.4267 -0.3496 0.9293 0.4906 0.4257 0.2518 -0.0049 3.1724 -4.8706 2.2127  1.5451 -1.9186  1.4783 -0.4591
7.75  5000 0.3094 -0.0084 0.4216 -0.3230 0.8970 0.4909 0.4173 0.2605 -0.0045 3.0173 -4.5522 2.0452  1.1557 -0.7907  0.1966  0.0467
7.75  5250 0.3149  0.0037 0.4128 -0.2914 0.8600 0.4913 0.4052 0.2705 -0.0041 2.8431 -4.2004 1.8634  0.8521  0.0355 -0.6990  0.3899
7.75  5500 0.3253  0.0146 0.4122 -0.2724 0.8478 0.5007 0.4022 0.2830 -0.0039 2.7644 -4.0159 1.7640  0.7125  0.4167 -1.0881  0.5319
7.75  6000 0.3590  0.0548 0.4036 -0.2046 0.7994 0.5281 0.3863 0.3230 -0.0035 2.4800 -3.3748 1.4252  0.3784  1.2332 -1.8201  0.7709
7.75  6500 0.3902  0.1053 0.3780 -0.1139 0.7150 0.5455 0.3523 0.3619 -0.0029 2.0342 -2.4466 0.9478  0.1309  1.6029 -1.9087  0.7215
7.75  7000 0.4005  0.1376 0.3489 -0.0524 0.6424 0.5420 0.3193 0.3770 -0.0025 1.7083 -1.8209 0.6379  0.0821  1.4379 -1.4837  0.4960
7.75  7500 0.3974  0.1476 0.3314 -0.0295 0.6055 0.5312 0.3014 0.3757 -0.0023 1.5674 -1.5787 0.5241  0.1021  1.2309 -1.1591  0.3475
7.75  8000 0.3889  0.1420 0.3276 -0.0335 0.5991 0.5211 0.2979 0.3671 -0.0023 1.5428 -1.5554 0.5153  0.1306  1.1123 -1.0185  0.2894
7.75  8500 0.3784  0.1262 0.3346 -0.0551 0.6149 0.5137 0.3055 0.3555 -0.0024 1.5861 -1.6492 0.5591  0.1551  1.0749 -1.0117  0.2908
7.75  9000 0.3661  0.1040 0.3479 -0.0880 0.6442 0.5072 0.3196 0.3412 -0.0026 1.6777 -1.8313 0.6445  0.1789  1.0883 -1.0963  0.3352
7.75  9500 0.3520  0.0803 0.3606 -0.1242 0.6754 0.4989 0.3340 0.3248 -0.0027 1.7969 -2.0763 0.7646  0.2186  1.0765 -1.1780  0.3865
7.75 10000 0.3367  0.0617 0.3649 -0.1520 0.6932 0.4863 0.3407 0.3075 -0.0029 1.8961 -2.3042 0.8838  0.2919  0.9343 -1.1047  0.3790
7.75 10500 0.3227  0.0544 0.3560 -0.1609 0.6860 0.4694 0.3345 0.2926 -0.0029 1.9254 -2.4174 0.9540  0.3898  0.6409 -0.8155  0.2799
7.75 11000 0.3143  0.0553 0.3436 -0.1571 0.6686 0.4564 0.3241 0.2842 -0.0029 1.9127 -2.4407 0.9790  0.4572  0.4063 -0.5622  0.1884
7.75 11500 0.3108  0.0621 0.3300 -0.1450 0.6466 0.4478 0.3119 0.2814 -0.0029 1.8818 -2.4190 0.9808  0.4934  0.2560 -0.3914  0.1276
7.75 12000 0.3086  0.0741 0.3110 -0.1244 0.6141 0.4381 0.2945 0.2803 -0.0028 1.8256 -2.3558 0.9656  0.5232  0.1018 -0.2060  0.0609
7.75 12500 0.3036  0.0850 0.2901 -0.1044 0.5787 0.4250 0.2754 0.2765 -0.0026 1.7683 -2.3010 0.9568  0.5557 -0.0626 -0.0177 -0.0041
7.75 13000 0.2988  0.0937 0.2721 -0.0883 0.5490 0.4132 0.2593 0.2727 -0.0026 1.7291 -2.2760 0.9613  0.5782 -0.1761  0.0999 -0.0386
7.75 13500 0.2951  0.0993 0.2598 -0.0773 0.5282 0.4048 0.2482 0.2698 -0.0025 1.6968 -2.2481 0.9584  0.5901 -0.2477  0.1767 -0.0620
7.75 14000 0.2913  0.1005 0.2531 -0.0726 0.5160 0.3982 0.2420 0.2664 -0.0025 1.6679 -2.2134 0.9463  0.5953 -0.2938  0.2329 -0.0832
7.75 14500 0.2870  0.0993 0.2491 -0.0714 0.5083 0.3923 0.2381 0.2624 -0.0024 1.6437 -2.1824 0.9336  0.5972 -0.3242  0.2716 -0.0991
7.75 15000 0.2824  0.0971 0.2459 -0.0718 0.5024 0.3864 0.2352 0.2581 -0.0024 1.6245 -2.1599 0.9245  0.5990 -0.3494  0.3016 -0.1114
7.75 15500 0.2780  0.0948 0.2431 -0.0725 0.4971 0.3808 0.2326 0.2538 -0.0024 1.6078 -2.1420 0.9177  0.6015 -0.3743  0.3299 -0.1226
7.75 16000 0.2738  0.0926 0.2403 -0.0733 0.4923 0.3755 0.2302 0.2497 -0.0024 1.5946 -2.1301 0.9140  0.6044 -0.3972  0.3537 -0.1313
7.75 16500 0.2697  0.0905 0.2378 -0.0743 0.4879 0.3704 0.2279 0.2457 -0.0023 1.5827 -2.1205 0.9114  0.6102 -0.4278  0.3867 -0.1438
7.75 17000 0.2658  0.0886 0.2351 -0.0749 0.4833 0.3654 0.2255 0.2419 -0.0023 1.5698 -2.1086 0.9075  0.6154 -0.4580  0.4202 -0.1567
7.75 20000 0.2471  0.0758 0.2272 -0.0881 0.4754 0.3440 0.2197 0.2224 -0.0024 1.5692 -2.1671 0.9472  0.7087 -0.7660  0.7450 -0.2784
7.75 25000 0.2276  0.0549 0.2290 -0.1179 0.4900 0.3261 0.2244 0.2007 -0.0025 1.6611 -2.3946 1.0686  0.8096 -1.0067  0.9323 -0.3315
7.75 30000 0.2038  0.0414 0.2155 -0.1145 0.4514 0.2959 0.2101 0.1803 -0.0022 1.5028 -2.1494 0.9493  0.5772 -0.3991  0.2224 -0.0488
8.00  4000 0.3335 -0.0260 0.4770 -0.4104 1.0550 0.5413 0.4786 0.2701 -0.0057 3.6353 -5.6471 2.5832  2.0034 -2.9659  2.5850 -0.8812
8.00  4250 0.3183 -0.0193 0.4479 -0.3755 0.9841 0.5130 0.4481 0.2600 -0.0053 3.3712 -5.2034 2.3718  1.7865 -2.5154  2.1376 -0.7176
8.00  4500 0.3098 -0.0171 0.4336 -0.3603 0.9505 0.4981 0.4334 0.2538 -0.0051 3.2509 -5.0075 2.2800  1.6965 -2.3393  1.9637 -0.6538
8.00  4750 0.3063 -0.0167 0.4284 -0.3549 0.9377 0.4923 0.4281 0.2513 -0.0050 3.2070 -4.9366 2.2467  1.6433 -2.2077  1.8158 -0.5950
8.00  5000 0.3090 -0.0106 0.4240 -0.3290 0.9049 0.4917 0.4202 0.2593 -0.0046 3.0530 -4.6213 2.0803  1.2034 -0.9122  0.3234 -0.0006
8.00  5250 0.3127  0.0014 0.4130 -0.2954 0.8625 0.4894 0.4058 0.2679 -0.0041 2.8583 -4.2362 1.8827  0.8806 -0.0432 -0.6178  0.3598
8.00  5500 0.3210  0.0105 0.4121 -0.2789 0.8510 0.4966 0.4029 0.2781 -0.0040 2.7880 -4.0744 1.7959  0.7524  0.3087 -0.9827  0.4948
8.00  6000 0.3492  0.0434 0.4058 -0.2227 0.8112 0.5200 0.3903 0.3118 -0.0036 2.5498 -3.5349 1.5098  0.4511  1.0632 -1.6811  0.7296
8.00  6500 0.3816  0.0926 0.3835 -0.1354 0.7333 0.5399 0.3597 0.3516 -0.0030 2.1329 -2.6560 1.0558  0.1770  1.5495 -1.9285  0.7497
8.00  7000 0.3962  0.1296 0.3537 -0.0659 0.6554 0.5400 0.3251 0.3717 -0.0026 1.7691 -1.9441 0.6998  0.0950  1.4561 -1.5538  0.5355
8.00  7500 0.3951  0.1437 0.3334 -0.0359 0.6112 0.5299 0.3038 0.3729 -0.0024 1.5968 -1.6399 0.5553  0.1098  1.2350 -1.1888  0.3654
8.00  8000 0.3873  0.1403 0.3277 -0.0361 0.6005 0.5197 0.2984 0.3654 -0.0023 1.5555 -1.5849 0.5311  0.1344  1.1127 -1.0326  0.2987
8.00  8500 0.3769  0.1251 0.3340 -0.0566 0.6148 0.5120 0.3053 0.3538 -0.0024 1.5956 -1.6738 0.5730  0.1547  1.0858 -1.0381  0.3055
8.00  9000 0.3646  0.1024 0.3478 -0.0903 0.6452 0.5058 0.3199 0.3396 -0.0026 1.6916 -1.8636 0.6621  0.1726  1.1229 -1.1545  0.3636
8.00  9500 0.3500  0.0770 0.3623 -0.1296 0.6802 0.4978 0.3361 0.3225 -0.0028 1.8271 -2.1393 0.7971  0.2088  1.1392 -1.2815  0.4360
8.00 10000 0.3343  0.0556 0.3698 -0.1625 0.7047 0.4861 0.3462 0.3044 -0.0029 1.9494 -2.4077 0.9350  0.2776  1.0346 -1.2669  0.4549
8.00 10500 0.3189  0.0446 0.3640 -0.1777 0.7045 0.4693 0.3434 0.2878 -0.0030 2.0044 -2.5692 1.0282  0.3802  0.7516 -1.0069  0.3707
8.00 11000 0.3085  0.0424 0.3530 -0.1785 0.6907 0.4549 0.3345 0.2770 -0.0030 2.0040 -2.6191 1.0663  0.4594  0.4903 -0.7314  0.2719
8.00 11500 0.3032  0.0456 0.3419 -0.1721 0.6742 0.4455 0.3249 0.2720 -0.0030 1.9886 -2.6267 1.0816  0.5054  0.3234 -0.5500  0.2076
8.00 12000 0.3013  0.0541 0.3279 -0.1575 0.6507 0.4382 0.3122 0.2708 -0.0029 1.9510 -2.5887 1.0749  0.5328  0.1953 -0.3991  0.1534
8.00 12500 0.2992  0.0660 0.3094 -0.1366 0.6181 0.4288 0.2950 0.2700 -0.0028 1.8871 -2.5077 1.0495  0.5554  0.0571 -0.2256  0.0891
8.00 13000 0.2952  0.0762 0.2906 -0.1174 0.5852 0.4173 0.2775 0.2673 -0.0027 1.8252 -2.4360 1.0295  0.5773 -0.0771 -0.0636  0.0311
8.00 13500 0.2918  0.0854 0.2738 -0.1004 0.5562 0.4073 0.2621 0.2650 -0.0026 1.7755 -2.3831 1.0176  0.5932 -0.1792  0.0545 -0.0082
8.00 14000 0.2892  0.0920 0.2616 -0.0877 0.5345 0.3999 0.2508 0.2632 -0.0025 1.7317 -2.3289 1.0004  0.6026 -0.2539  0.1473 -0.0417
8.00 14500 0.2862  0.0946 0.2543 -0.0808 0.5206 0.3939 0.2438 0.2609 -0.0025 1.6935 -2.2743 0.9782  0.6074 -0.3079  0.2216 -0.0722
8.00 15000 0.2827  0.0943 0.2499 -0.0782 0.5119 0.3885 0.2395 0.2577 -0.0025 1.6638 -2.2313 0.9593  0.6097 -0.3452  0.2742 -0.0951
8.00 15500 0.2788  0.0930 0.2466 -0.0774 0.5053 0.3832 0.2363 0.2541 -0.0024 1.6405 -2.1992 0.9452  0.6119 -0.3757  0.3151 -0.1129
8.00 16000 0.2748  0.0910 0.2438 -0.0779 0.5002 0.3780 0.2338 0.2502 -0.0024 1.6231 -2.1786 0.9367  0.6156 -0.4054  0.3511 -0.1279
8.00 16500 0.2700  0.0910 0.2376 -0.0729 0.4864 0.3705 0.2274 0.2462 -0.0023 1.5720 -2.0980 0.8994  0.5979 -0.3981  0.3588 -0.1346
8.00 17000 0.2672  0.0870 0.2390 -0.0797 0.4919 0.3685 0.2295 0.2427 -0.0024 1.6011 -2.1611 0.9321  0.6274 -0.4663  0.4170 -0.1529
8.00 20000 0.2484  0.0746 0.2306 -0.0919 0.4828 0.3468 0.2231 0.2233 -0.0024 1.5954 -2.2102 0.9671  0.7183 -0.7714  0.7413 -0.2749
8.00 25000 0.2287  0.0544 0.2312 -0.1200 0.4946 0.3282 0.2266 0.2016 -0.0026 1.6762 -2.4182 1.0792  0.8128 -1.0022  0.9219 -0.3264
8.00 30000 0.2039  0.0414 0.2156 -0.1142 0.4512 0.2960 0.2101 0.1805 -0.0022 1.5009 -2.1451 0.9469  0.5714 -0.3818  0.2028 -0.0412
8.25  4000 0.3390 -0.0282 0.4871 -0.4226 1.0802 0.5514 0.4893 0.2737 -0.0059 3.7293 -5.8053 2.6588  2.0895 -3.1556  2.7805 -0.9544
8.25  4250 0.3221 -0.0197 0.4535 -0.3813 0.9977 0.5193 0.4539 0.2628 -0.0054 3.4208 -5.2844 2.4101  1.8306 -2.6112  2.2379 -0.7556
8.25  4500 0.3126 -0.0171 0.4374 -0.3637 0.9592 0.5026 0.4372 0.2560 -0.0051 3.2818 -5.0564 2.3027  1.7208 -2.3885  2.0148 -0.6731
8.25  4750 0.3076 -0.0167 0.4302 -0.3573 0.9430 0.4945 0.4300 0.2521 -0.0050 3.2262 -4.9693 2.2626  1.6816 -2.3148  1.9407 -0.6453
8.25  5000 0.3084 -0.0097 0.4221 -0.3247 0.8980 0.4902 0.4180 0.2596 -0.0045 3.0264 -4.5717 2.0553  1.1370 -0.7202  0.1004  0.0891
8.25  5250 0.3113 -0.0008 0.4140 -0.2997 0.8667 0.4886 0.4072 0.2660 -0.0042 2.8790 -4.2796 1.9052  0.9088 -0.1155 -0.5453  0.3336
8.25  5500 0.3178  0.0081 0.4110 -0.2821 0.8509 0.4931 0.4022 0.2746 -0.0040 2.7933 -4.0950 1.8081  0.7823  0.2153 -0.8800  0.4551
8.25  6000 0.3410  0.0341 0.4071 -0.2373 0.8202 0.5128 0.3932 0.3022 -0.0037 2.6043 -3.6625 1.5776  0.5174  0.8995 -1.5366  0.6830
8.25  6500 0.3722  0.0796 0.3882 -0.1570 0.7507 0.5332 0.3665 0.3405 -0.0031 2.2303 -2.8665 1.1652  0.2359  1.4531 -1.8973  0.7573
8.25  7000 0.3908  0.1204 0.3588 -0.0816 0.6700 0.5372 0.3314 0.3651 -0.0026 1.8428 -2.0960 0.7771  0.1176  1.4553 -1.6128  0.5737
8.25  7500 0.3926  0.1395 0.3358 -0.0431 0.6180 0.5286 0.3068 0.3699 -0.0024 1.6308 -1.7097 0.5907  0.1194  1.2375 -1.2193  0.3843
8.25  8000 0.3861  0.1393 0.3274 -0.0378 0.6013 0.5185 0.2985 0.3640 -0.0023 1.5662 -1.6105 0.5453  0.1416  1.0998 -1.0288  0.3005
8.25  8500 0.3760  0.1257 0.3321 -0.0556 0.6122 0.5105 0.3037 0.3530 -0.0024 1.5962 -1.6818 0.5793  0.1592  1.0718 -1.0278  0.3041
8.25  9000 0.3639  0.1032 0.3458 -0.0888 0.6421 0.5043 0.3182 0.3390 -0.0026 1.6909 -1.8688 0.6669  0.1719  1.1243 -1.1623  0.3695
8.25  9500 0.3492  0.0764 0.3619 -0.1304 0.6802 0.4970 0.3361 0.3217 -0.0028 1.8370 -2.1626 0.8100  0.2018  1.1720 -1.3333  0.4611
8.25 10000 0.3329  0.0522 0.3725 -0.1685 0.7113 0.4861 0.3494 0.3027 -0.0030 1.9834 -2.4744 0.9684  0.2665  1.1053 -1.3793  0.5075
8.25 10500 0.3165  0.0372 0.3706 -0.1908 0.7196 0.4700 0.3507 0.2845 -0.0031 2.0689 -2.6916 1.0879  0.3689  0.8533 -1.1757  0.4500
8.25 11000 0.3035  0.0322 0.3600 -0.1960 0.7085 0.4533 0.3426 0.2708 -0.0031 2.0851 -2.7803 1.1466  0.4681  0.5428 -0.8569  0.3372
8.25 11500 0.2962  0.0321 0.3503 -0.1944 0.6958 0.4425 0.3347 0.2634 -0.0031 2.0833 -2.8170 1.1762  0.5263  0.3491 -0.6543  0.2661
8.25 12000 0.2928  0.0369 0.3395 -0.1861 0.6791 0.4350 0.3252 0.2603 -0.0031 2.0654 -2.8148 1.1859  0.5637  0.2081 -0.4987  0.2111
8.25 12500 0.2916  0.0465 0.3252 -0.1697 0.6543 0.4282 0.3119 0.2601 -0.0030 2.0190 -2.7577 1.1692  0.5853  0.0903 -0.3524  0.1570
8.25 13000 0.2898  0.0575 0.3082 -0.1497 0.6233 0.4196 0.2959 0.2596 -0.0029 1.9510 -2.6637 1.1353  0.5987 -0.0219 -0.2034  0.0999
8.25 13500 0.2869  0.0673 0.2914 -0.1311 0.5928 0.4099 0.2800 0.2580 -0.0028 1.8854 -2.5767 1.1049  0.6099 -0.1244 -0.0704  0.0502
8.25 14000 0.2847  0.0769 0.2757 -0.1133 0.5645 0.4015 0.2653 0.2570 -0.0027 1.8265 -2.4991 1.0786  0.6187 -0.2120  0.0430  0.0088
8.25 14500 0.2831  0.0843 0.2638 -0.0992 0.5423 0.3951 0.2540 0.2564 -0.0026 1.7732 -2.4223 1.0488  0.6241 -0.2831  0.1421 -0.0303
8.25 15000 0.2812  0.0883 0.2560 -0.0902 0.5268 0.3899 0.2463 0.2552 -0.0025 1.7264 -2.3490 1.0170  0.6271 -0.3401  0.2280 -0.0675
8.25 15500 0.2786  0.0894 0.2510 -0.0855 0.5165 0.3851 0.2413 0.2531 -0.0025 1.6892 -2.2896 0.9897  0.6291 -0.3836  0.2953 -0.0981
8.25 16000 0.2753  0.0886 0.2477 -0.0841 0.5098 0.3803 0.2380 0.2501 -0.0025 1.6636 -2.2520 0.9727  0.6322 -0.4194  0.3457 -0.1205
8.25 16500 0.2722  0.0865 0.2464 -0.0869 0.5093 0.3768 0.2371 0.2466 -0.0025 1.6642 -2.2630 0.9799  0.6727 -0.5524  0.5013 -0.1834
8.25 17000 0.2684  0.0854 0.2427 -0.0845 0.5005 0.3713 0.2334 0.2434 -0.0024 1.6328 -2.2150 0.9576  0.6422 -0.4833  0.4238 -0.1529
8.25 20000 0.2498  0.0734 0.2340 -0.0961 0.4906 0.3497 0.2267 0.2242 -0.0025 1.6234 -2.2568 0.9890  0.7307 -0.7842  0.7456 -0.2746
8.25 25000 0.2299  0.0539 0.2335 -0.1222 0.4993 0.3303 0.2289 0.2025 -0.0026 1.6922 -2.4432 1.0905  0.8170 -0.9998  0.9138 -0.3223
8.25 30000 0.2040  0.0414 0.2158 -0.1142 0.4514 0.2962 0.2103 0.1806 -0.0022 1.5005 -2.1432 0.9456  0.5674 -0.3692  0.1883 -0.0356
8.50  4000 0.3449 -0.0305 0.4981 -0.4355 1.1070 0.5624 0.5008 0.2777 -0.0061 3.8291 -5.9725 2.7384  2.1720 -3.3279  2.9528 -1.0177
8.50  4250 0.3262 -0.0204 0.4598 -0.3879 1.0129 0.5263 0.4604 0.2659 -0.0055 3.4766 -5.3758 2.4534  1.8802 -2.7187  2.3501 -0.7980
8.50  4500 0.3157 -0.0170 0.4414 -0.3672 0.9686 0.5075 0.4413 0.2585 -0.0052 3.3148 -5.1081 2.3267  1.7457 -2.4376  2.0655 -0.6923
8.50  4750 0.3095 -0.0163 0.4323 -0.3586 0.9476 0.4973 0.4321 0.2537 -0.0051 3.2411 -4.9910 2.2723  1.6942 -2.3415  1.9708 -0.6575
8.50  5000 0.3098 -0.0146 0.4304 -0.3442 0.9276 0.4960 0.4281 0.2576 -0.0048 3.1525 -4.8104 2.1763  1.3640 -1.3420  0.7946 -0.1825
8.50  5250 0.3107 -0.0028 0.4159 -0.3046 0.8728 0.4890 0.4096 0.2648 -0.0042 2.9065 -4.3331 1.9322  0.9398 -0.1902 -0.4714  0.3070
8.50  5500 0.3158  0.0052 0.4121 -0.2871 0.8552 0.4917 0.4038 0.2721 -0.0041 2.8145 -4.1404 1.8316  0.8068  0.1560 -0.8252  0.4364
8.50  6000 0.3343  0.0271 0.4076 -0.2482 0.8262 0.5067 0.3948 0.2946 -0.0037 2.6435 -3.7571 1.6284  0.5742  0.7516 -1.3977  0.6355
8.50  6500 0.3628  0.0670 0.3925 -0.1781 0.7672 0.5263 0.3728 0.3294 -0.0033 2.3223 -3.0668 1.2695  0.3007  1.3315 -1.8313  0.7495
8.50  7000 0.3846  0.1096 0.3648 -0.1000 0.6873 0.5340 0.3388 0.3575 -0.0028 1.9279 -2.2708 0.8658  0.1450  1.4502 -1.6751  0.6151
8.50  7500 0.3898  0.1342 0.3391 -0.0522 0.6270 0.5275 0.3107 0.3664 -0.0025 1.6725 -1.7940 0.6330  0.1303  1.2431 -1.2584  0.4076
8.50  8000 0.3849  0.1382 0.3273 -0.0399 0.6025 0.5174 0.2987 0.3626 -0.0024 1.5793 -1.6404 0.5616  0.1518  1.0790 -1.0164  0.2990
8.50  8500 0.3755  0.1271 0.3295 -0.0533 0.6083 0.5090 0.3014 0.3526 -0.0024 1.5933 -1.6834 0.5827  0.1681  1.0393 -0.9925  0.2920
8.50  9000 0.3639  0.1059 0.3424 -0.0845 0.6360 0.5030 0.3150 0.3392 -0.0025 1.6797 -1.8545 0.6626  0.1769  1.0969 -1.1277  0.3568
8.50  9500 0.3495  0.0786 0.3594 -0.1268 0.6756 0.4963 0.3337 0.3222 -0.0027 1.8275 -2.1485 0.8049  0.1990  1.1716 -1.3306  0.4606
8.50 10000 0.3331  0.0518 0.3732 -0.1695 0.7128 0.4866 0.3502 0.3029 -0.0030 1.9939 -2.4941 0.9784  0.2552  1.1530 -1.4454  0.5370
8.50 10500 0.3155  0.0327 0.3752 -0.1990 0.7298 0.4710 0.3556 0.2830 -0.0031 2.1133 -2.7744 1.1283  0.3587  0.9312 -1.3003  0.5079
8.50 11000 0.3003  0.0243 0.3661 -0.2099 0.7236 0.4530 0.3496 0.2666 -0.0032 2.1526 -2.9118 1.2117  0.4717  0.5984 -0.9736  0.3961
8.50 11500 0.2904  0.0219 0.3562 -0.2117 0.7121 0.4396 0.3418 0.2563 -0.0032 2.1606 -2.9749 1.2559  0.5504  0.3470 -0.7133  0.3041
8.50 12000 0.2850  0.0233 0.3473 -0.2087 0.7003 0.4311 0.3344 0.2509 -0.0032 2.1601 -3.0083 1.2829  0.6003  0.1821 -0.5415  0.2448
8.50 12500 0.2826  0.0293 0.3360 -0.1983 0.6821 0.4244 0.3243 0.2490 -0.0032 2.1337 -2.9875 1.2829  0.6341  0.0444 -0.3819  0.1863
8.50 13000 0.2820  0.0392 0.3221 -0.1811 0.6569 0.4182 0.3112 0.2495 -0.0031 2.0799 -2.9127 1.2563  0.6484 -0.0567 -0.2482  0.1350
8.50 13500 0.2807  0.0493 0.3070 -0.1624 0.6285 0.4107 0.2967 0.2495 -0.0030 2.0108 -2.8107 1.2161  0.6518 -0.1368 -0.1325  0.0890
8.50 14000 0.2788  0.0586 0.2921 -0.1445 0.6004 0.4027 0.2824 0.2489 -0.0029 1.9432 -2.7123 1.1777  0.6530 -0.2085 -0.0290  0.0484
8.50 14500 0.2777  0.0683 0.2779 -0.1267 0.5735 0.3958 0.2688 0.2490 -0.0028 1.8790 -2.6177 1.1407  0.6536 -0.2747  0.0681  0.0104
8.50 15000 0.2772  0.0766 0.2662 -0.1111 0.5508 0.3905 0.2573 0.2496 -0.0027 1.8181 -2.5222 1.1007  0.6538 -0.3361  0.1642 -0.0299
8.50 15500 0.2763  0.0819 0.2580 -0.1002 0.5340 0.3861 0.2491 0.2496 -0.0026 1.7640 -2.4324 1.0601  0.6538 -0.3902  0.2540 -0.0704
8.50 16000 0.2745  0.0840 0.2528 -0.0942 0.5229 0.3820 0.2438 0.2483 -0.0025 1.7219 -2.3619 1.0271  0.6548 -0.4357  0.3288 -0.1052
8.50 16500 0.2721  0.0843 0.2492 -0.0911 0.5152 0.3780 0.2401 0.2463 -0.0025 1.6904 -2.3106 1.0030  0.6572 -0.4751  0.3899 -0.1335
8.50 17000 0.2691  0.0833 0.2465 -0.0903 0.5098 0.3738 0.2375 0.2435 -0.0025 1.6690 -2.2790 0.9885  0.6621 -0.5125  0.4414 -0.1564
8.50 20000 0.2512  0.0721 0.2376 -0.1005 0.4988 0.3526 0.2304 0.2250 -0.0025 1.6532 -2.3067 1.0124  0.7455 -0.8033  0.7566 -0.2767
8.50 25000 0.2311  0.0533 0.2359 -0.1247 0.5046 0.3326 0.2313 0.2035 -0.0026 1.7098 -2.4710 1.1032  0.8231 -1.0024  0.9112 -0.3202
8.50 30000 0.2042  0.0413 0.2161 -0.1144 0.4518 0.2965 0.2106 0.1808 -0.0022 1.5010 -2.1431 0.9453  0.5652 -0.3614  0.1793 -0.0321
8.75  4000 0.3515 -0.0329 0.5100 -0.4490 1.1354 0.5743 0.5132 0.2823 -0.0062 3.9333 -6.1451 2.8200  2.2481 -3.4743  3.0926 -1.0676
8.75  4250 0.3308 -0.0214 0.4672 -0.3963 1.0312 0.5341 0.4681 0.2691 -0.0056 3.5443 -5.4883 2.5069  1.9428 -2.8572  2.4948 -0.8527
8.75  4500 0.3191 -0.0169 0.4457 -0.3707 0.9783 0.5128 0.4457 0.2613 -0.0052 3.3489 -5.1611 2.3511  1.7704 -2.4846  2.1136 -0.7104
8.75  4750 0.3118 -0.0157 0.4346 -0.3595 0.9522 0.5006 0.4342 0.2558 -0.0051 3.2550 -5.0091 2.2799  1.6976 -2.3387  1.9666 -0.6558
8.75  5000 0.3107 -0.0167 0.4343 -0.3549 0.9440 0.4990 0.4332 0.2564 -0.0049 3.2237 -4.9470 2.2465  1.5248 -1.8008  1.3187 -0.3904
8.75  5250 0.3109 -0.0047 0.4188 -0.3102 0.8809 0.4906 0.4128 0.2644 -0.0043 2.9409 -4.3969 1.9639  0.9756 -0.2739 -0.3879  0.2768
8.75  5500 0.3139  0.0034 0.4120 -0.2903 0.8571 0.4900 0.4041 0.2699 -0.0041 2.8279 -4.1727 1.8492  0.8341  0.0794 -0.7451  0.4068
8.75  6000 0.3291  0.0216 0.4080 -0.2569 0.8312 0.5020 0.3962 0.2886 -0.0038 2.6765 -3.8356 1.6706  0.6204  0.6321 -1.2862  0.5977
8.75  6500 0.3539  0.0550 0.3965 -0.1979 0.7826 0.5197 0.3787 0.3188 -0.0034 2.4062 -3.2500 1.3647  0.3649  1.2038 -1.7506  0.7337
8.75  7000 0.3772  0.0979 0.3707 -0.1201 0.7055 0.5298 0.3464 0.3486 -0.0029 2.0218 -2.4666 0.9660  0.1845  1.4138 -1.7084  0.6469
8.75  7500 0.3863  0.1276 0.3433 -0.0638 0.6384 0.5260 0.3157 0.3620 -0.0025 1.7277 -1.9057 0.6895  0.1467  1.2445 -1.3031  0.4358
8.75  8000 0.3837  0.1365 0.3279 -0.0431 0.6053 0.5165 0.2997 0.3610 -0.0024 1.5979 -1.6803 0.5827  0.1630  1.0608 -1.0105  0.3008
8.75  8500 0.3752  0.1288 0.3269 -0.0511 0.6046 0.5077 0.2992 0.3523 -0.0024 1.5916 -1.6873 0.5874  0.1808  0.9957 -0.9442  0.2747
8.75  9000 0.3643  0.1097 0.3379 -0.0785 0.6281 0.5016 0.3108 0.3400 -0.0025 1.6634 -1.8314 0.6546  0.1878  1.0445 -1.0596  0.3298
8.75  9500 0.3508  0.0830 0.3552 -0.1196 0.6671 0.4958 0.3295 0.3239 -0.0027 1.8032 -2.1062 0.7862  0.2016  1.1389 -1.2778  0.4376
8.75 10000 0.3347  0.0544 0.3719 -0.1654 0.7093 0.4875 0.3487 0.3047 -0.0029 1.9807 -2.4667 0.9648  0.2447  1.1745 -1.4613  0.5417
8.75 10500 0.3165  0.0314 0.3783 -0.2021 0.7355 0.4733 0.3586 0.2838 -0.0032 2.1335 -2.8068 1.1427  0.3422  1.0059 -1.4005  0.5509
8.75 11000 0.2991  0.0191 0.3715 -0.2196 0.7357 0.4543 0.3554 0.2648 -0.0033 2.2020 -3.0033 1.2559  0.4666  0.6646 -1.0861  0.4491
8.75 11500 0.2865  0.0142 0.3613 -0.2250 0.7255 0.4383 0.3478 0.2515 -0.0033 2.2219 -3.0977 1.3173  0.5651  0.3598 -0.7754  0.3401
8.75 12000 0.2788  0.0132 0.3525 -0.2256 0.7154 0.4275 0.3409 0.2435 -0.0033 2.2320 -3.1575 1.3586  0.6341  0.1425 -0.5518  0.2620
8.75 12500 0.2747  0.0159 0.3433 -0.2207 0.7025 0.4200 0.3331 0.2394 -0.0033 2.2248 -3.1751 1.3773  0.6822 -0.0232 -0.3717  0.1975
8.75 13000 0.2730  0.0228 0.3320 -0.2087 0.6832 0.4139 0.3226 0.2384 -0.0033 2.1888 -3.1330 1.3659  0.7102 -0.1512 -0.2149  0.1378
8.75 13500 0.2729  0.0324 0.3191 -0.1918 0.6590 0.4085 0.3102 0.2393 -0.0032 2.1313 -3.0469 1.3320  0.7160 -0.2280 -0.1046  0.0939
8.75 14000 0.2722  0.0416 0.3060 -0.1744 0.6334 0.4024 0.2975 0.2399 -0.0030 2.0639 -2.9418 1.2882  0.7102 -0.2761 -0.0237  0.0602
8.75 14500 0.2713  0.0504 0.2930 -0.1574 0.6080 0.3961 0.2848 0.2403 -0.0029 1.9966 -2.8373 1.2446  0.7024 -0.3180  0.0492  0.0298
8.75 15000 0.2711  0.0599 0.2801 -0.1399 0.5828 0.3906 0.2722 0.2413 -0.0028 1.9302 -2.7324 1.2006  0.6950 -0.3598  0.1233 -0.0012
8.75 15500 0.2714  0.0688 0.2689 -0.1236 0.5603 0.3862 0.2611 0.2429 -0.0027 1.8652 -2.6253 1.1537  0.6892 -0.4059  0.2069 -0.0382
8.75 16000 0.2714  0.0749 0.2607 -0.1114 0.5430 0.3827 0.2527 0.2438 -0.0027 1.8071 -2.5253 1.1078  0.6854 -0.4513  0.2910 -0.0775
8.75 16500 0.2707  0.0785 0.2550 -0.1032 0.5303 0.3794 0.2467 0.2438 -0.0026 1.7579 -2.4393 1.0669  0.6838 -0.4954  0.3707 -0.1157
8.75 17000 0.2690  0.0798 0.2511 -0.0988 0.5217 0.3759 0.2427 0.2426 -0.0026 1.7218 -2.3774 1.0372  0.6858 -0.5381  0.4409 -0.1488
8.75 20000 0.2526  0.0707 0.2413 -0.1052 0.5074 0.3557 0.2343 0.2259 -0.0026 1.6849 -2.3603 1.0377  0.7623 -0.8268  0.7720 -0.2805
8.75 25000 0.2323  0.0526 0.2384 -0.1272 0.5099 0.3349 0.2338 0.2044 -0.0026 1.7277 -2.4994 1.1161  0.8303 -1.0082  0.9124 -0.3198
8.75 30000 0.2043  0.0412 0.2165 -0.1147 0.4525 0.2968 0.2109 0.1809 -0.0022 1.5022 -2.1444 0.9456  0.5641 -0.3567  0.1737 -0.0300
9.00  4000 0.3587 -0.0353 0.5227 -0.4623 1.1645 0.5871 0.5262 0.2876 -0.0064 4.0384 -6.3164 2.9002  2.3104 -3.5747  3.1774 -1.0952
9.00  4250 0.3357 -0.0227 0.4755 -0.4055 1.0513 0.5429 0.4768 0.2725 -0.0057 3.6186 -5.6115 2.5654  2.0084 -2.9992  2.6413 -0.9077
9.00  4500 0.3228 -0.0169 0.4507 -0.3752 0.9900 0.5187 0.4507 0.2642 -0.0053 3.3905 -5.2270 2.3818  1.8036 -2.5524  2.1840 -0.7370
9.00  4750 0.3149 -0.0166 0.4398 -0.3662 0.9660 0.5060 0.4398 0.2577 -0.0052 3.3066 -5.0968 2.3222  1.7607 -2.4951  2.1381 -0.7226
9.00  5000 0.3112 -0.0156 0.4336 -0.3560 0.9464 0.4994 0.4329 0.2561 -0.0050 3.2345 -4.9703 2.2598  1.6116 -2.0760  1.6522 -0.5272
9.00  5250 0.3117 -0.0066 0.4224 -0.3167 0.8913 0.4932 0.4169 0.2643 -0.0044 2.9847 -4.4773 2.0039  1.0237 -0.3885 -0.2707  0.2336
9.00  5500 0.3133  0.0013 0.4138 -0.2950 0.8627 0.4902 0.4064 0.2687 -0.0041 2.8528 -4.2213 1.8737  0.8587  0.0235 -0.6928  0.3887
9.00  6000 0.3252  0.0172 0.4086 -0.2643 0.8361 0.4987 0.3977 0.2840 -0.0039 2.7078 -3.9075 1.7089  0.6590  0.5360 -1.1991  0.5691
9.00  6500 0.3460  0.0449 0.3995 -0.2148 0.7953 0.5137 0.3834 0.3095 -0.0035 2.4772 -3.4068 1.4467  0.4274  1.0689 -1.6506  0.7076
9.00  7000 0.3693  0.0855 0.3766 -0.1414 0.7243 0.5251 0.3542 0.3391 -0.0030 2.1191 -2.6706 1.0706  0.2322  1.3541 -1.7166  0.6691
9.00  7500 0.3818  0.1191 0.3486 -0.0786 0.6530 0.5241 0.3221 0.3564 -0.0026 1.7970 -2.0456 0.7600  0.1671  1.2465 -1.3591  0.4710
9.00  8000 0.3817  0.1335 0.3294 -0.0488 0.6107 0.5155 0.3018 0.3586 -0.0024 1.6295 -1.7463 0.6169  0.1786  1.0412 -1.0126  0.3082
9.00  8500 0.3748  0.1300 0.3248 -0.0496 0.6020 0.5066 0.2975 0.3519 -0.0024 1.5944 -1.6995 0.5962  0.1964  0.9471 -0.8924  0.2565
9.00  9000 0.3649  0.1138 0.3331 -0.0721 0.6198 0.5002 0.3063 0.3408 -0.0025 1.6470 -1.8085 0.6470  0.2035  0.9763 -0.9721  0.2950
9.00  9500 0.3525  0.0890 0.3497 -0.1101 0.6562 0.4952 0.3239 0.3262 -0.0027 1.7699 -2.0474 0.7599  0.2096  1.0793 -1.1862  0.3974
9.00 10000 0.3372  0.0595 0.3684 -0.1570 0.7010 0.4885 0.3448 0.3078 -0.0029 1.9488 -2.4038 0.9343  0.2386  1.1627 -1.4236  0.5217
9.00 10500 0.3190  0.0332 0.3792 -0.1997 0.7357 0.4761 0.3591 0.2865 -0.0031 2.1283 -2.7883 1.1318  0.3241  1.0604 -1.4566  0.5714
9.00 11000 0.3002  0.0169 0.3760 -0.2244 0.7441 0.4572 0.3597 0.2656 -0.0033 2.2299 -3.0478 1.2757  0.4517  0.7417 -1.1918  0.4946
9.00 11500 0.2850  0.0091 0.3661 -0.2341 0.7364 0.4389 0.3529 0.2494 -0.0033 2.2657 -3.1798 1.3571  0.5665  0.3991 -0.8521  0.3775
9.00 12000 0.2749  0.0058 0.3569 -0.2380 0.7274 0.4257 0.3461 0.2386 -0.0034 2.2858 -3.2666 1.4132  0.6538  0.1316 -0.5801  0.2827
9.00 12500 0.2685  0.0060 0.3483 -0.2370 0.7170 0.4164 0.3392 0.2320 -0.0034 2.2911 -3.3134 1.4473  0.7205 -0.0830 -0.3527  0.2013
9.00 13000 0.2652  0.0099 0.3387 -0.2301 0.7025 0.4094 0.3308 0.2289 -0.0034 2.2730 -3.3073 1.4535  0.7649 -0.2475 -0.1641  0.1308
9.00 13500 0.2642  0.0171 0.3279 -0.2174 0.6832 0.4041 0.3206 0.2286 -0.0033 2.2305 -3.2490 1.4328  0.7851 -0.3565 -0.0229  0.0751
9.00 14000 0.2646  0.0261 0.3164 -0.2014 0.6609 0.3997 0.3094 0.2301 -0.0032 2.1728 -3.1577 1.3947  0.7828 -0.4066  0.0590  0.0410
9.00 14500 0.2646  0.0345 0.3052 -0.1854 0.6382 0.3950 0.2982 0.2313 -0.0031 2.1090 -3.0539 1.3498  0.7695 -0.4264  0.1079  0.0191
9.00 15000 0.2644  0.0428 0.2940 -0.1695 0.6154 0.3901 0.2871 0.2324 -0.0030 2.0442 -2.9482 1.3037  0.7544 -0.4416  0.1518 -0.0009
9.00 15500 0.2649  0.0518 0.2827 -0.1528 0.5924 0.3858 0.2759 0.2341 -0.0029 1.9787 -2.8400 1.2563  0.7399 -0.4594  0.2006 -0.0233
9.00 16000 0.2659  0.0607 0.2722 -0.1365 0.5708 0.3824 0.2654 0.2364 -0.0028 1.9132 -2.7281 1.2061  0.7279 -0.4852  0.2627 -0.0525
9.00 16500 0.2669  0.0680 0.2638 -0.1227 0.5526 0.3797 0.2566 0.2384 -0.0027 1.8510 -2.6184 1.1552  0.7196 -0.5201  0.3384 -0.0892
9.00 17000 0.2670  0.0728 0.2576 -0.1128 0.5387 0.3771 0.2501 0.2393 -0.0027 1.7974 -2.5224 1.1093  0.7157 -0.5610  0.4187 -0.1285
9.00 20000 0.2540  0.0691 0.2453 -0.1103 0.5167 0.3589 0.2385 0.2267 -0.0026 1.7194 -2.4188 1.0654  0.7808 -0.8533  0.7895 -0.2848
9.00 25000 0.2335  0.0520 0.2409 -0.1298 0.5154 0.3372 0.2363 0.2053 -0.0027 1.7465 -2.5294 1.1298  0.8380 -1.0148  0.9140 -0.3194
9.00 30000 0.2045  0.0410 0.2169 -0.1151 0.4533 0.2971 0.2113 0.1811 -0.0022 1.5042 -2.1471 0.9466  0.5642 -0.3549  0.1713 -0.0291
9.25  4000 0.3663 -0.0378 0.5361 -0.4757 1.1944 0.6007 0.5398 0.2935 -0.0066 4.1442 -6.4861 2.9787  2.3585 -3.6272  3.2053 -1.0998
9.25  4250 0.3411 -0.0241 0.4845 -0.4155 1.0732 0.5523 0.4862 0.2764 -0.0058 3.6992 -5.7449 2.6287  2.0752 -3.1386  2.7822 -0.9599
9.25  4500 0.3267 -0.0171 0.4561 -0.3804 1.0029 0.5250 0.4563 0.2672 -0.0054 3.4363 -5.3003 2.4162  1.8424 -2.6346  2.2704 -0.7699
9.25  4750 0.3179 -0.0151 0.4417 -0.3646 0.9679 0.5097 0.4413 0.2609 -0.0052 3.3087 -5.0902 2.3167  1.7318 -2.3976  2.0259 -0.6781
9.25  5000 0.3129 -0.0152 0.4353 -0.3591 0.9531 0.5019 0.4349 0.2569 -0.0051 3.2594 -5.0144 2.2820  1.6831 -2.2863  1.9015 -0.6285
9.25  5250 0.3131 -0.0085 0.4267 -0.3245 0.9043 0.4967 0.4219 0.2644 -0.0045 3.0396 -4.5777 2.0539  1.0907 -0.5544 -0.0957  0.1678
9.25  5500 0.3133 -0.0006 0.4165 -0.3000 0.8700 0.4916 0.4094 0.2682 -0.0042 2.8835 -4.2783 1.9020  0.8852 -0.0334 -0.6407  0.3711
9.25  6000 0.3221  0.0148 0.4077 -0.2677 0.8366 0.4954 0.3973 0.2806 -0.0039 2.7160 -3.9334 1.7238  0.6893  0.4448 -1.1010  0.5319
9.25  6500 0.3394  0.0364 0.4020 -0.2290 0.8062 0.5087 0.3873 0.3017 -0.0036 2.5381 -3.5409 1.5168  0.4825  0.9483 -1.5584  0.6825
9.25  7000 0.3613  0.0730 0.3824 -0.1626 0.7430 0.5201 0.3618 0.3293 -0.0031 2.2150 -2.8725 1.1742  0.2850  1.2759 -1.7014  0.6813
9.25  7500 0.3764  0.1090 0.3547 -0.0961 0.6701 0.5218 0.3295 0.3497 -0.0027 1.8787 -2.2113 0.8436  0.1940  1.2394 -1.4140  0.5081
9.25  8000 0.3793  0.1289 0.3323 -0.0573 0.6192 0.5145 0.3054 0.3555 -0.0025 1.6724 -1.8333 0.6612  0.1952  1.0291 -1.0311  0.3236
9.25  8500 0.3742  0.1303 0.3237 -0.0499 0.6016 0.5057 0.2968 0.3511 -0.0024 1.6046 -1.7250 0.6111  0.2136  0.9007 -0.8472  0.2417
9.25  9000 0.3654  0.1178 0.3285 -0.0663 0.6123 0.4989 0.3020 0.3415 -0.0025 1.6337 -1.7918 0.6425  0.2226  0.9003 -0.8772  0.2576
9.25  9500 0.3543  0.0954 0.3435 -0.0999 0.6442 0.4943 0.3177 0.3285 -0.0026 1.7353 -1.9877 0.7337  0.2233  0.9995 -1.0701  0.3475
9.25 10000 0.3401  0.0668 0.3625 -0.1453 0.6885 0.4888 0.3387 0.3115 -0.0028 1.9047 -2.3209 0.8952  0.2420  1.1071 -1.3263  0.4766
9.25 10500 0.3229  0.0384 0.3775 -0.1917 0.7299 0.4790 0.3568 0.2910 -0.0031 2.0975 -2.7201 1.0966  0.3064  1.0879 -1.4611  0.5667
9.25 11000 0.3035  0.0177 0.3792 -0.2242 0.7484 0.4618 0.3624 0.2690 -0.0033 2.2348 -3.0426 1.2696  0.4267  0.8288 -1.2892  0.5317
9.25 11500 0.2861  0.0068 0.3705 -0.2390 0.7448 0.4418 0.3573 0.2501 -0.0034 2.2912 -3.2191 1.3739  0.5530  0.4690 -0.9467  0.4176
9.25 12000 0.2733  0.0011 0.3612 -0.2463 0.7369 0.4261 0.3507 0.2365 -0.0034 2.3219 -3.3339 1.4455  0.6560  0.1602 -0.6382  0.3110
9.25 12500 0.2648 -0.0010 0.3526 -0.2487 0.7283 0.4147 0.3442 0.2274 -0.0035 2.3389 -3.4096 1.4951  0.7401 -0.0999 -0.3683  0.2152
9.25 13000 0.2594  0.0004 0.3437 -0.2457 0.7166 0.4061 0.3368 0.2219 -0.0035 2.3342 -3.4341 1.5173  0.8037 -0.3142 -0.1314  0.1274
9.25 13500 0.2568  0.0049 0.3342 -0.2375 0.7012 0.3998 0.3281 0.2197 -0.0034 2.3063 -3.4060 1.5115  0.8419 -0.4679  0.0535  0.0556
9.25 14000 0.2565  0.0120 0.3243 -0.2250 0.6829 0.3954 0.3187 0.2201 -0.0034 2.2614 -3.3387 1.4849  0.8541 -0.5530  0.1710  0.0079
9.25 14500 0.2573  0.0204 0.3143 -0.2098 0.6626 0.3920 0.3087 0.2220 -0.0033 2.2047 -3.2451 1.4443  0.8456 -0.5816  0.2296 -0.0180
9.25 15000 0.2579  0.0282 0.3047 -0.1952 0.6426 0.3886 0.2991 0.2237 -0.0032 2.1460 -3.1461 1.4002  0.8264 -0.5771  0.2497 -0.0289
9.25 15500 0.2584  0.0358 0.2952 -0.1806 0.6227 0.3850 0.2895 0.2254 -0.0031 2.0860 -3.0446 1.3546  0.8054 -0.5678  0.2649 -0.0381
9.25 16000 0.2594  0.0443 0.2854 -0.1650 0.6019 0.3818 0.2795 0.2276 -0.0030 2.0234 -2.9374 1.3064  0.7851 -0.5637  0.2888 -0.0513
9.25 16500 0.2610  0.0531 0.2759 -0.1491 0.5817 0.3794 0.2699 0.2305 -0.0029 1.9600 -2.8265 1.2558  0.7670 -0.5673  0.3252 -0.0706
9.25 17000 0.2626  0.0609 0.2675 -0.1346 0.5633 0.3772 0.2611 0.2331 -0.0028 1.8968 -2.7132 1.2028  0.7548 -0.5902  0.3882 -0.1024
9.25 20000 0.2548  0.0683 0.2474 -0.1132 0.5219 0.3606 0.2406 0.2270 -0.0026 1.7385 -2.4519 1.0814  0.8003 -0.8984  0.8365 -0.3025
9.25 25000 0.2348  0.0512 0.2435 -0.1326 0.5211 0.3396 0.2390 0.2062 -0.0027 1.7661 -2.5610 1.1443  0.8467 -1.0240  0.9183 -0.3200
9.25 30000 0.2046  0.0408 0.2174 -0.1156 0.4542 0.2975 0.2118 0.1811 -0.0022 1.5065 -2.1506 0.9481  0.5657 -0.3576  0.1741 -0.0303
9.50  4000 0.3744 -0.0403 0.5502 -0.4888 1.2244 0.6148 0.5539 0.3000 -0.0067 4.2473 -6.6478 3.0523  2.3885 -3.6229  3.1668 -1.0781
9.50  4250 0.3470 -0.0258 0.4947 -0.4269 1.0977 0.5628 0.4968 0.2806 -0.0060 3.7894 -5.8943 2.6995  2.1461 -3.2820  2.9242 -1.0117
9.50  4500 0.3310 -0.0175 0.4624 -0.3866 1.0178 0.5321 0.4627 0.2704 -0.0055 3.4898 -5.3867 2.4567  1.8869 -2.7277  2.3669 -0.8063
9.50  4750 0.3212 -0.0147 0.4457 -0.3672 0.9765 0.5148 0.4452 0.2638 -0.0052 3.3373 -5.1325 2.3356  1.7479 -2.4221  2.0498 -0.6869
9.50  5000 0.3153 -0.0147 0.4378 -0.3610 0.9593 0.5055 0.4374 0.2589 -0.0051 3.2803 -5.0462 2.2967  1.7103 -2.3553  1.9817 -0.6609
9.50  5250 0.3147 -0.0106 0.4316 -0.3340 0.9201 0.5008 0.4277 0.2644 -0.0046 3.1072 -4.7026 2.1168  1.1919 -0.8202  0.1951  0.0556
9.50  5500 0.3142 -0.0024 0.4200 -0.3057 0.8793 0.4941 0.4132 0.2683 -0.0042 2.9221 -4.3479 1.9361  0.9169 -0.0991 -0.5802  0.3505
9.50  6000 0.3199  0.0119 0.4087 -0.2730 0.8410 0.4938 0.3989 0.2779 -0.0039 2.7405 -3.9864 1.7516  0.7159  0.3815 -1.0445  0.5135
9.50  6500 0.3341  0.0310 0.4022 -0.2378 0.8111 0.5039 0.3885 0.2956 -0.0037 2.5717 -3.6216 1.5604  0.5344  0.8107 -1.4256  0.6362
9.50  7000 0.3536  0.0615 0.3875 -0.1822 0.7600 0.5152 0.3686 0.3200 -0.0033 2.3027 -3.0581 1.2697  0.3406  1.1804 -1.6586  0.6807
9.50  7500 0.3703  0.0976 0.3617 -0.1158 0.6895 0.5192 0.3379 0.3421 -0.0028 1.9701 -2.3965 0.9370  0.2260  1.2253 -1.4678  0.5461
9.50  8000 0.3763  0.1224 0.3368 -0.0687 0.6312 0.5137 0.3107 0.3516 -0.0026 1.7269 -1.9417 0.7154  0.2125  1.0267 -1.0685  0.3480
9.50  8500 0.3733  0.1292 0.3238 -0.0526 0.6040 0.5050 0.2974 0.3498 -0.0024 1.6243 -1.7677 0.6341  0.2314  0.8618 -0.8168  0.2339
9.50  9000 0.3657  0.1209 0.3247 -0.0620 0.6065 0.4978 0.2986 0.3419 -0.0025 1.6270 -1.7869 0.6437  0.2435  0.8248 -0.7865  0.2227
9.50  9500 0.3557  0.1019 0.3368 -0.0900 0.6322 0.4931 0.3113 0.3304 -0.0026 1.7063 -1.9416 0.7153  0.2442  0.9018 -0.9383  0.2931
9.50 10000 0.3432  0.0752 0.3555 -0.1318 0.6737 0.4888 0.3313 0.3153 -0.0028 1.8542 -2.2277 0.8517  0.2511  1.0265 -1.1954  0.4172
9.50 10500 0.3275  0.0459 0.3737 -0.1795 0.7192 0.4818 0.3521 0.2964 -0.0030 2.0467 -2.6145 1.0431  0.2907  1.0888 -1.4200  0.5404
9.50 11000 0.3087  0.0215 0.3810 -0.2189 0.7483 0.4673 0.3633 0.2746 -0.0033 2.2162 -2.9885 1.2385  0.3929  0.9217 -1.3741  0.5591
9.50 11500 0.2896  0.0070 0.3750 -0.2399 0.7510 0.4470 0.3611 0.2536 -0.0034 2.2995 -3.2177 1.3687  0.5241  0.5725 -1.0640  0.4624
9.50 12000 0.2744 -0.0011 0.3655 -0.2506 0.7445 0.4289 0.3548 0.2373 -0.0035 2.3410 -3.3606 1.4556  0.6401  0.2320 -0.7305  0.3488
9.50 12500 0.2635 -0.0054 0.3568 -0.2563 0.7373 0.4153 0.3486 0.2256 -0.0035 2.3695 -3.4652 1.5210  0.7394 -0.0670 -0.4266  0.2422
9.50 13000 0.2562 -0.0063 0.3482 -0.2569 0.7277 0.4049 0.3418 0.2178 -0.0035 2.3779 -3.5205 1.5596  0.8209 -0.3269 -0.1475  0.1401
9.50 13500 0.2517 -0.0040 0.3392 -0.2523 0.7148 0.3970 0.3340 0.2133 -0.0035 2.3628 -3.5217 1.5692  0.8790 -0.5336  0.0902  0.0492
9.50 14000 0.2497  0.0008 0.3302 -0.2434 0.6994 0.3915 0.3257 0.2118 -0.0035 2.3287 -3.4781 1.5546  0.9098 -0.6691  0.2603 -0.0187
9.50 14500 0.2499  0.0076 0.3214 -0.2314 0.6825 0.3880 0.3171 0.2128 -0.0034 2.2833 -3.4057 1.5241  0.9153 -0.7328  0.3555 -0.0587
9.50 15000 0.2511  0.0153 0.3129 -0.2175 0.6647 0.3857 0.3084 0.2150 -0.0033 2.2312 -3.3168 1.4845  0.9019 -0.7407  0.3893 -0.0752
9.50 15500 0.2523  0.0225 0.3048 -0.2041 0.6474 0.3834 0.3002 0.2173 -0.0033 2.1782 -3.2247 1.4427  0.8787 -0.7170  0.3857 -0.0767
9.50 16000 0.2533  0.0296 0.2968 -0.1908 0.6298 0.3809 0.2920 0.2194 -0.0032 2.1230 -3.1284 1.3985  0.8537 -0.6900  0.3796 -0.0778
9.50 16500 0.2547  0.0374 0.2883 -0.1763 0.6113 0.3786 0.2833 0.2219 -0.0031 2.0647 -3.0259 1.3515  0.8291 -0.6673  0.3810 -0.0823
9.50 17000 0.2566  0.0457 0.2798 -0.1612 0.5926 0.3768 0.2744 0.2250 -0.0030 2.0042 -2.9181 1.3016  0.8074 -0.6561  0.3996 -0.0947
9.50 20000 0.2559  0.0656 0.2524 -0.1205 0.5338 0.3640 0.2460 0.2274 -0.0027 1.7832 -2.5296 1.1184  0.8221 -0.9255  0.8484 -0.3032
9.50 25000 0.2359  0.0505 0.2461 -0.1355 0.5268 0.3419 0.2416 0.2070 -0.0027 1.7858 -2.5929 1.1590  0.8560 -1.0350  0.9247 -0.3213
9.50 30000 0.2047  0.0405 0.2179 -0.1163 0.4554 0.2978 0.2123 0.1812 -0.0022 1.5099 -2.1558 0.9503  0.5680 -0.3618  0.1783 -0.0319
