Title: Limb-Darkening Coefficients for Eclipsing White Dwarfs
Authors: Gianninas A., Strickland B., Kilic M., Bergeron P.
Table: Limb-Darkening Coefficients for the LSST r-band
================================================================================
Byte-by-byte Description of file: apj461722t3_mrt.txt
--------------------------------------------------------------------------------
   Bytes Format Units   Label   Explanations
--------------------------------------------------------------------------------
   1-  4 F4.2   ---     log(g)  Log of the surface gravity
   6- 10 I5     K       Teff    Effective temperature
  12- 17 F6.4   ---     a       Linear "a" coefficient
  19- 25 F7.4   ---     b       Quadratic "b" coefficient
  27- 32 F6.4   ---     c       Quadratic "c" coefficient
  34- 40 F7.4   ---     d       Square-root "d" coefficient
  42- 47 F6.4   ---     f       Square-root "f" coefficient
  49- 54 F6.4   ---     g       Logarithmic "g" coefficient
  56- 61 F6.4   ---     h       Logarithmic "h" coefficient
  63- 68 F6.4   ---     j       Exponential "j" coefficient
  70- 76 F7.4   ---     k       Exponential "k" coefficient
  78- 83 F6.4   ---     l       Sing 3-parameter "l" coefficient
  85- 91 F7.4   ---     m       Sing 3-parameter "m" coefficient
  93- 98 F6.4   ---     n       Sing 3-parameter "n" coefficient
 100-106 F7.4   ---     p       Claret 4-parameter "p" coefficient
 108-114 F7.4   ---     q       Claret 4-parameter "q" coefficient
 116-122 F7.4   ---     r       Claret 4-parameter "r" coefficient
 124-130 F7.4   ---     s       Claret 4-parameter "s" coefficient
--------------------------------------------------------------------------------
5.00  4000 0.3569  0.0055 0.4663 -0.3365 0.9834 0.5569 0.4592 0.3043 -0.0049 3.2720 -4.8684 2.1720  1.2019 -0.6883  0.0703  0.0936
5.00  4250 0.3608  0.0061 0.4705 -0.3464 1.0030 0.5633 0.4649 0.3056 -0.0051 3.3663 -5.0460 2.2639  1.3969 -1.2366  0.6941 -0.1517
5.00  4500 0.3765  0.0227 0.4694 -0.3162 0.9825 0.5774 0.4605 0.3252 -0.0048 3.2575 -4.7890 2.1258  1.1006 -0.3690 -0.2666  0.2226
5.00  4750 0.4097  0.0607 0.4630 -0.2564 0.9448 0.6061 0.4487 0.3639 -0.0044 3.0684 -4.3421 1.8900  0.7648  0.5480 -1.1989  0.5672
5.00  5000 0.4531  0.1128 0.4516 -0.1730 0.8881 0.6420 0.4293 0.4146 -0.0038 2.7613 -3.6406 1.5213  0.3858  1.4902 -2.0555  0.8542
5.00  5250 0.4870  0.1570 0.4378 -0.0951 0.8257 0.6669 0.4071 0.4555 -0.0033 2.3906 -2.8325 1.0971  0.0717  2.1544 -2.5380  0.9732
5.00  5500 0.5089  0.1932 0.4189 -0.0309 0.7657 0.6787 0.3821 0.4825 -0.0029 2.0637 -2.1542 0.7485 -0.0434  2.2066 -2.3324  0.8235
5.00  6000 0.5303  0.2599 0.3588  0.0841 0.6329 0.6732 0.3180 0.5114 -0.0023 1.5556 -1.2059 0.2947 -0.0116  1.5939 -1.2536  0.3148
5.00  6500 0.5368  0.3104 0.3004  0.1675 0.5238 0.6557 0.2612 0.5226 -0.0019 1.2709 -0.7505 0.1064  0.1091  0.9114 -0.3022 -0.0823
5.00  7000 0.5316  0.3235 0.2761  0.1900 0.4844 0.6410 0.2391 0.5183 -0.0018 1.1989 -0.6744 0.0894  0.2144  0.4924  0.2067 -0.2814
5.00  7500 0.5185  0.3004 0.2894  0.1576 0.5119 0.6334 0.2523 0.5032 -0.0019 1.2440 -0.7610 0.1230  0.2927  0.2797  0.4415 -0.3830
5.00  8000 0.4989  0.2524 0.3271  0.0870 0.5842 0.6290 0.2890 0.4795 -0.0023 1.3885 -1.0054 0.2178  0.3369  0.2786  0.3787 -0.3647
5.00  8500 0.4737  0.1995 0.3638  0.0060 0.6633 0.6197 0.3274 0.4493 -0.0026 1.6342 -1.4749 0.4354  0.3780  0.3886  0.0784 -0.2183
5.00  9000 0.4535  0.1805 0.3622 -0.0240 0.6774 0.6006 0.3307 0.4268 -0.0028 1.7932 -1.8528 0.6419  0.4654  0.2595  0.0598 -0.1630
5.00  9500 0.4417  0.2010 0.3194  0.0045 0.6202 0.5739 0.2959 0.4157 -0.0027 1.8560 -2.1196 0.8292  0.5627  0.0018  0.1927 -0.1439
5.00 10000 0.4293  0.1948 0.3112 -0.0038 0.6143 0.5591 0.2908 0.4027 -0.0028 1.9178 -2.2957 0.9329  0.5967 -0.0484  0.1562 -0.0990
5.00 10500 0.4156  0.1771 0.3164 -0.0270 0.6278 0.5479 0.2972 0.3878 -0.0029 1.9667 -2.4127 0.9910  0.6111 -0.0470  0.0986 -0.0658
5.00 11000 0.4026  0.1639 0.3167 -0.0423 0.6311 0.5352 0.2984 0.3742 -0.0029 1.9854 -2.4781 1.0262  0.6269 -0.0803  0.0979 -0.0579
5.00 11500 0.3913  0.1542 0.3145 -0.0523 0.6292 0.5232 0.2972 0.3626 -0.0029 1.9857 -2.5080 1.0446  0.6423 -0.1305  0.1311 -0.0661
5.00 12000 0.3813  0.1467 0.3112 -0.0591 0.6247 0.5119 0.2946 0.3525 -0.0029 1.9771 -2.5197 1.0542  0.6582 -0.1917  0.1850 -0.0840
5.00 12500 0.3723  0.1406 0.3074 -0.0640 0.6189 0.5015 0.2915 0.3435 -0.0029 1.9635 -2.5198 1.0581  0.6723 -0.2518  0.2428 -0.1045
5.00 13000 0.3643  0.1354 0.3036 -0.0680 0.6130 0.4920 0.2883 0.3354 -0.0029 1.9490 -2.5162 1.0599  0.6857 -0.3102  0.3012 -0.1258
5.00 13500 0.3568  0.1307 0.3000 -0.0713 0.6073 0.4831 0.2853 0.3280 -0.0029 1.9346 -2.5111 1.0608  0.6992 -0.3691  0.3617 -0.1482
5.00 14000 0.3499  0.1265 0.2965 -0.0743 0.6017 0.4749 0.2823 0.3212 -0.0029 1.9204 -2.5049 1.0609  0.7113 -0.4235  0.4179 -0.1691
5.00 14500 0.3435  0.1227 0.2929 -0.0763 0.5954 0.4670 0.2791 0.3148 -0.0028 1.9027 -2.4908 1.0569  0.7160 -0.4566  0.4512 -0.1812
5.00 15000 0.3375  0.1189 0.2900 -0.0794 0.5913 0.4600 0.2767 0.3088 -0.0028 1.8942 -2.4929 1.0609  0.7338 -0.5238  0.5225 -0.2081
5.00 15500 0.3319  0.1156 0.2871 -0.0816 0.5866 0.4532 0.2742 0.3033 -0.0028 1.8825 -2.4879 1.0611  0.7444 -0.5702  0.5708 -0.2261
5.00 16000 0.3266  0.1125 0.2841 -0.0833 0.5814 0.4466 0.2716 0.2980 -0.0028 1.8684 -2.4776 1.0586  0.7482 -0.5971  0.5970 -0.2353
5.00 16500 0.3217  0.1094 0.2817 -0.0860 0.5784 0.4409 0.2697 0.2930 -0.0028 1.8633 -2.4830 1.0638  0.7657 -0.6598  0.6634 -0.2603
5.00 17000 0.3169  0.1066 0.2790 -0.0876 0.5737 0.4350 0.2673 0.2884 -0.0028 1.8512 -2.4748 1.0621  0.7686 -0.6816  0.6837 -0.2671
5.00 20000 0.2939  0.0912 0.2690 -0.1023 0.5620 0.4085 0.2597 0.2647 -0.0028 1.8416 -2.5288 1.1013  0.8561 -0.9792  0.9889 -0.3791
5.00 25000 0.2719  0.0672 0.2715 -0.1380 0.5815 0.3887 0.2659 0.2398 -0.0030 1.9612 -2.8177 1.2554  1.0019 -1.3400  1.2991 -0.4771
5.00 30000 0.2503  0.0414 0.2772 -0.1691 0.5950 0.3698 0.2729 0.2173 -0.0031 2.0138 -2.9576 1.3256  0.9701 -1.1829  1.0288 -0.3521
5.25  4000 0.3552  0.0055 0.4639 -0.3348 0.9786 0.5542 0.4569 0.3029 -0.0048 3.2590 -4.8509 2.1648  1.1913 -0.6664  0.0443  0.1047
5.25  4250 0.3569  0.0042 0.4679 -0.3489 1.0011 0.5585 0.4631 0.3014 -0.0051 3.3678 -5.0637 2.2761  1.4453 -1.3945  0.8751 -0.2232
5.25  4500 0.3696  0.0165 0.4684 -0.3253 0.9856 0.5704 0.4606 0.3174 -0.0048 3.2822 -4.8573 2.1638  1.1705 -0.5746 -0.0477  0.1397
5.25  4750 0.3956  0.0452 0.4648 -0.2791 0.9570 0.5934 0.4525 0.3480 -0.0045 3.1326 -4.5006 1.9741  0.8700  0.2660 -0.9256  0.4696
5.25  5000 0.4360  0.0926 0.4555 -0.2043 0.9082 0.6275 0.4363 0.3949 -0.0040 2.8747 -3.9026 1.6593  0.5070  1.2041 -1.8192  0.7825
5.25  5250 0.4718  0.1387 0.4420 -0.1244 0.8457 0.6546 0.4143 0.4381 -0.0034 2.5168 -3.1165 1.2469  0.1543  2.0082 -2.4823  0.9800
5.25  5500 0.4964  0.1748 0.4267 -0.0608 0.7903 0.6703 0.3925 0.4678 -0.0030 2.1952 -2.4343 0.8924 -0.0019  2.2016 -2.4422  0.8957
5.25  6000 0.5193  0.2352 0.3770  0.0460 0.6713 0.6701 0.3371 0.4982 -0.0024 1.6858 -1.4532 0.4105 -0.0292  1.7822 -1.5734  0.4611
5.25  6500 0.5268  0.2842 0.3219  0.1291 0.5641 0.6545 0.2823 0.5107 -0.0020 1.3680 -0.9180 0.1756  0.0717  1.1315 -0.6230  0.0514
5.25  7000 0.5239  0.3046 0.2910  0.1639 0.5106 0.6393 0.2533 0.5096 -0.0019 1.2459 -0.7494 0.1151  0.1777  0.6604 -0.0193 -0.1922
5.25  7500 0.5130  0.2906 0.2950  0.1455 0.5213 0.6301 0.2578 0.4974 -0.0020 1.2590 -0.7890 0.1325  0.2600  0.4022  0.2794 -0.3171
5.25  8000 0.4955  0.2502 0.3255  0.0867 0.5798 0.6249 0.2874 0.4764 -0.0022 1.3720 -0.9822 0.2068  0.3095  0.3522  0.2895 -0.3284
5.25  8500 0.4721  0.1986 0.3629  0.0085 0.6576 0.6174 0.3257 0.4484 -0.0026 1.5922 -1.3928 0.3919  0.3430  0.4620  0.0166 -0.2013
5.25  9000 0.4499  0.1680 0.3740 -0.0391 0.6935 0.6011 0.3407 0.4228 -0.0029 1.7816 -1.8056 0.6045  0.4198  0.3983 -0.0805 -0.1215
5.25  9500 0.4373  0.1812 0.3397 -0.0206 0.6494 0.5767 0.3132 0.4105 -0.0028 1.8391 -2.0409 0.7662  0.5236  0.1138  0.1107 -0.1392
5.25 10000 0.4275  0.1942 0.3095 -0.0020 0.6092 0.5564 0.2888 0.4013 -0.0027 1.8877 -2.2411 0.9049  0.5839 -0.0364  0.1583 -0.1048
5.25 10500 0.4144  0.1789 0.3124 -0.0220 0.6190 0.5449 0.2931 0.3871 -0.0028 1.9357 -2.3609 0.9670  0.6006 -0.0435  0.1072 -0.0717
5.25 11000 0.4020  0.1652 0.3141 -0.0385 0.6248 0.5334 0.2957 0.3740 -0.0029 1.9605 -2.4342 1.0050  0.6108 -0.0520  0.0755 -0.0512
5.25 11500 0.3906  0.1549 0.3128 -0.0499 0.6249 0.5217 0.2953 0.3623 -0.0029 1.9685 -2.4779 1.0300  0.6315 -0.1124  0.1170 -0.0620
5.25 12000 0.3806  0.1470 0.3099 -0.0572 0.6210 0.5106 0.2931 0.3521 -0.0029 1.9612 -2.4913 1.0401  0.6424 -0.1557  0.1486 -0.0708
5.25 12500 0.3715  0.1408 0.3061 -0.0622 0.6153 0.5001 0.2901 0.3430 -0.0029 1.9479 -2.4922 1.0444  0.6549 -0.2099  0.1987 -0.0880
5.25 13000 0.3634  0.1355 0.3023 -0.0661 0.6092 0.4905 0.2868 0.3349 -0.0029 1.9330 -2.4882 1.0461  0.6675 -0.2663  0.2546 -0.1082
5.25 13500 0.3559  0.1309 0.2985 -0.0693 0.6030 0.4814 0.2835 0.3274 -0.0028 1.9170 -2.4803 1.0457  0.6788 -0.3198  0.3091 -0.1282
5.25 14000 0.3489  0.1267 0.2948 -0.0720 0.5969 0.4730 0.2804 0.3205 -0.0028 1.9013 -2.4717 1.0447  0.6896 -0.3710  0.3620 -0.1479
5.25 14500 0.3424  0.1229 0.2913 -0.0744 0.5912 0.4652 0.2774 0.3141 -0.0028 1.8863 -2.4629 1.0434  0.6999 -0.4199  0.4130 -0.1669
5.25 15000 0.3364  0.1193 0.2880 -0.0766 0.5857 0.4578 0.2745 0.3081 -0.0028 1.8718 -2.4541 1.0420  0.7091 -0.4646  0.4595 -0.1842
5.25 15500 0.3307  0.1160 0.2849 -0.0788 0.5808 0.4510 0.2718 0.3025 -0.0028 1.8597 -2.4485 1.0420  0.7202 -0.5135  0.5110 -0.2035
5.25 16000 0.3254  0.1129 0.2819 -0.0806 0.5758 0.4444 0.2693 0.2973 -0.0028 1.8467 -2.4403 1.0405  0.7271 -0.5491  0.5473 -0.2168
5.25 16500 0.3204  0.1100 0.2791 -0.0824 0.5712 0.4383 0.2668 0.2923 -0.0028 1.8350 -2.4338 1.0398  0.7344 -0.5848  0.5837 -0.2301
5.25 17000 0.3151  0.1088 0.2737 -0.0782 0.5579 0.4306 0.2613 0.2880 -0.0027 1.7866 -2.3577 1.0039  0.6784 -0.4487  0.4297 -0.1691
5.25 20000 0.2922  0.0920 0.2656 -0.0979 0.5533 0.4051 0.2560 0.2636 -0.0028 1.8081 -2.4718 1.0739  0.8272 -0.9175  0.9273 -0.3565
5.25 25000 0.2689  0.0682 0.2663 -0.1323 0.5691 0.3834 0.2604 0.2377 -0.0030 1.9155 -2.7422 1.2197  0.9705 -1.2822  1.2456 -0.4585
5.25 30000 0.2465  0.0435 0.2693 -0.1599 0.5764 0.3625 0.2648 0.2147 -0.0030 1.9469 -2.8466 1.2733  0.9209 -1.0874  0.9373 -0.3192
5.50  4000 0.3541  0.0069 0.4607 -0.3292 0.9693 0.5516 0.4534 0.3027 -0.0047 3.2242 -4.7888 2.1343  1.1339 -0.5120 -0.1295  0.1735
5.50  4250 0.3541  0.0030 0.4659 -0.3500 0.9987 0.5550 0.4614 0.2985 -0.0051 3.3645 -5.0680 2.2805  1.4729 -1.4890  0.9845 -0.2667
5.50  4500 0.3644  0.0120 0.4676 -0.3327 0.9887 0.5652 0.4608 0.3114 -0.0049 3.3058 -4.9195 2.1983  1.2388 -0.7761  0.1708  0.0561
5.50  4750 0.3844  0.0336 0.4655 -0.2960 0.9651 0.5830 0.4547 0.3354 -0.0046 3.1775 -4.6158 2.0359  0.9580  0.0209 -0.6794  0.3793
5.50  5000 0.4197  0.0740 0.4587 -0.2326 0.9253 0.6135 0.4421 0.3763 -0.0042 2.9686 -4.1241 1.7761  0.6244  0.9111 -1.5582  0.6963
5.50  5250 0.4565  0.1197 0.4469 -0.1553 0.8678 0.6425 0.4224 0.4203 -0.0036 2.6460 -3.4050 1.3982  0.2590  1.7924 -2.3405  0.9503
5.50  5500 0.4842  0.1563 0.4350 -0.0914 0.8164 0.6625 0.4034 0.4533 -0.0032 2.3308 -2.7211 1.0396  0.0555  2.1479 -2.4930  0.9436
5.50  6000 0.5093  0.2134 0.3925  0.0116 0.7059 0.6670 0.3538 0.4861 -0.0026 1.8124 -1.6977 0.5275 -0.0331  1.9215 -1.8337  0.5847
5.50  6500 0.5172  0.2590 0.3425  0.0913 0.6041 0.6535 0.3029 0.4991 -0.0022 1.4750 -1.1076 0.2577  0.0393  1.3456 -0.9461  0.1898
5.50  7000 0.5163  0.2844 0.3076  0.1355 0.5401 0.6383 0.2693 0.5007 -0.0020 1.3043 -0.8440 0.1498  0.1397  0.8440 -0.2699 -0.0918
5.50  7500 0.5074  0.2787 0.3034  0.1301 0.5351 0.6277 0.2656 0.4913 -0.0020 1.2806 -0.8242 0.1433  0.2242  0.5419  0.0970 -0.2444
5.50  8000 0.4919  0.2460 0.3262  0.0833 0.5796 0.6215 0.2880 0.4731 -0.0022 1.3620 -0.9668 0.1977  0.2786  0.4440  0.1780 -0.2841
5.50  8500 0.4705  0.1976 0.3621  0.0105 0.6524 0.6151 0.3242 0.4473 -0.0026 1.5538 -1.3184 0.3523  0.3077  0.5399 -0.0540 -0.1798
5.50  9000 0.4468  0.1601 0.3803 -0.0474 0.7010 0.6002 0.3459 0.4198 -0.0028 1.7660 -1.7630 0.5751  0.3762  0.5264 -0.2171 -0.0755
5.50  9500 0.4332  0.1603 0.3620 -0.0480 0.6825 0.5807 0.3325 0.4055 -0.0029 1.8403 -1.9941 0.7187  0.4703  0.2905 -0.0614 -0.0947
5.50 10000 0.4240  0.1840 0.3184 -0.0139 0.6211 0.5560 0.2962 0.3975 -0.0028 1.8700 -2.1884 0.8675  0.5605  0.0231  0.1149 -0.1018
5.50 10500 0.4137  0.1805 0.3094 -0.0177 0.6118 0.5428 0.2898 0.3869 -0.0028 1.9078 -2.3123 0.9437  0.5913 -0.0404  0.1173 -0.0788
5.50 11000 0.4017  0.1664 0.3121 -0.0354 0.6199 0.5321 0.2935 0.3740 -0.0028 1.9403 -2.3981 0.9875  0.6040 -0.0499  0.0839 -0.0571
5.50 11500 0.3901  0.1557 0.3110 -0.0472 0.6203 0.5203 0.2934 0.3621 -0.0028 1.9492 -2.4436 1.0132  0.6163 -0.0817  0.0891 -0.0527
5.50 12000 0.3801  0.1474 0.3088 -0.0554 0.6177 0.5096 0.2919 0.3519 -0.0029 1.9467 -2.4650 1.0270  0.6287 -0.1247  0.1181 -0.0600
5.50 12500 0.3710  0.1409 0.3052 -0.0607 0.6123 0.4991 0.2890 0.3427 -0.0028 1.9346 -2.4680 1.0322  0.6392 -0.1716  0.1585 -0.0731
5.50 13000 0.3627  0.1356 0.3014 -0.0647 0.6063 0.4894 0.2858 0.3345 -0.0028 1.9200 -2.4647 1.0342  0.6506 -0.2237  0.2087 -0.0908
5.50 13500 0.3552  0.1310 0.2975 -0.0677 0.5998 0.4802 0.2824 0.3270 -0.0028 1.9032 -2.4558 1.0334  0.6605 -0.2732  0.2583 -0.1088
5.50 14000 0.3481  0.1268 0.2936 -0.0703 0.5935 0.4717 0.2791 0.3201 -0.0028 1.8865 -2.4455 1.0316  0.6698 -0.3204  0.3066 -0.1266
5.50 14500 0.3416  0.1230 0.2900 -0.0725 0.5874 0.4638 0.2759 0.3137 -0.0028 1.8705 -2.4350 1.0295  0.6790 -0.3669  0.3550 -0.1446
5.50 15000 0.3355  0.1196 0.2865 -0.0744 0.5814 0.4563 0.2728 0.3077 -0.0028 1.8542 -2.4230 1.0265  0.6860 -0.4061  0.3958 -0.1597
5.50 15500 0.3299  0.1163 0.2833 -0.0764 0.5763 0.4493 0.2701 0.3021 -0.0027 1.8410 -2.4155 1.0256  0.6959 -0.4519  0.4439 -0.1777
5.50 16000 0.3245  0.1133 0.2802 -0.0780 0.5709 0.4427 0.2673 0.2968 -0.0027 1.8267 -2.4050 1.0231  0.7018 -0.4859  0.4789 -0.1905
5.50 16500 0.3194  0.1104 0.2774 -0.0799 0.5664 0.4366 0.2649 0.2918 -0.0027 1.8159 -2.4004 1.0234  0.7116 -0.5290  0.5239 -0.2072
5.50 17000 0.3146  0.1076 0.2747 -0.0816 0.5620 0.4307 0.2626 0.2870 -0.0027 1.8049 -2.3945 1.0230  0.7189 -0.5637  0.5592 -0.2201
5.50 20000 0.2909  0.0926 0.2630 -0.0945 0.5466 0.4026 0.2533 0.2628 -0.0027 1.7817 -2.4258 1.0515  0.7987 -0.8502  0.8563 -0.3297
5.50 25000 0.2668  0.0690 0.2625 -0.1279 0.5598 0.3796 0.2564 0.2363 -0.0029 1.8806 -2.6837 1.1918  0.9424 -1.2247  1.1889 -0.4380
5.50 30000 0.2435  0.0452 0.2631 -0.1523 0.5613 0.3566 0.2583 0.2128 -0.0029 1.8916 -2.7536 1.2291  0.8746 -0.9902  0.8402 -0.2833
5.75  4000 0.3545  0.0067 0.4614 -0.3309 0.9722 0.5524 0.4543 0.3027 -0.0048 3.2385 -4.8160 2.1484  1.1606 -0.5858 -0.0470  0.1415
5.75  4250 0.3525  0.0020 0.4650 -0.3513 0.9983 0.5531 0.4607 0.2966 -0.0051 3.3666 -5.0782 2.2869  1.4957 -1.5617  1.0675 -0.2994
5.75  4500 0.3604  0.0083 0.4672 -0.3395 0.9928 0.5614 0.4613 0.3065 -0.0050 3.3322 -4.9839 2.2335  1.3132 -0.9947  0.4119 -0.0372
5.75  4750 0.3760  0.0254 0.4652 -0.3079 0.9700 0.5749 0.4557 0.3259 -0.0047 3.2080 -4.6976 2.0805  1.0304 -0.1873 -0.4635  0.2986
5.75  5000 0.4051  0.0575 0.4611 -0.2571 0.9392 0.6005 0.4466 0.3597 -0.0043 3.0431 -4.3039 1.8712  0.7321  0.6306 -1.2954  0.6051
5.75  5250 0.4406  0.1018 0.4496 -0.1828 0.8842 0.6287 0.4279 0.4022 -0.0038 2.7484 -3.6447 1.5254  0.3571  1.5718 -2.1775  0.9080
5.75  5500 0.4708  0.1401 0.4387 -0.1174 0.8343 0.6517 0.4099 0.4380 -0.0034 2.4465 -2.9807 1.1766  0.1245  2.0364 -2.4692  0.9613
5.75  6000 0.4997  0.1962 0.4027 -0.0157 0.7311 0.6623 0.3655 0.4749 -0.0027 1.9222 -1.9202 0.6379 -0.0243  2.0021 -2.0199  0.6798
5.75  6500 0.5076  0.2371 0.3589  0.0579 0.6378 0.6509 0.3199 0.4876 -0.0023 1.5839 -1.3122 0.3522  0.0179  1.5250 -1.2388  0.3213
5.75  7000 0.5076  0.2631 0.3243  0.1045 0.5717 0.6365 0.2858 0.4905 -0.0021 1.3852 -0.9876 0.2109  0.1030  1.0459 -0.5643  0.0327
5.75  7500 0.5006  0.2640 0.3139  0.1099 0.5541 0.6252 0.2760 0.4837 -0.0021 1.3248 -0.9031 0.1755  0.1856  0.7132 -0.1404 -0.1455
5.75  8000 0.4871  0.2389 0.3293  0.0749 0.5846 0.6179 0.2911 0.4681 -0.0022 1.3750 -0.9961 0.2105  0.2442  0.5703  0.0074 -0.2118
5.75  8500 0.4675  0.1958 0.3605  0.0109 0.6477 0.6113 0.3225 0.4448 -0.0025 1.5341 -1.2877 0.3373  0.2758  0.6255 -0.1546 -0.1396
5.75  9000 0.4441  0.1550 0.3835 -0.0519 0.7036 0.5985 0.3483 0.4173 -0.0028 1.7496 -1.7260 0.5518  0.3334  0.6511 -0.3562 -0.0247
5.75  9500 0.4275  0.1441 0.3760 -0.0690 0.7042 0.5803 0.3451 0.3992 -0.0029 1.8536 -1.9971 0.7062  0.4252  0.4526 -0.2500 -0.0291
5.75 10000 0.4189  0.1649 0.3370 -0.0384 0.6485 0.5576 0.3123 0.3916 -0.0028 1.8631 -2.1363 0.8207  0.5243  0.1356  0.0179 -0.0859
5.75 10500 0.4113  0.1784 0.3091 -0.0184 0.6095 0.5401 0.2892 0.3847 -0.0027 1.8863 -2.2731 0.9227  0.5789 -0.0211  0.1056 -0.0783
5.75 11000 0.4004  0.1675 0.3090 -0.0318 0.6130 0.5295 0.2903 0.3732 -0.0028 1.9159 -2.3579 0.9688  0.5947 -0.0437  0.0858 -0.0596
5.75 11500 0.3896  0.1563 0.3096 -0.0450 0.6165 0.5192 0.2918 0.3619 -0.0028 1.9330 -2.4144 0.9987  0.6053 -0.0615  0.0730 -0.0480
5.75 12000 0.3797  0.1477 0.3078 -0.0539 0.6149 0.5087 0.2908 0.3517 -0.0028 1.9337 -2.4412 1.0151  0.6163 -0.0971  0.0913 -0.0507
5.75 12500 0.3705  0.1409 0.3046 -0.0597 0.6102 0.4983 0.2882 0.3425 -0.0028 1.9239 -2.4482 1.0221  0.6256 -0.1374  0.1223 -0.0597
5.75 13000 0.3622  0.1355 0.3008 -0.0637 0.6041 0.4885 0.2851 0.3342 -0.0028 1.9093 -2.4450 1.0242  0.6350 -0.1830  0.1643 -0.0739
5.75 13500 0.3546  0.1309 0.2968 -0.0667 0.5975 0.4793 0.2816 0.3267 -0.0028 1.8923 -2.4358 1.0231  0.6434 -0.2277  0.2079 -0.0894
5.75 14000 0.3475  0.1268 0.2929 -0.0690 0.5908 0.4707 0.2782 0.3198 -0.0028 1.8745 -2.4236 1.0205  0.6507 -0.2695  0.2500 -0.1047
5.75 14500 0.3405  0.1243 0.2869 -0.0663 0.5771 0.4611 0.2722 0.3137 -0.0027 1.8263 -2.3533 0.9884  0.6086 -0.1790  0.1475 -0.0641
5.75 15000 0.3348  0.1196 0.2855 -0.0728 0.5781 0.4550 0.2717 0.3073 -0.0027 1.8399 -2.3971 1.0135  0.6629 -0.3444  0.3268 -0.1328
5.75 15500 0.3291  0.1165 0.2821 -0.0743 0.5722 0.4480 0.2686 0.3017 -0.0027 1.8237 -2.3840 1.0098  0.6685 -0.3791  0.3629 -0.1462
5.75 16000 0.3237  0.1135 0.2789 -0.0759 0.5668 0.4413 0.2659 0.2965 -0.0027 1.8093 -2.3735 1.0073  0.6744 -0.4130  0.3978 -0.1590
5.75 16500 0.3186  0.1107 0.2758 -0.0771 0.5612 0.4349 0.2630 0.2915 -0.0027 1.7938 -2.3602 1.0032  0.6770 -0.4370  0.4218 -0.1675
5.75 17000 0.3138  0.1079 0.2732 -0.0791 0.5573 0.4292 0.2609 0.2867 -0.0027 1.7850 -2.3585 1.0049  0.6887 -0.4843  0.4715 -0.1860
5.75 20000 0.2899  0.0931 0.2612 -0.0915 0.5410 0.4008 0.2512 0.2624 -0.0027 1.7585 -2.3842 1.0309  0.7663 -0.7666  0.7647 -0.2943
5.75 25000 0.2652  0.0697 0.2594 -0.1235 0.5514 0.3765 0.2530 0.2354 -0.0028 1.8472 -2.6253 1.1633  0.9045 -1.1329  1.0909 -0.4006
5.75 30000 0.2410  0.0465 0.2580 -0.1455 0.5483 0.3519 0.2529 0.2114 -0.0028 1.8424 -2.6693 1.1885  0.8253 -0.8769  0.7218 -0.2386
6.00  4000 0.3555  0.0068 0.4627 -0.3329 0.9764 0.5541 0.4558 0.3034 -0.0048 3.2564 -4.8477 2.1643  1.1887 -0.6606  0.0369  0.1086
6.00  4250 0.3519  0.0015 0.4648 -0.3525 0.9990 0.5524 0.4607 0.2958 -0.0051 3.3712 -5.0896 2.2933  1.5138 -1.6167  1.1306 -0.3244
6.00  4500 0.3574  0.0050 0.4675 -0.3468 0.9988 0.5588 0.4626 0.3023 -0.0051 3.3651 -5.0581 2.2735  1.4039 -1.2608  0.7107 -0.1542
6.00  4750 0.3698  0.0196 0.4646 -0.3164 0.9732 0.5687 0.4561 0.3189 -0.0047 3.2310 -4.7602 2.1150  1.0913 -0.3650 -0.2758  0.2277
6.00  5000 0.3926  0.0439 0.4627 -0.2775 0.9504 0.5893 0.4501 0.3456 -0.0044 3.1038 -4.4524 1.9501  0.8280  0.3753 -1.0497  0.5181
6.00  5250 0.4251  0.0842 0.4524 -0.2095 0.9002 0.6152 0.4333 0.3846 -0.0039 2.8421 -3.8655 1.6424  0.4604  1.3250 -1.9736  0.8462
6.00  5500 0.4570  0.1232 0.4428 -0.1446 0.8533 0.6406 0.4169 0.4220 -0.0035 2.5626 -3.2409 1.3135  0.2075  1.8791 -2.3885  0.9547
6.00  6000 0.4909  0.1804 0.4119 -0.0411 0.7545 0.6579 0.3763 0.4644 -0.0029 2.0265 -2.1321 0.7435 -0.0106  2.0614 -2.1756  0.7618
6.00  6500 0.4990  0.2183 0.3725  0.0289 0.6669 0.6483 0.3342 0.4774 -0.0025 1.6839 -1.5032 0.4421  0.0057  1.6652 -1.4798  0.4323
6.00  7000 0.4989  0.2426 0.3400  0.0738 0.6029 0.6344 0.3018 0.4802 -0.0022 1.4768 -1.1557 0.2862  0.0733  1.2354 -0.8547  0.1595
6.00  7500 0.4933  0.2475 0.3261  0.0865 0.5771 0.6229 0.2881 0.4753 -0.0021 1.3857 -1.0138 0.2233  0.1489  0.8952 -0.4020 -0.0342
6.00  8000 0.4818  0.2293 0.3351  0.0623 0.5951 0.6150 0.2969 0.4625 -0.0022 1.4036 -1.0516 0.2348  0.2087  0.7159 -0.1940 -0.1261
6.00  8500 0.4642  0.1920 0.3611  0.0077 0.6474 0.6082 0.3230 0.4417 -0.0025 1.5292 -1.2828 0.3341  0.2434  0.7272 -0.2827 -0.0868
6.00  9000 0.4420  0.1506 0.3866 -0.0556 0.7058 0.5974 0.3507 0.4155 -0.0028 1.7343 -1.6905 0.5296  0.2900  0.7786 -0.4988  0.0280
6.00  9500 0.4224  0.1308 0.3869 -0.0861 0.7213 0.5794 0.3550 0.3936 -0.0030 1.8695 -2.0126 0.7038  0.3834  0.6062 -0.4372  0.0407
6.00 10000 0.4139  0.1426 0.3599 -0.0684 0.6841 0.5611 0.3326 0.3854 -0.0029 1.8818 -2.1263 0.7924  0.4755  0.3150 -0.1725 -0.0298
6.00 10500 0.4073  0.1666 0.3193 -0.0330 0.6245 0.5398 0.2980 0.3803 -0.0028 1.8809 -2.2438 0.8966  0.5562  0.0483  0.0417 -0.0652
6.00 11000 0.3992  0.1675 0.3073 -0.0301 0.6089 0.5275 0.2885 0.3722 -0.0028 1.8976 -2.3267 0.9535  0.5867 -0.0357  0.0843 -0.0611
6.00 11500 0.3889  0.1568 0.3079 -0.0428 0.6123 0.5177 0.2899 0.3614 -0.0028 1.9165 -2.3860 0.9851  0.5974 -0.0519  0.0687 -0.0479
6.00 12000 0.3792  0.1478 0.3070 -0.0526 0.6126 0.5078 0.2898 0.3515 -0.0028 1.9227 -2.4212 1.0050  0.6059 -0.0738  0.0685 -0.0428
6.00 12500 0.3702  0.1408 0.3044 -0.0592 0.6090 0.4978 0.2879 0.3423 -0.0028 1.9167 -2.4345 1.0149  0.6152 -0.1103  0.0933 -0.0489
6.00 13000 0.3619  0.1351 0.3008 -0.0635 0.6034 0.4882 0.2849 0.3340 -0.0028 1.9037 -2.4339 1.0181  0.6233 -0.1501  0.1273 -0.0598
6.00 13500 0.3543  0.1305 0.2969 -0.0666 0.5969 0.4790 0.2816 0.3265 -0.0028 1.8872 -2.4255 1.0175  0.6306 -0.1907  0.1656 -0.0730
6.00 14000 0.3472  0.1264 0.2930 -0.0689 0.5901 0.4703 0.2781 0.3196 -0.0027 1.8694 -2.4135 1.0149  0.6372 -0.2302  0.2048 -0.0869
6.00 14500 0.3406  0.1227 0.2891 -0.0708 0.5835 0.4622 0.2747 0.3131 -0.0027 1.8515 -2.3998 1.0114  0.6433 -0.2682  0.2436 -0.1011
6.00 15000 0.3345  0.1194 0.2854 -0.0724 0.5771 0.4546 0.2715 0.3072 -0.0027 1.8336 -2.3849 1.0070  0.6479 -0.3012  0.2772 -0.1133
6.00 15500 0.3287  0.1162 0.2819 -0.0738 0.5710 0.4475 0.2684 0.3016 -0.0027 1.8170 -2.3714 1.0031  0.6529 -0.3344  0.3115 -0.1259
6.00 16000 0.3233  0.1133 0.2786 -0.0752 0.5653 0.4408 0.2655 0.2963 -0.0027 1.8014 -2.3586 0.9995  0.6576 -0.3656  0.3438 -0.1378
6.00 16500 0.3182  0.1105 0.2756 -0.0767 0.5601 0.4344 0.2628 0.2913 -0.0027 1.7879 -2.3490 0.9973  0.6636 -0.3989  0.3781 -0.1503
6.00 17000 0.3134  0.1078 0.2728 -0.0782 0.5554 0.4285 0.2603 0.2865 -0.0026 1.7757 -2.3410 0.9958  0.6696 -0.4308  0.4107 -0.1622
6.00 20000 0.2894  0.0931 0.2604 -0.0901 0.5383 0.3999 0.2503 0.2622 -0.0026 1.7466 -2.3624 1.0198  0.7461 -0.7119  0.7034 -0.2704
6.00 25000 0.2644  0.0697 0.2583 -0.1225 0.5487 0.3751 0.2519 0.2347 -0.0028 1.8364 -2.6074 1.1546  0.8956 -1.1146  1.0727 -0.3941
6.00 30000 0.2392  0.0473 0.2546 -0.1413 0.5397 0.3485 0.2492 0.2102 -0.0027 1.8101 -2.6146 1.1623  0.7959 -0.8123  0.6557 -0.2140
6.25  4000 0.3571  0.0070 0.4646 -0.3350 0.9817 0.5566 0.4579 0.3045 -0.0049 3.2772 -4.8830 2.1816  1.2177 -0.7351  0.1204  0.0759
6.25  4250 0.3520  0.0013 0.4652 -0.3533 1.0004 0.5527 0.4612 0.2957 -0.0052 3.3769 -5.1002 2.2986  1.5249 -1.6476  1.1657 -0.3383
6.25  4500 0.3551  0.0022 0.4682 -0.3547 1.0068 0.5573 0.4643 0.2987 -0.0052 3.4048 -5.1438 2.3193  1.5197 -1.6027  1.1006 -0.3086
6.25  4750 0.3651  0.0153 0.4641 -0.3229 0.9759 0.5641 0.4563 0.3135 -0.0048 3.2496 -4.8101 2.1425  1.1438 -0.5194 -0.1100  0.1645
6.25  5000 0.3829  0.0340 0.4629 -0.2915 0.9565 0.5801 0.4516 0.3347 -0.0045 3.1390 -4.5456 2.0004  0.9049  0.1573 -0.8271  0.4356
6.25  5250 0.4106  0.0675 0.4553 -0.2347 0.9154 0.6027 0.4385 0.3681 -0.0041 2.9253 -4.0615 1.7457  0.5614  1.0754 -1.7546  0.7749
6.25  5500 0.4427  0.1062 0.4464 -0.1717 0.8714 0.6288 0.4233 0.4055 -0.0037 2.6723 -3.4900 1.4448  0.2984  1.6889 -2.2638  0.9287
6.25  6000 0.4819  0.1663 0.4187 -0.0641 0.7744 0.6523 0.3848 0.4537 -0.0030 2.1278 -2.3447 0.8519  0.0178  2.0692 -2.2716  0.8212
6.25  6500 0.4916  0.2027 0.3833  0.0045 0.6909 0.6457 0.3459 0.4685 -0.0026 1.7721 -1.6747 0.5242  0.0002  1.7716 -1.6741  0.5240
6.25  7000 0.4910  0.2245 0.3535  0.0465 0.6304 0.6323 0.3157 0.4708 -0.0023 1.5636 -1.3182 0.3608  0.0517  1.3933 -1.1058  0.2714
6.25  7500 0.4858  0.2307 0.3384  0.0618 0.6013 0.6206 0.3007 0.4666 -0.0022 1.4583 -1.1487 0.2841  0.1170  1.0726 -0.6677  0.0816
6.25  8000 0.4757  0.2175 0.3426  0.0457 0.6100 0.6122 0.3047 0.4557 -0.0023 1.4520 -1.1456 0.2782  0.1757  0.8731 -0.4236 -0.0257
6.25  8500 0.4602  0.1861 0.3637  0.0006 0.6520 0.6053 0.3257 0.4376 -0.0025 1.5447 -1.3167 0.3498  0.2125  0.8443 -0.4431 -0.0178
6.25  9000 0.4397  0.1465 0.3889 -0.0595 0.7080 0.5958 0.3526 0.4133 -0.0028 1.7278 -1.6758 0.5192  0.2511  0.9005 -0.6440  0.0849
6.25  9500 0.4185  0.1205 0.3954 -0.0995 0.7347 0.5787 0.3629 0.3893 -0.0030 1.8862 -2.0334 0.7065  0.3407  0.7634 -0.6333  0.1173
6.25 10000 0.4077  0.1218 0.3793 -0.0974 0.7163 0.5624 0.3505 0.3781 -0.0030 1.9231 -2.1748 0.7992  0.4282  0.5120 -0.4150  0.0586
6.25 10500 0.4019  0.1452 0.3406 -0.0619 0.6578 0.5423 0.3169 0.3737 -0.0029 1.8961 -2.2313 0.8686  0.5197  0.1836 -0.0957 -0.0302
6.25 11000 0.3965  0.1624 0.3106 -0.0359 0.6134 0.5260 0.2914 0.3695 -0.0028 1.8922 -2.3122 0.9424  0.5746 -0.0012  0.0489 -0.0512
6.25 11500 0.3880  0.1569 0.3066 -0.0416 0.6093 0.5162 0.2886 0.3607 -0.0028 1.9043 -2.3657 0.9754  0.5912 -0.0437  0.0636 -0.0469
6.25 12000 0.3786  0.1478 0.3062 -0.0518 0.6104 0.5068 0.2889 0.3510 -0.0028 1.9133 -2.4051 0.9971  0.5995 -0.0620  0.0582 -0.0395
6.25 12500 0.3699  0.1402 0.3046 -0.0596 0.6091 0.4976 0.2881 0.3420 -0.0028 1.9152 -2.4314 1.0130  0.6118 -0.1007  0.0825 -0.0450
6.25 13000 0.3616  0.1345 0.3013 -0.0642 0.6039 0.4881 0.2854 0.3338 -0.0028 1.9030 -2.4316 1.0164  0.6162 -0.1274  0.1004 -0.0492
6.25 13500 0.3540  0.1297 0.2975 -0.0673 0.5975 0.4789 0.2821 0.3263 -0.0028 1.8866 -2.4232 1.0156  0.6209 -0.1594  0.1282 -0.0581
6.25 14000 0.3469  0.1257 0.2936 -0.0696 0.5908 0.4703 0.2787 0.3194 -0.0027 1.8691 -2.4117 1.0133  0.6267 -0.1960  0.1635 -0.0704
6.25 14500 0.3405  0.1219 0.2900 -0.0720 0.5849 0.4624 0.2756 0.3129 -0.0027 1.8545 -2.4042 1.0129  0.6373 -0.2455  0.2147 -0.0893
6.25 15000 0.3343  0.1187 0.2859 -0.0728 0.5774 0.4545 0.2718 0.3070 -0.0027 1.8321 -2.3810 1.0044  0.6353 -0.2614  0.2297 -0.0943
6.25 15500 0.3285  0.1157 0.2824 -0.0742 0.5712 0.4474 0.2687 0.3014 -0.0027 1.8152 -2.3669 1.0002  0.6399 -0.2933  0.2625 -0.1063
6.25 16000 0.3230  0.1129 0.2788 -0.0750 0.5646 0.4405 0.2655 0.2961 -0.0027 1.7961 -2.3477 0.9934  0.6396 -0.3114  0.2804 -0.1126
6.25 16500 0.3180  0.1100 0.2759 -0.0768 0.5599 0.4343 0.2630 0.2912 -0.0026 1.7849 -2.3424 0.9934  0.6490 -0.3538  0.3246 -0.1289
6.25 17000 0.3132  0.1074 0.2729 -0.0780 0.5548 0.4283 0.2604 0.2864 -0.0026 1.7713 -2.3319 0.9907  0.6539 -0.3834  0.3552 -0.1401
6.25 20000 0.2892  0.0928 0.2605 -0.0898 0.5376 0.3996 0.2502 0.2621 -0.0026 1.7416 -2.3524 1.0143  0.7316 -0.6691  0.6540 -0.2509
6.25 25000 0.2638  0.0696 0.2576 -0.1214 0.5464 0.3742 0.2511 0.2343 -0.0028 1.8259 -2.5886 1.1451  0.8801 -1.0741  1.0279 -0.3768
6.25 30000 0.2377  0.0481 0.2516 -0.1370 0.5313 0.3455 0.2459 0.2094 -0.0027 1.7771 -2.5571 1.1342  0.7567 -0.7162  0.5522 -0.1743
6.50  4000 0.3592  0.0073 0.4669 -0.3373 0.9878 0.5597 0.4603 0.3060 -0.0049 3.3003 -4.9212 2.2000  1.2480 -0.8121  0.2072  0.0418
6.50  4250 0.3528  0.0014 0.4662 -0.3543 1.0029 0.5541 0.4623 0.2964 -0.0052 3.3860 -5.1148 2.3055  1.5345 -1.6701  1.1905 -0.3480
6.50  4500 0.3527  0.0035 0.4633 -0.3486 0.9948 0.5526 0.4591 0.2971 -0.0051 3.3582 -5.0645 2.2811  1.4837 -1.5306  1.0321 -0.2846
6.50  4750 0.3615  0.0118 0.4641 -0.3291 0.9795 0.5607 0.4570 0.3092 -0.0048 3.2723 -4.8649 2.1723  1.1969 -0.6715  0.0532  0.1026
6.50  5000 0.3754  0.0267 0.4627 -0.3022 0.9612 0.5730 0.4526 0.3263 -0.0046 3.1688 -4.6236 2.0429  0.9693 -0.0253 -0.6405  0.3666
6.50  5250 0.3978  0.0535 0.4569 -0.2553 0.9264 0.5912 0.4420 0.3537 -0.0042 2.9864 -4.2117 1.8255  0.6515  0.8394 -1.5341  0.6986
6.50  5500 0.4281  0.0894 0.4495 -0.1977 0.8877 0.6164 0.4289 0.3889 -0.0038 2.7687 -3.7137 1.5630  0.3953  1.4663 -2.0894  0.8795
6.50  6000 0.4723  0.1525 0.4243 -0.0868 0.7930 0.6458 0.3925 0.4425 -0.0031 2.2295 -2.5623 0.9642  0.0572  2.0412 -2.3274  0.8654
6.50  6500 0.4848  0.1897 0.3915 -0.0159 0.7102 0.6427 0.3550 0.4605 -0.0027 1.8510 -1.8321 0.6014  0.0034  1.8397 -1.8180  0.5954
6.50  7000 0.4838  0.2092 0.3643  0.0231 0.6534 0.6298 0.3271 0.4623 -0.0024 1.6448 -1.4748 0.4349  0.0399  1.5134 -1.3109  0.3660
6.50  7500 0.4783  0.2148 0.3496  0.0380 0.6245 0.6180 0.3124 0.4579 -0.0023 1.5374 -1.3004 0.3552  0.0946  1.2256 -0.9115  0.1915
6.50  8000 0.4693  0.2046 0.3511  0.0270 0.6273 0.6094 0.3137 0.4483 -0.0024 1.5135 -1.2654 0.3347  0.1469  1.0294 -0.6616  0.0805
6.50  8500 0.4553  0.1781 0.3678 -0.0105 0.6607 0.6023 0.3303 0.4322 -0.0025 1.5821 -1.3943 0.3878  0.1851  0.9723 -0.6337  0.0677
6.50  9000 0.4366  0.1416 0.3914 -0.0652 0.7117 0.5938 0.3550 0.4102 -0.0028 1.7380 -1.6972 0.5284  0.2180  1.0196 -0.8013  0.1513
6.50  9500 0.4153  0.1120 0.4025 -0.1107 0.7462 0.5783 0.3695 0.3858 -0.0030 1.9063 -2.0636 0.7158  0.2982  0.9238 -0.8384  0.2001
6.50 10000 0.4010  0.1048 0.3929 -0.1210 0.7403 0.5612 0.3635 0.3704 -0.0031 1.9693 -2.2499 0.8263  0.3923  0.6768 -0.6380  0.1479
6.50 10500 0.3961  0.1212 0.3647 -0.0957 0.6975 0.5457 0.3389 0.3665 -0.0030 1.9421 -2.2768 0.8692  0.4733  0.3823 -0.3317  0.0506
6.50 11000 0.3915  0.1460 0.3257 -0.0580 0.6375 0.5267 0.3049 0.3636 -0.0028 1.9090 -2.3186 0.9308  0.5494  0.0988 -0.0612 -0.0192
6.50 11500 0.3862  0.1544 0.3075 -0.0442 0.6104 0.5147 0.2894 0.3589 -0.0028 1.9010 -2.3602 0.9715  0.5840 -0.0233  0.0394 -0.0384
6.50 12000 0.3778  0.1475 0.3056 -0.0515 0.6090 0.5058 0.2883 0.3503 -0.0028 1.9077 -2.3966 0.9931  0.5950 -0.0527  0.0482 -0.0358
6.50 12500 0.3692  0.1399 0.3043 -0.0593 0.6079 0.4967 0.2876 0.3415 -0.0028 1.9088 -2.4202 1.0072  0.6017 -0.0739  0.0523 -0.0333
6.50 13000 0.3612  0.1337 0.3018 -0.0648 0.6043 0.4878 0.2858 0.3335 -0.0028 1.9020 -2.4291 1.0145  0.6064 -0.0962  0.0627 -0.0342
6.50 13500 0.3537  0.1288 0.2984 -0.0684 0.5987 0.4790 0.2829 0.3260 -0.0028 1.8882 -2.4251 1.0158  0.6116 -0.1269  0.0879 -0.0418
6.50 14000 0.3467  0.1247 0.2946 -0.0708 0.5922 0.4705 0.2796 0.3192 -0.0027 1.8716 -2.4149 1.0141  0.6169 -0.1609  0.1198 -0.0526
6.50 14500 0.3402  0.1210 0.2907 -0.0727 0.5856 0.4624 0.2762 0.3128 -0.0027 1.8541 -2.4020 1.0109  0.6221 -0.1958  0.1544 -0.0649
6.50 15000 0.3341  0.1178 0.2870 -0.0741 0.5790 0.4548 0.2729 0.3068 -0.0027 1.8360 -2.3867 1.0064  0.6262 -0.2273  0.1864 -0.0765
6.50 15500 0.3283  0.1147 0.2834 -0.0754 0.5727 0.4476 0.2697 0.3012 -0.0027 1.8186 -2.3718 1.0019  0.6304 -0.2585  0.2185 -0.0882
6.50 16000 0.3230  0.1119 0.2801 -0.0768 0.5670 0.4409 0.2667 0.2960 -0.0027 1.8032 -2.3594 0.9985  0.6356 -0.2913  0.2526 -0.1007
6.50 16500 0.3179  0.1092 0.2768 -0.0777 0.5611 0.4345 0.2638 0.2911 -0.0026 1.7868 -2.3444 0.9937  0.6381 -0.3157  0.2776 -0.1098
6.50 17000 0.3131  0.1066 0.2739 -0.0791 0.5563 0.4286 0.2613 0.2863 -0.0026 1.7746 -2.3365 0.9923  0.6449 -0.3504  0.3136 -0.1230
6.50 20000 0.2891  0.0923 0.2611 -0.0904 0.5382 0.3997 0.2508 0.2621 -0.0026 1.7416 -2.3510 1.0129  0.7198 -0.6301  0.6067 -0.2318
6.50 25000 0.2634  0.0693 0.2576 -0.1213 0.5456 0.3738 0.2510 0.2341 -0.0028 1.8212 -2.5796 1.1402  0.8681 -1.0394  0.9878 -0.3610
6.50 30000 0.2366  0.0481 0.2501 -0.1355 0.5277 0.3437 0.2444 0.2086 -0.0026 1.7631 -2.5340 1.1231  0.7441 -0.6887  0.5235 -0.1636
6.75  4000 0.3615  0.0077 0.4695 -0.3397 0.9946 0.5632 0.4630 0.3078 -0.0049 3.3259 -4.9628 2.2199  1.2797 -0.8908  0.2957  0.0070
6.75  4250 0.3540  0.0025 0.4663 -0.3521 1.0015 0.5552 0.4621 0.2979 -0.0051 3.3774 -5.0941 2.2942  1.5068 -1.5876  1.0976 -0.3115
6.75  4500 0.3521  0.0024 0.4640 -0.3526 0.9995 0.5524 0.4602 0.2957 -0.0052 3.3793 -5.1083 2.3043  1.5523 -1.7355  1.2702 -0.3801
6.75  4750 0.3590  0.0088 0.4646 -0.3349 0.9842 0.5587 0.4583 0.3060 -0.0049 3.2969 -4.9201 2.2016  1.2496 -0.8204  0.2144  0.0408
6.75  5000 0.3700  0.0218 0.4620 -0.3093 0.9635 0.5674 0.4527 0.3201 -0.0046 3.1860 -4.6729 2.0703  1.0204 -0.1764 -0.4797  0.3056
6.75  5250 0.3872  0.0420 0.4580 -0.2723 0.9355 0.5816 0.4448 0.3416 -0.0043 3.0384 -4.3392 1.8934  0.7288  0.6368 -1.3443  0.6330
6.75  5500 0.4142  0.0735 0.4520 -0.2219 0.9022 0.6043 0.4338 0.3731 -0.0040 2.8519 -3.9095 1.6666  0.4903  1.2364 -1.8949  0.8187
6.75  6000 0.4619  0.1384 0.4292 -0.1100 0.8111 0.6383 0.3996 0.4304 -0.0032 2.3342 -2.7894 1.0824  0.1084  1.9770 -2.3440  0.8949
6.75  6500 0.4787  0.1779 0.3992 -0.0348 0.7284 0.6401 0.3636 0.4532 -0.0027 1.9244 -1.9779 0.6726  0.0049  1.9082 -1.9576  0.6641
6.75  7000 0.4779  0.1970 0.3726  0.0044 0.6716 0.6276 0.3360 0.4553 -0.0025 1.7093 -1.6000 0.4945  0.0328  1.6014 -1.4654  0.4378
6.75  7500 0.4717  0.2015 0.3586  0.0178 0.6438 0.6154 0.3220 0.4502 -0.0024 1.6061 -1.4339 0.4184  0.0786  1.3471 -1.1109  0.2825
6.75  8000 0.4626  0.1921 0.3589  0.0081 0.6446 0.6062 0.3222 0.4406 -0.0024 1.5828 -1.4038 0.4018  0.1262  1.1668 -0.8850  0.1835
6.75  8500 0.4498  0.1689 0.3727 -0.0241 0.6722 0.5991 0.3359 0.4261 -0.0026 1.6347 -1.5025 0.4415  0.1628  1.0980 -0.8331  0.1597
6.75  9000 0.4327  0.1357 0.3941 -0.0732 0.7176 0.5911 0.3582 0.4061 -0.0028 1.7667 -1.7581 0.5587  0.1929  1.1311 -0.9655  0.2251
6.75  9500 0.4123  0.1045 0.4083 -0.1209 0.7563 0.5776 0.3752 0.3825 -0.0030 1.9331 -2.1107 0.7355  0.2600  1.0765 -1.0425  0.2859
6.75 10000 0.3951  0.0911 0.4033 -0.1405 0.7596 0.5595 0.3738 0.3636 -0.0031 2.0192 -2.3393 0.8644  0.3608  0.8304 -0.8568  0.2405
6.75 10500 0.3884  0.0983 0.3850 -0.1289 0.7338 0.5462 0.3583 0.3573 -0.0031 2.0133 -2.3883 0.9092  0.4340  0.5832 -0.6049  0.1587
6.75 11000 0.3853  0.1217 0.3496 -0.0923 0.6773 0.5296 0.3268 0.3558 -0.0030 1.9546 -2.3645 0.9317  0.5114  0.2694 -0.2629  0.0473
6.75 11500 0.3820  0.1432 0.3168 -0.0593 0.6260 0.5141 0.2980 0.3541 -0.0028 1.9197 -2.3838 0.9750  0.5680  0.0481 -0.0498 -0.0073
6.75 12000 0.3764  0.1456 0.3062 -0.0537 0.6100 0.5046 0.2889 0.3488 -0.0028 1.9092 -2.4012 0.9950  0.5907 -0.0373  0.0262 -0.0265
6.75 12500 0.3685  0.1391 0.3044 -0.0602 0.6081 0.4961 0.2878 0.3408 -0.0028 1.9096 -2.4231 1.0086  0.5987 -0.0630  0.0369 -0.0266
6.75 13000 0.3607  0.1327 0.3024 -0.0662 0.6054 0.4875 0.2864 0.3329 -0.0028 1.9049 -2.4348 1.0170  0.6040 -0.0852  0.0469 -0.0274
6.75 13500 0.3534  0.1276 0.2996 -0.0703 0.6009 0.4791 0.2840 0.3256 -0.0028 1.8949 -2.4366 1.0208  0.6079 -0.1082  0.0613 -0.0304
6.75 14000 0.3465  0.1233 0.2960 -0.0730 0.5950 0.4708 0.2810 0.3188 -0.0028 1.8798 -2.4288 1.0201  0.6125 -0.1383  0.0879 -0.0390
6.75 14500 0.3400  0.1197 0.2922 -0.0749 0.5884 0.4628 0.2777 0.3125 -0.0027 1.8624 -2.4158 1.0169  0.6166 -0.1694  0.1179 -0.0494
6.75 15000 0.3339  0.1165 0.2885 -0.0763 0.5818 0.4553 0.2743 0.3066 -0.0027 1.8444 -2.4006 1.0124  0.6201 -0.1989  0.1475 -0.0600
6.75 15500 0.3282  0.1135 0.2849 -0.0774 0.5754 0.4481 0.2711 0.3011 -0.0027 1.8267 -2.3851 1.0076  0.6237 -0.2283  0.1777 -0.0709
6.75 16000 0.3229  0.1108 0.2814 -0.0785 0.5693 0.4414 0.2680 0.2959 -0.0027 1.8099 -2.3700 1.0029  0.6273 -0.2570  0.2075 -0.0818
6.75 16500 0.3178  0.1081 0.2782 -0.0796 0.5637 0.4350 0.2652 0.2909 -0.0027 1.7947 -2.3573 0.9992  0.6316 -0.2863  0.2379 -0.0929
6.75 17000 0.3130  0.1056 0.2752 -0.0808 0.5586 0.4290 0.2625 0.2862 -0.0026 1.7812 -2.3470 0.9966  0.6370 -0.3176  0.2704 -0.1049
6.75 20000 0.2891  0.0913 0.2625 -0.0921 0.5407 0.4004 0.2521 0.2621 -0.0026 1.7492 -2.3631 1.0181  0.7152 -0.6075  0.5758 -0.2187
6.75 25000 0.2633  0.0687 0.2582 -0.1219 0.5464 0.3738 0.2515 0.2340 -0.0028 1.8225 -2.5811 1.1405  0.8610 -1.0146  0.9570 -0.3485
6.75 30000 0.2355  0.0484 0.2482 -0.1328 0.5224 0.3417 0.2423 0.2079 -0.0026 1.7418 -2.4965 1.1046  0.7147 -0.6134  0.4406 -0.1314
7.00  4000 0.3641  0.0081 0.4723 -0.3423 1.0020 0.5671 0.4660 0.3098 -0.0050 3.3533 -5.0071 2.2410  1.3134 -0.9743  0.3896 -0.0301
7.00  4250 0.3560  0.0026 0.4689 -0.3544 1.0076 0.5583 0.4647 0.2995 -0.0052 3.3994 -5.1293 2.3107  1.5296 -1.6407  1.1560 -0.3344
7.00  4500 0.3525  0.0022 0.4648 -0.3549 1.0034 0.5534 0.4614 0.2957 -0.0052 3.3963 -5.1402 2.3207  1.5913 -1.8472  1.3986 -0.4311
7.00  4750 0.3572  0.0060 0.4660 -0.3414 0.9909 0.5577 0.4603 0.3033 -0.0050 3.3297 -4.9887 2.2375  1.3137 -0.9988  0.4091 -0.0341
7.00  5000 0.3658  0.0179 0.4615 -0.3151 0.9657 0.5633 0.4530 0.3154 -0.0047 3.2022 -4.7164 2.0943  1.0641 -0.3040 -0.3440  0.2542
7.00  5250 0.3791  0.0344 0.4574 -0.2827 0.9386 0.5735 0.4452 0.3327 -0.0044 3.0601 -4.4032 1.9288  0.7886  0.4618 -1.1630  0.5651
7.00  5500 0.4016  0.0594 0.4540 -0.2429 0.9142 0.5932 0.4378 0.3588 -0.0041 2.9199 -4.0726 1.7530  0.5778  1.0159 -1.6982  0.7537
7.00  6000 0.4505  0.1235 0.4337 -0.1343 0.8293 0.6296 0.4066 0.4170 -0.0034 2.4415 -3.0255 1.2058  0.1718  1.8753 -2.3194  0.9086
7.00  6500 0.4720  0.1676 0.4038 -0.0516 0.7427 0.6359 0.3697 0.4453 -0.0028 2.0001 -2.1377 0.7546  0.0274  1.9097 -2.0249  0.7071
7.00  7000 0.4726  0.1874 0.3784 -0.0108 0.6855 0.6249 0.3425 0.4491 -0.0026 1.7678 -1.7180 0.5526  0.0351  1.6521 -1.5737  0.4919
7.00  7500 0.4659  0.1907 0.3651  0.0013 0.6589 0.6125 0.3292 0.4435 -0.0025 1.6669 -1.5561 0.4781  0.0724  1.4283 -1.2584  0.3529
7.00  8000 0.4566  0.1812 0.3653 -0.0083 0.6593 0.6031 0.3294 0.4338 -0.0025 1.6432 -1.5255 0.4613  0.1113  1.2766 -1.0683  0.2689
7.00  8500 0.4440  0.1596 0.3773 -0.0382 0.6839 0.5955 0.3415 0.4195 -0.0026 1.6942 -1.6268 0.5042  0.1469  1.2103 -1.0233  0.2503
7.00  9000 0.4282  0.1291 0.3969 -0.0830 0.7252 0.5881 0.3618 0.4011 -0.0028 1.8098 -1.8500 0.6056  0.1747  1.2343 -1.1323  0.3036
7.00  9500 0.4089  0.0977 0.4128 -0.1307 0.7653 0.5762 0.3800 0.3787 -0.0031 1.9686 -2.1802 0.7686  0.2304  1.2095 -1.2336  0.3703
7.00 10000 0.3901  0.0798 0.4117 -0.1572 0.7762 0.5581 0.3824 0.3578 -0.0032 2.0721 -2.4383 0.9097  0.3318  0.9788 -1.0749  0.3359
7.00 10500 0.3801  0.0794 0.3988 -0.1564 0.7609 0.5436 0.3723 0.3475 -0.0032 2.0876 -2.5249 0.9694  0.4114  0.7321 -0.8345  0.2580
7.00 11000 0.3780  0.0965 0.3734 -0.1295 0.7198 0.5318 0.3495 0.3467 -0.0031 2.0362 -2.4880 0.9748  0.4734  0.4762 -0.5426  0.1561
7.00 11500 0.3754  0.1209 0.3377 -0.0911 0.6617 0.5157 0.3174 0.3461 -0.0029 1.9698 -2.4478 0.9888  0.5399  0.1907 -0.2292  0.0551
7.00 12000 0.3729  0.1375 0.3124 -0.0650 0.6211 0.5036 0.2949 0.3448 -0.0028 1.9313 -2.4386 1.0091  0.5810  0.0169 -0.0512  0.0044
7.00 12500 0.3672  0.1371 0.3052 -0.0629 0.6100 0.4951 0.2887 0.3393 -0.0028 1.9172 -2.4396 1.0168  0.5976 -0.0519  0.0160 -0.0166
7.00 13000 0.3600  0.1315 0.3031 -0.0680 0.6070 0.4871 0.2871 0.3320 -0.0028 1.9115 -2.4483 1.0237  0.6033 -0.0766  0.0310 -0.0197
7.00 13500 0.3527  0.1262 0.3006 -0.0725 0.6032 0.4789 0.2851 0.3248 -0.0028 1.9025 -2.4512 1.0277  0.6075 -0.0991  0.0450 -0.0228
7.00 14000 0.3461  0.1218 0.2975 -0.0756 0.5981 0.4711 0.2826 0.3183 -0.0028 1.8905 -2.4478 1.0289  0.6108 -0.1220  0.0619 -0.0272
7.00 14500 0.3397  0.1181 0.2940 -0.0777 0.5920 0.4633 0.2794 0.3120 -0.0027 1.8743 -2.4368 1.0266  0.6145 -0.1505  0.0883 -0.0361
7.00 15000 0.3337  0.1149 0.2903 -0.0791 0.5855 0.4558 0.2762 0.3062 -0.0027 1.8570 -2.4228 1.0226  0.6181 -0.1797  0.1172 -0.0463
7.00 15500 0.3281  0.1120 0.2867 -0.0803 0.5792 0.4488 0.2730 0.3007 -0.0027 1.8396 -2.4074 1.0179  0.6216 -0.2086  0.1467 -0.0570
7.00 16000 0.3230  0.1089 0.2840 -0.0826 0.5753 0.4426 0.2708 0.2955 -0.0027 1.8318 -2.4089 1.0214  0.6362 -0.2644  0.2052 -0.0787
7.00 16500 0.3178  0.1067 0.2800 -0.0822 0.5673 0.4357 0.2670 0.2907 -0.0027 1.8068 -2.3779 1.0086  0.6286 -0.2644  0.2050 -0.0784
7.00 17000 0.3130  0.1042 0.2771 -0.0835 0.5624 0.4298 0.2644 0.2860 -0.0027 1.7940 -2.3689 1.0066  0.6351 -0.2987  0.2408 -0.0916
7.00 20000 0.2892  0.0902 0.2641 -0.0944 0.5441 0.4012 0.2538 0.2620 -0.0026 1.7605 -2.3822 1.0268  0.7134 -0.5902  0.5492 -0.2069
7.00 25000 0.2631  0.0682 0.2586 -0.1222 0.5466 0.3738 0.2518 0.2339 -0.0028 1.8212 -2.5777 1.1383  0.8495 -0.9779  0.9130 -0.3308
7.00 30000 0.2346  0.0483 0.2472 -0.1315 0.5193 0.3403 0.2411 0.2073 -0.0026 1.7294 -2.4754 1.0943  0.6986 -0.5724  0.3950 -0.1137
7.25  4000 0.3670  0.0087 0.4753 -0.3450 1.0098 0.5713 0.4692 0.3120 -0.0051 3.3819 -5.0529 2.2628  1.3489 -1.0627  0.4897 -0.0697
7.25  4250 0.3584  0.0030 0.4715 -0.3564 1.0139 0.5619 0.4674 0.3014 -0.0052 3.4213 -5.1630 2.3263  1.5495 -1.6844  1.2042 -0.3532
7.25  4500 0.3533  0.0016 0.4667 -0.3573 1.0080 0.5550 0.4633 0.2960 -0.0052 3.4119 -5.1666 2.3332  1.6129 -1.9026  1.4610 -0.4560
7.25  4750 0.3562  0.0035 0.4679 -0.3489 1.0000 0.5579 0.4632 0.3010 -0.0051 3.3718 -5.0736 2.2814  1.4000 -1.2412  0.6791 -0.1395
7.25  5000 0.3627  0.0148 0.4616 -0.3203 0.9688 0.5605 0.4536 0.3118 -0.0047 3.2205 -4.7607 2.1182  1.1039 -0.4170 -0.2246  0.2092
7.25  5250 0.3729  0.0285 0.4570 -0.2910 0.9417 0.5675 0.4457 0.3259 -0.0044 3.0819 -4.4624 1.9612  0.8372  0.3233 -1.0224  0.5135
7.25  5500 0.3909  0.0478 0.4552 -0.2601 0.9234 0.5836 0.4406 0.3467 -0.0042 2.9728 -4.2020 1.8219  0.6545  0.8163 -1.5127  0.6901
7.25  6000 0.4382  0.1081 0.4380 -0.1593 0.8474 0.6201 0.4134 0.4028 -0.0035 2.5478 -3.2616 1.3295  0.2453  1.7396 -2.2537  0.9053
7.25  6500 0.4650  0.1564 0.4093 -0.0700 0.7587 0.6316 0.3766 0.4370 -0.0029 2.0815 -2.3078 0.8413  0.0497  1.9177 -2.1035  0.7553
7.25  7000 0.4680  0.1792 0.3831 -0.0236 0.6972 0.6226 0.3479 0.4437 -0.0026 1.8184 -1.8209 0.6037  0.0395  1.6882 -1.6585  0.5353
7.25  7500 0.4612  0.1826 0.3696 -0.0109 0.6696 0.6100 0.3343 0.4381 -0.0025 1.7120 -1.6481 0.5235  0.0705  1.4798 -1.3585  0.4017
7.25  8000 0.4511  0.1727 0.3695 -0.0212 0.6700 0.5997 0.3344 0.4276 -0.0026 1.6951 -1.6342 0.5161  0.1058  1.3465 -1.1995  0.3332
7.25  8500 0.4387  0.1516 0.3808 -0.0502 0.6934 0.5920 0.3459 0.4135 -0.0027 1.7464 -1.7378 0.5609  0.1367  1.2960 -1.1761  0.3246
7.25  9000 0.4232  0.1225 0.3990 -0.0931 0.7324 0.5843 0.3649 0.3956 -0.0029 1.8596 -1.9589 0.6625  0.1650  1.3159 -1.2808  0.3772
7.25  9500 0.4048  0.0915 0.4157 -0.1401 0.7730 0.5736 0.3837 0.3742 -0.0031 2.0123 -2.2722 0.8156  0.2130  1.3106 -1.3971  0.4473
7.25 10000 0.3856  0.0702 0.4184 -0.1718 0.7906 0.5566 0.3897 0.3526 -0.0033 2.1283 -2.5472 0.9619  0.3070  1.1167 -1.2856  0.4310
7.25 10500 0.3724  0.0645 0.4085 -0.1788 0.7818 0.5403 0.3827 0.3387 -0.0033 2.1616 -2.6699 1.0383  0.3982  0.8495 -1.0336  0.3497
7.25 11000 0.3683  0.0731 0.3917 -0.1646 0.7559 0.5298 0.3679 0.3351 -0.0033 2.1357 -2.6683 1.0543  0.4549  0.6366 -0.7989  0.2675
7.25 11500 0.3677  0.0947 0.3622 -0.1301 0.7061 0.5177 0.3408 0.3363 -0.0031 2.0575 -2.5830 1.0375  0.5102  0.3765 -0.4868  0.1553
7.25 12000 0.3662  0.1178 0.3297 -0.0936 0.6522 0.5038 0.3114 0.3367 -0.0029 1.9893 -2.5286 1.0406  0.5619  0.1380 -0.2198  0.0690
7.25 12500 0.3639  0.1302 0.3101 -0.0731 0.6198 0.4939 0.2937 0.3355 -0.0028 1.9456 -2.4930 1.0409  0.5938 -0.0109 -0.0531  0.0141
7.25 13000 0.3585  0.1292 0.3043 -0.0716 0.6101 0.4862 0.2885 0.3304 -0.0028 1.9259 -2.4783 1.0388  0.6060 -0.0708  0.0117 -0.0091
7.25 13500 0.3519  0.1246 0.3016 -0.0752 0.6058 0.4786 0.2864 0.3238 -0.0028 1.9145 -2.4752 1.0397  0.6107 -0.0978  0.0343 -0.0164
7.25 14000 0.3453  0.1201 0.2988 -0.0785 0.6012 0.4710 0.2840 0.3173 -0.0028 1.9023 -2.4706 1.0400  0.6137 -0.1199  0.0511 -0.0213
7.25 14500 0.3393  0.1163 0.2958 -0.0810 0.5961 0.4637 0.2814 0.3113 -0.0028 1.8896 -2.4646 1.0398  0.6171 -0.1439  0.0713 -0.0275
7.25 15000 0.3334  0.1131 0.2923 -0.0826 0.5900 0.4564 0.2783 0.3056 -0.0027 1.8733 -2.4520 1.0364  0.6206 -0.1717  0.0981 -0.0368
7.25 15500 0.3279  0.1101 0.2889 -0.0840 0.5842 0.4496 0.2753 0.3002 -0.0027 1.8578 -2.4400 1.0333  0.6255 -0.2032  0.1302 -0.0483
7.25 16000 0.3226  0.1076 0.2851 -0.0842 0.5770 0.4426 0.2718 0.2952 -0.0027 1.8361 -2.4159 1.0241  0.6232 -0.2173  0.1448 -0.0536
7.25 16500 0.3176  0.1050 0.2820 -0.0855 0.5717 0.4364 0.2691 0.2903 -0.0027 1.8224 -2.4057 1.0217  0.6295 -0.2519  0.1810 -0.0669
7.25 17000 0.3129  0.1025 0.2792 -0.0868 0.5670 0.4307 0.2666 0.2857 -0.0027 1.8106 -2.3983 1.0205  0.6371 -0.2885  0.2195 -0.0812
7.25 20000 0.2893  0.0888 0.2660 -0.0971 0.5480 0.4021 0.2557 0.2619 -0.0027 1.7742 -2.4059 1.0378  0.7141 -0.5787  0.5283 -0.1970
7.25 25000 0.2632  0.0670 0.2603 -0.1249 0.5505 0.3747 0.2536 0.2338 -0.0028 1.8355 -2.6028 1.1501  0.8549 -0.9816  0.9103 -0.3283
7.25 30000 0.2338  0.0479 0.2466 -0.1312 0.5178 0.3393 0.2406 0.2067 -0.0026 1.7236 -2.4662 1.0898  0.6894 -0.5481  0.3668 -0.1024
7.50  4000 0.3699  0.0092 0.4786 -0.3478 1.0180 0.5758 0.4725 0.3143 -0.0051 3.4120 -5.1012 2.2858  1.3853 -1.1526  0.5910 -0.1097
7.50  4250 0.3611  0.0036 0.4744 -0.3583 1.0203 0.5659 0.4702 0.3037 -0.0053 3.4437 -5.1965 2.3417  1.5676 -1.7217  1.2450 -0.3692
7.50  4500 0.3549  0.0019 0.4683 -0.3583 1.0116 0.5573 0.4649 0.2974 -0.0053 3.4240 -5.1843 2.3411  1.6228 -1.9232  1.4840 -0.4651
7.50  4750 0.3554  0.0011 0.4701 -0.3582 1.0122 0.5585 0.4664 0.2985 -0.0052 3.4273 -5.1853 2.3398  1.5449 -1.6634  1.1630 -0.3318
7.50  5000 0.3605  0.0120 0.4624 -0.3255 0.9731 0.5588 0.4550 0.3090 -0.0048 3.2429 -4.8100 2.1442  1.1429 -0.5231 -0.1136  0.1677
7.50  5250 0.3682  0.0241 0.4565 -0.2975 0.9442 0.5628 0.4460 0.3205 -0.0045 3.1017 -4.5148 1.9901  0.8793  0.2043 -0.9015  0.4694
7.50  5500 0.3824  0.0389 0.4558 -0.2734 0.9302 0.5758 0.4426 0.3372 -0.0043 3.0135 -4.3031 1.8760  0.7185  0.6459 -1.3505  0.6335
7.50  6000 0.4255  0.0927 0.4416 -0.1837 0.8641 0.6097 0.4194 0.3882 -0.0037 2.6460 -3.4836 1.4462  0.3278  1.5659 -2.1367  0.8794
7.50  6500 0.4568  0.1447 0.4141 -0.0894 0.7747 0.6262 0.3832 0.4275 -0.0030 2.1705 -2.4978 0.9395  0.0856  1.8883 -2.1459  0.7914
7.50  7000 0.4637  0.1716 0.3875 -0.0357 0.7083 0.6204 0.3530 0.4386 -0.0027 1.8669 -1.9197 0.6528  0.0457  1.7163 -1.7318  0.5737
7.50  7500 0.4576  0.1768 0.3726 -0.0198 0.6771 0.6077 0.3378 0.4339 -0.0026 1.7451 -1.7172 0.5580  0.0719  1.5081 -1.4216  0.4336
7.50  8000 0.4469  0.1668 0.3716 -0.0300 0.6764 0.5966 0.3372 0.4229 -0.0026 1.7307 -1.7118 0.5560  0.1047  1.3857 -1.2816  0.3750
7.50  8500 0.4339  0.1457 0.3824 -0.0591 0.6993 0.5882 0.3485 0.4083 -0.0027 1.7880 -1.8303 0.6094  0.1330  1.3497 -1.2837  0.3794
7.50  9000 0.4185  0.1170 0.4001 -0.1016 0.7377 0.5805 0.3670 0.3904 -0.0029 1.9040 -2.0585 0.7154  0.1601  1.3766 -1.4008  0.4387
7.50  9500 0.4007  0.0860 0.4174 -0.1485 0.7790 0.5705 0.3863 0.3696 -0.0031 2.0556 -2.3668 0.8651  0.2021  1.3896 -1.5362  0.5156
7.50 10000 0.3812  0.0624 0.4231 -0.1842 0.8020 0.5545 0.3951 0.3476 -0.0033 2.1851 -2.6628 1.0199  0.2925  1.2213 -1.4608  0.5141
7.50 10500 0.3655  0.0525 0.4153 -0.1972 0.7982 0.5366 0.3904 0.3307 -0.0034 2.2339 -2.8175 1.1115  0.3939  0.9358 -1.1987  0.4303
7.50 11000 0.3583  0.0546 0.4029 -0.1925 0.7813 0.5249 0.3801 0.3235 -0.0034 2.2289 -2.8542 1.1438  0.4575  0.7212 -0.9741  0.3525
7.50 11500 0.3578  0.0694 0.3827 -0.1689 0.7472 0.5165 0.3615 0.3243 -0.0033 2.1737 -2.7927 1.1307  0.4998  0.5269 -0.7391  0.2664
7.50 12000 0.3576  0.0915 0.3530 -0.1330 0.6959 0.5046 0.3340 0.3260 -0.0031 2.0850 -2.6854 1.1023  0.5455  0.2874 -0.4437  0.1589
7.50 12500 0.3571  0.1126 0.3244 -0.0994 0.6474 0.4930 0.3079 0.3273 -0.0030 2.0130 -2.6108 1.0904  0.5851  0.0850 -0.2064  0.0786
7.50 13000 0.3550  0.1225 0.3086 -0.0821 0.6201 0.4847 0.2933 0.3262 -0.0029 1.9630 -2.5518 1.0742  0.6091 -0.0440 -0.0489  0.0209
7.50 13500 0.3502  0.1218 0.3031 -0.0799 0.6102 0.4777 0.2882 0.3218 -0.0028 1.9363 -2.5204 1.0627  0.6182 -0.1008  0.0201 -0.0064
7.50 14000 0.3444  0.1181 0.3002 -0.0821 0.6049 0.4706 0.2856 0.3160 -0.0028 1.9198 -2.5057 1.0577  0.6212 -0.1272  0.0470 -0.0166
7.50 14500 0.3384  0.1143 0.2973 -0.0845 0.5998 0.4635 0.2831 0.3102 -0.0028 1.9045 -2.4936 1.0540  0.6230 -0.1483  0.0663 -0.0233
7.50 15000 0.3327  0.1110 0.2941 -0.0863 0.5943 0.4565 0.2803 0.3046 -0.0028 1.8888 -2.4812 1.0504  0.6251 -0.1710  0.0875 -0.0306
7.50 15500 0.3274  0.1084 0.2906 -0.0870 0.5878 0.4498 0.2771 0.2995 -0.0027 1.8709 -2.4641 1.0447  0.6253 -0.1893  0.1052 -0.0366
7.50 16000 0.3222  0.1057 0.2873 -0.0882 0.5821 0.4433 0.2742 0.2945 -0.0027 1.8557 -2.4517 1.0413  0.6301 -0.2205  0.1374 -0.0483
7.50 16500 0.3174  0.1032 0.2842 -0.0892 0.5766 0.4372 0.2714 0.2897 -0.0027 1.8409 -2.4391 1.0376  0.6348 -0.2507  0.1693 -0.0601
7.50 17000 0.3128  0.1007 0.2814 -0.0906 0.5721 0.4315 0.2690 0.2852 -0.0027 1.8298 -2.4328 1.0369  0.6430 -0.2889  0.2094 -0.0750
7.50 20000 0.2894  0.0873 0.2681 -0.1004 0.5529 0.4031 0.2579 0.2616 -0.0027 1.7922 -2.4375 1.0528  0.7200 -0.5805  0.5213 -0.1924
7.50 25000 0.2633  0.0661 0.2617 -0.1269 0.5534 0.3753 0.2550 0.2337 -0.0028 1.8458 -2.6205 1.1584  0.8559 -0.9746  0.8966 -0.3217
7.50 30000 0.2331  0.0477 0.2459 -0.1306 0.5158 0.3382 0.2398 0.2061 -0.0026 1.7154 -2.4526 1.0831  0.6788 -0.5212  0.3366 -0.0906
7.75  4000 0.3730  0.0098 0.4819 -0.3507 1.0265 0.5804 0.4760 0.3168 -0.0052 3.4430 -5.1507 2.3093  1.4235 -1.2475  0.6986 -0.1523
7.75  4250 0.3640  0.0043 0.4773 -0.3599 1.0269 0.5701 0.4731 0.3063 -0.0053 3.4658 -5.2289 2.3563  1.5842 -1.7543  1.2809 -0.3833
7.75  4500 0.3570  0.0023 0.4705 -0.3597 1.0166 0.5604 0.4671 0.2992 -0.0053 3.4406 -5.2087 2.3521  1.6340 -1.9436  1.5057 -0.4736
7.75  4750 0.3551  0.0017 0.4688 -0.3574 1.0105 0.5576 0.4652 0.2980 -0.0052 3.4212 -5.1768 2.3365  1.5708 -1.7548  1.2780 -0.3799
7.75  5000 0.3591  0.0094 0.4640 -0.3312 0.9792 0.5583 0.4571 0.3069 -0.0048 3.2713 -4.8680 2.1740  1.1844 -0.6315 -0.0010  0.1258
7.75  5250 0.3648  0.0209 0.4562 -0.3022 0.9460 0.5594 0.4462 0.3166 -0.0045 3.1147 -4.5501 2.0095  0.9123  0.1085 -0.8011  0.4318
7.75  5500 0.3760  0.0329 0.4552 -0.2817 0.9329 0.5694 0.4428 0.3300 -0.0043 3.0338 -4.3605 1.9078  0.7690  0.4997 -1.2001  0.5777
7.75  6000 0.4132  0.0780 0.4448 -0.2068 0.8794 0.5996 0.4248 0.3740 -0.0038 2.7338 -3.6841 1.5517  0.4114  1.3781 -1.9935  0.8402
7.75  6500 0.4477  0.1317 0.4193 -0.1110 0.7924 0.6199 0.3903 0.4167 -0.0032 2.2682 -2.7073 1.0478  0.1302  1.8393 -2.1724  0.8227
7.75  7000 0.4587  0.1639 0.3911 -0.0484 0.7192 0.6173 0.3577 0.4327 -0.0028 1.9238 -2.0393 0.7140  0.0619  1.7199 -1.7850  0.6070
7.75  7500 0.4544  0.1721 0.3745 -0.0269 0.6827 0.6055 0.3402 0.4303 -0.0026 1.7737 -1.7784 0.5892  0.0777  1.5176 -1.4590  0.4548
7.75  8000 0.4437  0.1632 0.3722 -0.0351 0.6792 0.5939 0.3383 0.4194 -0.0026 1.7522 -1.7619 0.5826  0.1073  1.3988 -1.3211  0.3971
7.75  8500 0.4304  0.1423 0.3822 -0.0639 0.7011 0.5849 0.3490 0.4045 -0.0027 1.8114 -1.8869 0.6403  0.1324  1.3752 -1.3430  0.4114
7.75  9000 0.4147  0.1134 0.3998 -0.1067 0.7396 0.5769 0.3676 0.3863 -0.0029 1.9326 -2.1267 0.7527  0.1566  1.4166 -1.4833  0.4819
7.75  9500 0.3967  0.0821 0.4173 -0.1546 0.7819 0.5669 0.3872 0.3653 -0.0031 2.0924 -2.4521 0.9115  0.2002  1.4327 -1.6295  0.5653
7.75 10000 0.3772  0.0561 0.4260 -0.1943 0.8106 0.5521 0.3990 0.3430 -0.0033 2.2367 -2.7712 1.0757  0.2832  1.3036 -1.6075  0.5860
7.75 10500 0.3597  0.0429 0.4203 -0.2126 0.8118 0.5333 0.3966 0.3240 -0.0035 2.3024 -2.9595 1.1834  0.3935  1.0059 -1.3426  0.5030
7.75 11000 0.3492  0.0404 0.4097 -0.2144 0.7994 0.5191 0.3883 0.3131 -0.0035 2.3127 -3.0303 1.2324  0.4722  0.7567 -1.0900  0.4159
7.75 11500 0.3462  0.0478 0.3958 -0.2021 0.7776 0.5108 0.3760 0.3106 -0.0034 2.2858 -3.0168 1.2390  0.5174  0.5810 -0.8908  0.3443
7.75 12000 0.3473  0.0659 0.3734 -0.1731 0.7381 0.5030 0.3550 0.3133 -0.0033 2.2100 -2.9145 1.2059  0.5502  0.3970 -0.6536  0.2545
7.75 12500 0.3474  0.0868 0.3458 -0.1386 0.6894 0.4922 0.3291 0.3154 -0.0031 2.1189 -2.7960 1.1694  0.5840  0.1944 -0.3961  0.1594
7.75 13000 0.3477  0.1058 0.3210 -0.1078 0.6460 0.4827 0.3061 0.3174 -0.0030 2.0417 -2.6990 1.1416  0.6126  0.0232 -0.1818  0.0823
7.75 13500 0.3462  0.1145 0.3074 -0.0918 0.6212 0.4757 0.2932 0.3169 -0.0029 1.9846 -2.6183 1.1115  0.6295 -0.0898 -0.0315  0.0228
7.75 14000 0.3422  0.1147 0.3019 -0.0882 0.6105 0.4694 0.2878 0.3134 -0.0029 1.9499 -2.5685 1.0900  0.6353 -0.1436  0.0421 -0.0086
7.75 14500 0.3372  0.1120 0.2988 -0.0889 0.6043 0.4631 0.2849 0.3086 -0.0028 1.9272 -2.5400 1.0777  0.6364 -0.1696  0.0749 -0.0227
7.75 15000 0.3318  0.1088 0.2959 -0.0905 0.5990 0.4565 0.2823 0.3034 -0.0028 1.9097 -2.5220 1.0708  0.6373 -0.1904  0.0969 -0.0313
7.75 15500 0.3266  0.1059 0.2928 -0.0918 0.5935 0.4501 0.2796 0.2983 -0.0028 1.8932 -2.5063 1.0653  0.6388 -0.2119  0.1189 -0.0394
7.75 16000 0.3218  0.1035 0.2896 -0.0926 0.5877 0.4439 0.2767 0.2936 -0.0028 1.8776 -2.4923 1.0610  0.6413 -0.2354  0.1428 -0.0479
7.75 16500 0.3170  0.1011 0.2865 -0.0935 0.5823 0.4379 0.2739 0.2890 -0.0027 1.8628 -2.4794 1.0571  0.6457 -0.2646  0.1736 -0.0594
7.75 17000 0.3124  0.0989 0.2833 -0.0941 0.5766 0.4320 0.2710 0.2846 -0.0027 1.8464 -2.4632 1.0515  0.6487 -0.2910  0.2023 -0.0702
7.75 20000 0.2895  0.0856 0.2704 -0.1042 0.5584 0.4042 0.2604 0.2613 -0.0027 1.8130 -2.4748 1.0707  0.7301 -0.5929  0.5254 -0.1919
7.75 25000 0.2634  0.0650 0.2632 -0.1292 0.5568 0.3761 0.2566 0.2335 -0.0028 1.8580 -2.6420 1.1685  0.8593 -0.9734  0.8890 -0.3175
7.75 30000 0.2323  0.0473 0.2455 -0.1305 0.5146 0.3373 0.2394 0.2055 -0.0025 1.7106 -2.4452 1.0796  0.6721 -0.5041  0.3167 -0.0828
8.00  4000 0.3762  0.0104 0.4853 -0.3536 1.0352 0.5852 0.4795 0.3193 -0.0052 3.4745 -5.2008 2.3330  1.4616 -1.3415  0.8050 -0.1945
8.00  4250 0.3672  0.0052 0.4803 -0.3615 1.0335 0.5745 0.4760 0.3090 -0.0053 3.4880 -5.2611 2.3707  1.6002 -1.7847  1.3144 -0.3965
8.00  4500 0.3595  0.0030 0.4729 -0.3608 1.0216 0.5639 0.4694 0.3014 -0.0053 3.4570 -5.2315 2.3620  1.6415 -1.9519  1.5138 -0.4767
8.00  4750 0.3557  0.0015 0.4700 -0.3612 1.0168 0.5590 0.4669 0.2977 -0.0053 3.4466 -5.2252 2.3616  1.6501 -1.9906  1.5553 -0.4919
8.00  5000 0.3586  0.0071 0.4663 -0.3374 0.9871 0.5589 0.4600 0.3055 -0.0049 3.3068 -4.9372 2.2092  1.2335 -0.7578  0.1315  0.0761
8.00  5250 0.3623  0.0183 0.4564 -0.3066 0.9488 0.5572 0.4470 0.3137 -0.0045 3.1309 -4.5882 2.0299  0.9420  0.0269 -0.7174  0.4009
8.00  5500 0.3711  0.0280 0.4552 -0.2892 0.9365 0.5647 0.4437 0.3244 -0.0044 3.0587 -4.4228 1.9416  0.8116  0.3843 -1.0875  0.5379
8.00  6000 0.4019  0.0647 0.4474 -0.2275 0.8927 0.5900 0.4295 0.3611 -0.0039 2.8086 -3.8568 1.6426  0.4911  1.1903 -1.8387  0.7933
8.00  6500 0.4376  0.1176 0.4246 -0.1343 0.8112 0.6129 0.3978 0.4048 -0.0033 2.3721 -2.9313 1.1639  0.1848  1.7634 -2.1722  0.8444
8.00  7000 0.4533  0.1550 0.3957 -0.0630 0.7323 0.6142 0.3634 0.4263 -0.0029 1.9887 -2.1741 0.7825  0.0794  1.7271 -1.8478  0.6452
8.00  7500 0.4513  0.1678 0.3760 -0.0339 0.6880 0.6032 0.3424 0.4266 -0.0026 1.8047 -1.8456 0.6241  0.0881  1.5143 -1.4835  0.4717
8.00  8000 0.4413  0.1612 0.3716 -0.0380 0.6798 0.5914 0.3383 0.4168 -0.0026 1.7650 -1.7949 0.6011  0.1133  1.3916 -1.3292  0.4051
8.00  8500 0.4279  0.1412 0.3804 -0.0650 0.6992 0.5818 0.3477 0.4020 -0.0027 1.8192 -1.9132 0.6564  0.1354  1.3733 -1.3571  0.4224
8.00  9000 0.4122  0.1125 0.3977 -0.1076 0.7373 0.5737 0.3661 0.3838 -0.0029 1.9418 -2.1566 0.7710  0.1556  1.4290 -1.5171  0.5019
8.00  9500 0.3937  0.0802 0.4159 -0.1573 0.7815 0.5635 0.3866 0.3621 -0.0032 2.1133 -2.5056 0.9419  0.1988  1.4581 -1.6886  0.5981
8.00 10000 0.3738  0.0521 0.4268 -0.2008 0.8150 0.5494 0.4007 0.3392 -0.0034 2.2753 -2.8567 1.1213  0.2802  1.3521 -1.7055  0.6367
8.00 10500 0.3546  0.0354 0.4235 -0.2249 0.8220 0.5300 0.4010 0.3181 -0.0035 2.3635 -3.0892 1.2505  0.3986  1.0500 -1.4512  0.5612
8.00 11000 0.3415  0.0296 0.4139 -0.2315 0.8127 0.5137 0.3939 0.3042 -0.0036 2.3858 -3.1883 1.3139  0.4922  0.7641 -1.1659  0.4628
8.00 11500 0.3352  0.0317 0.4028 -0.2270 0.7975 0.5034 0.3846 0.2980 -0.0036 2.3793 -3.2165 1.3403  0.5511  0.5634 -0.9519  0.3872
8.00 12000 0.3347  0.0430 0.3871 -0.2088 0.7709 0.4967 0.3702 0.2984 -0.0035 2.3333 -3.1623 1.3265  0.5862  0.4019 -0.7537  0.3129
8.00 12500 0.3364  0.0615 0.3647 -0.1783 0.7301 0.4894 0.3489 0.3019 -0.0033 2.2465 -3.0360 1.2805  0.6092  0.2389 -0.5324  0.2269
8.00 13000 0.3371  0.0809 0.3399 -0.1461 0.6854 0.4802 0.3255 0.3045 -0.0032 2.1554 -2.9090 1.2365  0.6299  0.0796 -0.3204  0.1471
8.00 13500 0.3380  0.0981 0.3183 -0.1176 0.6462 0.4724 0.3050 0.3071 -0.0030 2.0736 -2.7926 1.1950  0.6474 -0.0597 -0.1323  0.0754
8.00 14000 0.3373  0.1066 0.3061 -0.1017 0.6226 0.4666 0.2931 0.3075 -0.0029 2.0092 -2.6917 1.1526  0.6570 -0.1557  0.0080  0.0164
8.00 14500 0.3344  0.1079 0.3004 -0.0963 0.6109 0.4613 0.2874 0.3051 -0.0029 1.9661 -2.6224 1.1206  0.6586 -0.2039  0.0837 -0.0182
8.00 15000 0.3302  0.1061 0.2973 -0.0958 0.6042 0.4557 0.2843 0.3013 -0.0029 1.9385 -2.5817 1.1017  0.6572 -0.2271  0.1189 -0.0348
8.00 15500 0.3257  0.1036 0.2946 -0.0964 0.5987 0.4500 0.2817 0.2969 -0.0028 1.9175 -2.5545 1.0897  0.6562 -0.2446  0.1418 -0.0450
8.00 16000 0.3209  0.1009 0.2918 -0.0976 0.5935 0.4441 0.2792 0.2923 -0.0028 1.9009 -2.5371 1.0831  0.6572 -0.2647  0.1635 -0.0535
8.00 16500 0.3158  0.1004 0.2857 -0.0931 0.5799 0.4363 0.2730 0.2880 -0.0027 1.8516 -2.4608 1.0478  0.6312 -0.2282  0.1329 -0.0438
8.00 17000 0.3121  0.0965 0.2859 -0.0991 0.5832 0.4329 0.2739 0.2837 -0.0028 1.8728 -2.5122 1.0754  0.6660 -0.3216  0.2244 -0.0762
8.00 20000 0.2894  0.0837 0.2729 -0.1085 0.5644 0.4053 0.2630 0.2609 -0.0028 1.8361 -2.5168 1.0910  0.7435 -0.6139  0.5386 -0.1948
8.00 25000 0.2634  0.0638 0.2648 -0.1318 0.5606 0.3769 0.2583 0.2333 -0.0029 1.8718 -2.6663 1.1800  0.8648 -0.9779  0.8874 -0.3155
8.00 30000 0.2316  0.0468 0.2452 -0.1306 0.5138 0.3364 0.2391 0.2048 -0.0025 1.7070 -2.4399 1.0770  0.6670 -0.4908  0.3008 -0.0764
8.25  4000 0.3796  0.0112 0.4888 -0.3564 1.0439 0.5901 0.4831 0.3220 -0.0053 3.5061 -5.2505 2.3565  1.4991 -1.4335  0.9094 -0.2359
8.25  4250 0.3705  0.0062 0.4833 -0.3628 1.0400 0.5791 0.4790 0.3119 -0.0054 3.5101 -5.2925 2.3848  1.6154 -1.8128  1.3455 -0.4088
8.25  4500 0.3624  0.0036 0.4761 -0.3627 1.0285 0.5681 0.4725 0.3039 -0.0054 3.4807 -5.2668 2.3781  1.6588 -1.9853  1.5496 -0.4906
8.25  4750 0.3572  0.0018 0.4714 -0.3627 1.0210 0.5611 0.4684 0.2988 -0.0053 3.4611 -5.2487 2.3729  1.6796 -2.0733  1.6530 -0.5317
8.25  5000 0.3581  0.0073 0.4654 -0.3354 0.9837 0.5580 0.4589 0.3055 -0.0049 3.2949 -4.9157 2.1984  1.1985 -0.6543  0.0092  0.1258
8.25  5250 0.3607  0.0159 0.4575 -0.3112 0.9531 0.5563 0.4485 0.3116 -0.0046 3.1518 -4.6325 2.0529  0.9712 -0.0484 -0.6416  0.3733
8.25  5500 0.3675  0.0251 0.4543 -0.2930 0.9368 0.5609 0.4433 0.3205 -0.0044 3.0653 -4.4464 1.9553  0.8421  0.2903 -0.9857  0.4988
8.25  6000 0.3923  0.0537 0.4491 -0.2443 0.9028 0.5817 0.4328 0.3501 -0.0040 2.8668 -3.9939 1.7152  0.5634  1.0101 -1.6783  0.7406
8.25  6500 0.4266  0.1031 0.4293 -0.1580 0.8293 0.6047 0.4047 0.3920 -0.0034 2.4743 -3.1553 1.2806  0.2521  1.6436 -2.1193  0.8447
8.25  7000 0.4467  0.1450 0.4003 -0.0798 0.7469 0.6101 0.3695 0.4185 -0.0029 2.0663 -2.3375 0.8664  0.1079  1.7108 -1.8942  0.6798
8.25  7500 0.4480  0.1631 0.3779 -0.0416 0.6944 0.6010 0.3450 0.4228 -0.0027 1.8403 -1.9217 0.6635  0.1006  1.5086 -1.5081  0.4894
8.25  8000 0.4393  0.1599 0.3706 -0.0397 0.6795 0.5892 0.3377 0.4146 -0.0026 1.7749 -1.8222 0.6168  0.1226  1.3710 -1.3186  0.4049
8.25  8500 0.4263  0.1419 0.3773 -0.0635 0.6947 0.5791 0.3451 0.4004 -0.0027 1.8167 -1.9193 0.6627  0.1425  1.3473 -1.3339  0.4164
8.25  9000 0.4107  0.1138 0.3939 -0.1048 0.7311 0.5707 0.3628 0.3825 -0.0029 1.9351 -2.1556 0.7742  0.1587  1.4120 -1.5034  0.4998
8.25  9500 0.3920  0.0808 0.4129 -0.1558 0.7770 0.5608 0.3841 0.3606 -0.0031 2.1135 -2.5172 0.9512  0.1973  1.4633 -1.7064  0.6099
8.25 10000 0.3716  0.0504 0.4262 -0.2035 0.8157 0.5471 0.4007 0.3369 -0.0034 2.2957 -2.9054 1.1483  0.2769  1.3832 -1.7675  0.6694
8.25 10500 0.3512  0.0302 0.4260 -0.2338 0.8297 0.5279 0.4043 0.3141 -0.0036 2.4111 -3.1892 1.3022  0.3980  1.0996 -1.5536  0.6139
8.25 11000 0.3351  0.0214 0.4161 -0.2446 0.8222 0.5087 0.3976 0.2968 -0.0036 2.4469 -3.3232 1.3847  0.5146  0.7513 -1.2087  0.4948
8.25 11500 0.3259  0.0198 0.4062 -0.2455 0.8105 0.4961 0.3898 0.2874 -0.0037 2.4542 -3.3831 1.4271  0.5887  0.5144 -0.9641  0.4091
8.25 12000 0.3224  0.0253 0.3942 -0.2361 0.7921 0.4880 0.3792 0.2842 -0.0036 2.4326 -3.3766 1.4356  0.6381  0.3299 -0.7545  0.3321
8.25 12500 0.3234  0.0389 0.3775 -0.2140 0.7623 0.4823 0.3634 0.2864 -0.0035 2.3706 -3.2887 1.4047  0.6645  0.1809 -0.5580  0.2554
8.25 13000 0.3252  0.0564 0.3567 -0.1848 0.7234 0.4757 0.3434 0.2900 -0.0034 2.2812 -3.1527 1.3518  0.6754  0.0556 -0.3772  0.1837
8.25 13500 0.3265  0.0741 0.3350 -0.1551 0.6831 0.4682 0.3226 0.2932 -0.0032 2.1918 -3.0200 1.3016  0.6833 -0.0598 -0.2121  0.1199
8.25 14000 0.3281  0.0900 0.3160 -0.1283 0.6473 0.4621 0.3043 0.2965 -0.0031 2.1070 -2.8888 1.2494  0.6898 -0.1660 -0.0542  0.0565
8.25 14500 0.3283  0.0986 0.3048 -0.1121 0.6247 0.4575 0.2931 0.2978 -0.0030 2.0374 -2.7725 1.1976  0.6914 -0.2409  0.0686  0.0020
8.25 15000 0.3266  0.1011 0.2992 -0.1050 0.6121 0.4532 0.2872 0.2968 -0.0029 1.9870 -2.6856 1.1562  0.6879 -0.2798  0.1412 -0.0334
8.25 15500 0.3235  0.1004 0.2960 -0.1028 0.6046 0.4487 0.2838 0.2941 -0.0029 1.9526 -2.6284 1.1284  0.6830 -0.2979  0.1780 -0.0527
8.25 16000 0.3195  0.0984 0.2934 -0.1029 0.5991 0.4436 0.2813 0.2904 -0.0029 1.9298 -2.5960 1.1133  0.6811 -0.3144  0.2027 -0.0645
8.25 16500 0.3159  0.0958 0.2919 -0.1053 0.5974 0.4394 0.2801 0.2866 -0.0029 1.9248 -2.5969 1.1154  0.7039 -0.3947  0.2955 -0.1019
8.25 17000 0.3114  0.0942 0.2883 -0.1041 0.5894 0.4334 0.2765 0.2826 -0.0028 1.8982 -2.5603 1.0992  0.6846 -0.3576  0.2528 -0.0847
8.25 20000 0.2893  0.0817 0.2754 -0.1130 0.5706 0.4063 0.2657 0.2603 -0.0028 1.8601 -2.5607 1.1123  0.7591 -0.6411  0.5585 -0.2004
8.25 25000 0.2634  0.0625 0.2665 -0.1346 0.5645 0.3776 0.2601 0.2331 -0.0029 1.8860 -2.6915 1.1920  0.8708 -0.9834  0.8868 -0.3139
8.25 30000 0.2308  0.0462 0.2450 -0.1310 0.5132 0.3355 0.2388 0.2041 -0.0025 1.7043 -2.4365 1.0754  0.6636 -0.4822  0.2901 -0.0720
8.50  4000 0.3830  0.0119 0.4924 -0.3592 1.0528 0.5951 0.4867 0.3247 -0.0054 3.5380 -5.3007 2.3801  1.5361 -1.5235  1.0113 -0.2762
8.50  4250 0.3738  0.0074 0.4861 -0.3636 1.0459 0.5836 0.4817 0.3149 -0.0054 3.5293 -5.3181 2.3958  1.6255 -1.8268  1.3612 -0.4151
8.50  4500 0.3656  0.0044 0.4791 -0.3643 1.0352 0.5726 0.4755 0.3067 -0.0054 3.5030 -5.2986 2.3922  1.6724 -2.0075  1.5734 -0.4998
8.50  4750 0.3593  0.0026 0.4732 -0.3631 1.0246 0.5639 0.4701 0.3007 -0.0054 3.4720 -5.2624 2.3785  1.6862 -2.0843  1.6666 -0.5375
8.50  5000 0.3593  0.0031 0.4725 -0.3522 1.0092 0.5629 0.4676 0.3038 -0.0051 3.4036 -5.1216 2.3029  1.3961 -1.1966  0.6151 -0.1113
8.50  5250 0.3601  0.0138 0.4594 -0.3162 0.9591 0.5566 0.4508 0.3104 -0.0046 3.1789 -4.6853 2.0796  1.0024 -0.1242 -0.5662  0.3461
8.50  5500 0.3652  0.0219 0.4555 -0.2985 0.9414 0.5593 0.4450 0.3177 -0.0044 3.0872 -4.4936 1.9796  0.8674  0.2291 -0.9294  0.4796
8.50  6000 0.3846  0.0454 0.4499 -0.2569 0.9098 0.5747 0.4349 0.3413 -0.0041 2.9086 -4.0950 1.7692  0.6240  0.8522 -1.5304  0.6898
8.50  6500 0.4156  0.0888 0.4336 -0.1813 0.8466 0.5962 0.4113 0.3791 -0.0036 2.5708 -3.3682 1.3917  0.3249  1.5003 -2.0332  0.8298
8.50  7000 0.4392  0.1331 0.4061 -0.0997 0.7644 0.6056 0.3768 0.4094 -0.0031 2.1562 -2.5259 0.9627  0.1418  1.6890 -1.9433  0.7175
8.50  7500 0.4443  0.1572 0.3808 -0.0514 0.7031 0.5988 0.3487 0.4184 -0.0027 1.8843 -2.0136 0.7103  0.1148  1.5060 -1.5419  0.5118
8.50  8000 0.4374  0.1587 0.3698 -0.0417 0.6796 0.5871 0.3374 0.4126 -0.0026 1.7869 -1.8533 0.6345  0.1346  1.3434 -1.3004  0.4018
8.50  8500 0.4252  0.1435 0.3737 -0.0605 0.6889 0.5765 0.3419 0.3994 -0.0027 1.8097 -1.9167 0.6650  0.1538  1.3031 -1.2849  0.3991
8.50  9000 0.4100  0.1169 0.3889 -0.0992 0.7223 0.5680 0.3581 0.3821 -0.0029 1.9170 -2.1325 0.7667  0.1664  1.3688 -1.4488  0.4790
8.50  9500 0.3917  0.0839 0.4083 -0.1501 0.7684 0.5586 0.3798 0.3607 -0.0031 2.0939 -2.4890 0.9405  0.1977  1.4426 -1.6768  0.5987
8.50 10000 0.3711  0.0514 0.4241 -0.2015 0.8121 0.5458 0.3989 0.3365 -0.0034 2.2931 -2.9065 1.1510  0.2699  1.4037 -1.7974  0.6842
8.50 10500 0.3494  0.0275 0.4271 -0.2384 0.8338 0.5268 0.4060 0.3120 -0.0036 2.4397 -3.2497 1.3339  0.3944  1.1401 -1.6289  0.6518
8.50 11000 0.3307  0.0155 0.4181 -0.2544 0.8299 0.5055 0.4007 0.2918 -0.0037 2.4955 -3.4285 1.4397  0.5275  0.7574 -1.2609  0.5276
8.50 11500 0.3184  0.0111 0.4076 -0.2589 0.8188 0.4897 0.3927 0.2788 -0.0037 2.5109 -3.5135 1.4963  0.6239  0.4551 -0.9497  0.4174
8.50 12000 0.3121  0.0125 0.3975 -0.2557 0.8053 0.4796 0.3842 0.2724 -0.0037 2.5072 -3.5455 1.5239  0.6892  0.2360 -0.7131  0.3319
8.50 12500 0.3103  0.0205 0.3844 -0.2423 0.7837 0.4728 0.3723 0.2713 -0.0037 2.4689 -3.5033 1.5140  0.7313  0.0593 -0.4983  0.2494
8.50 13000 0.3121  0.0348 0.3679 -0.2188 0.7530 0.4679 0.3564 0.2745 -0.0036 2.3975 -3.3933 1.4710  0.7466 -0.0626 -0.3254  0.1799
8.50 13500 0.3141  0.0507 0.3494 -0.1918 0.7176 0.4623 0.3384 0.2783 -0.0034 2.3107 -3.2561 1.4150  0.7459 -0.1472 -0.1909  0.1251
8.50 14000 0.3159  0.0667 0.3307 -0.1647 0.6817 0.4564 0.3203 0.2818 -0.0033 2.2246 -3.1216 1.3609  0.7422 -0.2209 -0.0719  0.0775
8.50 14500 0.3182  0.0814 0.3142 -0.1397 0.6494 0.4519 0.3040 0.2857 -0.0031 2.1406 -2.9845 1.3031  0.7379 -0.2908  0.0476  0.0271
8.50 15000 0.3194  0.0906 0.3036 -0.1226 0.6270 0.4485 0.2932 0.2882 -0.0030 2.0668 -2.8556 1.2439  0.7314 -0.3433  0.1499 -0.0209
8.50 15500 0.3189  0.0943 0.2980 -0.1138 0.6137 0.4454 0.2871 0.2885 -0.0030 2.0104 -2.7536 1.1942  0.7221 -0.3688  0.2133 -0.0544
8.50 16000 0.3167  0.0944 0.2949 -0.1104 0.6059 0.4417 0.2837 0.2868 -0.0029 1.9720 -2.6861 1.1608  0.7142 -0.3812  0.2484 -0.0742
8.50 16500 0.3137  0.0932 0.2925 -0.1094 0.6002 0.4376 0.2812 0.2841 -0.0029 1.9447 -2.6414 1.1388  0.7091 -0.3919  0.2725 -0.0874
8.50 17000 0.3101  0.0913 0.2903 -0.1098 0.5956 0.4331 0.2791 0.2807 -0.0029 1.9257 -2.6150 1.1267  0.7083 -0.4082  0.2956 -0.0982
8.50 20000 0.2890  0.0796 0.2778 -0.1177 0.5768 0.4072 0.2684 0.2595 -0.0028 1.8850 -2.6068 1.1348  0.7766 -0.6740  0.5845 -0.2082
8.50 25000 0.2634  0.0612 0.2683 -0.1375 0.5686 0.3784 0.2620 0.2328 -0.0029 1.9013 -2.7189 1.2051  0.8783 -0.9927  0.8900 -0.3137
8.50 30000 0.2300  0.0455 0.2447 -0.1315 0.5127 0.3346 0.2386 0.2033 -0.0025 1.7020 -2.4341 1.0743  0.6613 -0.4770  0.2831 -0.0692
8.75  4000 0.3865  0.0127 0.4960 -0.3619 1.0615 0.6002 0.4904 0.3275 -0.0054 3.5693 -5.3496 2.4030  1.5715 -1.6088  1.1078 -0.3145
8.75  4250 0.3773  0.0085 0.4894 -0.3653 1.0533 0.5886 0.4849 0.3180 -0.0054 3.5545 -5.3548 2.4124  1.6453 -1.8670  1.4061 -0.4329
8.75  4500 0.3689  0.0056 0.4819 -0.3648 1.0407 0.5771 0.4781 0.3097 -0.0054 3.5201 -5.3201 2.4011  1.6764 -2.0039  1.5686 -0.4979
8.75  4750 0.3618  0.0037 0.4750 -0.3627 1.0276 0.5671 0.4717 0.3031 -0.0054 3.4794 -5.2680 2.3797  1.6805 -2.0579  1.6373 -0.5263
8.75  5000 0.3602  0.0014 0.4760 -0.3621 1.0245 0.5658 0.4723 0.3026 -0.0053 3.4700 -5.2491 2.3685  1.5515 -1.6422  1.1260 -0.3144
8.75  5250 0.3603  0.0120 0.4622 -0.3215 0.9671 0.5582 0.4540 0.3099 -0.0047 3.2122 -4.7471 2.1103  1.0378 -0.2075 -0.4825  0.3156
8.75  5500 0.3632  0.0200 0.4554 -0.3018 0.9433 0.5574 0.4453 0.3153 -0.0045 3.1007 -4.5261 1.9973  0.8956  0.1496 -0.8458  0.4485
8.75  6000 0.3786  0.0391 0.4505 -0.2668 0.9154 0.5694 0.4365 0.3345 -0.0042 2.9433 -4.1782 1.8137  0.6732  0.7249 -1.4116  0.6493
8.75  6500 0.4052  0.0752 0.4378 -0.2033 0.8630 0.5883 0.4175 0.3669 -0.0037 2.6591 -3.5633 1.4932  0.3963  1.3533 -1.9349  0.8079
8.75  7000 0.4304  0.1202 0.4117 -0.1214 0.7828 0.5999 0.3844 0.3990 -0.0032 2.2545 -2.7346 1.0702  0.1887  1.6327 -1.9591  0.7439
8.75  7500 0.4397  0.1498 0.3845 -0.0639 0.7142 0.5962 0.3534 0.4128 -0.0028 1.9420 -2.1341 0.7719  0.1353  1.4963 -1.5782  0.5380
8.75  8000 0.4354  0.1567 0.3697 -0.0451 0.6815 0.5853 0.3379 0.4103 -0.0027 1.8047 -1.8949 0.6571  0.1484  1.3158 -1.2851  0.4005
8.75  8500 0.4242  0.1453 0.3700 -0.0576 0.6833 0.5742 0.3386 0.3986 -0.0027 1.8039 -1.9160 0.6683  0.1687  1.2480 -1.2228  0.3766
8.75  9000 0.4098  0.1212 0.3829 -0.0919 0.7116 0.5654 0.3524 0.3823 -0.0028 1.8931 -2.0985 0.7543  0.1796  1.3013 -1.3606  0.4438
8.75  9500 0.3923  0.0891 0.4023 -0.1410 0.7565 0.5567 0.3737 0.3619 -0.0031 2.0591 -2.4309 0.9151  0.2017  1.3944 -1.6019  0.5662
8.75 10000 0.3721  0.0552 0.4205 -0.1949 0.8042 0.5452 0.3952 0.3380 -0.0033 2.2670 -2.8593 1.1290  0.2605  1.4087 -1.7889  0.6785
8.75 10500 0.3497  0.0276 0.4274 -0.2384 0.8342 0.5273 0.4064 0.3124 -0.0036 2.4454 -3.2601 1.3393  0.3806  1.1914 -1.6964  0.6812
8.75 11000 0.3286  0.0119 0.4203 -0.2607 0.8359 0.5046 0.4033 0.2893 -0.0037 2.5288 -3.4966 1.4745  0.5272  0.7917 -1.3304  0.5629
8.75 11500 0.3133  0.0050 0.4090 -0.2685 0.8252 0.4854 0.3950 0.2730 -0.0038 2.5534 -3.6094 1.5470  0.6453  0.4272 -0.9579  0.4312
8.75 12000 0.3039  0.0034 0.3987 -0.2695 0.8133 0.4725 0.3869 0.2632 -0.0038 2.5599 -3.6692 1.5897  0.7313  0.1500 -0.6639  0.3249
8.75 12500 0.2994  0.0071 0.3877 -0.2626 0.7971 0.4638 0.3774 0.2589 -0.0038 2.5411 -3.6679 1.5999  0.7907 -0.0645 -0.4187  0.2325
8.75 13000 0.2988  0.0165 0.3745 -0.2467 0.7737 0.4579 0.3649 0.2591 -0.0037 2.4898 -3.5967 1.5746  0.8230 -0.2220 -0.2149  0.1514
8.75 13500 0.3011  0.0304 0.3592 -0.2236 0.7443 0.4540 0.3499 0.2629 -0.0036 2.4159 -3.4775 1.5253  0.8270 -0.3090 -0.0794  0.0953
8.75 14000 0.3034  0.0446 0.3433 -0.1993 0.7129 0.4496 0.3343 0.2668 -0.0034 2.3348 -3.3449 1.4694  0.8162 -0.3546  0.0090  0.0579
8.75 14500 0.3056  0.0589 0.3273 -0.1748 0.6814 0.4453 0.3186 0.2707 -0.0033 2.2540 -3.2132 1.4140  0.8025 -0.3901  0.0842  0.0263
8.75 15000 0.3085  0.0727 0.3128 -0.1514 0.6522 0.4420 0.3042 0.2752 -0.0032 2.1731 -3.0761 1.3541  0.7885 -0.4248  0.1637 -0.0093
8.75 15500 0.3106  0.0824 0.3028 -0.1337 0.6302 0.4398 0.2937 0.2786 -0.0031 2.0982 -2.9415 1.2912  0.7743 -0.4533  0.2403 -0.0478
8.75 16000 0.3111  0.0870 0.2973 -0.1237 0.6166 0.4377 0.2876 0.2800 -0.0030 2.0390 -2.8314 1.2371  0.7603 -0.4662  0.2928 -0.0777
8.75 16500 0.3102  0.0886 0.2941 -0.1184 0.6079 0.4352 0.2838 0.2797 -0.0029 1.9941 -2.7478 1.1950  0.7478 -0.4701  0.3252 -0.0982
8.75 17000 0.3080  0.0880 0.2919 -0.1165 0.6021 0.4319 0.2814 0.2779 -0.0029 1.9632 -2.6936 1.1677  0.7404 -0.4764  0.3488 -0.1126
8.75 20000 0.2886  0.0774 0.2803 -0.1227 0.5834 0.4079 0.2712 0.2586 -0.0029 1.9111 -2.6556 1.1588  0.7962 -0.7125  0.6162 -0.2181
8.75 25000 0.2632  0.0597 0.2700 -0.1406 0.5727 0.3790 0.2638 0.2324 -0.0029 1.9165 -2.7464 1.2183  0.8864 -1.0043  0.8960 -0.3146
8.75 30000 0.2290  0.0447 0.2446 -0.1321 0.5122 0.3335 0.2384 0.2023 -0.0025 1.7000 -2.4326 1.0737  0.6598 -0.4740  0.2785 -0.0672
9.00  4000 0.3900  0.0135 0.4996 -0.3646 1.0704 0.6053 0.4941 0.3304 -0.0055 3.6010 -5.3988 2.4260  1.6052 -1.6884  1.1974 -0.3499
9.00  4250 0.3809  0.0097 0.4925 -0.3665 1.0600 0.5934 0.4879 0.3212 -0.0055 3.5765 -5.3853 2.4258  1.6595 -1.8916  1.4338 -0.4439
9.00  4500 0.3724  0.0068 0.4850 -0.3659 1.0472 0.5820 0.4812 0.3129 -0.0055 3.5413 -5.3489 2.4136  1.6869 -2.0172  1.5829 -0.5036
9.00  4750 0.3649  0.0036 0.4794 -0.3674 1.0386 0.5722 0.4762 0.3054 -0.0054 3.5195 -5.3338 2.4111  1.7265 -2.1694  1.7605 -0.5745
9.00  5000 0.3610  0.0027 0.4753 -0.3632 1.0271 0.5664 0.4720 0.3026 -0.0053 3.4816 -5.2734 2.3823  1.6402 -1.9229  1.4663 -0.4540
9.00  5250 0.3612  0.0102 0.4656 -0.3277 0.9771 0.5608 0.4579 0.3099 -0.0047 3.2542 -4.8238 2.1484  1.0850 -0.3209 -0.3654  0.2721
9.00  5500 0.3625  0.0178 0.4572 -0.3065 0.9489 0.5576 0.4475 0.3141 -0.0045 3.1253 -4.5743 2.0216  0.9198  0.0944 -0.7945  0.4309
9.00  6000 0.3742  0.0340 0.4513 -0.2750 0.9207 0.5655 0.4382 0.3293 -0.0042 2.9756 -4.2530 1.8534  0.7133  0.6253 -1.3221  0.6200
9.00  6500 0.3959  0.0636 0.4410 -0.2221 0.8766 0.5810 0.4225 0.3561 -0.0038 2.7334 -3.7292 1.5799  0.4648  1.2018 -1.8192  0.7761
9.00  7000 0.4210  0.1064 0.4174 -0.1444 0.8020 0.5936 0.3921 0.3878 -0.0033 2.3563 -2.9516 1.1821  0.2440  1.5523 -1.9490  0.7601
9.00  7500 0.4340  0.1405 0.3894 -0.0797 0.7286 0.5930 0.3596 0.4060 -0.0029 2.0146 -2.2847 0.8487  0.1608  1.4850 -1.6242  0.5707
9.00  8000 0.4327  0.1534 0.3705 -0.0509 0.6859 0.5831 0.3394 0.4070 -0.0027 1.8361 -1.9640 0.6938  0.1671  1.2856 -1.2775  0.4049
9.00  8500 0.4232  0.1467 0.3668 -0.0555 0.6790 0.5720 0.3359 0.3976 -0.0027 1.8026 -1.9238 0.6757  0.1865  1.1881 -1.1574  0.3532
9.00  9000 0.4098  0.1259 0.3766 -0.0842 0.7006 0.5629 0.3466 0.3827 -0.0028 1.8691 -2.0646 0.7422  0.1974  1.2187 -1.2536  0.4009
9.00  9500 0.3936  0.0958 0.3951 -0.1296 0.7421 0.5549 0.3665 0.3639 -0.0030 2.0151 -2.3551 0.8812  0.2105  1.3213 -1.4900  0.5171
9.00 10000 0.3742  0.0613 0.4151 -0.1842 0.7920 0.5449 0.3894 0.3408 -0.0033 2.2222 -2.7756 1.0890  0.2539  1.3858 -1.7325  0.6501
9.00 10500 0.3518  0.0306 0.4261 -0.2333 0.8299 0.5286 0.4047 0.3149 -0.0035 2.4260 -3.2190 1.3183  0.3617  1.2342 -1.7327  0.6928
9.00 11000 0.3291  0.0110 0.4221 -0.2626 0.8392 0.5058 0.4051 0.2897 -0.0037 2.5422 -3.5189 1.4848  0.5132  0.8511 -1.4099  0.5973
9.00 11500 0.3108  0.0012 0.4108 -0.2748 0.8305 0.4839 0.3974 0.2701 -0.0038 2.5818 -3.6692 1.5776  0.6489  0.4437 -1.0029  0.4555
9.00 12000 0.2984 -0.0029 0.3997 -0.2789 0.8189 0.4678 0.3890 0.2571 -0.0038 2.5965 -3.7543 1.6347  0.7548  0.1095 -0.6528  0.3295
9.00 12500 0.2910 -0.0024 0.3892 -0.2767 0.8052 0.4565 0.3802 0.2494 -0.0038 2.5906 -3.7849 1.6619  0.8351 -0.1613 -0.3532  0.2176
9.00 13000 0.2878  0.0030 0.3778 -0.2671 0.7870 0.4489 0.3699 0.2466 -0.0038 2.5572 -3.7513 1.6550  0.8862 -0.3629 -0.1098  0.1225
9.00 13500 0.2880  0.0127 0.3652 -0.2504 0.7637 0.4440 0.3578 0.2478 -0.0037 2.4995 -3.6632 1.6199  0.9071 -0.4894  0.0640  0.0513
9.00 14000 0.2907  0.0256 0.3517 -0.2289 0.7370 0.4411 0.3444 0.2519 -0.0036 2.4284 -3.5445 1.5690  0.9015 -0.5421  0.1599  0.0101
9.00 14500 0.2932  0.0383 0.3383 -0.2071 0.7097 0.4380 0.3310 0.2560 -0.0035 2.3544 -3.4198 1.5149  0.8829 -0.5549  0.2083 -0.0120
9.00 15000 0.2958  0.0510 0.3248 -0.1852 0.6823 0.4349 0.3176 0.2601 -0.0034 2.2802 -3.2947 1.4605  0.8614 -0.5583  0.2451 -0.0291
9.00 15500 0.2990  0.0636 0.3123 -0.1636 0.6561 0.4328 0.3049 0.2648 -0.0032 2.2047 -3.1631 1.4018  0.8398 -0.5625  0.2877 -0.0504
9.00 16000 0.3019  0.0737 0.3028 -0.1458 0.6350 0.4315 0.2950 0.2691 -0.0031 2.1318 -3.0297 1.3390  0.8191 -0.5670  0.3360 -0.0774
9.00 16500 0.3036  0.0797 0.2970 -0.1338 0.6203 0.4304 0.2884 0.2718 -0.0030 2.0687 -2.9097 1.2798  0.7995 -0.5656  0.3754 -0.1027
9.00 17000 0.3037  0.0824 0.2936 -0.1269 0.6108 0.4288 0.2844 0.2726 -0.0030 2.0195 -2.8156 1.2321  0.7840 -0.5637  0.4059 -0.1236
9.00 20000 0.2881  0.0749 0.2829 -0.1280 0.5902 0.4087 0.2741 0.2575 -0.0029 1.9391 -2.7083 1.1848  0.8180 -0.7564  0.6531 -0.2298
9.00 25000 0.2630  0.0582 0.2717 -0.1437 0.5769 0.3796 0.2657 0.2318 -0.0029 1.9320 -2.7749 1.2320  0.8951 -1.0173  0.9031 -0.3158
9.00 30000 0.2279  0.0438 0.2443 -0.1329 0.5117 0.3324 0.2382 0.2013 -0.0025 1.6983 -2.4317 1.0735  0.6592 -0.4737  0.2769 -0.0664
9.25  4000 0.3934  0.0141 0.5034 -0.3676 1.0794 0.6104 0.4979 0.3332 -0.0055 3.6331 -5.4489 2.4495  1.6383 -1.7652  1.2831 -0.3837
9.25  4250 0.3845  0.0110 0.4955 -0.3672 1.0661 0.5983 0.4908 0.3244 -0.0055 3.5966 -5.4121 2.4374  1.6705 -1.9079  1.4523 -0.4514
9.25  4500 0.3759  0.0080 0.4881 -0.3668 1.0534 0.5867 0.4840 0.3161 -0.0055 3.5609 -5.3747 2.4245  1.6968 -2.0301  1.5977 -0.5097
9.25  4750 0.3681  0.0058 0.4807 -0.3644 1.0389 0.5758 0.4770 0.3089 -0.0054 3.5154 -5.3154 2.3998  1.6926 -2.0619  1.6399 -0.5272
9.25  5000 0.3627  0.0036 0.4765 -0.3645 1.0315 0.5688 0.4733 0.3038 -0.0054 3.4971 -5.2992 2.3952  1.6934 -2.0829  1.6594 -0.5332
9.25  5250 0.3627  0.0086 0.4698 -0.3349 0.9894 0.5642 0.4627 0.3102 -0.0049 3.3062 -4.9186 2.1956  1.1505 -0.4846 -0.1911  0.2061
9.25  5500 0.3626  0.0160 0.4599 -0.3114 0.9560 0.5590 0.4505 0.3136 -0.0046 3.1552 -4.6295 2.0489  0.9460  0.0381 -0.7423  0.4130
9.25  6000 0.3708  0.0312 0.4506 -0.2789 0.9215 0.5621 0.4380 0.3256 -0.0043 2.9846 -4.2807 1.8691  0.7442  0.5323 -1.2225  0.5821
9.25  6500 0.3883  0.0539 0.4437 -0.2379 0.8882 0.5751 0.4267 0.3471 -0.0039 2.7969 -3.8704 1.6536  0.5247  1.0680 -1.7143  0.7463
9.25  7000 0.4114  0.0925 0.4231 -0.1676 0.8212 0.5871 0.3999 0.3764 -0.0035 2.4566 -3.1660 1.2925  0.3042  1.4542 -1.9159  0.7665
9.25  7500 0.4272  0.1294 0.3952 -0.0985 0.7457 0.5892 0.3668 0.3978 -0.0030 2.1002 -2.4622 0.9391  0.1936  1.4623 -1.6668  0.6044
9.25  8000 0.4292  0.1483 0.3728 -0.0598 0.6937 0.5810 0.3425 0.4029 -0.0028 1.8798 -2.0565 0.7416  0.1874  1.2624 -1.2866  0.4177
9.25  8500 0.4218  0.1470 0.3647 -0.0554 0.6770 0.5700 0.3344 0.3961 -0.0027 1.8098 -1.9469 0.6903  0.2061  1.1307 -1.1000  0.3339
9.25  9000 0.4098  0.1304 0.3707 -0.0771 0.6906 0.5606 0.3410 0.3830 -0.0028 1.8486 -2.0375 0.7334  0.2185  1.1288 -1.1397  0.3556
9.25  9500 0.3949  0.1030 0.3873 -0.1176 0.7270 0.5530 0.3587 0.3659 -0.0029 1.9700 -2.2786 0.8475  0.2251  1.2285 -1.3539  0.4583
9.25 10000 0.3767  0.0695 0.4075 -0.1702 0.7756 0.5441 0.3814 0.3443 -0.0032 2.1644 -2.6695 1.0392  0.2563  1.3199 -1.6165  0.5960
9.25 10500 0.3553  0.0368 0.4226 -0.2229 0.8201 0.5304 0.4004 0.3192 -0.0035 2.3810 -3.1268 1.2718  0.3410  1.2574 -1.7256  0.6822
9.25 11000 0.3319  0.0129 0.4233 -0.2598 0.8393 0.5090 0.4058 0.2928 -0.0037 2.5332 -3.4912 1.4686  0.4859  0.9322 -1.4946  0.6284
9.25 11500 0.3110 -0.0002 0.4129 -0.2772 0.8343 0.4850 0.3995 0.2703 -0.0038 2.5939 -3.6882 1.5857  0.6344  0.5034 -1.0812  0.4886
9.25 12000 0.2957 -0.0069 0.4015 -0.2849 0.8236 0.4659 0.3911 0.2540 -0.0039 2.6192 -3.8029 1.6594  0.7571  0.1244 -0.6916  0.3500
9.25 12500 0.2856 -0.0088 0.3906 -0.2862 0.8110 0.4520 0.3824 0.2434 -0.0039 2.6237 -3.8616 1.7020  0.8569 -0.1998 -0.3406  0.2203
9.25 13000 0.2795 -0.0067 0.3798 -0.2813 0.7955 0.4419 0.3731 0.2373 -0.0039 2.6040 -3.8612 1.7127  0.9295 -0.4589 -0.0416  0.1052
9.25 13500 0.2773 -0.0006 0.3687 -0.2702 0.7767 0.4353 0.3628 0.2357 -0.0038 2.5611 -3.8049 1.6932  0.9701 -0.6356  0.1815  0.0155
9.25 14000 0.2783  0.0089 0.3574 -0.2539 0.7549 0.4315 0.3517 0.2376 -0.0038 2.5029 -3.7110 1.6536  0.9809 -0.7293  0.3198 -0.0427
9.25 14500 0.2811  0.0205 0.3458 -0.2343 0.7311 0.4295 0.3400 0.2418 -0.0037 2.4362 -3.5963 1.6031  0.9681 -0.7538  0.3817 -0.0710
9.25 15000 0.2840  0.0319 0.3345 -0.2149 0.7076 0.4276 0.3286 0.2461 -0.0035 2.3699 -3.4814 1.5521  0.9436 -0.7391  0.3957 -0.0795
9.25 15500 0.2868  0.0431 0.3233 -0.1956 0.6841 0.4256 0.3173 0.2503 -0.0034 2.3036 -3.3662 1.5008  0.9165 -0.7164  0.3999 -0.0841
9.25 16000 0.2902  0.0547 0.3124 -0.1757 0.6608 0.4244 0.3062 0.2552 -0.0033 2.2343 -3.2429 1.4450  0.8890 -0.6951  0.4102 -0.0924
9.25 16500 0.2937  0.0649 0.3036 -0.1581 0.6407 0.4239 0.2968 0.2600 -0.0032 2.1657 -3.1155 1.3847  0.8626 -0.6767  0.4291 -0.1070
9.25 17000 0.2962  0.0720 0.2975 -0.1448 0.6255 0.4236 0.2900 0.2636 -0.0031 2.1017 -2.9926 1.3242  0.8394 -0.6641  0.4565 -0.1273
9.25 20000 0.2869  0.0731 0.2836 -0.1313 0.5932 0.4078 0.2752 0.2560 -0.0030 1.9521 -2.7361 1.1991  0.8378 -0.8084  0.7064 -0.2497
9.25 25000 0.2626  0.0565 0.2734 -0.1470 0.5810 0.3799 0.2675 0.2311 -0.0030 1.9477 -2.8041 1.2462  0.9048 -1.0335  0.9136 -0.3184
9.25 30000 0.2267  0.0428 0.2440 -0.1337 0.5112 0.3311 0.2380 0.2000 -0.0025 1.6963 -2.4309 1.0733  0.6594 -0.4765  0.2787 -0.0670
9.50  4000 0.3966  0.0143 0.5073 -0.3710 1.0888 0.6153 0.5019 0.3357 -0.0056 3.6661 -5.5010 2.4738  1.6706 -1.8385  1.3636 -0.4151
9.50  4250 0.3881  0.0123 0.4986 -0.3685 1.0731 0.6033 0.4939 0.3277 -0.0055 3.6204 -5.4458 2.4525  1.6876 -1.9404  1.4888 -0.4659
9.50  4500 0.3796  0.0094 0.4911 -0.3675 1.0596 0.5917 0.4870 0.3195 -0.0055 3.5802 -5.3993 2.4348  1.7034 -2.0326  1.6002 -0.5109
9.50  4750 0.3715  0.0072 0.4833 -0.3643 1.0436 0.5803 0.4794 0.3122 -0.0054 3.5284 -5.3284 2.4042  1.6881 -2.0341  1.6083 -0.5150
9.50  5000 0.3654  0.0048 0.4785 -0.3650 1.0360 0.5723 0.4752 0.3062 -0.0054 3.5114 -5.3182 2.4035  1.7103 -2.1241  1.7096 -0.5541
9.50  5250 0.3645  0.0069 0.4743 -0.3436 1.0043 0.5683 0.4680 0.3105 -0.0050 3.3699 -5.0358 2.2546  1.2491 -0.7461  0.0970  0.0945
9.50  5500 0.3636  0.0144 0.4632 -0.3168 0.9650 0.5616 0.4542 0.3138 -0.0046 3.1922 -4.6959 2.0815  0.9763 -0.0250 -0.6838  0.3930
9.50  6000 0.3685  0.0281 0.4516 -0.2844 0.9261 0.5604 0.4396 0.3227 -0.0043 3.0097 -4.3350 1.8976  0.7720  0.4658 -1.1625  0.5624
9.50  6500 0.3823  0.0476 0.4442 -0.2477 0.8937 0.5696 0.4282 0.3403 -0.0040 2.8317 -3.9543 1.6987  0.5791  0.9237 -1.5749  0.6974
9.50  7000 0.4024  0.0796 0.4282 -0.1890 0.8388 0.5809 0.4068 0.3656 -0.0036 2.5478 -3.3620 1.3937  0.3664  1.3404 -1.8562  0.7600
9.50  7500 0.4197  0.1168 0.4018 -0.1198 0.7652 0.5851 0.3751 0.3886 -0.0031 2.1959 -2.6603 1.0398  0.2320  1.4315 -1.7071  0.6387
9.50  8000 0.4251  0.1411 0.3767 -0.0721 0.7051 0.5788 0.3474 0.3977 -0.0028 1.9362 -2.1727 0.8007  0.2086  1.2489 -1.3156  0.4400
9.50  8500 0.4200  0.1457 0.3640 -0.0580 0.6780 0.5681 0.3343 0.3940 -0.0027 1.8276 -1.9896 0.7142  0.2267  1.0806 -1.0581  0.3221
9.50  9000 0.4095  0.1338 0.3657 -0.0718 0.6826 0.5583 0.3365 0.3829 -0.0027 1.8358 -2.0244 0.7313  0.2416  1.0398 -1.0317  0.3135
9.50  9500 0.3959  0.1102 0.3791 -0.1060 0.7119 0.5506 0.3508 0.3674 -0.0029 1.9307 -2.2159 0.8217  0.2473  1.1157 -1.1995  0.3940
9.50 10000 0.3794  0.0788 0.3987 -0.1545 0.7572 0.5430 0.3723 0.3480 -0.0031 2.1005 -2.5535 0.9850  0.2638  1.2313 -1.4695  0.5289
9.50 10500 0.3596  0.0452 0.4171 -0.2084 0.8056 0.5321 0.3940 0.3246 -0.0034 2.3159 -2.9963 1.2066  0.3212  1.2574 -1.6762  0.6511
9.50 11000 0.3367  0.0176 0.4234 -0.2523 0.8354 0.5134 0.4049 0.2983 -0.0037 2.5013 -3.4143 1.4268  0.4473  1.0275 -1.5764  0.6534
9.50 11500 0.3140  0.0008 0.4155 -0.2760 0.8368 0.4889 0.4014 0.2735 -0.0038 2.5900 -3.6671 1.5717  0.6019  0.6068 -1.1940  0.5309
9.50 12000 0.2959 -0.0085 0.4038 -0.2873 0.8272 0.4670 0.3932 0.2541 -0.0039 2.6273 -3.8133 1.6627  0.7388  0.1927 -0.7772  0.3850
9.50 12500 0.2830 -0.0129 0.3926 -0.2922 0.8159 0.4503 0.3848 0.2405 -0.0039 2.6437 -3.9034 1.7227  0.8551 -0.1740 -0.3895  0.2439
9.50 13000 0.2745 -0.0132 0.3817 -0.2909 0.8020 0.4379 0.3757 0.2316 -0.0039 2.6357 -3.9328 1.7495  0.9478 -0.4873 -0.0383  0.1106
9.50 13500 0.2696 -0.0101 0.3710 -0.2842 0.7855 0.4289 0.3662 0.2269 -0.0039 2.6053 -3.9073 1.7463  1.0108 -0.7253  0.2460 -0.0015
9.50 14000 0.2681 -0.0039 0.3609 -0.2729 0.7674 0.4233 0.3566 0.2261 -0.0039 2.5586 -3.8393 1.7196  1.0415 -0.8733  0.4405 -0.0815
9.50 14500 0.2695  0.0049 0.3511 -0.2576 0.7477 0.4206 0.3467 0.2285 -0.0038 2.5026 -3.7451 1.6784  1.0436 -0.9360  0.5429 -0.1261
9.50 15000 0.2726  0.0154 0.3412 -0.2401 0.7271 0.4194 0.3367 0.2327 -0.0037 2.4428 -3.6396 1.6311  1.0260 -0.9380  0.5764 -0.1432
9.50 15500 0.2757  0.0255 0.3319 -0.2228 0.7070 0.4185 0.3272 0.2371 -0.0036 2.3843 -3.5354 1.5840  0.9980 -0.9041  0.5653 -0.1417
9.50 16000 0.2786  0.0355 0.3226 -0.2057 0.6869 0.4175 0.3176 0.2414 -0.0035 2.3249 -3.4296 1.5360  0.9668 -0.8606  0.5428 -0.1358
9.50 16500 0.2821  0.0461 0.3131 -0.1876 0.6662 0.4169 0.3079 0.2462 -0.0034 2.2625 -3.3166 1.4841  0.9357 -0.8206  0.5282 -0.1339
9.50 17000 0.2858  0.0560 0.3049 -0.1706 0.6473 0.4170 0.2991 0.2512 -0.0033 2.1985 -3.1968 1.4275  0.9058 -0.7861  0.5250 -0.1388
9.50 20000 0.2858  0.0699 0.2864 -0.1381 0.6012 0.4081 0.2784 0.2542 -0.0030 1.9891 -2.8083 1.2354  0.8653 -0.8622  0.7474 -0.2610
9.50 25000 0.2620  0.0548 0.2749 -0.1504 0.5849 0.3801 0.2692 0.2302 -0.0030 1.9630 -2.8332 1.2604  0.9151 -1.0524  0.9272 -0.3221
9.50 30000 0.2254  0.0417 0.2437 -0.1347 0.5108 0.3296 0.2378 0.1987 -0.0025 1.6947 -2.4312 1.0738  0.6605 -0.4818  0.2830 -0.0685
