Teff log(g) filter a1 a2 a3 a4
2300 4.0 zs 3.6567931538309453 -5.639580147340139 5.307227984924222 -1.8287555478182653
2300 4.5 zs 2.686120784325748 -3.6820576495127986 3.5739569425343007 -1.2549848082890915
2300 5.0 zs 2.060185758128642 -2.3999629806621785 2.4069865416478797 -0.8575353306318156
2300 5.5 zs 2.02956548050826 -2.412641759216825 2.396551775135092 -0.8449876536370665
2300 6.0 zs 1.8385797997597004 -1.9930801802693359 1.9736572346541958 -0.6941841073703237
2400 4.0 zs 3.8191614210574514 -5.853785395986096 5.392184820598837 -1.8396376748108205
2400 4.5 zs 2.605162589451029 -3.3670096563859633 3.197400089839945 -1.1173562585799726
2400 5.0 zs 1.8613148575282514 -1.8330233272236274 1.8283610079027626 -0.665899647557369
2400 5.5 zs 1.6596698251229822 -1.5004594310385837 1.5510476034404026 -0.5720903740987608
2400 6.0 zs 1.5797575127715724 -1.3860642517199946 1.447843377582554 -0.5375103336298966
2500 4.0 zs 4.522517340608259 -7.269855653315089 6.574478077136508 -2.218493551935141
2500 4.5 zs 2.7450239136734838 -3.555177883667531 3.275369758441451 -1.131962655995157
2500 5.0 zs 1.674582851723739 -1.3791816844092761 1.40179954587537 -0.5266333788086287
2500 5.5 zs 1.490851993312863 -0.9893939016023348 1.0093564201357836 -0.38401479079822476
2500 6.0 zs 1.329829405817868 -0.7348241673138854 0.8096420494991778 -0.3227856507839948
2600 4.0 zs 5.616324325720316 -9.60209832519864 8.628650843643456 -2.892982655652757
2600 4.5 zs 3.209318272118294 -4.395571973017103 3.879449686919934 -1.3053080121517577
2600 5.0 zs 1.9621824103523442 -1.8259027360893254 1.6554817086139775 -0.5874276244479912
2600 5.5 zs 1.2996911871520898 -0.5214553540512316 0.5723748968504091 -0.24580953332834288
2600 6.0 zs 0.97030192728995 0.06448508206110731 0.13238682773602017 -0.11726709828968802
2700 4.0 zs 7.297387800716231 -13.38955835874969 12.156662554406017 -4.092728784292749
2700 4.5 zs 4.364882882567391 -6.907418651248776 6.118908870915667 -2.046235621376822
2700 5.0 zs 2.4201040047485276 -2.662882289369485 2.251292255041021 -0.755786072800486
2700 5.5 zs 1.5355608055824497 -0.8544004384725397 0.7187352886836174 -0.2695814284118736
2700 6.0 zs 1.0930325531675347 -0.008336318620378425 0.04851249950670011 -0.06656385359922612
2800 4.0 zs 9.153625641490361 -17.606667038810293 16.124914804541653 -5.449081840892278
2800 4.5 zs 5.68834898120955 -9.896163307261888 8.878617781902417 -2.9788291622593297
2800 5.0 zs 3.4171793773928303 -4.854681526285557 4.199439900890158 -1.397967938671492
2800 5.5 zs 2.059555475204079 -1.8961804754580616 1.5232497557191298 -0.5097930365185825
2900 4.0 zs 10.108454417496093 -19.89285428460554 18.335055592758184 -6.2188706523913675
2900 4.5 zs 6.455315284674934 -11.72541716858524 10.602074222567062 -3.5686513123227854
2900 5.0 zs 4.241901912362813 -6.745710091955404 5.91454079031371 -1.9692083010336574
2900 5.5 zs 2.82067665811967 -3.544660975210615 2.9515358275039705 -0.972237713703328
2900 6.0 zs 1.807228822432186 -1.3096697059798887 0.9469097534886328 -0.3143446929636319
3000 4.0 zs 10.411819429868997 -20.706001608216134 19.154775979663793 -6.512352807717916
3000 4.5 zs 7.219765899395259 -13.55929673405915 12.355842517021491 -4.174472885451495
3000 5.5 zs 3.370509971849409 -4.827980538628471 4.087772100685562 -1.3424084232238482
3000 6.0 zs 2.2781513842057803 -2.357475886349158 1.8127551488972597 -0.5815625366193196
3100 4.0 zs 11.25367561901245 -22.650577216289836 21.022041740842567 -7.1592050428017115
3100 4.5 zs 7.699757096916314 -14.737058965711078 13.491762674850598 -4.568632279393723
3100 5.0 zs 5.314022914364511 -9.347886806461375 8.343642564725277 -2.7920378739967466
3100 5.5 zs 3.793224039864495 -5.862122224265098 5.024930646408415 -1.6514682361443431
3100 6.0 zs 2.790823682979913 -3.5556630943109595 2.8662077344829453 -0.9210418746685431
3200 4.0 zs 12.768203423560747 -26.068078150521295 24.283737231466805 -8.284199265278446
3200 4.5 zs 8.858768031545292 -17.449904129922768 16.118421185138406 -5.484383819270868
3200 5.0 zs 5.876719946683738 -10.713633532805089 9.650514365855116 -3.2424144056485096
3200 5.5 zs 4.234122214391734 -6.965026087287295 6.062273825621594 -2.0026880562032896
3200 6.0 zs 3.2029886571484125 -4.5856921398238795 3.8088203415461988 -1.2324539437544286
3300 4.0 zs 14.187022103752025 -29.284007154676203 27.365306963252927 -9.348718419475752
3300 4.5 zs 10.06108031981773 -20.264867471733286 18.858892176164613 -6.442955145468829
3300 5.0 zs 6.819900893895758 -12.979814366001365 11.868179694914751 -4.02055819617537
3300 5.5 zs 4.809119602167736 -8.38099105327207 7.424206778470213 -2.47267467003439
3300 6.0 zs 3.611783526300688 -5.626035357241538 4.787731779480553 -1.5624659094645361
3400 4.0 zs 14.762974058301966 -30.627765097585296 28.67068540224938 -9.80066407541216
3400 4.5 zs 10.59251059644208 -21.527382193620948 20.091858599441412 -6.873722023170462
3400 5.0 zs 7.254353424501023 -14.04669526700132 12.91449626795854 -4.387048184166995
3400 5.5 zs 5.272276752129454 -9.53770081204052 8.558048274950842 -2.869272324495362
3400 6.0 zs 4.0186682375653975 -6.659326984470975 5.783852414861194 -1.9052364408539533
3500 4.0 zs 15.45719024056577 -32.34901622350433 30.39836952116962 -10.410222409507366
3500 4.5 zs 11.022787708970283 -22.61060689651105 21.187500338029512 -7.264205679911872
3500 5.0 zs 7.571100422763045 -14.858373758533288 13.732723345295724 -4.678550694990325
3500 5.5 zs 5.5527045890393545 -10.263625067966393 9.27647660038824 -3.1215557617825453
3500 6.0 zs 4.254321620089311 -7.288923749624567 6.402010432055013 -2.120086557186827
3600 4.0 zs 15.964342077824071 -33.676513975151884 31.76660324356374 -10.896181586373485
3600 4.5 zs 11.292137408943827 -23.346825614165024 21.962711350868446 -7.544818996566377
3600 5.0 zs 7.7132252219223005 -15.277449302610446 14.183179280109135 -4.8440620410195665
3600 5.5 zs 5.650520494135596 -10.567413260658954 9.598925847173078 -3.2389825054293433
3600 6.0 zs 4.447259622366073 -7.813367599468335 6.923348552705891 -2.3029358107729427
3700 4.0 zs 16.02303422419455 -33.9826399722068 32.15813222040826 -11.040906234716132
3700 4.5 zs 11.307355849630829 -23.497956507152296 22.17424550109517 -7.627127956795512
3700 5.0 zs 7.6825264196604826 -15.284695530243457 14.231223365648399 -4.867437781660329
3700 5.5 zs 5.614893184162381 -10.564012415504909 9.631122394126686 -3.2567451162594727
3700 6.0 zs 4.484231717629988 -7.971072710796458 7.10194321971258 -2.3698194282908163
3800 4.0 zs 15.614296252196434 -33.24306255691312 31.573003425634504 -10.85170257392982
3800 4.5 zs 11.095882044411848 -23.122244521286433 21.881161278629364 -7.53215848094832
3800 5.0 zs 7.72016405025972 -15.479956847739608 14.488108682594412 -4.969119560511831
3800 5.5 zs 5.625160695785685 -10.663617323771831 9.77015774007512 -3.3135202421139605
3800 6.0 zs 4.423486160506399 -7.897608510535657 7.059795896622769 -2.3606138173973314
3900 4.0 zs 15.636247650789478 -33.548343959210946 32.024519322705736 -11.028536576667584
3900 4.5 zs 10.922878876243113 -22.899490871976745 21.785395300903495 -7.515264854090118
3900 5.0 zs 7.499601013341646 -15.043907352181005 14.118434691795498 -4.84662771281632
3900 5.5 zs 5.497504280322102 -10.443068654361898 9.602613447647919 -3.2633382374895166
3900 6.0 zs 4.387912534806314 -7.879110151251772 7.076247226310709 -2.3732712933930182
4000 4.0 zs 15.077103314374558 -32.4615086638455 31.104700384867442 -10.723376692327289
4000 4.5 zs 10.433154690111069 -21.910963308148652 20.924850074317245 -7.222696490977334
4000 5.0 zs 7.193364719088183 -14.447334107752047 13.619808546387176 -4.682760856223939
4000 5.5 zs 5.407734331574232 -10.306467573003566 9.523803921512439 -3.245038192653866
4000 6.0 zs 4.235694470968771 -7.605326377700306 6.8579051262160595 -2.3064736102910746
4100 4.0 zs 14.553452893077916 -31.474013241614948 30.299952796416914 -10.466770309645616
4100 4.5 zs 9.654721191154017 -20.262114892583398 19.447427794830094 -6.721240413723943
4100 5.0 zs 6.917711903159495 -13.931811539953452 13.216207937153218 -4.553649356697668
4100 5.5 zs 5.168896491417462 -9.816705258033883 9.10198600586548 -3.104761370373895
4100 6.0 zs 4.066486907789549 -7.261523794181582 6.561391614376 -2.2095072793854995
4200 4.0 zs 14.301175199852013 -30.982908765422284 29.86653449548064 -10.314197535360314
4200 4.5 zs 9.213944896197843 -19.434279973356908 18.770697501959162 -6.499875463612707
4200 5.0 zs 6.468391759275545 -13.002194075090173 12.401916836653385 -4.276685811992471
4200 5.5 zs 4.8343181243729365 -9.17884943086539 8.583191470683904 -2.93907946348596
4200 6.0 zs 3.9625659185124342 -7.079968779304503 6.434566546913377 -2.1733731080971377
4300 4.0 zs 14.038023246660895 -30.35366839629975 29.22604732137696 -10.082978837016352
4300 4.5 zs 8.971327590671395 -19.036848418454294 18.510780326153924 -6.429568337268723
4300 5.0 zs 5.929286667067815 -11.854633811845282 11.38327070549265 -3.9307015772720266
4300 5.5 zs 4.645803507677496 -8.749104367171176 8.201700761915639 -2.804338747633597
4300 6.0 zs 3.7582391058955724 -6.673235378502521 6.097245898300154 -2.063614351520555
4400 4.0 zs 13.665996251065538 -29.495127542024875 28.39017660513093 -9.79374592058
4400 4.5 zs 8.84600681224342 -18.88549425000965 18.44227135952221 -6.414538652722287
4400 5.0 zs 5.768702121422973 -11.699493233896535 11.383099697674783 -3.9540441165032947
4400 5.5 zs 4.3353005861417175 -8.153807591393685 7.721312904147048 -2.6473990009879813
4400 6.0 zs 3.5770635623948577 -6.278719318370021 5.760504779387774 -1.9503685388841734
4500 4.0 zs 13.716372370225764 -29.639595310809547 28.548193126021268 -9.858067951922992
4500 4.5 zs 8.66538440591488 -18.44935138253257 17.984760140349945 -6.2443118772169885
4500 5.0 zs 5.456739177547972 -11.078004352467284 10.871176975336727 -3.7899926570994897
4500 5.5 zs 4.087009203625029 -7.674367667975392 7.352708209005048 -2.531600080967493
4500 6.0 zs 3.3420874616764014 -5.82990276272372 5.40540298215287 -1.8356207789993617
4600 4.0 zs 13.800332477229505 -29.840674090357023 28.745942580158914 -9.932312555926128
4600 4.5 zs 8.721056470064234 -18.594400109087 18.135572544893076 -6.304213280945532
4600 5.0 zs 5.383580406995889 -11.046082664668509 10.925132799174518 -3.8224346280403987
4600 5.5 zs 3.835575814823756 -7.254057926223047 7.070295940088704 -2.45406381212103
4600 6.0 zs 3.205865597325651 -5.60450608706946 5.270622751798642 -1.7985040554015486
4700 4.0 zs 13.47284299162661 -29.07730152364424 27.99497950372923 -9.671597357485425
4700 4.5 zs 8.828015718642474 -18.83394532106883 18.36186835616081 -6.38637115609549
4700 5.0 zs 5.5060470797531105 -11.336464249481901 11.19436207141876 -3.911663220654854
4700 5.5 zs 3.76996264119541 -7.224187292432854 7.148813523415078 -2.502952175114386
4700 6.0 zs 3.032930319976762 -5.283622840830431 5.04914525492569 -1.735459290773983
4800 4.0 zs 14.185635276161884 -30.709961984777152 29.56823254685007 -10.222295660447697
4800 4.5 zs 8.963861854638484 -19.135774607257638 18.644892957019405 -6.487160580251587
4800 5.0 zs 5.576112015021697 -11.48257534726317 11.316431796261334 -3.9511478512934324
4800 5.5 zs 3.827455059825882 -7.512108723066508 7.53301519371112 -2.658364505520055
4800 6.0 zs 2.9016598684300003 -5.144202808113552 5.046136446996805 -1.76028934547906
4900 4.0 zs 14.602019793076085 -31.648326432535963 30.455837001102363 -10.52962295384674
4900 4.5 zs 9.143409304965763 -19.53041915233651 19.013878345376796 -6.617184661109321
4900 5.0 zs 5.859595856263548 -12.135127530106988 11.949203677930761 -4.176980773546205
4900 5.5 zs 3.9853873389207126 -7.885632135731336 7.884002919762299 -2.7758780405806736
4900 6.0 zs 2.83072010730953 -5.050800014190375 5.029650656595586 -1.7703118724760258
5100 4.0 zs 16.91620434362065 -36.681815863069495 35.12531801152737 -12.115606603656124
5100 4.5 zs 10.51010744910351 -22.551038761607987 21.837293632492795 -7.584077555334563
5100 5.0 zs 6.415307175064166 -13.341141679343206 13.049492864353233 -4.552211486558645
5100 5.5 zs 4.448171630341219 -8.922082441741258 8.834855737996186 -3.097279096710437
5100 6.0 zs 3.2896434454936605 -6.276309711838958 6.308063570785446 -2.23409648096215
5200 4.0 zs 17.177325164992176 -37.27302581379945 35.68514051398337 -12.31086092587522
5200 4.5 zs 10.64571551203925 -22.863334864265727 22.13335287067167 -7.689131087291122
5200 5.0 zs 6.722275927078398 -14.057732707194122 13.746012104914763 -4.799683652808309
5200 5.5 zs 4.48305541925685 -8.999544207752317 8.902584598705959 -3.1228265991703448
5200 6.0 zs 3.326551671543492 -6.35755038230628 6.379860845859263 -2.2602868162976195
5300 4.0 zs 17.468187006344188 -37.9289782382899 36.305343630833406 -12.52638166633288
5300 4.5 zs 10.798780589385823 -23.213448441208776 22.46357409209439 -7.805114253716772
5300 5.0 zs 6.8157997169057705 -14.27799361506997 13.955599643155383 -4.875173506043945
5300 5.5 zs 4.52930778873251 -9.102882624550068 9.009771071372569 -3.1693987705862527
5300 6.0 zs 3.354590470099379 -6.422813905808042 6.438676674421122 -2.283978003010622
5400 4.0 zs 17.841728824080406 -38.76503745523591 37.09136415289685 -12.796831981043248
5400 4.5 zs 10.982223763589253 -23.630086472780302 22.85599654087942 -7.941979139490662
5400 5.0 zs 6.931235005838548 -14.558454435274164 14.22673342986442 -4.972139949058993
5400 5.5 zs 4.588938259391246 -9.217740468303965 9.104704141520191 -3.20678401894633
5400 6.0 zs 3.3841391628396575 -6.485789184004254 6.49125003251934 -2.304441759670647
5500 4.0 zs 18.376786531983043 -39.912517423409575 38.14025875468828 -13.149187908694532
5500 4.5 zs 11.268281734644361 -24.272731730314135 23.4580817183388 -8.148921411308953
5500 5.0 zs 7.0656209853806295 -14.860604849852896 14.506796014201969 -5.069325689501011
5500 5.5 zs 4.649668234408157 -9.350066516917508 9.22140750875199 -3.2482779919779863
5500 6.0 zs 3.418062386960351 -6.558743367658053 6.552511651956507 -2.3274096261003314
5600 4.0 zs 18.768060581171028 -40.75950376422997 38.91775175988604 -13.411618589263567
5600 4.5 zs 11.485539248022047 -24.75581093570933 23.907343888945547 -8.303295511737794
5600 5.0 zs 7.190549163188813 -15.131964400880419 14.77104220381326 -5.173185677301661
5600 5.5 zs 4.716275742448477 -9.509603318260895 9.372801212697851 -3.303954620949812
5600 6.0 zs 3.4520863635505568 -6.633643849588748 6.615980459139833 -2.3509917310627197
5700 4.0 zs 19.136323890182698 -41.56693264986241 39.665291369904814 -13.665491933916806
5700 4.5 zs 11.663096747189025 -25.142041372475877 24.258737488450503 -8.422176854300714
5700 5.0 zs 7.293060974261634 -15.364572898265806 14.987183922890916 -5.249291478499042
5700 5.5 zs 4.771949863938248 -9.637247057832155 9.488782881739334 -3.345748364930026
5700 6.0 zs 3.483998068921675 -6.705789361535231 6.67764647847293 -2.3738617945912077
5800 4.0 zs 18.755858363037078 -40.63310726192453 38.712227886016564 -13.322586170370293
5800 4.5 zs 11.86351038810721 -25.577605656456253 24.67472752029166 -8.575835091590523
5800 5.0 zs 7.394765633649463 -15.593573969792839 15.19844631497037 -5.323111416000376
5800 5.5 zs 4.827650654012757 -9.765231909117222 9.605073334657249 -3.38735335772249
5800 6.0 zs 3.515845651979354 -6.7796880419895835 6.741671393987418 -2.397385464136818
5900 4.0 zs 19.04052483665999 -41.23591500748103 39.25295296516484 -13.501820563758896
5900 4.5 zs 12.022940142842495 -25.922327478263423 24.991028591806188 -8.683370110619322
5900 5.0 zs 7.494123453322394 -15.81704140154309 15.404055176479961 -5.394607236151021
5900 5.5 zs 4.868818103570998 -9.865055814006704 9.700239924167105 -3.4219551676616344
5900 6.0 zs 3.550584652231317 -6.864567310956131 6.818677046749895 -2.425667441306791
6000 4.0 zs 19.296527270150857 -41.7744996883458 39.73299780282261 -13.660424475559356
6000 4.5 zs 12.190032749138059 -26.287015364859883 25.319390390686472 -8.794392641652133
6000 5.0 zs 7.304712110845733 -15.366395500049356 14.947596799054498 -5.23224478638961
6000 5.5 zs 4.946647300393694 -10.04423317397946 9.862361115772325 -3.4788002438103103
6000 6.0 zs 3.571024260568148 -6.916012107790213 6.865187525050187 -2.4428666142503297
6100 4.0 zs 19.509276377966778 -42.208395537218806 40.11133087660768 -13.783035192350106
6100 4.5 zs 12.343981312369632 -26.61861825690202 25.617736709108527 -8.894521086019287
6100 5.0 zs 7.362158288066548 -15.495842556713006 15.066662063163712 -5.273680393177305
6100 5.5 zs 5.007645448220118 -10.181816748133851 9.98549779190625 -3.521301232126191
6100 6.0 zs 3.5486933603627686 -6.796508883218132 6.700522510351082 -2.381655815123825
6300 4.0 zs 20.047760175745804 -43.3241407607405 41.08830046877332 -14.100487923343819
6300 4.5 zs 12.124342193087868 -26.05104804856041 25.011073968881586 -8.671411019207653
6300 5.0 zs 7.593177412946791 -16.016321589163336 15.54181469887604 -5.43549339300467
6300 5.5 zs 5.053766518070817 -10.202329120057275 9.936378332414213 -3.4967028043490567
6300 6.0 zs 3.6350410834822893 -6.959410874259944 6.8114594970473386 -2.4143849155173673
6500 4.0 zs 20.764102839860602 -44.77680814345026 42.3466514306856 -14.504510722706426
6500 4.5 zs 12.542045415751693 -26.939246508404846 25.80444737487717 -8.933555841686198
6500 5.0 zs 7.8149628671343025 -16.492124988130676 15.961775976572731 -5.573862730088246
6500 5.5 zs 5.196292073771936 -10.512191574483845 10.205706051709903 -3.5862607747426614
6500 6.0 zs 3.747146092599442 -7.214339476401654 7.034897791431889 -2.4897577625600946
6700 4.0 zs 21.778503760005503 -46.89020931143215 44.23454168365095 -15.127386142598946
6700 4.5 zs 13.063950457629103 -28.03494799293472 26.775530751817634 -9.251142850927176
6700 5.0 zs 8.098012512970058 -17.104181367944427 16.509958176909432 -5.755330198830625
6700 5.5 zs 5.3987496801078665 -10.956304133321375 10.601903450264851 -3.7184055149985946
6700 6.0 zs 3.727021862475161 -7.15676461186405 6.9516461665315505 -2.456595550513264
6900 4.0 zs 22.79659433770584 -49.01801171941153 46.13981541304537 -15.756913278744866
6900 4.5 zs 14.373015393945845 -30.91691490704178 29.464237848157808 -10.164721673178422
6900 5.0 zs 8.444485999612745 -17.843828855181542 17.168722385620782 -5.97150489029659
6900 5.5 zs 5.597985549781846 -11.393768196067933 10.99478819618612 -3.849178004134766
6900 6.0 zs 3.8649794593164897 -7.463712168563384 7.223812457784938 -2.547239053753182
