Teff log(g) filter a1 a2 a3 a4
2300 4.0 g 1.063418401950737 -1.9246721834362244 3.0079188855846013 -1.0343626903740575
2300 4.5 g 1.0421168831433507 -1.7683841020854918 2.7578642455400386 -0.9424304443479846
2300 5.0 g 0.8126980375398545 -1.1714388346667481 2.1208753334557753 -0.7148013464236401
2300 5.5 g 1.1759299087434882 -1.5829184672683905 2.223451864209663 -0.7338510157317448
2300 6.0 g 1.1374790865952875 -1.3817991925033692 1.9602401268015643 -0.6460053152887408
2400 4.0 g 0.49231959799983743 -0.4780001219614984 1.678534688337191 -0.6248882463340373
2400 4.5 g 0.7508626626398663 -1.297587248897838 2.46915403414739 -0.8582201000583992
2400 5.0 g 0.6060982155679883 -0.8448105550500415 1.9639542060606507 -0.6944500155003608
2400 5.5 g 0.6106643163006854 -0.6225335074512888 1.5692194763563747 -0.5301063158168509
2400 6.0 g 0.7886530840716258 -0.8013604139693671 1.5560535284420058 -0.504830424524047
2500 4.0 g 0.6472149565649984 -0.3844138971670611 1.3903362716220902 -0.5316822119333078
2500 4.5 g 0.3942842715049793 -0.13992585449415298 1.2480201514725904 -0.4468414659509354
2500 5.0 g 0.487872645841573 -0.7621823268248601 1.9545295665464297 -0.6554110038361575
2500 5.5 g 0.5533260858540324 -0.7273072991880645 1.7433204873809682 -0.5510218376083756
2500 6.0 g 0.742541765003157 -0.944094276286968 1.8747105435353644 -0.637048544139764
2600 4.0 g 0.8874614582704977 -0.5432029480641737 1.345319853476112 -0.523039305432783
2600 4.5 g 0.380526066678162 0.10538591824081897 0.993168417233352 -0.4112835454408446
2600 5.0 g 0.22918158904642127 0.08598546119838214 1.1087061862044807 -0.4032112251217737
2600 5.5 g 0.5064593889321265 -0.8002947111256233 1.9485428299324337 -0.6291309321145354
2600 6.0 g 0.8342758242227164 -1.4052427712570204 2.233073988427356 -0.6195595082997688
2700 4.0 g 1.3670774016282885 -1.2757520095568664 1.8230867175769148 -0.6764936004998446
2700 4.5 g 0.5434815697113348 0.14083384783061179 0.7498798306518166 -0.3371422355378676
2700 5.0 g 0.24005150445111972 0.304491128148085 0.8729038078215647 -0.38254242070324185
2700 5.5 g 0.3321656188693206 -0.25852115903878076 1.4887933923002157 -0.5366332937477993
2700 6.0 g 0.46096594792488615 -0.6653888996229678 1.7802974228998365 -0.5565366026904452
2800 4.0 g 2.2191681426749095 -2.8982568700376086 3.152083506048728 -1.1105097989932877
2800 4.5 g 1.031471150428867 -0.5880305803398329 1.2069598513133808 -0.48255755857344723
2800 5.0 g 0.39198569180015663 0.40206570231859456 0.5447313969553408 -0.2789512234163833
2800 5.5 g 0.2686432792116193 0.23623411275684777 0.9174436055593224 -0.3963116581585137
2900 4.0 g 2.7983379048153356 -4.066943004057882 4.145602173311242 -1.440223804572007
2900 4.5 g 1.484498099897201 -1.3531905418316907 1.744912565418859 -0.6526038342467925
2900 5.0 g 0.7141004068126412 0.04359098067849676 0.6494189939668152 -0.30725891828459684
2900 5.5 g 0.37041353569307867 0.35828056866595215 0.6396382024387393 -0.3272400287902967
2900 6.0 g 0.38751836488654146 -0.19198264587929503 1.4248169637002213 -0.593580652655283
3000 4.0 g 3.1092800630421404 -4.7418993486825585 4.747268328886845 -1.6456254874712395
3000 4.5 g 1.9375942285879244 -2.2065114086145914 2.4179096857401645 -0.8711928335180414
3000 5.5 g 0.5468552579391958 0.33701794891999204 0.42351866235627655 -0.24960013003154802
3000 6.0 g 0.3222653367314881 0.383509689959077 0.6738420242792911 -0.36245722886117054
3100 4.0 g 3.3855554499713696 -5.369015332640968 5.338556478510074 -1.8499025025140956
3100 4.5 g 2.320192438492777 -2.9881496447328 3.0807696798139683 -1.0924448131102171
3100 5.0 g 1.4299069661735484 -1.1090168982692317 1.3864440973203904 -0.5323489502819908
3100 5.5 g 0.7799018397676483 0.11730632254696681 0.4078873954139743 -0.22778737328063264
3100 6.0 g 0.4086131020341365 0.5850459334799555 0.23282273605408182 -0.2050849939686803
3200 4.0 g 3.7940213059832306 -6.336656242299132 6.29594030899805 -2.186689272425296
3200 4.5 g 2.8467008979437254 -4.155532409792591 4.1650836495928925 -1.4675696651894778
3200 5.0 g 1.8412380435891802 -1.922830956580812 2.0495077536914805 -0.7494324433211499
3200 5.5 g 1.1203429265823766 -0.4291360091154405 0.7352765553752216 -0.3191183735723383
3200 6.0 g 0.5997692138918616 0.4950425639422421 0.060162190681909644 -0.12183260832085452
3300 4.0 g 4.04972676682695 -7.015547225996141 7.009610677338082 -2.4443793913915055
3300 4.5 g 3.2282931801420545 -5.040875737321987 5.014722694366835 -1.7663510504203928
3300 5.0 g 2.2958415335361324 -2.903626921734165 2.9219353754162687 -1.0453878120106348
3300 5.5 g 1.5408729491830426 -1.2441291942581303 1.3682185683821033 -0.5184465822849138
3300 6.0 g 0.924810533334227 0.00185914310906099 0.310595335944324 -0.17921568093245988
3400 4.0 g 4.358895476049157 -7.847670207811831 7.873638037980716 -2.752471137828944
3400 4.5 g 3.494500606165793 -5.703645706305532 5.6721041525552 -2.0009278130959256
3400 5.0 g 2.576338578826843 -3.532841066973075 3.487581816857704 -1.2379973556342552
3400 5.5 g 1.873416432780934 -1.9261147222902815 1.9210557877175751 -0.6950033501305221
3400 6.0 g 1.2825417240534898 -0.654625354447964 0.7668174122621081 -0.31019808677746247
3500 4.0 g 4.999260981277786 -9.403812925087733 9.381635138042931 -3.2671582867999684
3500 4.5 g 3.788286407415193 -6.433218058398497 6.384303791506975 -2.2493556312213654
3500 5.0 g 2.8246370224869284 -4.120552812359515 4.033281235170742 -1.4254245515345183
3500 5.5 g 2.1332547019997 -2.4904862312704426 2.395964731659268 -0.8487914151349842
3500 6.0 g 1.5775601278538223 -1.2397814529542885 1.2062018823042007 -0.4411865478116752
3600 4.0 g 5.640152163357998 -10.940414811277742 10.837307224571731 -3.7456605810252674
3600 4.5 g 4.2064056166961326 -7.458312720018826 7.377605320855925 -2.5901134265930286
3600 5.0 g 3.0505859359101075 -4.670096885163498 4.549740569928381 -1.6015971568408347
3600 5.5 g 2.35171629990136 -2.9939172411714443 2.841799327380219 -0.9966827997958203
3600 6.0 g 1.8334195877677315 -1.7891066579737258 1.6523637623358132 -0.5802791016149125
3700 4.0 g 5.989461496495798 -11.823582134396617 11.656998856552802 -3.987466688280766
3700 4.5 g 4.600423908320378 -8.428802233509053 8.311524975983321 -2.9015503461835035
3700 5.0 g 3.3029044287573117 -5.289956566543999 5.1430876473068174 -1.8035733840878654
3700 5.5 g 2.541529741161398 -3.4521250386674396 3.259182451808599 -1.1357902888383156
3700 6.0 g 2.042903778454399 -2.2633948521975005 2.0584090612875787 -0.7106638787528833
3800 4.0 g 5.9961468253554955 -11.997536811458234 11.834575325281271 -4.000802380954334
3800 4.5 g 4.738674614302014 -8.833884685814594 8.710164405359041 -3.0183847887736452
3800 5.0 g 3.5169350349713837 -5.8438702329963865 5.68139551095873 -1.9831942675354735
3800 5.5 g 2.7337671073136818 -3.9304645341206297 3.712992976019207 -1.2891391593904633
3800 6.0 g 2.200464601893079 -2.645575611561121 2.399837533099121 -0.8220593453941403
3900 4.0 g 6.320702128845245 -12.929731224252707 12.751334265425648 -4.272711294212658
3900 4.5 g 4.820779048324481 -9.186676102461183 9.091285820539786 -3.124397726749877
3900 5.0 g 3.562156826379782 -6.0194224606520965 5.86977727765708 -2.0375860212665886
3900 5.5 g 2.8614816831446506 -4.283154482217923 4.062421516580755 -1.4065903521145315
3900 6.0 g 2.3445474425699064 -3.0193164875132052 2.7565396330773946 -0.9425874117993881
4000 4.0 g 6.172601634405524 -12.783279930289234 12.658877920532712 -4.204029300384549
4000 4.5 g 4.674161445744657 -9.017628343711236 8.965918986330848 -3.0422581327978073
4000 5.0 g 3.6375420278253667 -6.336725862998885 6.230410277395174 -2.150522396226141
4000 5.5 g 2.8967347921524063 -4.439945726973347 4.243169117179938 -1.4656345945948388
4000 6.0 g 2.4365940527211087 -3.3130887368503843 3.0627894120103023 -1.0491540193232614
4100 4.0 g 6.080693281067495 -12.78913875659805 12.767956882341565 -4.23445325594808
4100 4.5 g 4.291603543648594 -8.378208343705605 8.444099408837895 -2.8299250157520794
4100 5.0 g 3.4872156691573273 -6.167885843444745 6.140923274011254 -2.1000122335910842
4100 5.5 g 2.8923611356261136 -4.532061016907454 4.384171562381313 -1.5098496488620845
4100 6.0 g 2.4303296298530435 -3.3647711647833876 3.1448130784777724 -1.0779435761074074
4200 4.0 g 6.093169965213934 -12.919748454709506 12.94824947791581 -4.295695918868745
4200 4.5 g 4.227287900812635 -8.455215751099802 8.602924216058376 -2.861703446474373
4200 5.0 g 3.2640683793563503 -5.846606598146321 5.9098354702285025 -1.9940819563298549
4200 5.5 g 2.821328838770516 -4.576336913504837 4.528509700971167 -1.5578851094578035
4200 6.0 g 2.4285437442599718 -3.452500279368996 3.281317983781994 -1.1261524292053453
4300 4.0 g 6.171196849460176 -13.06411591097382 13.072168700873172 -4.342137682568806
4300 4.5 g 4.056652079446071 -8.27989958409672 8.561849995636258 -2.8509384269183866
4300 5.0 g 2.93512386106339 -5.308512357885892 5.501501404849483 -1.8322133642582743
4300 5.5 g 2.5421184114034916 -4.01916305126661 4.045560729860491 -1.3685992582080708
4300 6.0 g 2.3444287443524563 -3.372781553526751 3.2722381150772732 -1.1218311133120478
4400 4.0 g 6.152328797042674 -12.999529536737311 13.016606601068732 -4.336070329022764
4400 4.5 g 4.1702040363444075 -8.722098079964335 9.10363529801214 -3.0552308804528674
4400 5.0 g 2.89441928685731 -5.49310756554704 5.822995185151524 -1.9424562568541126
4400 5.5 g 2.388628975699004 -3.876111556209251 4.0107837277917975 -1.3414053137143098
4400 6.0 g 2.121695996284263 -2.9636293536172476 2.954065168446864 -1.0057471228073511
4500 4.0 g 6.1640945471167985 -13.024116963990352 13.071307064463893 -4.379870987434579
4500 4.5 g 4.308897443982706 -9.044748819428893 9.418906394358691 -3.1692098292036746
4500 5.0 g 2.743467796761744 -5.340732350057567 5.818695691830416 -1.9560593867452176
4500 5.5 g 2.152531426047028 -3.54590709488319 3.82321189958079 -1.2707156673009563
4500 6.0 g 2.0150293697681025 -2.8872156485895313 2.974239271730811 -1.0039312784171548
4600 4.0 g 6.290550421317872 -13.301463332214027 13.360979989961255 -4.502601270630156
4600 4.5 g 4.295315312421677 -9.007380060934105 9.412049316827666 -3.1912588478131
4600 5.0 g 2.88356183635904 -5.848909800951594 6.443514097146347 -2.200006570931666
4600 5.5 g 2.117505066961386 -3.7170145074619168 4.149201466945015 -1.3971358749450897
4600 6.0 g 1.8698116926490578 -2.732061986807639 2.930883552961536 -0.9809883844424778
4700 4.0 g 6.302508981087239 -13.308354407779829 13.382004058888834 -4.529525860247692
4700 4.5 g 4.390124075257028 -9.209767177707333 9.631369536233322 -3.2908827946907206
4700 5.0 g 2.944608255560534 -6.010165984871335 6.621177417142381 -2.272253884504478
4700 5.5 g 2.048623715879516 -3.7578085129905596 4.3466882476015565 -1.4927900311204112
4700 6.0 g 1.6949675187332414 -2.52171179240276 2.8664183633865896 -0.9647547454950489
4800 4.0 g 6.667016165278035 -14.122174080028831 14.178787078759138 -4.824727413465848
4800 4.5 g 4.50400392473819 -9.453551766896496 9.885696167228575 -3.4004516152617628
4800 5.0 g 3.0176461311469973 -6.16777775341945 6.781570263850127 -2.339335040858842
4800 5.5 g 2.1423469940945696 -4.162276524555841 4.881566918501501 -1.712234664710867
4800 6.0 g 1.6510876496969402 -2.6674394227724774 3.1793380882904345 -1.0977707544225386
4900 4.0 g 6.992334040193032 -14.842979453148999 14.878933761690023 -5.083698770320751
4900 4.5 g 4.633737841138254 -9.725555693728213 10.164223617395011 -3.5186829590852957
4900 5.0 g 3.079031865012871 -6.2885185529433985 6.916284027553872 -2.407203374959102
4900 5.5 g 2.2705179169803733 -4.4846493602552755 5.223302601308868 -1.8438569372107187
4900 6.0 g 1.6560061098742591 -2.8127315650299645 3.4477637925610582 -1.2175072057214658
5100 4.0 g 8.176696288351758 -17.37525010865194 17.29003168823992 -5.96038199879126
5100 4.5 g 5.313070372573374 -11.163385648430557 11.524902545699698 -4.019782288472722
5100 5.0 g 3.5286717309609115 -7.237971648725544 7.834125182747125 -2.7624632427320117
5100 5.5 g 2.585177355917491 -5.17914341753083 5.900929402199765 -2.103597720915336
5100 6.0 g 1.9450439252444967 -3.6692417619351962 4.431604604516677 -1.6069069669508302
5200 4.0 g 8.386291865028952 -17.83025583086665 17.733334357368484 -6.129459793860968
5200 4.5 g 5.572351442399962 -11.744258465173258 12.098636739385828 -4.237048914764837
5200 5.0 g 3.590550073713196 -7.357797951069422 7.958292522812536 -2.82285437373302
5200 5.5 g 2.6093604618958866 -5.212408135644108 5.9419495991649125 -2.13482352231935
5200 6.0 g 1.964055264979166 -3.6966527285678827 4.471491328496526 -1.6369346769880717
5300 4.0 g 8.606420052999654 -18.312114366585764 18.20123357885458 -6.3055017987141655
5300 4.5 g 5.702342053227021 -12.021476648052849 12.370753123776273 -4.346139990823414
5300 5.0 g 3.6573163752097364 -7.49179158265734 8.095036950280733 -2.886468781647217
5300 5.5 g 2.5939555925481628 -5.127275522288236 5.8725511822489915 -2.1369165776135413
5300 6.0 g 1.9720462493315654 -3.6862750829331516 4.466200628699049 -1.6520393211392954
5400 4.0 g 8.864554033067057 -18.876356096261283 18.74238252999356 -6.504182585429838
5400 4.5 g 5.841758288285026 -12.318770601468975 12.65769053802995 -4.457808549769891
5400 5.0 g 3.8455441388554714 -7.922356818673073 8.5256507743643 -3.052819845998801
5400 5.5 g 2.5972794283828913 -5.037006882674615 5.746479197505567 -2.1063596449519015
5400 6.0 g 1.978687507794294 -3.662758670197894 4.43913374518687 -1.656803023704837
5500 4.0 g 9.20662051033085 -19.599341029119177 19.41608027745863 -6.743718781111826
5500 4.5 g 6.050010847324363 -12.772339106438432 13.091004322569306 -4.618150455341157
5500 5.0 g 3.9363820575332533 -8.103245815723108 8.69626734069052 -3.12297074311245
5500 5.5 g 2.6290768132621603 -5.065539193557118 5.760507941555472 -2.1216348601725525
5500 6.0 g 1.9811628682611309 -3.6220713323700546 4.3863616187220895 -1.6493488130967708
5600 4.0 g 9.718844186346674 -20.73484053383556 20.50171086916234 -7.129136182093145
5600 4.5 g 6.20481766484385 -13.099831615822275 13.4014996706744 -4.735340624851766
5600 5.0 g 3.927681902243462 -7.950753915531986 8.501433217478558 -3.072609450125515
5600 5.5 g 2.725375499694409 -5.251514609664929 5.931916459163808 -2.1933085699561055
5600 6.0 g 1.9902679577629496 -3.60044430275466 4.353450865564493 -1.6490154394703784
5700 4.0 g 9.998371155639264 -21.344426338688244 21.07983620431414 -7.336732069764607
5700 4.5 g 6.514489980184561 -13.789052158950993 14.065838178943347 -4.976205155159993
5700 5.0 g 3.997333250839328 -8.074075739543241 8.607202588550368 -3.1177620002746025
5700 5.5 g 2.7562126777529525 -5.28158284114686 5.94489658924314 -2.206114572400139
5700 6.0 g 2.0418106771107976 -3.6737904873606144 4.406544867094041 -1.6757765551848391
5800 4.0 g 10.249085750479416 -21.87560404390208 21.57450771200724 -7.513040306944264
5800 4.5 g 6.577977409160532 -13.795969219738282 14.013764024225988 -4.969456197457117
5800 5.0 g 4.173986721824513 -8.447566149174328 8.956528190840261 -3.2474120943243583
5800 5.5 g 2.855882990676814 -5.4732159639246625 6.114941508539408 -2.2730241076965867
5800 6.0 g 2.053113355878309 -3.6588894153135834 4.375066782518809 -1.6725835874667558
5900 4.0 g 10.737233975906872 -22.961691652427785 22.61239016773253 -7.879622667832285
5900 4.5 g 6.859597651377354 -14.427530854779437 14.626329351946083 -5.190847064561929
5900 5.0 g 4.2499520056059605 -8.584960202665886 9.0720213762161 -3.2932709892358294
5900 5.5 g 2.879833132858395 -5.507156698201679 6.140855107613879 -2.2880335509296263
5900 6.0 g 2.1162597939685175 -3.7672303495989357 4.4632708039823 -1.710274448777619
6000 4.0 g 10.96497322835384 -23.447116057149188 23.06618319855137 -8.041411782441738
6000 4.5 g 7.028889646278119 -14.761092499895872 14.915747587913014 -5.293958005981884
6000 5.0 g 4.328903783056727 -8.733151648394346 9.19807236390975 -3.34175666860216
6000 5.5 g 2.9380786567993464 -5.589767062113326 6.191073707007307 -2.310382141933039
6000 6.0 g 2.1229888545009805 -3.7538454954245104 4.434711189435746 -1.7036668925056695
6100 4.0 g 11.134547931428868 -23.806372756118282 23.405113504842465 -8.163591799362456
6100 4.5 g 7.166736252597508 -15.03955160306663 15.16554348219679 -5.3840677792864895
6100 5.0 g 4.481396804595739 -9.067536924797745 9.518716152609285 -3.4597453899071366
6100 5.5 g 2.984086999508027 -5.658581338407354 6.236993722201501 -2.330007243895507
6100 6.0 g 2.078640759212444 -3.4785256016467674 4.048081332128843 -1.5546858643851895
6300 4.0 g 11.615063742669488 -24.818212138236934 24.33755361170696 -8.49097340939725
6300 4.5 g 7.419201747798089 -15.548476954817312 15.623821892413968 -5.549328673472929
6300 5.0 g 4.696974700668149 -9.495963695671092 9.89246588584388 -3.5961178961225024
6300 5.5 g 3.100783532252189 -5.7093769009657045 6.126740058645309 -2.270824361078388
6300 6.0 g 2.1538404575274197 -3.5127495096971293 3.9768649386806385 -1.5214238098506365
6500 4.0 g 12.178862805152187 -25.993611005586278 25.41080463990585 -8.860694004000264
6500 4.5 g 7.773697362222748 -16.277698408850174 16.280119887431887 -5.778143282434365
6500 5.0 g 4.883947896627944 -9.858054588394914 10.201830296912828 -3.7057536419137813
6500 5.5 g 3.2331436347636875 -5.928529215006857 6.277143634187818 -2.321052896209152
6500 6.0 g 2.2475826196336883 -3.6432288250191864 4.036496041133822 -1.5390176410323102
6700 4.0 g 12.856583112494645 -27.39692703633597 26.678661703563133 -9.290405007692149
6700 4.5 g 8.178110177375727 -17.103234531716247 17.016734101118 -6.0302673717662625
6700 5.0 g 5.100861133580286 -10.288043105213923 10.575504969116075 -3.8358721447322592
6700 5.5 g 3.403292627867729 -6.237943960759624 6.515398564501571 -2.4000262276155673
6700 6.0 g 2.3534198101907857 -3.799923219814639 4.120976396334137 -1.5635602691355772
6900 4.0 g 13.485927372634768 -28.674940789909233 27.815278716428487 -9.67191085647135
6900 4.5 g 8.652898187315936 -18.075865681740545 17.88756759976661 -6.325988758920839
6900 5.0 g 5.3536247532321415 -10.797164914066045 11.025254185475339 -3.9915043558561245
6900 5.5 g 3.565311813130128 -6.546961132955319 6.767068377611616 -2.484158823949893
6900 6.0 g 2.4691109702731198 -3.991249492179762 4.246094178598315 -1.601617811182994
