Teff log(g) filter a1 a2 a3 a4
2300 4.0 z 3.659835413488238 -5.848349055218335 5.646449845009453 -1.9676510117261505
2300 4.5 z 2.6514715427272084 -3.751071877147524 3.7366893107454136 -1.3241987962539787
2300 5.0 z 2.0035485157341775 -2.3855032144604023 2.4701225517440206 -0.8886452717469236
2300 5.5 z 2.0019404202898965 -2.4534287353095277 2.509939450402917 -0.8945743932983657
2300 6.0 z 1.741221257225978 -1.8648514043922555 1.9255030226677903 -0.6897192692513185
2400 4.0 z 3.6639094142452713 -5.700787330447399 5.403519065091294 -1.871169092650399
2400 4.5 z 2.454337948812492 -3.1945519955377373 3.1574778687652985 -1.122534073374307
2400 5.0 z 1.8028938056132695 -1.8234613707461353 1.91483250728174 -0.7111394337847532
2400 5.5 z 1.5697608292312237 -1.396359397169095 1.533264211153021 -0.5793840320526157
2400 6.0 z 1.4760003073139423 -1.2325338535999169 1.3770254230865449 -0.5279304745025908
2500 4.0 z 4.103227302842312 -6.4683281493140585 5.949757024472004 -2.0297850111050937
2500 4.5 z 2.507257570398004 -3.1701307202650297 3.039012469566777 -1.0729848855224025
2500 5.0 z 1.5874720052482467 -1.3386848240456375 1.4863483086804208 -0.5753045137130928
2500 5.5 z 1.3673960600813844 -0.8129717709426809 0.9319058982179824 -0.3734598216606412
2500 6.0 z 1.2399211282769376 -0.6008828952016405 0.7548165741742079 -0.31910244695591516
2600 4.0 z 5.12196767272429 -8.573070086009402 7.75725226134254 -2.61505729451561
2600 4.5 z 2.9664913427915764 -3.961259123885667 3.588915673364377 -1.229654901555475
2600 5.0 z 1.7419973666017023 -1.4521309658790509 1.4179837856805917 -0.5271970129237862
2600 5.5 z 1.1470908865653227 -0.30797510152013263 0.487160258145871 -0.23796008927165552
2600 6.0 z 0.8802640082770121 0.13918618978399727 0.18090980064915752 -0.15799606178025663
2700 4.0 z 6.7273583329588895 -12.14272572638777 11.046764309714444 -3.7269201320831065
2700 4.5 z 3.8712271117064927 -5.842542643647192 5.187952809886889 -1.7427144637710204
2700 5.0 z 2.1481305456817927 -2.127637000018956 1.8425134449674199 -0.6358200237174615
2700 5.5 z 1.324466078344447 -0.4697730036262635 0.45881924052821554 -0.2020920801886027
2700 6.0 z 0.9169418286409067 0.29643927181113255 -0.1349025234518219 -0.02723479673338213
2800 4.0 z 8.5568208530459 -16.272976153937037 14.912135759963446 -5.044086026420526
2800 4.5 z 5.261129491614834 -8.951023750102198 8.043017990286312 -2.7055601505761944
2800 5.0 z 3.0523218028968357 -4.062789991129626 3.516849005883257 -1.178770985784879
2800 5.5 z 1.7908994283448405 -1.3341010172724375 1.0676172932897419 -0.37116437182138073
2900 4.0 z 9.532478736698591 -18.589723656719634 17.13789154572274 -5.8166470960335985
2900 4.5 z 6.056538755911834 -10.816967394482596 9.781141934563392 -3.296647544844149
2900 5.0 z 3.876676419622922 -5.9163816846943575 5.170876972815309 -1.7243902285169816
2900 5.5 z 2.570041076416192 -2.9883755541742176 2.4786249919074987 -0.8239996292254504
2900 6.0 z 1.5865931767368031 -0.8173206050840832 0.5334693613459517 -0.18771616955091316
3000 4.0 z 9.872979054603386 -19.477860492559604 18.021607700444527 -6.130877015361098
3000 4.5 z 6.712260239130859 -12.373146923367962 11.243923687065019 -3.796193269362664
3000 5.5 z 3.106021117285306 -4.207836639160215 3.528233725027009 -1.1589924016905413
3000 6.0 z 2.0845302141432103 -1.8925714575625145 1.3980455683862507 -0.4485654318780383
3100 4.0 z 10.476918960599708 -20.857757977287026 19.3284943587533 -6.579300815128928
3100 4.5 z 7.362906158705842 -13.944019018270092 12.758829835210173 -4.322833093176386
3100 5.0 z 4.993535908712254 -8.577305537429778 7.620480617359981 -2.5470636742093355
3100 5.5 z 3.612308834686758 -5.414317583623872 4.614570233670727 -1.5163277779516386
3100 6.0 z 2.6020306691384323 -3.081590787907956 2.422247612281557 -0.7729722988338222
3200 4.0 z 12.089012765034092 -24.51061470843093 22.825706884591874 -7.788977503123934
3200 4.5 z 8.345442375938802 -16.231578636624732 14.956796392974551 -5.085099630033154
3200 5.0 z 5.670962937690778 -10.20408976587924 9.174166922230118 -3.0824805279111054
3200 5.5 z 4.091101865656635 -6.594429387449607 5.7140596734080065 -1.8861677823493492
3200 6.0 z 3.0531809905136815 -4.192017317460021 3.4292282128974367 -1.103198456228011
3300 4.0 z 13.40183926348913 -27.486512455160533 25.6753010248866 -8.773035503991233
3300 4.5 z 9.633768000863281 -19.254501566125157 17.903211440561694 -6.11698580054854
3300 5.0 z 6.509284531582268 -12.216897611911856 11.133281466530407 -3.7670460788374673
3300 5.5 z 4.687359797933257 -8.055199699973414 7.110697399739049 -2.365964664996195
3300 6.0 z 3.5441212719723025 -5.420760019062837 4.582894243244006 -1.4917864184852205
3400 4.0 z 14.0211908671463 -28.938929937212958 27.087772252441592 -9.262810409974396
3400 4.5 z 10.181370163172543 -20.562223806110097 19.181708684241936 -6.563982836682486
3400 5.0 z 7.034724793526391 -13.506115626334546 12.401054094552984 -4.212311801694495
3400 5.5 z 5.098800194184343 -9.090993178012436 8.121360470669185 -2.7177403151330823
3400 6.0 z 3.9656798978256433 -6.491244508098607 5.612982724681546 -1.8454810038156992
3500 4.0 z 14.697667464065113 -30.61120730849019 28.7562603171665 -9.848566160088502
3500 4.5 z 10.535791073331929 -21.46159888417289 20.08757781018981 -6.885074291697077
3500 5.0 z 7.278753137593726 -14.147814264592496 13.048168759427822 -4.4420539312040095
3500 5.5 z 5.3699152394124585 -9.803246971425706 8.830338760161878 -2.9673327594065646
3500 6.0 z 4.208232461009364 -7.141890281267684 6.253003739581529 -2.0679962489982
3600 4.0 z 15.32234098265043 -32.20202602488886 30.368739987842076 -10.416706881671827
3600 4.5 z 10.878483253288046 -22.36784427700732 21.02321195310079 -7.220331867857219
3600 5.0 z 7.462204890350567 -14.66456709143657 13.590666083371126 -4.638832189099577
3600 5.5 z 5.489422011372237 -10.161457165598128 9.20501531089857 -3.102595865987134
3600 6.0 z 4.3362608386402215 -7.523600022140397 6.6411312202138575 -2.2052917903067106
3700 4.0 z 15.492265034317494 -32.75580953781436 30.98927133692687 -10.63818013123629
3700 4.5 z 10.973597550609677 -22.703233057493716 21.40864686728927 -7.361788879234637
3700 5.0 z 7.479205575067914 -14.784512199285421 13.74584299167651 -4.698808393117956
3700 5.5 z 5.567163199846566 -10.428927391084903 9.503468275402028 -3.2141091061872533
3700 6.0 z 4.39384671334701 -7.7323648357925965 6.868393607720751 -2.288735382374818
3800 4.0 z 15.397070134004174 -32.743565663733044 31.109211635747357 -10.694697724020266
3800 4.5 z 11.020721095329035 -22.940311004580984 21.718381539758 -7.4792137842707
3800 5.0 z 7.563254380349986 -15.089886008913476 14.107974863517853 -4.836528098839054
3800 5.5 z 5.523841796809049 -10.402345097346059 9.514582823785627 -3.2244670930046073
3800 6.0 z 4.353447682980513 -7.709314356697523 6.874852033847293 -2.2962270792107136
3900 4.0 z 15.294662120220408 -32.74667646957858 31.252718822066754 -10.759774224978148
3900 4.5 z 10.716930863210978 -22.401580758530915 21.302208953612112 -7.346371077981211
3900 5.0 z 7.3799360137548975 -14.742419491142119 13.823509808884799 -4.7433191451176455
3900 5.5 z 5.423802701271321 -10.248791878408056 9.411776308096359 -3.1965960347181164
3900 6.0 z 4.335333666450706 -7.734244678437115 6.933399855559699 -2.3233918055942278
4000 4.0 z 14.801597398232955 -31.809326695016445 30.47373273449089 -10.502497359353868
4000 4.5 z 10.269483560635964 -21.511503694639053 20.535808970942146 -7.086015060820888
4000 5.0 z 7.104731143099296 -14.220496073869429 13.397420902652197 -4.604517995914774
4000 5.5 z 5.353323994285495 -10.159333967471483 9.378725364120744 -3.194070152410298
4000 6.0 z 4.1997415734708765 -7.50189916219015 6.755585084724026 -2.2706524679236
4100 4.0 z 14.331345261834086 -30.943205732340154 29.78390909374092 -10.285118149131167
4100 4.5 z 9.52235901845298 -19.93683896778683 19.130395924762748 -6.60946384725847
4100 5.0 z 6.846734905499432 -13.748013252108866 13.035914554139733 -4.489935669038727
4100 5.5 z 5.129125596616848 -9.705667725237735 8.992368532701663 -3.066093101806161
4100 6.0 z 4.041982381390886 -7.186528554073466 6.486912020171245 -2.1833365073601074
4200 4.0 z 14.114542686398734 -30.532941946958953 29.427142794790797 -10.158735740917258
4200 4.5 z 9.343291011747835 -19.72941858089938 19.066998005481196 -6.605142254559872
4200 5.0 z 6.411128165437399 -12.852092375159367 12.254935401735414 -4.2245519625964505
4200 5.5 z 4.80688489022774 -9.098670579615389 8.50428796437144 -2.911129317439111
4200 6.0 z 3.944849280994046 -7.022401379992252 6.3774234801096945 -2.1532243743606676
4300 4.0 z 13.881864402250201 -29.974749143556856 28.85556645450769 -9.951581217378159
4300 4.5 z 8.87927007938556 -18.806406700651127 18.284920339931844 -6.3490189052033745
4300 5.0 z 5.881032865056255 -11.727262315639113 11.259103757508818 -3.886533027781429
4300 5.5 z 4.619497032569733 -8.672974335705922 8.127373383815629 -2.777982432336504
4300 6.0 z 3.7456240867188395 -6.629062932432022 6.0537408137579485 -2.0482481605505165
4400 4.0 z 13.533769774364723 -29.1730911614488 28.075632072117788 -9.682036257674001
4400 4.5 z 8.768915050133169 -18.6904931680023 18.25057460366844 -6.34568085717408
4400 5.0 z 5.558210096017831 -11.188285632296838 10.878085277819807 -3.774334094822541
4400 5.5 z 4.313808114563 -8.090464309589276 7.660108899677122 -2.6256227572185797
4400 6.0 z 3.565043794120167 -6.237153322670179 5.720146081607824 -1.9361210454525555
4500 4.0 z 13.591895255450764 -29.336565202500218 28.252574105182113 -9.753074206551261
4500 4.5 z 8.598274274109762 -18.27833106471386 17.816613154919423 -6.183711558771717
4500 5.0 z 5.420818942020923 -10.981750092036727 10.77764651442706 -3.7562241220435286
4500 5.5 z 3.953501453119191 -7.35005456033269 7.035218786974662 -2.419202861092951
4500 6.0 z 3.3321829898165536 -5.794653492643285 5.371884700067398 -1.8237798545060795
4600 4.0 z 13.258288092962305 -28.564260711176445 27.497225580313447 -9.49213297429399
4600 4.5 z 8.656646458239345 -18.4306968143586 17.975032187202313 -6.246374189563596
4600 5.0 z 5.353356142790094 -10.964004128791364 10.845414104113106 -3.7933146912807048
4600 5.5 z 3.8180023046910723 -7.202331609223481 7.021163940622102 -2.4362990982937034
4600 6.0 z 3.1957027238225604 -5.569916798287013 5.2382732041007865 -1.7870258884171433
4700 4.0 z 13.363771078850785 -28.81194791383149 27.73708807392834 -9.580082619975961
4700 4.5 z 8.764296251618365 -18.672782411874817 18.204274467028856 -6.329672627070699
4700 5.0 z 5.475483234941489 -11.254115753998008 11.114446913613303 -3.8824282474234413
4700 5.5 z 3.753013527452305 -7.175232973338173 7.102721331430777 -2.4861183499800634
4700 6.0 z 2.9378754794490014 -5.055109559161644 4.828866607508882 -1.6580989950044185
4800 4.0 z 14.067008537351532 -30.42320366788672 29.289978446317203 -10.123820341127855
4800 4.5 z 8.900056119158519 -18.975197239554184 18.488320411550166 -6.430947732180214
4800 5.0 z 5.544751711002943 -11.399064503430509 11.235707701968224 -3.921680591221689
4800 5.5 z 3.8110920091173064 -7.465511404122128 7.489409019162776 -2.642258113549378
4800 6.0 z 2.803896074742635 -4.9107489163151605 4.821458703732013 -1.6812625743405798
4900 4.0 z 14.48280379050112 -31.360723751758577 30.177029687699783 -10.431060712703207
4900 4.5 z 9.079268084551908 -19.369934597183057 18.85800108441534 -6.561404984238005
4900 5.0 z 5.63653387354234 -11.600202184526886 11.422863405484028 -3.989752722250665
4900 5.5 z 3.968023860549036 -7.83693938267895 7.838183135448027 -2.7588677922220604
4900 6.0 z 2.8216799580404857 -5.022645666934329 5.004888117636178 -1.7611942864425159
5100 4.0 z 16.793068188906883 -36.38521073722838 34.837582639752576 -12.014222362983727
5100 4.5 z 10.443460188170386 -22.38508506347474 21.676017370601016 -7.526594929342471
5100 5.0 z 6.382398131364278 -13.25533693134736 12.967019661248646 -4.522398087745966
5100 5.5 z 4.429311141053036 -8.870501794114976 8.78616788437271 -3.0793226023723776
5100 6.0 z 3.1784771965407783 -6.014979480891894 6.056637281440934 -2.1453820404473682
5200 4.0 z 17.056952689716578 -36.98319302166672 35.40415703847759 -12.211958147678144
5200 4.5 z 10.579790825078225 -22.69930143978635 21.974006237888716 -7.632383245805426
5200 5.0 z 6.685833895520632 -13.96402060404558 13.65597526210883 -4.767286958425888
5200 5.5 z 4.463934454734017 -8.947847332161496 8.854074528002696 -3.105010125136773
5200 6.0 z 3.2139987766978573 -6.093572582706305 6.126211559951363 -2.170876497539411
5300 4.0 z 17.34988525501186 -37.644262177191294 36.02933412037204 -12.429260656981523
5300 4.5 z 10.733807665588918 -23.052065450185587 22.307043735342162 -7.749472147535005
5300 5.0 z 6.779315601039307 -14.18450751472349 13.865911109220809 -4.8429533412591255
5300 5.5 z 4.510750259574617 -9.053168693220517 8.963676858074729 -3.1525831120674574
5300 6.0 z 3.3439075495498267 -6.393019417370673 6.412592340190629 -2.2742739566254584
5400 4.0 z 17.723759791731073 -38.48134224999572 36.81628512999208 -12.70006890263385
5400 4.5 z 10.917256335474946 -23.468968034863877 22.699711562133416 -7.886447631511305
5400 5.0 z 6.894696562239225 -14.465261155618368 14.137563695174995 -4.940203122987655
5400 5.5 z 4.570180658963618 -9.168003798801914 9.059020944453204 -3.190309717571473
5400 6.0 z 3.3730176494920787 -6.455366131750271 6.464849109995929 -2.294722070225317
5500 4.0 z 18.258353151516342 -39.62842682549076 37.86514097483698 -13.052587742170347
5500 4.5 z 11.609131453316058 -25.063099621152006 24.237143769184712 -8.42338774555656
5500 5.0 z 7.028576779452386 -14.766544249643417 14.416886094112765 -5.037183083932132
5500 5.5 z 4.630610287742721 -9.299960196795453 9.17562667459891 -3.2318823625210027
5500 6.0 z 3.4066199560383166 -6.528040616787005 6.526235455134214 -2.3178723493971467
5600 4.0 z 18.6489124948576 -40.47386072393089 38.64085510733313 -13.314353287768244
5600 4.5 z 11.837921195881643 -25.572676442743965 24.711819823459813 -8.58657743566518
5600 5.0 z 7.15362744261286 -15.038774563850195 14.682562687684165 -5.141821024729013
5600 5.5 z 4.696787859083162 -9.459017293300409 9.326954338160139 -3.2876909559895124
5600 6.0 z 3.440190654268086 -6.602281947014047 6.589407125396566 -2.3414777760661374
5700 4.0 z 19.016333867434675 -41.27946119003945 39.3863902357857 -13.567523291490371
5700 4.5 z 11.595718219194833 -24.976033672574868 24.0975999325291 -8.365042137449867
5700 5.0 z 7.25588318352875 -15.271330462530537 14.89901608061678 -5.218188204531971
5700 5.5 z 4.917598516584694 -9.971648796114582 9.820494383665936 -3.462591488367804
5700 6.0 z 3.471617280235702 -6.673712060545155 6.650728758720247 -2.3643560637506877
5800 4.0 z 18.64434597363377 -40.36466497528002 38.45097848738489 -13.230599681488476
5800 4.5 z 11.79646791595099 -25.413474103782328 24.516376245178947 -8.520057908449727
5800 5.0 z 7.356743017662255 -15.498620309996486 15.108697864099158 -5.291516582368616
5800 5.5 z 4.976397108236459 -10.107059290422537 9.944203832458145 -3.5068813482312833
5800 6.0 z 3.502878087513646 -6.746625496227574 6.7141278706505 -2.387787052643012
5900 4.0 z 18.931942338455915 -40.97428731505321 38.998191305111185 -13.412211610149468
5900 4.5 z 11.955645146639872 -25.758027706783867 24.832646948589904 -8.627653661134994
5900 5.0 z 7.455654873943184 -15.721391485160023 15.31377692597472 -5.362907978180873
5900 5.5 z 4.84755443901778 -9.811354747069654 9.652019677185406 -3.405121712265194
5900 6.0 z 3.5371290527742443 -6.830868344706331 6.7909492822041635 -2.416165226604771
6000 4.0 z 19.190448616104828 -41.51766368909257 39.4816497204917 -13.571734251000366
6000 4.5 z 12.123407061286413 -26.124264142592004 25.162276045231003 -8.739129818418995
6000 5.0 z 7.55367889422258 -15.943812441145207 15.518810955888723 -5.433983337143725
6000 5.5 z 4.924787775910628 -9.98962620749293 9.813613254209239 -3.4619395975508587
6000 6.0 z 3.557343644774767 -6.882174483352011 6.8376492486617435 -2.4335469380796177
6100 4.0 z 19.40651985069882 -41.95821374878555 39.86525038555667 -13.695947777683742
6100 4.5 z 12.278615568866403 -26.458877601394736 25.463347316774716 -8.840209107094555
6100 5.0 z 7.6154428086851205 -16.083244373110936 15.647517897837487 -5.47881191206046
6100 5.5 z 4.985143927869073 -10.125909974542553 9.935556353543873 -3.504069779800109
6100 6.0 z 3.5339862916157108 -6.760475980140612 6.671323038428966 -2.3720237522159744
6300 4.0 z 19.95477118256671 -43.092096276489265 40.855283165148194 -14.016955256616258
6300 4.5 z 12.585087777615394 -27.113079919978347 26.04905566471764 -9.035504012124024
6300 5.0 z 7.557691614304464 -15.928300724426915 15.458630854808163 -5.406292633691004
6300 5.5 z 5.029915844207401 -10.143140605286206 9.883388924582379 -3.4786570181599865
6300 6.0 z 3.6187183611493237 -6.919595673177257 6.778744260805971 -2.4037057845379644
6500 4.0 z 20.679152007901326 -44.55805959331444 42.121390261114605 -14.422605307264583
6500 4.5 z 13.037908843193945 -28.078459372373253 26.913484117718518 -9.321478544236642
6500 5.0 z 7.781508957957021 -16.40853995024148 15.881882378768783 -5.545537145401002
6500 5.5 z 5.172042282106924 -10.452184510558615 10.151793377496466 -3.567943903332344
6500 6.0 z 3.7298152179536865 -7.172239678157049 7.000033175569584 -2.4784452715703726
6700 4.0 z 21.716931846547784 -46.72394794382261 44.05875313022454 -15.062978834416459
6700 4.5 z 13.602203510075968 -29.26642388698895 27.96849750423158 -9.666856389802218
6700 5.0 z 8.068525200335344 -17.029392157185775 16.437076440378437 -5.728981991547429
6700 5.5 z 5.375040965928151 -10.897811838787868 10.54917002079786 -3.7004629150160584
6700 6.0 z 3.85646361949546 -7.449378851258815 7.240049124504386 -2.5580443971640983
6900 4.0 z 22.765519388373004 -48.92203230401233 46.03124498544463 -15.716115594727786
6900 4.5 z 14.343913015160878 -30.836817156042045 29.37807259352208 -10.131753291453448
6900 5.0 z 8.420459420266235 -17.78096147442782 17.1051749877444 -5.947686696232248
6900 5.5 z 5.575533686946367 -11.338365211377752 10.944425770869142 -3.8318644654942053
6900 6.0 z 4.002103940346848 -7.773398025491836 7.528156290063619 -2.6541340691701043
