Teff log(g) filter a1 a2 a3 a4
2300 4.0 z 3.2411838516293128 -4.923106328473281 4.794814528101929 -1.6777804956197442
2300 4.5 z 2.464141530864088 -3.3726018875705392 3.4188076578086677 -1.2207582085657855
2300 5.0 z 1.898042557709603 -2.1991952565020285 2.33268958224492 -0.8459270749822303
2300 5.5 z 1.9506320270559532 -2.3900168635764456 2.480524881736133 -0.8861261309385354
2300 6.0 z 1.70884591965912 -1.839719598318142 1.9265024065027314 -0.6903124538283946
2400 4.0 z 3.2346278225533394 -4.730860617075937 4.497073078970644 -1.560779199652245
2400 4.5 z 2.2381765145488925 -2.734474454417465 2.7561563967211 -0.989790400540858
2400 5.0 z 1.6221392799962653 -1.4586839647856549 1.6079466419705863 -0.6108634341842047
2400 5.5 z 1.491569880938198 -1.273048380392894 1.4557324289610085 -0.5567809843517151
2400 6.0 z 1.42491297003074 -1.1749176280591882 1.361067172770746 -0.5260146100771103
2500 4.0 z 3.669107441683524 -5.466799604760707 4.996859253784839 -1.7002752621358537
2500 4.5 z 2.303599938470195 -2.7200331426414257 2.635170440411367 -0.9375387262468681
2500 5.0 z 1.3906652377940176 -0.9281003782740604 1.1339052925560442 -0.4591789470645602
2500 5.5 z 1.265450920343634 -0.6331816481418323 0.8064542119045524 -0.3365843845212576
2500 6.0 z 1.1423423087426106 -0.4401971231561699 0.6483772824335686 -0.28815476080482016
2600 4.0 z 4.842481670595278 -7.915976359581755 7.127768035106426 -2.3964960881122117
2600 4.5 z 2.6877371355664152 -3.321139306788457 2.9872482604445016 -1.0227362992960685
2600 5.0 z 1.5510048925731306 -1.0385489237959629 1.0527842916119519 -0.4055768207488277
2600 5.5 z 1.037666390011418 -0.10367099287996662 0.3376689027531822 -0.19312958004661263
2600 6.0 z 0.7736711707916312 0.3119999444390154 0.07544865548416593 -0.13033457815884036
2700 4.0 z 6.617636888718841 -11.874908841738062 10.791076924551 -3.638244832137528
2700 4.5 z 3.788048130468609 -5.64597667253107 5.0098552955740185 -1.6827882880064862
2700 5.0 z 2.0093279889112217 -1.8202580381778402 1.5709519760433215 -0.5458855351200549
2700 5.5 z 1.1797736261144425 -0.17240370447005088 0.21378750361188875 -0.12426465294777578
2700 6.0 z 0.8257087675696988 0.4536110908781561 -0.2324739469475119 -0.0025199860245650463
2800 4.0 z 8.454565618511653 -16.02135991371337 14.6690494108948 -4.95913827694731
2800 4.5 z 5.180790039904612 -8.75715541882087 7.862208122057113 -2.6436377846347696
2800 5.0 z 2.976393331569921 -3.8909963332369064 3.3685338566079195 -1.130534030996168
2800 5.5 z 1.7162142398596893 -1.1802738796358738 0.9501429513251032 -0.33640039788852766
2900 4.0 z 9.246579619606782 -17.906182552416418 16.467707086248684 -5.580463687736967
2900 4.5 z 5.990707956903996 -10.655017932744999 9.628415922243805 -3.244009900343777
2900 5.0 z 3.812897512955545 -5.766994176673821 5.038224851630849 -1.68057161654872
2900 5.5 z 2.4589274035742275 -2.740444669265033 2.2611145012191405 -0.752923232604376
2900 6.0 z 1.4800391694783706 -0.5955386507207713 0.35604322900952895 -0.13381307901294132
3000 4.0 z 9.794554063296934 -19.282709462799154 17.83179851681797 -6.064225207163645
3000 4.5 z 6.657201676280777 -12.235618719175113 11.113386917388787 -3.7510720711317664
3000 5.5 z 3.041818963130789 -4.059678434978201 3.399912828966355 -1.1177138327805902
3000 6.0 z 2.0069972925265556 -1.7217552929736255 1.2571548285968925 -0.40503085639591113
3100 4.0 z 10.401193782111916 -20.670811385192554 19.147339959588287 -6.515844581129769
3100 4.5 z 7.30914768381413 -13.809034771064955 12.6296882978917 -4.278018039662934
3100 5.0 z 4.948653282285727 -8.46564008337837 7.5173827458575095 -2.512249365716533
3100 5.5 z 3.559646269542098 -5.287547558820982 4.501197526580348 -1.4790501132244065
3100 6.0 z 2.536459609239952 -2.929630518969799 2.2908717041716025 -0.7309394687835413
3200 4.0 z 11.988219406469739 -24.26731225677631 22.59040672267568 -7.706713793041547
3200 4.5 z 8.286469077502572 -16.08396711491351 14.814307800479854 -5.03539332016002
3200 5.0 z 5.627305440299598 -10.093812080535207 9.070349404385162 -3.046965671526104
3200 5.5 z 4.046666689631987 -6.483480150882207 5.612226738152283 -1.852081154128491
3200 6.0 z 2.9995330888105753 -4.061951177282793 3.3128837459345006 -1.0650447981978615
3300 4.0 z 13.276151239010959 -27.188280542366634 25.388318237436756 -8.67310404692002
3300 4.5 z 9.557703528824655 -19.0670449750271 17.721344135613172 -6.053342570803439
3300 5.0 z 6.462122443641424 -12.097347458106672 11.018698051793645 -3.7273466630208807
3300 5.5 z 4.64837439206606 -7.955861912279195 7.017791709999522 -2.334423362325368
3300 6.0 z 3.4995793389650425 -5.309362829914782 4.481044792477277 -1.4578584369522871
3400 4.0 z 13.878994596682702 -28.604749606644322 26.767586341135967 -9.151736322345029
3400 4.5 z 10.099617628648193 -20.36126116680807 18.986284449594137 -6.495531335767232
3400 5.0 z 6.987852709435058 -13.386395341625974 12.284948013879136 -4.171750230882403
3400 5.5 z 5.062306811322495 -8.997213508642298 8.032681885192853 -2.6873733908279416
3400 6.0 z 3.929250768680538 -6.398412165580506 5.527064948813642 -1.816582188269131
3500 4.0 z 14.542513358732215 -30.250695304249696 28.41277527853416 -9.729867407635874
3500 4.5 z 10.445791864816472 -21.243190447404658 19.87626205947259 -6.811314964902939
3500 5.0 z 7.23130492273902 -14.026448004334034 12.92990044617199 -4.400618362506419
3500 5.5 z 5.341264502102387 -9.726590509765211 8.756286050092644 -2.9415913567637384
3500 6.0 z 4.177735049172032 -7.0626979042716345 6.178994249131861 -2.0429223179259623
3600 4.0 z 15.16091939610046 -31.831014492136987 30.01715762499662 -10.295554018612771
3600 4.5 z 10.779651126096773 -22.131456670189564 20.795965265639158 -7.141338099069835
3600 5.0 z 7.4088226888794155 -14.530909391181545 13.46136001365511 -4.593729383430154
3600 5.5 z 5.459252417165937 -10.081720705544946 9.128001904259582 -3.0758186017106626
3600 6.0 z 4.31681689941551 -7.4693862178974975 6.589238310655556 -2.1874049073466093
3700 4.0 z 15.331851402344293 -32.39141463229971 30.646081785690228 -10.52016664884521
3700 4.5 z 10.870235263489565 -22.45916674408447 21.17555736463542 -7.281071718713234
3700 5.0 z 7.420884432331346 -14.641108819267457 13.608189258550274 -4.651035186102225
3700 5.5 z 5.532720201724702 -10.34033419841411 9.41851548865172 -3.184703548761774
3700 6.0 z 4.37222446434464 -7.673736851100779 6.812543452775837 -2.269539741573968
3800 4.0 z 15.239031842190654 -32.38965757872007 30.778616538654127 -10.581270209362971
3800 4.5 z 10.914736407335749 -22.692892301555364 21.483400604365173 -7.398022079100149
3800 5.0 z 7.499377456045628 -14.935401075623714 13.96066579583086 -4.785607555902235
3800 5.5 z 5.485578847901281 -10.306001422034141 9.422873356669866 -3.1928758369497197
3800 6.0 z 4.3294098763556885 -7.64575592966475 6.814658216589203 -2.2756201306211383
3900 4.0 z 15.141206656126739 -32.408528271999685 30.939704197458507 -10.652557902443199
3900 4.5 z 10.610974650604376 -22.157748511231706 21.072421293014415 -7.2671681153218834
3900 5.0 z 7.313685479962327 -14.584105341315032 13.673427476928042 -4.6915828115276845
3900 5.5 z 5.382030775886544 -10.14544846261944 9.314029387021536 -3.1630573876018984
3900 6.0 z 4.307895610984557 -7.663427276051461 6.866614941659542 -2.30059050340397
4000 4.0 z 14.650877463200874 -31.48155954424573 30.172592562256174 -10.399385290337175
4000 4.5 z 10.165899588339109 -21.276316642260205 20.315719293404783 -7.010153792972194
4000 5.0 z 7.037406915159519 -14.06177925144335 13.247963340947045 -4.553103651579664
4000 5.5 z 5.30845545659885 -10.049870872783043 9.275679934700822 -3.1587913018268443
4000 6.0 z 4.169448200345647 -7.425282991302142 6.68372349137445 -2.246199776581645
4100 4.0 z 14.18388385037524 -30.62703459718213 29.496220770137136 -10.186863310822183
4100 4.5 z 9.418956182685333 -19.70572315545308 18.916055854794124 -6.535621921190071
4100 5.0 z 6.77901738488665 -13.590633182668203 12.888734411362645 -4.439325831709212
4100 5.5 z 5.083347089523665 -9.595223700224901 8.888951292638236 -3.0307434838024627
4100 6.0 z 4.0098070104925565 -7.106187957594036 6.411859860912516 -2.15784804977517
4200 4.0 z 13.975283434323972 -30.236323755904184 29.158228599188124 -10.06670960420199
4200 4.5 z 9.24350111444981 -19.51010894954309 18.86560415645768 -6.5357543118608215
4200 5.0 z 6.344936252413704 -12.700601994689768 12.114432049334722 -4.1761847342732885
4200 5.5 z 4.760089268552103 -8.987999261585669 8.401663246441322 -2.8761565894930934
4200 6.0 z 3.9114358883374916 -6.94002211603225 6.300834826592026 -2.127253374049332
4300 4.0 z 13.746371526884666 -29.68406123656696 28.59051512718943 -9.860534565164725
4300 4.5 z 8.783278549813197 -18.59878178519374 18.09648492789577 -6.284262421617557
4300 5.0 z 5.8158098934470726 -11.580602058246416 11.124529799296091 -3.8401728156425627
4300 5.5 z 4.573843504749348 -8.565661089431183 8.02819313784208 -2.7440475154351374
4300 6.0 z 3.7123251254755902 -6.547954640557449 5.978851147982214 -2.0228953972012387
4400 4.0 z 13.401649229900354 -28.887974395989193 27.814890131565218 -9.592441096212669
4400 4.5 z 8.681060065820999 -18.503485236007307 18.082876269502577 -6.288127487826984
4400 5.0 z 5.664586647923083 -11.451538959705886 11.151225921387587 -3.872718619129084
4400 5.5 z 4.269855948460726 -7.989280580591668 7.56774817103094 -2.593987876121342
4400 6.0 z 3.5312711413132747 -6.155775573684285 5.645384582706287 -1.91078754410113
4500 4.0 z 13.463852594614044 -29.059146978199866 27.998579713638826 -9.665883218804487
4500 4.5 z 8.515554069259336 -18.101255083389393 17.657033611309366 -6.128674142002526
4500 5.0 z 5.362093858963989 -10.855835004014365 10.666238912624081 -3.718136088202583
4500 5.5 z 3.910602531205584 -7.253540590649704 6.948535148471815 -2.3895354466312755
4500 6.0 z 3.2994995786540167 -5.7173563476505915 5.301692736896201 -1.7999859101316198
4600 4.0 z 13.136081594218657 -28.29853896006898 27.25378314744351 -9.408657018321964
4600 4.5 z 8.576145913089366 -18.25749930765168 17.818714673143003 -6.192549725842736
4600 5.0 z 5.301119094515609 -10.855037528262194 10.751455403512521 -3.7614436249039893
4600 5.5 z 3.777235493734526 -7.113570897708843 6.943499972079955 -2.4098901178350367
4600 6.0 z 3.164096858624901 -5.496819210460905 5.17286644702906 -1.764828728718623
4700 4.0 z 13.245502082032875 -28.55363478343492 27.499950036896614 -9.498775575447894
4700 4.5 z 8.68621170108227 -18.503859328115315 18.051521508088204 -6.277142381667909
4700 5.0 z 5.426307550183738 -11.151092217822708 11.025235347888518 -3.8519860048995684
4700 5.5 z 3.7146666295732307 -7.0943211682560205 7.034099859857548 -2.4630719461581876
4700 6.0 z 2.907206461645725 -4.98609250881955 4.768506066580571 -1.6377048471482394
4800 4.0 z 13.951545204606552 -30.16986430820327 29.056856325703418 -10.043905810426853
4800 4.5 z 8.824225489464 -18.810293355709398 18.33890564868095 -6.379625829192795
4800 5.0 z 5.496728874362375 -11.297245786877061 11.146691155024284 -3.8911803948460237
4800 5.5 z 3.7765487603662375 -7.3954629564120085 7.432471351513497 -2.6234918708947483
4800 6.0 z 2.774633300004821 -4.847702847275739 4.768417369098992 -1.6636132320513504
4900 4.0 z 14.370880075306218 -31.114514080883485 29.950261029084356 -10.353396571299987
4900 4.5 z 9.005380177190348 -19.20847178139901 18.711415510605825 -6.511116137688663
4900 5.0 z 5.589635198412042 -11.49999064923672 11.334949138018018 -3.9596875601382737
4900 5.5 z 3.936417483998147 -7.772935199096549 7.786316191460548 -2.7416720546408984
4900 6.0 z 2.794845207638771 -4.9666217300992646 4.959598552562149 -1.7463911305236135
5100 4.0 z 16.12173786512464 -34.84366586143539 33.348820947527805 -11.494603231482772
5100 4.5 z 10.369920733862374 -22.224169338185106 21.529738538756106 -7.476558974486974
5100 5.0 z 6.335867966657359 -13.155320551722586 12.878879875007552 -4.492381815370973
5100 5.5 z 4.397433696312757 -8.804400507881372 8.730879191398106 -3.0607091540150226
5100 6.0 z 3.1554960849374485 -5.969999685350531 6.022833104663525 -2.1346802354116106
5200 4.0 z 16.948493217692 -36.744591635023184 35.18439317290644 -12.136878246708926
5200 4.5 z 10.508883258112494 -22.543594610851674 21.832223775644433 -7.583873038474483
5200 5.0 z 6.410150037983283 -13.324878951715675 13.036182855692962 -4.54931710634445
5200 5.5 z 4.433135807524928 -8.883513262837532 8.800122556411617 -3.086884604953848
5200 6.0 z 3.192037353838327 -6.050286756173865 6.093627945683924 -2.1605696002997967
5300 4.0 z 17.244674086011226 -37.41223480298546 35.81527679317416 -12.356073763782305
5300 4.5 z 10.665201145797827 -22.900925026398706 22.16918219173815 -7.702281963982265
5300 5.0 z 6.734932315035938 -14.088014792460964 13.78032006624085 -4.813806752088352
5300 5.5 z 4.4814953519698 -8.992273893138732 8.913301106514455 -3.1359112543244225
5300 6.0 z 3.3219955702050705 -6.349277088882728 6.3792618596846715 -2.2637330157102964
5400 4.0 z 17.621196523238268 -38.254984637664286 36.60742528696647 -12.628693241006518
5400 4.5 z 10.85067571631927 -23.322016484744072 22.5655959961361 -7.840560704604926
5400 5.0 z 6.8517897847547955 -14.371836745043058 14.05472045956865 -4.912034274911627
5400 5.5 z 4.541220774420658 -9.107136233986862 9.008521516951078 -3.173736127674779
5400 6.0 z 3.3517591264409843 -6.412598951513418 6.432200699239972 -2.2844538570416564
5500 4.0 z 18.156093991151074 -39.4024799219715 37.65647362781205 -12.981289699388578
5500 4.5 z 11.136839583489238 -23.964950326330527 23.167818445988125 -8.047620106616895
5500 5.0 z 6.986530533208795 -14.674715787229546 14.335337182816373 -5.0094662843139
5500 5.5 z 4.602617756224338 -9.240839607600535 9.126541339960912 -3.2158128178636063
5500 6.0 z 3.385939238280537 -6.486130212357164 6.494169832887183 -2.30783414491352
5600 4.0 z 18.54789136237372 -40.250634848510245 38.434782112617725 -13.244018344099109
5600 4.5 z 11.353827188884267 -24.447255588649305 23.615988659025966 -8.20160114714964
5600 5.0 z 7.112671867146598 -14.949535674437051 14.604026881792997 -5.11547785972922
5600 5.5 z 4.669384084365694 -9.400956475437939 9.278742202727809 -3.271964934270817
5600 6.0 z 3.4200890451585297 -6.561306822922802 6.558041568174673 -2.331713578737562
5700 4.0 z 18.915419663272925 -41.05626645815136 39.18018219752091 -13.497144146991692
5700 4.5 z 11.53170620502447 -24.834186023307463 23.96788786520532 -8.320718010304546
5700 5.0 z 7.215385619942198 -15.182763237665625 14.820886252274782 -5.191979697391393
5700 5.5 z 4.725036254582947 -9.528581608046464 9.394795321381848 -3.3139181854103303
5700 6.0 z 3.4519281333520575 -6.633290520790572 6.619676029873133 -2.3547148910765006
5800 4.0 z 18.546003938406002 -40.14700521514732 38.24985181298649 -13.1619639110563
5800 4.5 z 11.733415827009454 -25.274036154630018 24.389566658339678 -8.477074382831407
5800 5.0 z 7.3168232612498 -15.411171724530666 15.031572729000235 -5.26570319918747
5800 5.5 z 4.780411121322548 -9.655817340004665 9.510408059129576 -3.355398718470875
5800 6.0 z 3.483563891109087 -6.7067555533238234 6.683449859781546 -2.378303578339113
5900 4.0 z 18.83369045521647 -40.75643520443515 38.79658229458804 -13.343374241167934
5900 4.5 z 11.892661352198907 -25.618744095154007 24.706005875924763 -8.584763951242163
5900 5.0 z 7.415904839891467 -15.63403203741526 15.236561780649758 -5.3370672912000945
5900 5.5 z 4.82139918917437 -9.755422559312064 9.605500887602002 -3.39006680040053
5900 6.0 z 3.518016038449771 -6.791149154689956 6.760234943889775 -2.4066786827906097
6000 4.0 z 19.09306402486144 -41.30149348715299 39.28143242510899 -13.50336168308351
6000 4.5 z 12.061165704388792 -25.98613622190926 25.036380512054183 -8.69646290040963
6000 5.0 z 7.5142842600965025 -15.857110203883828 15.442174735338112 -5.4083826869382285
6000 5.5 z 4.898751685183987 -9.933537788180336 9.766689168733288 -3.446744276294229
6000 6.0 z 3.538468722852933 -6.842804265982082 6.807168023753948 -2.4241549397462654
6100 4.0 z 19.309779047111146 -41.74334474317733 39.66612353696 -13.627934510370457
6100 4.5 z 12.21646495798934 -26.320561997253808 25.33697449833839 -8.797331681457605
6100 5.0 z 7.2885239020564665 -15.32385335457799 14.910039649473836 -5.220134675225968
6100 5.5 z 4.959270976484827 -10.069954469012481 9.888655436725042 -3.48890798287983
6100 6.0 z 3.514092648381374 -6.717849915828846 6.637339963900115 -2.361466756994134
6300 4.0 z 19.859968040855208 -42.88048033335238 40.65819491091284 -13.949400104822239
6300 4.5 z 12.523968623015891 -26.976934772814367 25.924673848971317 -8.993363200096418
6300 5.0 z 7.520130681485396 -15.845350678847593 15.385391637419277 -5.38192950134118
6300 5.5 z 5.003243021037228 -10.084187526775839 9.8330356461316 -3.462310080366699
6300 6.0 z 3.5987913993921423 -6.875970072915338 6.743248679063284 -2.3925989234679474
6500 4.0 z 20.586931032886273 -44.35156115960735 41.9283343875278 -14.356232074336157
6500 4.5 z 12.977795507799906 -27.944319667820903 26.790700159744816 -9.279834209999153
6500 5.0 z 7.744644982852551 -16.326921073228664 15.809783672589225 -5.52158399124435
6500 5.5 z 5.145562721156474 -10.39321479241209 10.101161461084304 -3.551501291099241
6500 6.0 z 3.710182054359871 -7.1287681859793866 6.964364705055737 -2.467268657601686
6700 4.0 z 21.62791912716016 -46.52414386202631 43.87131573311163 -14.998370257610866
6700 4.5 z 13.542921596817964 -29.13390308226424 27.84684992434732 -9.625490982093167
6700 5.0 z 8.031691703750091 -16.94766719529717 16.364741076115074 -5.704933910739206
6700 5.5 z 5.348414708581979 -10.83810828754582 10.497600283373561 -3.6836847198282525
6700 6.0 z 3.836740392137558 -7.4051977215013425 7.203425550925814 -2.54653338678879
6900 4.0 z 22.680364286588556 -48.73059792429414 45.85113371291816 -15.653881443033017
6900 4.5 z 14.285693037316491 -30.706967030996477 29.258915523071295 -10.091214152897154
6900 5.0 z 8.38378058988359 -17.69978668140469 17.033509355557896 -5.923917434455918
6900 5.5 z 5.548777085539105 -11.278211983981137 10.892385216695812 -3.81494612823099
6900 6.0 z 3.9821856473939974 -7.72837326327155 7.490543442385054 -2.642289782895333
