Teff log(g) filter a1 a2 a3 a4
2300 4.0 u -0.3765315695860414 1.4753552507742718 -0.05980802144224051 -0.10318968274507712
2300 4.5 u -0.6146888252564894 1.4534551125458932 0.1529341617503655 -0.10896925444166977
2300 5.0 u -0.4502308792401261 0.9582653525265848 0.46207435615045933 -0.0761215357296319
2300 5.5 u -0.23254498489324948 0.9740626568682965 0.02698646731256795 0.15352661274124998
2300 6.0 u -0.10104581170501974 1.3770519713665126 -0.6712472244775338 0.33976867751159945
2400 4.0 u 0.17554078635415737 0.868350746481666 0.16156398638952485 -0.1673658265327389
2400 4.5 u -0.48708146193114743 1.7090283477903545 -0.29701849828243615 0.0023562840305363366
2400 5.0 u -0.46437879101283697 1.1262112946532679 0.39035667488568876 -0.14046263996589325
2400 5.5 u -0.1958967119223099 0.5862927715266127 0.6023174324754388 -0.05560643801226743
2400 6.0 u 0.006364971008397835 0.7997778758732954 -0.05117339387750097 0.20688338949795604
2500 4.0 u 1.1321546528467794 -0.7666864168003662 1.3639626622121659 -0.544238336126011
2500 4.5 u -0.05160870515596573 1.2817225153677745 -0.19268820531625544 -0.034949529447863226
2500 5.0 u -0.3728686712790267 1.3439725844917616 0.06618264629603965 -0.09381325327957371
2500 5.5 u -0.18396593893583252 0.5324398029439794 0.8161268046205639 -0.21230445541452
2500 6.0 u 0.0661558545194171 0.290749157479705 0.664241968922021 -0.045328651741879576
2600 4.0 u 2.219700273616857 -2.8097124106882383 2.9997804592557538 -1.0648336849006093
2600 4.5 u 0.5249731899348226 0.47333924238295855 0.2631207687548006 -0.17205855990104735
2600 5.0 u -0.13932661207773064 1.331710336587615 -0.17785660797610625 -0.02894806917435547
2600 5.5 u -0.12435251138860266 0.7789969074741233 0.5186105531597157 -0.19763025911119028
2600 6.0 u 0.006384865789583143 0.4232266319947645 0.6606204526592707 -0.10762835192146912
2700 4.0 u 3.35542828226186 -5.095083087376486 4.945481342554815 -1.6986998439767045
2700 4.5 u 1.3770793800501615 -1.055450193409818 1.4199862905261404 -0.5348639328496549
2700 5.0 u 0.14671985365396847 1.123362590331655 -0.2315043276278108 -0.010034611681877184
2700 5.5 u 0.0028745283246028874 0.8487570353028608 0.3216398434674307 -0.177512743981886
2700 6.0 u 0.14813616264777352 0.32090868223084773 0.7580587879133122 -0.22104004860204843
2800 4.0 u 4.478841465130329 -7.4226415069780325 6.9827739170013805 -2.3686210268146612
2800 4.5 u 2.2919089279691836 -2.8375858832929692 2.8785170241578184 -1.0033740565660665
2800 5.0 u 0.7789053397808698 0.10576349134156988 0.43216923371059535 -0.2087451805036765
2800 5.5 u 0.20553582240161034 0.8127475239486796 0.12247402755979077 -0.11958646023336414
2900 4.0 u 5.013792232685651 -8.553707619155649 7.974568772138591 -2.6957797402158876
2900 4.5 u 2.9239381504771957 -4.116881776129578 3.945479492730258 -1.3483148416072575
2900 5.0 u 1.3996687090192321 -1.0227826416062467 1.2755184561612487 -0.4719258159972019
2900 5.5 u 0.5289244407254365 0.4493548589595252 0.22687308302399609 -0.14643302445939965
2900 6.0 u 0.39446200354169114 0.1837491675791495 0.7595882412445907 -0.3134603056164816
3000 4.0 u 5.282561590224823 -9.154525041139712 8.519270508549278 -2.8790476622348233
3000 4.5 u 3.4764846960864886 -5.279712816039418 4.954755214142046 -1.6805758465407767
3000 5.5 u 0.9118596436551021 -0.1324750531425749 0.5561656645234468 -0.23996752839764268
3000 6.0 u 0.47934716681282524 0.33715259010411586 0.4195325651442924 -0.20824904900324684
3100 4.0 u 5.710311020684813 -10.102366855304512 9.402086956533916 -3.1769272818854386
3100 4.5 u 3.8466717552621024 -6.080428731561199 5.664692178047046 -1.9162929760189058
3100 5.0 u 2.372148653416635 -2.953575813806388 2.835039500198863 -0.9703759058145828
3100 5.5 u 1.3097673931059277 -0.8404726794381476 1.0566151331969875 -0.3931429296612611
3100 6.0 u 0.7136478491788963 0.07563939001915523 0.47889943739096263 -0.22208047705938114
3200 4.0 u 6.151026451365048 -11.066498940447335 10.301039769626437 -3.476485618891722
3200 4.5 u 4.350536556600405 -7.197997480311516 6.70258071150135 -2.2682490906554356
3200 5.0 u 2.774229957095223 -3.8136009703747953 3.5855175728551427 -1.218249008791441
3200 5.5 u 1.6899750108754024 -1.5828225587681086 1.6358374805444489 -0.5761329691489974
3200 6.0 u 0.9673717072066873 -0.2933967184585587 0.6609059090952313 -0.271642167139905
3300 4.0 u 6.70238433166718 -12.352111024456331 11.55836543418695 -3.908126345078789
3300 4.5 u 4.873664299958474 -8.40572545330194 7.868431734702838 -2.671574690009976
3300 5.0 u 3.24567602483073 -4.879720792153338 4.579815894478542 -1.5584628006053296
3300 5.5 u 2.0814351445780552 -2.4120507026562388 2.34512431752712 -0.8095298625203963
3300 6.0 u 1.2838955753328531 -0.8706536697277232 1.0765426426433582 -0.4011337742060314
3400 4.0 u 6.646764197577542 -12.332892517974848 11.603730132850831 -3.9235710211748303
3400 4.5 u 5.037484176178968 -8.838330789970037 8.319765851578573 -2.8309007221079545
3400 5.0 u 3.5296394853979747 -5.556555756037564 5.233743685962328 -1.7858054313264504
3400 5.5 u 2.4428678660001695 -3.2238399010501975 3.0837923407922463 -1.0603425828616544
3400 6.0 u 1.629088162858811 -1.5740404755831743 1.6529321840190063 -0.5889970388871043
3500 4.0 u 6.479482660114062 -12.157138907744026 11.542723436426098 -3.9048030736687154
3500 4.5 u 5.0037523408503395 -8.88103529375754 8.433189126096433 -2.8779312228417355
3500 5.0 u 3.620321326351986 -5.830189181221333 5.5291129823373195 -1.8928219172563923
3500 5.5 u 2.6232550385780637 -3.656344855890945 3.4870583986144448 -1.1985782200293107
3500 6.0 u 1.85390457923935 -2.046033811450531 2.0420947875475495 -0.7154835959168699
3600 4.0 u 6.3359781374107085 -12.094454244433932 11.60269756688991 -3.919815583268145
3600 4.5 u 4.8925214835569 -8.80253012426792 8.458788683889065 -2.896150411692239
3600 5.0 u 3.603549731315026 -5.894622689301657 5.648919767136289 -1.9421345697944135
3600 5.5 u 2.6917930781389576 -3.8617309373940043 3.6982769496156753 -1.274003228920524
3600 6.0 u 2.006861389646087 -2.3937816751341634 2.3430108786722177 -0.8152315693605707
3700 4.0 u 6.123740536240656 -11.883239166421506 11.490477430604729 -3.8517176812109457
3700 4.5 u 4.7490707891780275 -8.678491763511703 8.445946008809987 -2.8948890129748515
3700 5.0 u 3.505591785972534 -5.794331573836026 5.624577819095277 -1.941154402132109
3700 5.5 u 2.694422646461963 -3.9440202617273137 3.8116221436094597 -1.3177540790364664
3700 6.0 u 2.0758775072445474 -2.572851173095804 2.5064069352422997 -0.8705822115462996
3800 4.0 u 5.837752733432175 -11.516807670538558 11.192227528450811 -3.6864514079580797
3800 4.5 u 4.540885311364833 -8.413213734148771 8.286104005046132 -2.8289486513903332
3800 5.0 u 3.4302036672003005 -5.776898157967966 5.692155900630165 -1.9699251586656892
3800 5.5 u 2.661537688396403 -3.958560987802125 3.8738009561842444 -1.344437706863086
3800 6.0 u 2.109003314589313 -2.6926545700587576 2.6325062606015983 -0.9153194941583953
3900 4.0 u 5.631920804648581 -11.261966926246316 10.907637274015185 -3.4932931255357085
3900 4.5 u 4.383164037755607 -8.298851324826646 8.259047250810694 -2.790481246610296
3900 5.0 u 3.281841073964068 -5.584894753377707 5.5861201093936055 -1.929870003667382
3900 5.5 u 2.6313840853075083 -3.996836535133662 3.968099647644381 -1.3809648677686677
3900 6.0 u 2.122172028971114 -2.78512214205798 2.748308166076713 -0.9579640205180001
4000 4.0 u 5.250210650437631 -10.558167360354641 10.144432865038597 -3.1114133294014157
4000 4.5 u 4.124729668053498 -7.8845570457222225 7.8615700507631 -2.586265331949526
4000 5.0 u 3.14378061088745 -5.436807451146859 5.509037294676951 -1.8862258631660656
4000 5.5 u 2.5359436435524643 -3.8852038873452748 3.9195051109974988 -1.3634271593908347
4000 6.0 u 2.142550355604771 -2.923685447561311 2.9197050921599765 -1.0193967695594197
4100 4.0 u 4.978708907204185 -10.092673309827887 9.616014980551595 -2.8192480894734664
4100 4.5 u 3.6696667507256784 -7.05460396583862 7.04505775554679 -2.2078040004509707
4100 5.0 u 2.992528145271923 -5.269740767022064 5.3985213399772745 -1.8122601272540388
4100 5.5 u 2.451754423012697 -3.8048037681704416 3.9000738789073464 -1.348996864661393
4100 6.0 u 2.111872784735825 -2.9329425513332663 2.9762193784166318 -1.040518731211213
4200 4.0 u 4.614623596166116 -9.296573278145758 8.761049734863816 -2.443787394800223
4200 4.5 u 3.5504965015787158 -6.912074217740036 6.818376486193208 -2.0220449696419256
4200 5.0 u 2.8002351449724463 -4.980861653223737 5.120392399531475 -1.6526582094438445
4200 5.5 u 2.483956368070563 -4.071405084053118 4.223193733802159 -1.445078668392035
4200 6.0 u 2.093826711973493 -2.9761856954841486 3.061985362112513 -1.0666495282809685
4300 4.0 u 4.453730152672435 -8.95529086459698 8.436256508115672 -2.3201875771338685
4300 4.5 u 3.306342712733351 -6.499865426939527 6.380302392692096 -1.7839994917326558
4300 5.0 u 2.482841394666336 -4.423332199473794 4.566112715501809 -1.373499041417751
4300 5.5 u 2.144329345514538 -3.3663676403361804 3.5691857170312877 -1.1777415254634327
4300 6.0 u 2.0385832312279684 -2.943320502803072 3.072309161625436 -1.0596688984452454
4400 4.0 u 4.302859647702837 -8.664740891656995 8.198356443951582 -2.2441918706061115
4400 4.5 u 3.353091325766095 -6.709574858689445 6.559712841896318 -1.7947570001556665
4400 5.0 u 2.5520939829917197 -4.752856670910159 4.842396074321941 -1.3857683900612365
4400 5.5 u 2.08386729222224 -3.3705678317646273 3.568123997575376 -1.1173068111524156
4400 6.0 u 1.8709167204478276 -2.6758539637070453 2.8815878829463535 -0.978151684112058
4500 4.0 u 4.354909825813867 -8.86919294423161 8.48493701943692 -2.374690426310229
4500 4.5 u 3.287688077975515 -6.590523512131071 6.456978766811046 -1.7544824715628848
4500 5.0 u 2.3887592648456484 -4.537627429944644 4.648264775782805 -1.2587093824392457
4500 5.5 u 1.8932996630473586 -3.1100432290637783 3.328872548187592 -0.965166477857988
4500 6.0 u 1.823349596304217 -2.690239144355393 2.915627444899508 -0.9528818240988707
4600 4.0 u 4.427306036967004 -9.125840039262037 8.83632421618842 -2.5356188464099425
4600 4.5 u 3.3539802563508014 -6.82261750861378 6.771037740016187 -1.8965891732972575
4600 5.0 u 2.5120103280930874 -4.956140916699864 5.084366468986103 -1.3859170772914535
4600 5.5 u 1.9405935780348393 -3.405946743909187 3.6252751736774314 -1.008783337237495
4600 6.0 u 1.719754259248037 -2.582080113256867 2.8202126723964303 -0.8677465819345387
4700 4.0 u 4.520685686280485 -9.431917792879059 9.240257236025492 -2.717505166298384
4700 4.5 u 3.4130580782263706 -7.039830886662753 7.079953755863261 -2.041578406481559
4700 5.0 u 2.5596577804561456 -5.1215714404010555 5.2850467776619885 -1.462946447446286
4700 5.5 u 1.9536984220057638 -3.6275851866478144 3.90207139411046 -1.0729429929741674
4700 6.0 u 1.6183654483457224 -2.529216432558528 2.8113162424979716 -0.8142886516561421
4800 4.0 u 4.649497086381962 -9.796338732803665 9.690049279421139 -2.915910127436786
4800 4.5 u 3.5520891923704503 -7.442885774724365 7.5740231057525795 -2.254404803459222
4800 5.0 u 2.6097859160754475 -5.301593348899433 5.524065289879874 -1.56648832523157
4800 5.5 u 2.11506811888241 -4.169624058340635 4.496831449673052 -1.2734420211250703
4800 6.0 u 1.7020707532461268 -2.9471973452651827 3.271511871867421 -0.9379234471179018
4900 4.0 u 4.951191147805476 -10.560871031165679 10.53439671703671 -3.256986980159755
4900 4.5 u 3.6416052733711166 -7.7295472584165195 7.962605706700239 -2.4350334396387674
4900 5.0 u 2.6634148291181625 -5.498348440716696 5.810504047119537 -1.7039600923096612
4900 5.5 u 2.152129962136184 -4.303338066348782 4.671340256834124 -1.3442137989258363
4900 6.0 u 1.6882133263998362 -3.0576011638168206 3.449863930493963 -0.9830435662227108
5100 4.0 u 5.492383479699978 -11.896987774695726 12.212378777388555 -4.052406543812784
5100 4.5 u 3.945388140190759 -8.548301668518297 9.071433659967402 -2.9813662305006714
5100 5.0 u 2.8917902977102328 -6.190522111454889 6.79273689928019 -2.1886035540463005
5100 5.5 u 2.355671642610121 -4.965779772777049 5.570708032377768 -1.7586188687074966
5100 6.0 u 1.9529621363814766 -3.944313423999131 4.521736331418555 -1.40520286864013
5200 4.0 u 5.628421885087601 -12.203387493919049 12.574706741849276 -4.225353025944511
5200 4.5 u 4.070275532831632 -8.856874821981533 9.451596862663637 -3.161561557557968
5200 5.0 u 2.9142307457453867 -6.27489954588908 6.958961500470717 -2.2916039640174817
5200 5.5 u 2.3622419720372396 -5.022232347374172 5.708450022242881 -1.8472123781474412
5200 6.0 u 1.9395448521048002 -3.954664828534184 4.607923655162753 -1.4683664122595896
5300 4.0 u 5.771987230340387 -12.48871332780638 12.87437500155203 -4.362354123308221
5300 4.5 u 4.136480492061745 -9.008038791427342 9.660629767547066 -3.2776415016632883
5300 5.0 u 2.99944941511789 -6.497855332311135 7.254192388238539 -2.4392824403031894
5300 5.5 u 2.3112430480365767 -4.919371513953489 5.703024404004737 -1.898641426263729
5300 6.0 u 1.9405356657550987 -3.9915803346551 4.719616114159715 -1.5461133015182917
5400 4.0 u 5.963829706744048 -12.863024162761285 13.239019720041213 -4.515820388970651
5400 4.5 u 4.236933018569059 -9.220524748339464 9.908934444060653 -3.4008057918356194
5400 5.0 u 3.0636304832301824 -6.655913346452763 7.466882462717087 -2.552744815078998
5400 5.5 u 2.3236366530748684 -4.914721999162619 5.753671195018372 -1.965573796208882
5400 6.0 u 1.9522957233775124 -4.03608461985667 4.829552268248043 -1.6221776652871847
5500 4.0 u 6.241677111182146 -13.410219068169123 13.75902410863266 -4.7220110229150185
5500 4.5 u 4.392378063200134 -9.535023450446399 10.228834526064853 -3.5403434322918894
5500 5.0 u 3.104759590335603 -6.735984211619424 7.588990072351007 -2.6310469727414203
5500 5.5 u 2.3119599290448476 -4.874580899109974 5.762992620835152 -2.005000720041119
5500 6.0 u 1.9366051234948578 -4.00673111556615 4.860232864177627 -1.6694850403172314
5600 4.0 u 6.625413819562488 -14.195962287167095 14.496631122224619 -4.9984081454635545
5600 4.5 u 4.518738470520527 -9.770305396923535 10.462409748705252 -3.647150020495214
5600 5.0 u 3.026505279337345 -6.450482245844832 7.3458872652597185 -2.603715425540491
5600 5.5 u 2.3142774897055194 -4.865678785156377 5.800396350204698 -2.0557149242925
5600 6.0 u 1.9158045649929698 -3.9546856710098544 4.8611238509670605 -1.7053495302643749
5700 4.0 u 6.974052720338652 -14.897652378451623 15.13359793354409 -5.230401101660489
5700 4.5 u 4.698508082952016 -10.102593802363655 10.763247394661215 -3.768187685761128
5700 5.0 u 3.115880585279375 -6.612106325969291 7.521112778731624 -2.6949419502649063
5700 5.5 u 2.3384429080899456 -4.889013806161079 5.851977759662223 -2.1055803520494534
5700 6.0 u 1.9183075653725745 -3.9461228679399456 4.894922116539145 -1.7505810420516978
5800 4.0 u 7.31596487938906 -15.564411300821686 15.726811268044962 -5.4459239233378645
5800 4.5 u 4.726877041980633 -10.042808312672602 10.718071716089225 -3.8042758293848182
5800 5.0 u 3.1611015754909584 -6.657001885226753 7.566471522686533 -2.7351830192254294
5800 5.5 u 2.3311016963325857 -4.827591272650766 5.8082321923344695 -2.1179988102073404
5800 6.0 u 1.8935287272837138 -3.8625022724159694 4.843719182303443 -1.762749536713459
5900 4.0 u 7.622036599223415 -16.119164335152767 16.177770016036714 -5.599572599866402
5900 4.5 u 4.8465009005257915 -10.252350500594396 10.899726399527381 -3.878125458004364
5900 5.0 u 3.210545109884801 -6.696403644168515 7.5885124153212224 -2.7609276731384123
5900 5.5 u 2.333632881753542 -4.803111171513581 5.795700611095518 -2.133233030736377
5900 6.0 u 1.874261478897208 -3.7831525466682288 4.786772583381625 -1.770081255908045
6000 4.0 u 7.981586852704341 -16.79854982837449 16.74778963746211 -5.793777438788299
6000 4.5 u 5.074122445562904 -10.657056039706967 11.238171523945818 -4.007295340423451
6000 5.0 u 3.281972567279739 -6.784559777539536 7.648133078970008 -2.7950274295661797
6000 5.5 u 2.354805402098941 -4.772091182648207 5.755151042077948 -2.1437714493279767
6000 6.0 u 1.8621945504432973 -3.723999247195721 4.738180105838724 -1.7710567205998082
6100 4.0 u 8.410442228537288 -17.640996051766358 17.46869561497277 -6.033416254769771
6100 4.5 u 5.29358005853587 -11.064788601585068 11.57996821748309 -4.129514970036657
6100 5.0 u 3.3306391934732207 -6.833783482466213 7.67127989803688 -2.8111062210864004
6100 5.5 u 2.379280747840119 -4.761324541512143 5.727926554020499 -2.149363170826518
6100 6.0 u 1.764768771793548 -3.322649548591974 4.2735267031030295 -1.6207940662421376
6300 4.0 u 9.193560396090499 -19.045763264426125 18.555850344009322 -6.374430929339857
6300 4.5 u 5.742723674050174 -11.87990054660389 12.217278574880751 -4.335534623724227
6300 5.0 u 3.6351765207857722 -7.363866325489293 8.088246317536058 -2.965044042473552
6300 5.5 u 2.3413509429588624 -4.363015955510107 5.168034708127569 -1.9518959368699191
6300 6.0 u 1.74999570578024 -3.0797743437398046 3.9463650466780673 -1.5243825924959862
6500 4.0 u 10.434716184333123 -21.607685937869633 20.843614021501317 -7.1521025862173495
6500 4.5 u 6.560387925797682 -13.541414770136708 13.654040307174851 -4.811475883422343
6500 5.0 u 3.9715583757906066 -7.96859684269915 8.546806088205026 -3.1112325165007237
6500 5.5 u 2.477401616331897 -4.494145043968317 5.18557430238088 -1.9588320858032096
6500 6.0 u 1.8004619745946675 -3.0256447526251677 3.8074682958582784 -1.4862112658857658
6700 4.0 u 12.130293452892985 -25.255229956710604 24.19449520209374 -8.296139684659709
6700 4.5 u 7.498485193210745 -15.484605950575164 15.34691667584036 -5.365434065843537
6700 5.0 u 4.4001709746263575 -8.783194219862867 9.180943264869997 -3.3035081039570993
6700 5.5 u 2.7289725010177808 -4.916957274809048 5.481611937986739 -2.0546820739295395
6700 6.0 u 1.8941517912299874 -3.072547697407544 3.7499608238956164 -1.4660673537051352
6900 4.0 u 14.062013804767247 -29.429127914703006 28.018018148851002 -9.58600787060656
6900 4.5 u 8.507885771641151 -17.572787279241677 17.155274712795013 -5.948100390044638
6900 5.0 u 5.057190656704012 -10.152053628520383 10.359250128875745 -3.682568985653663
6900 5.5 u 3.0187225167557985 -5.47485838919832 5.923273305296592 -2.1949339263097456
6900 6.0 u 2.0480193262708353 -3.2914620039817515 3.8633185183961247 -1.498852323448697
