Teff log(g) filter a1 a2 a3 a4
2300 4.0 rs 5.106110860935352 -10.796377116612783 10.962622147675706 -3.7291310726776348
2300 4.5 rs 3.908724581847292 -7.8350333454013885 7.942506000733278 -2.6559309388954553
2300 5.0 rs 2.6312187718926867 -4.956142016770488 5.254555216048935 -1.761318500631858
2300 5.5 rs 2.7998555296378966 -4.885732114761538 4.798800012274121 -1.5415439952913086
2300 6.0 rs 2.296470324429632 -3.8610672761239737 3.906325306999775 -1.254878149236429
2400 4.0 rs 3.242204441883461 -6.520848381884636 6.971402385145302 -2.347123622420434
2400 4.5 rs 2.9332898239166076 -5.880168814941387 6.27275011173759 -2.0767139198213624
2400 5.0 rs 2.3722728025294226 -4.658688199775753 5.170436266436887 -1.7277605595449748
2400 5.5 rs 1.7757547104582734 -2.9959504049319086 3.4244610213269144 -1.1240492678530771
2400 6.0 rs 1.7696379096088168 -2.904010551128726 3.196810135154355 -1.01385351456818
2500 4.0 rs 2.0581909397399056 -3.6004581498677757 4.202315376454881 -1.4152522382144377
2500 4.5 rs 1.8943455173896921 -3.3449656815060544 3.864179882359844 -1.2370732722180564
2500 5.0 rs 1.8306854893180737 -3.3907399754157446 3.8642029780055043 -1.1918878416646566
2500 5.5 rs 1.6173502612923272 -2.9411920410684202 3.4112394886128823 -1.031143532014279
2500 6.0 rs 1.5995601162027695 -2.769684614906072 3.2607586680123384 -1.0361018859120779
2600 4.0 rs 1.337870884844859 -1.689675298110934 2.358240716653893 -0.825604669808744
2600 4.5 rs 1.0306320026035136 -1.4555192288564565 2.2963020537583283 -0.7744830394380576
2600 5.0 rs 1.1053820947912514 -1.8269810981025374 2.5908240166165384 -0.8002246704137383
2600 5.5 rs 1.5420738824769284 -2.918594388416889 3.506688370868701 -1.0481378893718183
2600 6.0 rs 1.3031127977573465 -1.9812766625891778 2.166530573299174 -0.45989942092240343
2700 4.0 rs 1.6554982568637542 -2.0861853827791053 2.597233973106017 -0.925955578591189
2700 4.5 rs 0.9575505809281686 -0.9459300098524399 1.7180606847742783 -0.6153107890919255
2700 5.0 rs 0.8018239052598731 -1.0913127937826466 2.0321118611486115 -0.6812223028785547
2700 5.5 rs 0.8642649367500356 -1.4494643284118827 2.3217035643977493 -0.6952124758711187
2700 6.0 rs 1.0030446158626367 -1.7831695293204808 2.469608039958366 -0.6582738095352697
2800 4.0 rs 2.6447378448158276 -4.041491418310188 4.279813536680357 -1.4986946259105471
2800 4.5 rs 1.4478762047405134 -1.756172786282536 2.3485852580508477 -0.8519900749136545
2800 5.0 rs 0.8636737709687243 -0.8698457934640621 1.7160208775136883 -0.624168859034524
2800 5.5 rs 0.7130400943122309 -0.9286791290603011 1.9096898746426516 -0.6503259386901604
2900 4.0 rs 3.226134973287947 -5.236697372547477 5.310154595273789 -1.8462565207271353
2900 4.5 rs 1.7945149942185108 -2.3378593934485834 2.7740858154417727 -1.0052362416396516
2900 5.0 rs 1.112540433635413 -1.1522032209593331 1.856423155036445 -0.7013694427243611
2900 5.5 rs 0.894228429736466 -1.0994818156727804 2.040977956501099 -0.7622210394469899
2900 6.0 rs 0.8846387822644383 -1.5511884246891334 2.679117795510616 -0.9583404207688255
3000 4.0 rs 3.581662078622451 -6.068518238156212 6.086695874986118 -2.1155162898089177
3000 4.5 rs 2.1476932413565843 -3.0159258055146556 3.327606231036303 -1.1982238717691418
3000 5.5 rs 0.8907217733921471 -0.8011873682687496 1.6363090311990944 -0.661686822111908
3000 6.0 rs 0.7259544062860361 -0.891341401216674 2.008733833323285 -0.8122487236603635
3100 4.0 rs 3.921434460984422 -6.938682129053764 6.963406649181325 -2.4247828664183753
3100 4.5 rs 2.483618622175527 -3.742617283258882 3.97653734220427 -1.4255435030402945
3100 5.0 rs 1.4801606805117955 -1.6016991729254821 2.04243928986191 -0.7827152810577543
3100 5.5 rs 0.928023533947726 -0.6043501281521796 1.2893645456700322 -0.5552643299851899
3100 6.0 rs 0.6300009481664685 -0.29220075139156887 1.2599299217326911 -0.5843954918271904
3200 4.0 rs 4.670378878425556 -8.859682308207322 8.94410480901072 -3.133434442187222
3200 4.5 rs 3.1576725422830827 -5.354189561283334 5.566759418500631 -1.9955171950165675
3200 5.0 rs 1.8742293096984812 -2.409280200560599 2.7428110229734814 -1.0300295098238743
3200 5.5 rs 1.078708112268236 -0.6949998669563614 1.198422240337301 -0.5183383861991104
3200 6.0 rs 0.621139688205671 0.12162012888814613 0.6158975936490072 -0.3560673553134421
3300 4.0 rs 4.998896631838719 -9.898829331183952 10.122053997797956 -3.5732335030505147
3300 4.5 rs 3.4459415251099483 -6.125732757351063 6.379627128713754 -2.299317576925579
3300 5.0 rs 2.190788805238916 -3.089777603783846 3.3511363047001153 -1.2456326016353354
3300 5.5 rs 1.399922317179091 -1.2459541666641831 1.5738079809272822 -0.6366571076699286
3300 6.0 rs 0.7817512731013059 0.08583690253963852 0.3963273683282505 -0.25420804255824503
3400 4.0 rs 5.4424001209882045 -11.168310049697451 11.502619308244844 -4.085034239245561
3400 4.5 rs 3.6368226247998288 -6.692777615101843 7.008888970608456 -2.5431255556026686
3400 5.0 rs 2.3804571314296337 -3.523379453466756 3.74954461417265 -1.3909377426367284
3400 5.5 rs 1.6186210386597888 -1.6173859037712066 1.8049532647393929 -0.703087871195674
3400 6.0 rs 1.0406031905880002 -0.2506662252701314 0.4863581903150714 -0.25089918194944494
3500 4.0 rs 6.189539871223773 -12.948342885194515 13.249786408245537 -4.702885454369084
3500 4.5 rs 3.9919678087542674 -7.562998133997339 7.880578942797552 -2.8621723809086856
3500 5.0 rs 2.5345530729708927 -3.8604254259767377 4.042217464154022 -1.4945171319079098
3500 5.5 rs 1.7995400706030185 -1.9422526111183647 2.012249175338374 -0.7602359131910051
3500 6.0 rs 1.3053986757374128 -0.6918690798646043 0.7305777336776924 -0.3039332994428412
3600 4.0 rs 6.666896087438039 -13.951623254687918 14.14192220149362 -4.9974523867956675
3600 4.5 rs 4.370997404861657 -8.378951530428072 8.616990164328103 -3.1140196467528654
3600 5.0 rs 2.8415959841481295 -4.522817463132365 4.6282707197189135 -1.693672736896702
3600 5.5 rs 2.046801600016919 -2.4492423854891614 2.416948237386656 -0.8874126381400965
3600 6.0 rs 1.5944208652200904 -1.2652982525382312 1.1537690772979754 -0.4255306311354262
3700 4.0 rs 6.915008255357568 -14.38303156812189 14.43867715314052 -5.064845949449324
3700 4.5 rs 4.744082213542565 -9.107452234427665 9.206480231693432 -3.2940480410305164
3700 5.0 rs 3.1274566874027556 -5.093448379773114 5.091138841851162 -1.838286188472165
3700 5.5 rs 2.31872447819513 -3.0223702002707054 2.8878023773380055 -1.03500689616766
3700 6.0 rs 1.8514085307256956 -1.8034381122561332 1.5774371905962916 -0.5523883800972563
3800 4.0 rs 6.963512917241581 -14.413972953423889 14.37343786078208 -4.999045101450067
3800 4.5 rs 5.0206097363341895 -9.632134895143164 9.599275869905856 -3.394750842384359
3800 5.0 rs 3.523695165173077 -5.929768506577531 5.800674611355178 -2.059938913637148
3800 5.5 rs 2.618114140518611 -3.666037731062207 3.431873505780201 -1.2059706432598243
3800 6.0 rs 2.1170185273156155 -2.399782614430008 2.0865288428083377 -0.7132204169114368
3900 4.0 rs 7.5143741906671595 -15.641171419201605 15.466350408407635 -5.335269646520096
3900 4.5 rs 5.392193072441935 -10.478109814602927 10.348080806667395 -3.618442243619253
3900 5.0 rs 3.7927695180730714 -6.504418880345807 6.28524528977472 -2.2026569063292967
3900 5.5 rs 2.9374282817293107 -4.394622632293988 4.081725423152024 -1.4153239085291078
3900 6.0 rs 2.369717169973759 -2.9956166721189197 2.6207641488297737 -0.8870548319951536
4000 4.0 rs 7.691134173542077 -16.076267664334846 15.862982502000238 -5.4454759594571955
4000 4.5 rs 5.523899706972826 -10.820816831837499 10.650111511656403 -3.688066702418081
4000 5.0 rs 4.074929705439188 -7.209316714425201 6.951726017562476 -2.413600684543306
4000 5.5 rs 3.1724373135678223 -4.962079582064104 4.608854663640541 -1.5859041650742702
4000 6.0 rs 2.610292586869994 -3.6132792786635215 3.209258833441833 -1.0852653560535392
4100 4.0 rs 7.95274651280099 -16.778608004110932 16.58893281868651 -5.695657011531817
4100 4.5 rs 5.371312612185802 -10.616462825521307 10.518288002932367 -3.627247944420365
4100 5.0 rs 4.131492573096889 -7.458797715282025 7.234906134587246 -2.4979183003093066
4100 5.5 rs 3.2904524643397615 -5.297606367890441 4.949298462997248 -1.6958949598052373
4100 6.0 rs 2.7278061627825707 -3.93301131316158 3.524850000404959 -1.191152517781093
4200 4.0 rs 8.285955623586945 -17.568422295339193 17.34989856779272 -5.952453044239039
4200 4.5 rs 5.531546769071375 -11.156465917616073 11.113811978719601 -3.826991443348114
4200 5.0 rs 4.044579205398491 -7.407130618236532 7.257441433086876 -2.495427982919507
4200 5.5 rs 3.3323207459452178 -5.58055619754574 5.3137632600417115 -1.8262371724943296
4200 6.0 rs 2.7805841477300084 -4.132062791350484 3.751421227432171 -1.2698213727154701
4300 4.0 rs 8.71338713555719 -18.470906234505016 18.152718300989118 -6.2211839042585115
4300 4.5 rs 5.475804497104487 -11.198664555281136 11.26862698275497 -3.8942242393644824
4300 5.0 rs 3.774079090683383 -6.94859646417891 6.922198896438143 -2.3782227776157976
4300 5.5 rs 3.1247349465878207 -5.144746558399805 4.933284343664471 -1.6821748939471977
4300 6.0 rs 2.74627939793746 -4.151027905777713 3.8280431137799256 -1.2986324434206808
4400 4.0 rs 8.926594863470292 -18.921841545240103 18.56351925385673 -6.36770552231681
4400 4.5 rs 5.733459057117241 -11.959860501910702 12.106039430058448 -4.202268101492825
4400 5.0 rs 3.7571743777708155 -7.167439964528963 7.289107028247322 -2.5222149307732207
4400 5.5 rs 3.052633731797994 -5.166961210766458 5.07124150656338 -1.7340142605613376
4400 6.0 rs 2.6090987503680503 -3.90397502530934 3.6516776247513203 -1.2374948804300003
4500 4.0 rs 8.891407116378437 -18.822257193248085 18.46237517998697 -6.343352445331288
4500 4.5 rs 5.89112978136897 -12.298426346353885 12.39653785555828 -4.295413333633158
4500 5.0 rs 3.5986402532138158 -6.955747396736515 7.212649695663209 -2.5172598536785515
4500 5.5 rs 2.800237043099764 -4.746517134477463 4.79006206642531 -1.645998102338285
4500 6.0 rs 2.4626233962894113 -3.7106904849716638 3.5619875248770767 -1.2099872945472852
4600 4.0 rs 8.916022148336388 -18.85051843704074 18.47746522055991 -6.356591868815584
4600 4.5 rs 5.765684914875772 -11.983063321460305 12.081338521574903 -4.194764597937314
4600 5.0 rs 3.6898738570249514 -7.340603940580946 7.705475293232328 -2.7137825825437822
4600 5.5 rs 2.669200083871173 -4.662461650688339 4.868413261898393 -1.6978797621162398
4600 6.0 rs 2.298904533591123 -3.48007631238233 3.448882143581178 -1.177560813911073
4700 4.0 rs 8.882790488711755 -18.741246474842843 18.353958337360275 -6.319060722567805
4700 4.5 rs 5.757562186693164 -11.928734400316069 12.013195529670996 -4.17828871757641
4700 5.0 rs 3.778108829949731 -7.549540497401179 7.897971357004434 -2.7797838649271815
4700 5.5 rs 2.5595482340000086 -4.573114786932244 4.92353809877854 -1.7466550273100527
4700 6.0 rs 2.086588553141432 -3.1307908705203364 3.2375755048900454 -1.1206590126340465
4800 4.0 rs 9.173612051592785 -19.367523293479785 18.93477738892876 -6.524481647510739
4800 4.5 rs 5.911098652078065 -12.250097711771781 12.309983635553497 -4.288493019518963
4800 5.0 rs 3.7648042677971323 -7.482111825800899 7.801130484817313 -2.7431118692978957
4800 5.5 rs 2.5674009620585285 -4.770389857256558 5.247673891334736 -1.8908894096939257
4800 6.0 rs 1.920718549275842 -2.956795545689755 3.233747162408908 -1.150682951365019
4900 4.0 rs 9.562823049004184 -20.223719278886335 19.735973028198615 -6.804857003106202
4900 4.5 rs 6.086486991682625 -12.615384230794133 12.646214605331107 -4.4118762626111545
4900 5.0 rs 3.857461470802762 -7.663791826670597 7.964344237755885 -2.80745144702365
4900 5.5 rs 2.672878645750998 -5.034253950329676 5.506463729520942 -1.9826551927584202
4900 6.0 rs 1.9331872519404056 -3.090871163593893 3.4725782532120344 -1.2597251609719924
5100 4.0 rs 11.037206349998959 -23.364772430468832 22.624375479616155 -7.796213389604877
5100 4.5 rs 7.161934422529247 -14.950442265118395 14.810514946021428 -5.160016537583371
5100 5.0 rs 4.448842475430118 -8.926832419307225 9.120393455405368 -3.2130097428380227
5100 5.5 rs 3.0354327901646654 -5.8113864804772835 6.194296304934628 -2.2156777263375065
5100 6.0 rs 2.2411771556455813 -3.991670195482875 4.471709080535995 -1.6411184608701508
5200 4.0 rs 11.313080874050058 -23.97476886587589 23.196994728665715 -7.9982515132938445
5200 4.5 rs 7.325502089288764 -15.310382978645496 15.146555303646961 -5.281393693734479
5200 5.0 rs 4.5423462098944745 -9.12405810479881 9.299314784098357 -3.2804557048494583
5200 5.5 rs 3.080133651788678 -5.892354707905512 6.258501025788095 -2.2426871779886453
5200 6.0 rs 2.2859835339861023 -4.077396346107665 4.544899190182205 -1.67119506799102
5300 4.0 rs 11.594540774483654 -24.60028088589586 23.786184346584836 -8.205877402056574
5300 4.5 rs 7.498149879586708 -15.692718892625575 15.503928511204926 -5.409366608815342
5300 5.0 rs 4.641262522689743 -9.34063386805449 9.499603239810021 -3.355202639289282
5300 5.5 rs 3.218790934886221 -6.1846519340255055 6.5460957678678575 -2.358996303396089
5300 6.0 rs 2.3137554299536247 -4.119738311755475 4.57289183733973 -1.6868206407471258
5400 4.0 rs 12.33808124325929 -26.290577532019302 25.407523164816077 -8.77280818348965
5400 4.5 rs 7.684912727485445 -16.108510055180943 15.893763070642686 -5.547977808302383
5400 5.0 rs 4.754895283730629 -9.604488965727363 9.750768470469861 -3.4476799582187456
5400 5.5 rs 3.2655189649327405 -6.225963458766064 6.546603852576875 -2.3641597784557558
5400 6.0 rs 2.3399478768513657 -4.149858258047482 4.581038135832465 -1.6927987056615872
5500 4.0 rs 12.35698846493491 -26.259883664756465 25.324532237886913 -8.735507520717148
5500 4.5 rs 7.940503304903638 -16.677227148521755 16.425004711960494 -5.733100636831706
5500 5.0 rs 4.876713883351882 -9.86796163674401 9.99038026017824 -3.533048764021209
5500 5.5 rs 3.3294178328317923 -6.346787241844076 6.6432101782854645 -2.4000759884250202
5500 6.0 rs 2.3733449651830827 -4.2013628581623905 4.612697910548684 -1.7074420938632513
5600 4.0 rs 12.687884671557843 -26.976549605458658 25.985990000162076 -8.962653038286803
5600 4.5 rs 8.139845523377463 -17.116753250654646 16.834366317594558 -5.876813516238888
5600 5.0 rs 4.951520495865452 -9.975241573115735 10.075152393374482 -3.578225580167708
5600 5.5 rs 3.390708489971607 -6.475289465953377 6.756421784417698 -2.4443314984990234
5600 6.0 rs 2.405790004457654 -4.2522856123566495 4.642795307324458 -1.7205524974227036
5700 4.0 rs 12.985112220079149 -27.628979833974707 26.59280334658983 -9.172038945486516
5700 4.5 rs 8.314010307131158 -17.495179061987837 17.1818303701233 -5.997642827308848
5700 5.0 rs 5.045223650218986 -10.175711130211413 10.255845383711788 -3.644045417636882
5700 5.5 rs 3.4453429203020676 -6.583661949964679 6.845343305081229 -2.4777866705349676
5700 6.0 rs 2.4374207636131366 -4.306103627967144 4.678129307938606 -1.7355801006498714
5800 4.0 rs 13.272860669787043 -28.247480878019125 27.158945181603954 -9.364979186456019
5800 4.5 rs 8.464095529303298 -17.774114454433448 17.430392340865502 -6.097409153625751
5800 5.0 rs 5.136937297839413 -10.37053632075586 10.429328236911815 -3.7062659629236965
5800 5.5 rs 3.5009965387183666 -6.697433852223726 6.941235296635808 -2.513620091569802
5800 6.0 rs 2.4652521768558104 -4.3522793524261525 4.70501896191547 -1.7465667995159226
5900 4.0 rs 13.534913894969336 -28.810793805625366 27.673726878033875 -9.540057470306138
5900 4.5 rs 8.594562230161022 -18.0561774939525 17.69198876475924 -6.189173713206737
5900 5.0 rs 5.227104193381363 -10.563544945098048 10.601867173554753 -3.767865252630504
5900 5.5 rs 3.537453200050651 -6.7781898731627015 7.014636684479179 -2.5417710573090586
5900 6.0 rs 2.495374092366386 -4.411009938482632 4.748663163529017 -1.7641012729791166
6000 4.0 rs 13.774278204658712 -29.3238549854428 28.140676255811982 -9.698303356840869
6000 4.5 rs 8.433032126068415 -17.64809824798005 17.26192725324657 -6.035699822018692
6000 5.0 rs 5.314142716172449 -10.752625570749974 10.771687953215343 -3.828147006840577
6000 5.5 rs 3.6119682183668416 -6.932214687518398 7.14274963148921 -2.587476282631733
6000 6.0 rs 2.5149316633258603 -4.450848666114085 4.779159935019428 -1.7764939857366302
6100 4.0 rs 13.954000528951312 -29.702114432963047 28.482486760193606 -9.813522728734156
6100 4.5 rs 8.570616115345862 -17.942201964093073 17.526846649876063 -6.1267764880160405
6100 5.0 rs 5.367972968270195 -10.872149167087583 10.88312301709357 -3.8692323462852936
6100 5.5 rs 3.671622870452434 -7.057713977433609 7.25014350130545 -2.625718150180703
6100 6.0 rs 2.4720317119454385 -4.225611970865728 4.4669235781649315 -1.6555792437071937
6300 4.0 rs 13.842719351175003 -29.370147346717854 28.094448740457917 -9.666124363050324
6300 4.5 rs 8.822994736778098 -18.483019078432207 18.017942264292266 -6.296181614757693
6300 5.0 rs 5.583003511407147 -11.347062996954925 11.313242098656369 -4.01913663858812
6300 5.5 rs 3.7069424743063193 -6.988104249503449 7.0621225294632035 -2.543361522050791
6300 6.0 rs 2.5543565694381725 -4.340112239791126 4.500983370635627 -1.6577595673540393
6500 4.0 rs 14.410541097652992 -30.550638795957592 29.144053355790582 -10.012336091179971
6500 4.5 rs 9.173294953241736 -19.233923681597375 18.69816489677322 -6.52679749234875
6500 5.0 rs 5.784318081439024 -11.78022653596977 11.70122861424512 -4.151789570028625
6500 5.5 rs 3.688268320593743 -6.911021171055313 6.945952035076914 -2.498633227159824
6500 6.0 rs 2.65523319783824 -4.547559659920972 4.663300461645334 -1.711169225376058
6700 4.0 rs 15.122429242757384 -32.028211626298855 30.458321066047784 -10.444843095852642
6700 4.5 rs 9.591026396200327 -20.11886275766042 19.49498727346743 -6.793923895565207
6700 5.0 rs 6.0123196263016245 -12.275060751651248 12.150147986436192 -4.304895892308981
6700 5.5 rs 3.851410805437146 -7.257656625855225 7.2458909277334635 -2.599457242568107
6700 6.0 rs 2.7611691975982993 -4.759831523428537 4.828953800318182 -1.7645769346974336
6900 4.0 rs 15.812658131809505 -33.44872945677581 31.713730027647994 -10.856553274394182
6900 4.5 rs 10.09272100016084 -21.176674888539537 20.44854249024391 -7.1125269131925295
6900 5.0 rs 6.276446303823255 -12.842775148374265 12.6656065386524 -4.479845251730656
6900 5.5 rs 4.000400821490141 -7.577566063214799 7.527739852138545 -2.6942346688999907
6900 6.0 rs 2.876085278486467 -5.001360136891258 5.030966395032332 -1.831399709542958
