Teff log(g) filter a1 a2 a3 a4
2300 4.0 is 2.169488709316902 -3.585963000117497 4.251427376297042 -1.5687672647861133
2300 4.5 is 1.7838737960251443 -2.745892151562966 3.454308361066003 -1.308647695509363
2300 5.0 is 1.2973688744275527 -1.6309111230956719 2.3520642845065276 -0.9238907112436338
2300 5.5 is 1.4400016123691464 -1.769404576544921 2.27253598233483 -0.8611954295313111
2300 6.0 is 1.1640890242070903 -1.0981077165470556 1.6048810056134888 -0.6377350534564454
2400 4.0 is 1.5209960710512136 -1.9001804685551917 2.6054093426747875 -1.0263803376867489
2400 4.5 is 1.1272681785838432 -1.1416628228457424 1.9509730508898795 -0.8157701528573532
2400 5.0 is 0.8020776626439956 -0.30995964850138136 1.0826293748598328 -0.514589423880856
2400 5.5 is 0.7276936884620016 -0.08576424803097926 0.7846192547517788 -0.39959212135094857
2400 6.0 is 0.8199119512360431 -0.2280612570257747 0.8108277016654515 -0.3886655699533787
2500 4.0 is 1.352468250215258 -1.015167390928523 1.4722954427696064 -0.6085333090023628
2500 4.5 is 0.8445170541246072 -0.19311970477113885 0.8969579551323728 -0.444887831917067
2500 5.0 is 0.5046420124684083 0.3861256894578753 0.4493555922089638 -0.3051487940001126
2500 5.5 is 0.34447720810283833 0.9715019163816166 -0.2655786586995528 -0.047737116271713245
2500 6.0 is 0.5180642876004468 0.623364825435387 -0.03358865046380144 -0.10670480550485428
2600 4.0 is 2.1366111182399634 -2.260746506704558 2.27384901347774 -0.8237540221551474
2600 4.5 is 0.8569024773297905 0.27200713055048703 0.13801561177887828 -0.144268175711585
2600 5.0 is 0.36803402318318845 1.0890679844768731 -0.4461740928365493 0.025116262749881994
2600 5.5 is 0.30918096837223064 1.0685938072772299 -0.3527536960043846 -0.014219129664080002
2600 6.0 is 0.25834372075683987 1.0591432364536988 -0.29295619487654456 -0.04152734148627255
2700 4.0 is 3.6287226798884338 -5.3093147941592305 4.878173643070258 -1.6640353931402458
2700 4.5 is 1.7791254014043318 -1.3783565396242023 1.3426136281266676 -0.49291045880907713
2700 5.0 is 0.6625445223210494 0.8776682542537828 -0.5797123381784359 0.12335461467686543
2700 5.5 is 0.2936925918986016 1.4751217650877504 -0.9798033857495162 0.23299128335338368
2700 6.0 is 0.22349728532341603 1.4912382316399975 -0.9200555767856535 0.20324557199026086
2800 4.0 is 5.466550890496935 -9.318118365698083 8.511216065032356 -2.8774197222897633
2800 4.5 is 3.147192296408798 -4.26606724971241 3.8539062668298003 -1.310352729789301
2800 5.0 is 1.5831736510416279 -0.9379943495059454 0.8696856804539974 -0.3217259297024826
2800 5.5 is 0.7994061668248724 0.6585633481975535 -0.49902887998018886 0.12047288028160213
2900 4.0 is 6.5518233224003595 -11.811087396517715 10.839018852605836 -3.6705451224464345
2900 4.5 is 4.079465882427666 -6.345572801380536 5.71632332540234 -1.9279015128373218
2900 5.0 is 2.538974266863513 -2.9913437264112037 2.6408660648220526 -0.8948376839835878
2900 5.5 is 1.537175176490964 -0.8652776719237695 0.7661041046666949 -0.2803692424294786
2900 6.0 is 0.8230111658320667 0.5925610729025803 -0.4575348582926169 0.10659603985399489
3000 4.0 is 7.136607002023935 -13.241540908807552 12.223840203998053 -4.153886898309319
3000 4.5 is 4.894601366509785 -8.23197445054641 7.466224152566518 -2.5216959780907704
3000 5.5 is 2.141075656681946 -2.180862803320406 1.8763005924201397 -0.6344120248200592
3000 6.0 is 1.3457106832502062 -0.49155871132609263 0.39984563869889866 -0.15459872554242624
3100 4.0 is 7.788349976147177 -14.764137161488815 13.685141742222061 -4.659434005222939
3100 4.5 is 5.514061228385358 -9.717420626705112 8.883617319818542 -3.0116219508543023
3100 5.0 is 3.7964575316750393 -5.885787412683958 5.25491750770785 -1.766839438475596
3100 5.5 is 2.6399414359907336 -3.31854535061894 2.8711876904495433 -0.959370323793095
3100 6.0 is 1.8434412072586956 -1.5877977128154372 1.3228770724811925 -0.4484225680719091
3200 4.0 is 8.943142104547054 -17.41951089662445 16.24713493205814 -5.548773763103415
3200 4.5 is 6.563597082395147 -12.201319261049735 11.299330270434067 -3.857238664601628
3200 5.0 is 4.419818485183353 -7.376111637009587 6.671520049318823 -2.2557295965435826
3200 5.5 is 3.1108014899525136 -4.429986090180612 3.8801562993613574 -1.2970607981197797
3200 6.0 is 2.240762809584655 -2.501638952540766 2.109576646378938 -0.7022705652699993
3300 4.0 is 9.690510423528854 -19.16788198869827 17.949249109328505 -6.14068708127514
3300 4.5 is 7.302103998503503 -13.961053810148844 13.01946950088497 -4.460390671375111
3300 5.0 is 5.105514185260405 -9.030365910112852 8.279027238561206 -2.818562122460077
3300 5.5 is 3.655366923511232 -5.738594550315217 5.1158779630344515 -1.7216277350133729
3300 6.0 is 2.6514591175602433 -3.4703413773671885 2.9795698964766513 -0.9911589360317457
3400 4.0 is 10.259650436842199 -20.579599501819732 19.364035857283593 -6.639657402733359
3400 4.5 is 7.703287764085093 -14.967760718239125 14.027727406173469 -4.8183096511431796
3400 5.0 is 5.43089148804369 -9.848831335354467 9.082125945779838 -3.100962039037028
3400 5.5 is 3.9885423640544775 -6.5588626981975 5.892609439169769 -1.9887492402814995
3400 6.0 is 3.024050678947101 -4.361836498729516 3.794248440077164 -1.2645400790533685
3500 4.0 is 11.076415928595972 -22.603417376272542 21.382248760248263 -7.348556823629279
3500 4.5 is 8.101170957508367 -15.990459409407281 15.065756575395625 -5.189134550983572
3500 5.0 is 5.681646560686211 -10.50734751770631 9.744789984192424 -3.337500814975361
3500 5.5 is 4.207596309677162 -7.1209914620770665 6.432701134640486 -2.176056893162209
3500 6.0 is 3.2609533863785027 -4.9447572326118685 4.326220202784107 -1.4423622109335479
3600 4.0 is 11.816921828396703 -24.44946256079144 23.22571262190741 -7.992258927277585
3600 4.5 is 8.53086753960809 -17.09414017108158 16.186331239114413 -5.588141947951527
3600 5.0 is 5.918594590974624 -11.135745365587116 10.38446319201459 -3.5670069382774177
3600 5.5 is 4.371323756775647 -7.55729321466788 6.86247846620526 -2.3274705865998686
3600 6.0 is 3.4363786575031607 -5.39355348890895 4.74422052178085 -1.5840249790287868
3700 4.0 is 12.168671384031702 -25.394666657473717 24.19838104011956 -8.328099119631375
3700 4.5 is 8.782747391544413 -17.7687969553013 16.880633191502117 -5.833058596554551
3700 5.0 is 6.045507108642152 -11.489782121860323 10.749642833267057 -3.697506767659595
3700 5.5 is 4.463533670087738 -7.828914383964976 7.138110024186399 -2.425797681890129
3700 6.0 is 3.5245588538862953 -5.639651214486167 4.9762142163021705 -1.662981687173329
3800 4.0 is 12.073131024642576 -25.340457389077464 24.23705266286073 -8.34256311537795
3800 4.5 is 8.815392576455398 -17.929144666668808 17.077428080607746 -5.900653728403323
3800 5.0 is 6.150242122305113 -11.802217488815257 11.081198396490901 -3.815794960684268
3800 5.5 is 4.529975604945405 -8.028225001470132 7.3413602099531285 -2.497693135417258
3800 6.0 is 3.585535395586656 -5.822418285725154 5.152431018935154 -1.7234759215946223
3900 4.0 is 12.24257162091399 -25.927244773242112 24.902016465216672 -8.575547101630814
3900 4.5 is 8.743939160652532 -17.901432718535737 17.124464669794616 -5.918962743684807
3900 5.0 is 6.1136171073235355 -11.769452905220522 11.07558414546436 -3.812835908352718
3900 5.5 is 4.56896895580653 -8.174378284419687 7.502555176525396 -2.5554818590453534
3900 6.0 is 3.6195338847243885 -5.948020739470141 5.281676611633861 -1.7687989716652766
4000 4.0 is 12.011961301949036 -25.564757584128206 24.64784018854904 -8.490239349676568
4000 4.5 is 8.499379791806374 -17.462911419433432 16.769469752876642 -5.79166667325117
4000 5.0 is 6.025583320663066 -11.6690004578753 11.035510108048356 -3.800803354171066
4000 5.5 is 4.534149836001985 -8.1513198573204 7.509493410357946 -2.5597228055254475
4000 6.0 is 3.611598665640673 -6.005963904218419 5.367417619500532 -1.802919430543968
4100 4.0 is 11.844427849366086 -25.373240598258647 24.58749179836652 -8.484663148690633
4100 4.5 is 8.113380808751872 -16.742458746454393 16.19189840450847 -5.59891142782034
4100 5.0 is 5.891258381155095 -11.486600306330587 10.942737292941974 -3.7729476740900165
4100 5.5 is 4.508529778568209 -8.162555108240761 7.567221980963901 -2.5832326869443065
4100 6.0 is 3.6135215809543477 -6.060973214843571 5.448639959603889 -1.8345201843530894
4200 4.0 is 11.895155505538739 -25.558466341684777 24.78948471627347 -8.548293570911381
4200 4.5 is 7.946662770062949 -16.549054204498248 16.11633061305518 -5.5796323590925425
4200 5.0 is 5.589748050084997 -10.916592772272548 10.475362558978473 -3.611675994543064
4200 5.5 is 4.240522240101332 -7.696161099057591 7.209982707559969 -2.4690848630117754
4200 6.0 is 3.5264428232841847 -5.927526544442726 5.363167580949319 -1.809611479278212
4300 4.0 is 11.996870565150184 -25.746507299051995 24.92121348956032 -8.583071493739437
4300 4.5 is 7.668674518268763 -16.070898034658985 15.769136479726674 -5.47365173533509
4300 5.0 is 5.160349159285616 -10.05004496741515 9.736970208396508 -3.3603039583070626
4300 5.5 is 4.066327795757343 -7.314906713073157 6.879748803242378 -2.3493347210325717
4300 6.0 is 3.3933223418143474 -5.7011779178102735 5.203319026976541 -1.7600528443322883
4400 4.0 is 11.956954107630047 -25.644957960790908 24.812925990195968 -8.548002815771737
4400 4.5 is 7.763641767723485 -16.447114249755177 16.22047091106162 -5.640858885609817
4400 5.0 is 4.981939288132728 -9.872023415435665 9.715113661858192 -3.371967053125742
4400 5.5 is 3.831748121187984 -6.92332341884662 6.606296463602379 -2.2623853959583706
4400 6.0 is 3.160591240525448 -5.205922184705421 4.77551773590026 -1.6136188462610759
4500 4.0 is 11.877470631604105 -25.47392268904627 24.654752072615942 -8.501431185062913
4500 4.5 is 7.572980882338518 -15.974246144349971 15.713814409070327 -5.450303212568009
4500 5.0 is 4.746493665203676 -9.45530420229708 9.418872201204115 -3.285404510066699
4500 5.5 is 3.5144276689098306 -6.311223475921088 6.120234032114281 -2.104099857225049
4500 6.0 is 2.9603721585100966 -4.861294389772423 4.53154156975084 -1.5365090213755659
4600 4.0 is 11.733935964822052 -25.13436394929967 24.318717974664747 -8.388970931951375
4600 4.5 is 7.468468798499564 -15.733495234961293 15.4803514078164 -5.375473169413812
4600 5.0 is 4.7723829572636065 -9.676043991699645 9.733775989534267 -3.41228960245058
4600 5.5 is 3.3129094663953467 -6.035996650723053 5.995410433175109 -2.082955014604457
4600 6.0 is 2.759490826566492 -4.512837898966574 4.289782304236486 -1.4612799500644071
4700 4.0 is 11.535618996395545 -24.664210404023112 23.852348879631418 -8.229723300934614
4700 4.5 is 7.359575193488615 -15.459291768396568 15.199017743529545 -5.279998678405112
4700 5.0 is 4.785309138017442 -9.707181578646738 9.74451339737251 -3.409699228803134
4700 5.5 is 3.163267121063307 -5.8347296015194425 5.922687636123942 -2.0814585057044503
4700 6.0 is 2.5889146512018173 -4.22350027545762 4.11479422351719 -1.4154418672358446
4800 4.0 is 11.802091537940623 -25.249769698467787 24.399113371076393 -8.421281968680061
4800 4.5 is 7.496300705650132 -15.758196939076788 15.47882633531465 -5.38159548793746
4800 5.0 is 4.706437378359437 -9.496772815540929 9.510798722119448 -3.3232860814694605
4800 5.5 is 3.2357335591713956 -6.176583455838965 6.373854477008708 -2.2637949639597283
4800 6.0 is 2.384988646238242 -3.94256202921335 3.991312284373546 -1.4004846104962587
4900 4.0 is 12.1863911183006 -26.10831687663976 25.207762874102876 -8.702686569833654
4900 4.5 is 7.665133942211731 -16.123165980381973 15.81880859540411 -5.503540965874478
4900 5.0 is 4.7946562133073165 -9.683436292128404 9.682589248499504 -3.387655126839384
4900 5.5 is 3.4084447528251225 -6.588637066112639 6.7647193620699415 -2.3961635338699208
4900 6.0 is 2.4082303820224804 -4.085342915081161 4.219773160823023 -1.4996279406319755
5100 4.0 is 13.718875996643828 -29.36085962096615 28.168105400972994 -9.699766766078522
5100 4.5 is 8.863566575801315 -18.75619897113228 18.269873477244076 -6.344020139706171
5100 5.0 is 5.452205239139387 -11.127248201072351 11.020904811069967 -3.851029758901477
5100 5.5 is 3.8146251898538073 -7.485497982580613 7.574133287750567 -2.6680962593925655
5100 6.0 is 2.7436121538987712 -5.047879392947548 5.259986030235131 -1.8847110788996821
5200 4.0 is 14.497594349917021 -31.14169408104988 29.8815319814237 -10.298985330166328
5200 4.5 is 9.005727146834488 -19.077536579697345 18.571782396898143 -6.451714027006527
5200 5.0 is 5.528424722638703 -11.295981467653618 11.175266823075212 -3.907680259809437
5200 5.5 is 3.8520370514280886 -7.563345767016511 7.640159207760335 -2.693973948505799
5200 6.0 is 2.783817194804077 -5.133713124731481 5.335603920908065 -1.9133207180515925
5300 4.0 is 14.789974703664305 -31.796498890939784 30.49779351331278 -10.51348299204532
5300 4.5 is 9.16409828694151 -19.43511129465488 18.906813359576304 -6.5699266394433
5300 5.0 is 5.828034035098259 -11.994166446191418 11.852891954556432 -4.149236414273225
5300 5.5 is 3.9025375111985574 -7.672764523366954 7.755433440004156 -2.746493598198006
5300 6.0 is 2.806591456588147 -5.1808614477162465 5.374593666408424 -1.9311359335636493
5400 4.0 is 15.154547460341579 -32.611687197129505 31.263902960639744 -10.778063518613358
5400 4.5 is 9.345844105906753 -19.844939367140846 19.291156279071558 -6.704598132965594
5400 5.0 is 5.942427200841803 -12.26930921852558 12.117793919082963 -4.244889568622316
5400 5.5 is 3.9534323367933704 -7.7544262616743636 7.8121518682399875 -2.771584537654038
5400 6.0 is 2.833024214738577 -5.230425181647553 5.411450341208877 -1.946949899911552
5500 4.0 is 15.652295257985234 -33.67919107437779 32.23975881593063 -11.106956787577086
5500 4.5 is 9.614537806065789 -20.447628631847724 19.854733801374724 -6.898988610405747
5500 5.0 is 6.072693647365307 -12.559934556123762 12.385900635078706 -4.338648298014217
5500 5.5 is 4.015731458771291 -7.885275524084149 7.925034127041505 -2.81243938246616
5500 6.0 is 2.9630845872563722 -5.517575335290089 5.677531719723563 -2.0422298812326787
5600 4.0 is 16.02753710459417 -34.493666719163826 32.98903778230235 -11.361059828000208
5600 4.5 is 9.822371270802545 -20.909445052110453 20.2840122364576 -7.047274310336601
5600 5.0 is 6.188590941717759 -12.799954769126513 12.618234997157451 -4.4345510627133145
5600 5.5 is 4.0780578017846265 -8.030559092171526 8.060906467771531 -2.863609237005488
5600 6.0 is 2.9969302021169306 -5.586685975633469 5.732874463820818 -2.063668932740702
5700 4.0 is 16.371069851110718 -35.24878356460286 33.68907606037377 -11.599725616455004
5700 4.5 is 9.998196542513083 -21.29320605067605 20.63445651665714 -7.166816211950937
5700 5.0 is 6.28868276207245 -13.024271652657932 12.82530090983898 -4.508236041265456
5700 5.5 is 4.132960141113537 -8.15265253318137 8.1699483921022 -2.903743406523228
5700 6.0 is 3.0283571246095677 -5.6527951888631645 5.786326008930546 -2.0842901931562046
5800 4.0 is 16.036786403187012 -34.42996013262993 32.85330775597582 -11.299594558106598
5800 4.5 is 10.187469076034972 -21.696115617158984 21.019716125004653 -7.313407256886186
5800 5.0 is 6.387820248289001 -13.245418077775998 13.028447677580438 -4.580027340409057
5800 5.5 is 4.186960123553 -8.273331397973948 8.277717135786128 -2.9430374145905174
5800 6.0 is 3.059209210294595 -5.720023633720507 5.841847600671788 -2.105463287555409
5900 4.0 is 16.30957386660674 -35.011810328307696 33.37819557539892 -11.474781009338484
5900 4.5 is 10.332671083823183 -22.012450589753822 21.31225361778625 -7.414084380436098
5900 5.0 is 6.484193581638622 -13.460801909301452 13.226196959717697 -4.6496001363695525
5900 5.5 is 4.226160217843965 -8.367897422593769 8.36810724375938 -2.9767196692348064
5900 6.0 is 3.092124607398755 -5.79720720686999 5.909901533555331 -2.1312807463819343
6000 4.0 is 16.55312560934881 -35.52696892488403 33.838337823021064 -11.627115890895379
6000 4.5 is 10.504849889065955 -22.38750419447848 21.65026895330273 -7.529240387112129
6000 5.0 is 6.578917371206618 -13.675263620022958 13.424258494640473 -4.719162570250926
6000 5.5 is 4.300424302459111 -8.535144710331412 8.517040764282982 -3.0296949289685666
6000 6.0 is 3.112452810787557 -5.846531415132443 5.953802551314534 -2.148148646531379
6100 4.0 is 16.747432367816767 -35.927835737425575 34.19093549851528 -11.742272107880973
6100 4.5 is 10.654355092114658 -22.711690054348825 21.944052587485636 -7.6290037478187145
6100 5.0 is 6.374301525662827 -13.195182144591948 12.94799423128099 -4.552020818306072
6100 5.5 is 4.358657471017353 -8.664981661468902 8.6325984897897 -3.0703223095539554
6100 6.0 is 3.077319311958421 -5.677220333430634 5.726939479633979 -2.0634766985567725
6300 4.0 is 17.266024804115865 -37.014160187915905 35.14943928558611 -12.055595937385158
6300 4.5 is 10.460941507516008 -22.217643926719994 21.419280491715895 -7.437952892095034
6300 5.0 is 6.59182366726363 -13.687479996145662 13.399716961430975 -4.707969615885357
6300 5.5 is 4.3904926760099645 -8.630213780196627 8.514054390273882 -3.0194775771729003
6300 6.0 is 3.1575517235388473 -5.812734493426363 5.801866268211037 -2.0829240318760367
6500 4.0 is 17.94299952919523 -38.4069471802632 36.36996112593178 -12.45115853365445
6500 4.5 is 10.839356169314163 -23.0289583401925 22.149087831442127 -7.681309507090644
6500 5.0 is 6.800187961560314 -14.13980717462412 13.804430398088895 -4.843828377135747
6500 5.5 is 4.522188973158806 -8.912906304143927 8.756759246337124 -3.100847977952205
6500 6.0 is 3.1338592869136366 -5.752436518382151 5.717568308633347 -2.0514821188144907
6700 4.0 is 18.826349662965356 -40.236509125429116 37.988168897302536 -12.979279335569537
6700 4.5 is 11.309076429580289 -24.024325578541493 23.039046450659693 -7.975188405913067
6700 5.0 is 7.0507115644802685 -14.68708775625545 14.29977116253109 -5.010019307438625
6700 5.5 is 4.702820567480914 -9.30789880462304 9.108106502201375 -3.219032164532883
6700 6.0 is 3.2409305808565994 -5.980800370345584 5.9089060955263 -2.114800965449394
6900 4.0 is 19.709051975585396 -42.068186492847396 39.61269475461076 -13.511491277342962
6900 4.5 is 11.898323115644702 -25.270779290647535 24.157146911366397 -8.344221582539369
6900 5.0 is 7.351986267249835 -15.337643275158717 14.886840724316928 -5.205554003955334
6900 5.5 is 4.874619856183873 -9.685132313335828 9.447132930846621 -3.3328378451905722
6900 6.0 is 3.360566071352205 -6.243394255848774 6.138480535350654 -2.1916567567516405
