Teff log(g) filter a1 a2 a3 a4
2300 4.0 kg5 3.1197215626917796 -6.301763141411874 6.956026944912386 -2.431753978275204
2300 4.5 kg5 2.580896239872927 -4.9503880449565525 5.544355419369506 -1.933294918841537
2300 5.0 kg5 1.7983435583481522 -3.127134475276054 3.7644469952820763 -1.3211428027030951
2300 5.5 kg5 2.038374922895251 -3.305496523228745 3.6080400968718536 -1.221825070265593
2300 6.0 kg5 1.729945507415254 -2.6189644725178938 2.958819401145183 -1.009177059512105
2400 4.0 kg5 1.9782036816516049 -3.5779427814447105 4.408372364844276 -1.580441582493677
2400 4.5 kg5 1.6816223420858036 -3.0005751178189266 3.8243152800135696 -1.3591433127305608
2400 5.0 kg5 1.3903504107373568 -2.290168134377774 3.110410619294912 -1.1230424284730744
2400 5.5 kg5 1.1396537995092746 -1.4933871322229402 2.1770020443728324 -0.7796749349898907
2400 6.0 kg5 1.2351646046435227 -1.6041916835216095 2.138877630894329 -0.7425255688003003
2500 4.0 kg5 1.3127575425850293 -1.638754098459756 2.3789789641155967 -0.8735224707141314
2500 4.5 kg5 1.1210981258852561 -1.4528388412401183 2.263981183913449 -0.8147566006267459
2500 5.0 kg5 1.0338926282463579 -1.4727089019549422 2.308698807607368 -0.8067538066516445
2500 5.5 kg5 0.8321093884485906 -0.8839933382192758 1.635271668040278 -0.5671054900056
2500 6.0 kg5 1.0313189091052584 -1.2368602530265151 1.8950041653476557 -0.6627988467912403
2600 4.0 kg5 1.2948414309466432 -1.191517765473881 1.7410674682846092 -0.6441580512632512
2600 4.5 kg5 0.6685007356802377 -0.21218847529397733 1.039898904415973 -0.4149936729818494
2600 5.0 kg5 0.582444664212592 -0.28376071275958986 1.1710546517039149 -0.4294505595572983
2600 5.5 kg5 0.8390811661557143 -1.0031910827698662 1.8093300681435738 -0.6053359689492084
2600 6.0 kg5 0.8519053558603399 -0.899780675353031 1.4795960488341116 -0.41816425697384485
2700 4.0 kg5 2.0100202555310807 -2.4940447188354216 2.7744266418783408 -0.9824740017896817
2700 4.5 kg5 0.9667871335448036 -0.5180934436712962 1.1201064347984195 -0.4332450737089261
2700 5.0 kg5 0.5162920853793618 0.07279542565816305 0.7745265146570699 -0.31289422341440676
2700 5.5 kg5 0.505709637081296 -0.15159914798529636 1.032246994723768 -0.359474502094031
2700 6.0 kg5 0.6099762096757109 -0.4699265955021615 1.2581205908455697 -0.3828967632913881
2800 4.0 kg5 3.1390389798712794 -4.823178509571856 4.817059184291504 -1.6654664029455781
2800 4.5 kg5 1.668559761597303 -1.8456987762518393 2.2054719011557697 -0.7964323738112995
2800 5.0 kg5 0.8556293730081876 -0.3895011179371038 1.043393534513603 -0.40988215800592487
2800 5.5 kg5 0.5632670093792506 -0.07170501393747948 0.8970372995593813 -0.3459287519866029
2900 4.0 kg5 3.7769905108174773 -6.200884209209859 6.0488800882897555 -2.081636652509475
2900 4.5 kg5 2.1649523821405237 -2.8250498049306674 3.016447949466274 -1.069801440675567
2900 5.0 kg5 1.2724218068271655 -1.1120858562971094 1.5837715411636133 -0.5978731515603987
2900 5.5 kg5 0.865524473078324 -0.5723594892586547 1.301224012496311 -0.5136360802439773
2900 6.0 kg5 0.7119252653430157 -0.6278150198813276 1.5613352219744308 -0.5990077066586086
3000 4.0 kg5 4.095362186225522 -6.964298936072321 6.773463890764532 -2.3339612996841987
3000 4.5 kg5 2.5941997571437208 -3.7180628071888737 3.788311470474415 -1.3325666832482193
3000 5.5 kg5 1.0172856499866794 -0.6960566818678148 1.2891856622585576 -0.5230074453840463
3000 6.0 kg5 0.7255211823924006 -0.42922221222604456 1.2916807425086037 -0.548496684723493
3100 4.0 kg5 4.400024062549398 -7.723496530946685 7.529852877449479 -2.5995215174143715
3100 4.5 kg5 2.9452936750146015 -4.501126869161254 4.501556470253481 -1.579843243121031
3100 5.0 kg5 1.8698828942033607 -2.198471442898656 2.4036087488309406 -0.8788175911054782
3100 5.5 kg5 1.1659855141682356 -0.8264737810778888 1.270540990932047 -0.5175427544350691
3100 6.0 kg5 0.7725966287388171 -0.2575954646170827 0.9705776349574488 -0.4502734925227182
3200 4.0 kg5 5.011277029479317 -9.246447065378948 9.079019288075214 -3.1499746177164876
3200 4.5 kg5 3.580610569856857 -6.00350400134729 5.970385785075576 -2.101106796450213
3200 5.0 kg5 2.2614084523137072 -3.0292083557372718 3.1353849997183967 -1.1321393740685872
3200 5.5 kg5 1.3909573097644339 -1.1583595386608736 1.4409192396824644 -0.5671470150425741
3200 6.0 kg5 0.851168833382407 -0.1472517998011338 0.6607181524572856 -0.3328818068999848
3300 4.0 kg5 5.2993888826629005 -10.098075631726498 10.020560489758546 -3.496809688725153
3300 4.5 kg5 3.8956887929940955 -6.80297993388465 6.786324888952506 -2.39831061191085
3300 5.0 kg5 2.6394984587997934 -3.873793719734013 3.9128198816891584 -1.4043589462473118
3300 5.5 kg5 1.7477181152695649 -1.8480324439521156 1.9809913880415315 -0.7428240956983994
3300 6.0 kg5 1.0874518044073425 -0.4465221974764778 0.7455117620080381 -0.3396420155255282
3400 4.0 kg5 5.647674315002307 -11.09934155221611 11.10703397785012 -3.8958748702088952
3400 4.5 kg5 4.084291476305719 -7.340218967423965 7.366494933753315 -2.617049519435775
3400 5.0 kg5 2.8192338170654656 -4.292330510490329 4.298377933904975 -1.541395030619673
3400 5.5 kg5 1.9901316173578487 -2.3195885308959405 2.33778255611177 -0.8549500825978331
3400 6.0 kg5 1.367825091370975 -0.9069907957728426 1.0066933581103463 -0.4028170865567659
3500 4.0 kg5 6.313729501554382 -12.733518898997461 12.725317264947927 -4.463353332001793
3500 4.5 kg5 4.3946267514667685 -8.12645974142211 8.161938425408565 -2.905224357379033
3500 5.0 kg5 3.0196779102252043 -4.769537153554207 4.747472173945906 -1.7004478609521103
3500 5.5 kg5 2.200033938164666 -2.7544075292518553 2.6835291511317916 -0.9647202723966963
3500 6.0 kg5 1.6232238581034122 -1.3788441780918592 1.3230148535148134 -0.48840432662276495
3600 4.0 kg5 6.804534211545085 -13.870717711436392 13.793142505803655 -4.818275744949079
3600 4.5 kg5 4.72606676056578 -8.902183792231767 8.898066871892505 -3.1591711978082273
3600 5.0 kg5 3.223785759678952 -5.234183894292433 5.16751591306204 -1.8433830413094277
3600 5.5 kg5 2.413587570525458 -3.2212185196028718 3.079555099662483 -1.0936234681589032
3600 6.0 kg5 1.8768912392297024 -1.9047915125933905 1.7325310275307737 -0.6116418557548556
3700 4.0 kg5 7.156852355391548 -14.673344192246711 14.516082088228003 -5.037718617908823
3700 4.5 kg5 5.128507172609664 -9.808072021975672 9.729440032508226 -3.433507168630242
3700 5.0 kg5 3.5054283574583014 -5.86569008628362 5.740429237462184 -2.03485708331659
3700 5.5 kg5 2.6256579347126396 -3.6961185776607297 3.4896835802707242 -1.2263345470660394
3700 6.0 kg5 2.0827281056838904 -2.3511893534082646 2.0950343746339706 -0.7230346788791521
3800 4.0 kg5 7.1363052470219275 -14.66744289506117 14.478958648534528 -4.984364078667922
3800 4.5 kg5 5.302628593721462 -10.194029676772839 10.053330393072285 -3.5196409844083036
3800 5.0 kg5 3.7900243782785723 -6.511462817848111 6.3192768009836335 -2.2208761130682833
3800 5.5 kg5 2.8394432927413717 -4.180174613332273 3.9148735726045483 -1.3630189715821073
3800 6.0 kg5 2.2815007211013913 -2.8108822091939887 2.4943658868181227 -0.8506792168083365
3900 4.0 kg5 7.4978550480998685 -15.570454081320605 15.319695092301524 -5.234975672062937
3900 4.5 kg5 5.501802164249992 -10.724092218045177 10.554012917413806 -3.6646235977267643
3900 5.0 kg5 3.9319734305110794 -6.84633088526521 6.616906364910953 -2.3066733510230804
3900 5.5 kg5 3.051379732388477 -4.691385855771817 4.386735685399251 -1.5171233937352644
3900 6.0 kg5 2.4568336150977355 -3.2409758916605695 2.887774250085316 -0.9798665999391534
4000 4.0 kg5 7.471030400928413 -15.617771172592008 15.381494438744383 -5.226262071707526
4000 4.5 kg5 5.469437560094635 -10.746981000709189 10.582609003229734 -3.640143394086839
4000 5.0 kg5 4.067552273731418 -7.249320944223337 7.023774348178382 -2.4319877801745258
4000 5.5 kg5 3.1775198163757357 -5.029539681421475 4.717670929225216 -1.6243465235360506
4000 6.0 kg5 2.612212911503221 -3.6703113467931714 3.310871306852918 -1.1241554264024902
4100 4.0 kg5 7.400107548550058 -15.606511325900083 15.44084963091971 -5.239809989445992
4100 4.5 kg5 5.171369612460282 -10.247951463256125 10.182423741826886 -3.480060665193658
4100 5.0 kg5 4.005390117367566 -7.2483609719635735 7.081339301490984 -2.4368661803469176
4100 5.5 kg5 3.2035156158800064 -5.166739129185392 4.882873482633305 -1.6753833583147926
4100 6.0 kg5 2.70200152685419 -3.9342323043934293 3.5873729937311976 -1.21930083517235
4200 4.0 kg5 7.529796603215068 -15.968108272317949 15.813076314695287 -5.361439961459355
4200 4.5 kg5 5.189980092936443 -10.487150761190543 10.494117882932544 -3.573591455142745
4200 5.0 kg5 3.833370171544562 -7.01748884887746 6.9354000134590565 -2.3699148904999108
4200 5.5 kg5 3.1743772112021476 -5.292780562161568 5.10175437494968 -1.7533018638100886
4200 6.0 kg5 2.7039834490612598 -4.020693065585666 3.7139071938156376 -1.2638725468376149
4300 4.0 kg5 7.729764085809931 -16.375522721421184 16.163432839329023 -5.476410539163715
4300 4.5 kg5 5.042533055425907 -10.340341025841505 10.47176886388862 -3.5725079331583744
4300 5.0 kg5 3.5121728160134467 -6.464332282322067 6.510762852704359 -2.212862129616947
4300 5.5 kg5 2.979714245553193 -4.907140232328161 4.7806825483653075 -1.627256791260526
4300 6.0 kg5 2.637198535100023 -3.9702411162274016 3.7290156215758468 -1.2702906848163953
4400 4.0 kg5 7.765425780918462 -16.435258148421703 16.21325121836882 -5.499229050846327
4400 4.5 kg5 5.197373998698029 -10.872803226280919 11.091942109969434 -3.8012450299816067
4400 5.0 kg5 3.4602596356480855 -6.6117755605909405 6.802862861833958 -2.321392747197672
4400 5.5 kg5 2.823371987583294 -4.7410902950321985 4.729736923509819 -1.6045177202187746
4400 6.0 kg5 2.4260131613056 -3.566356054216356 3.4082023856438517 -1.1566252414762421
4500 4.0 kg5 7.775376602109439 -16.45957967490534 16.2543015843684 -5.529256559284435
4500 4.5 kg5 5.268079091957226 -11.02634160750987 11.220731469828197 -3.840622871961757
4500 5.0 kg5 3.283824459764841 -6.3788737654506305 6.71114042196003 -2.3055515559487856
4500 5.5 kg5 2.5641358328029877 -4.3274938861370424 4.457900315902597 -1.5120573624509148
4500 6.0 kg5 2.3169455712891573 -3.4694017496134055 3.4119589152649237 -1.1565316405408956
4600 4.0 kg5 7.728804277243538 -16.33760791474956 16.141391535696506 -5.501959710336801
4600 4.5 kg5 5.241569557125798 -10.960362658078852 11.171546242484077 -3.838695758580743
4600 5.0 kg5 3.429667784137408 -6.900438222797342 7.343686592023222 -2.5492545384002616
4600 5.5 kg5 2.443501983676572 -4.282390586868178 4.5724584039593825 -1.5690914894389831
4600 6.0 kg5 2.153139531199964 -3.2521648311136695 3.3105879182611067 -1.1211268644025922
4700 4.0 kg5 7.855060190995862 -16.617624196665673 16.420288941100516 -5.611415132281485
4700 4.5 kg5 5.209502570922809 -10.8647281949807 11.082657616525625 -3.8200840113437864
4700 5.0 kg5 3.4877132165161093 -7.0514488221892115 7.496094056460377 -2.604524603790528
4700 5.5 kg5 2.398483283014693 -4.363394589741735 4.8016487021862995 -1.6755202181516615
4700 6.0 kg5 1.9500841131631423 -2.948225506717506 3.1485069131025667 -1.0753655379307663
4800 4.0 kg5 8.07250332863224 -17.090506937128865 16.87236767091158 -5.77751424051892
4800 4.5 kg5 5.318873449770027 -11.099122093822725 11.315290682913641 -3.9135836516665408
4800 5.0 kg5 3.4688213039018265 -6.988454172858784 7.42401419123172 -2.5812731311066006
4800 5.5 kg5 2.4187311936510816 -4.596071023631456 5.163529668190896 -1.8309495138060259
4800 6.0 kg5 1.8663529135666195 -2.9832603994780786 3.3501863225583253 -1.1718112312679958
4900 4.0 kg5 8.387797948409238 -17.792107287603653 17.54471030114613 -6.019241750486756
4900 4.5 kg5 5.4462056743896206 -11.368411551060726 11.57983264213684 -4.018466793128795
4900 5.0 kg5 3.5325419042529314 -7.116632819121269 7.554531181181905 -2.639671580872594
4900 5.5 kg5 2.5640180380142388 -4.95970487215286 5.53419434125678 -1.9655791115932004
4900 6.0 kg5 1.8676892144904524 -3.107965326735575 3.5889023561647564 -1.278967647334744
5100 4.0 kg5 9.643127037187448 -20.477024442292258 20.063820948840178 -6.90991971786884
5100 4.5 kg5 6.349165222830031 -13.333952373141345 13.435454151342114 -4.677268251532909
5100 5.0 kg5 4.030769480244606 -8.187728268639416 8.569320973969656 -3.0123056420613703
5100 5.5 kg5 2.8991117020413903 -5.701418445681562 6.231859332875216 -2.2161242313010048
5100 6.0 kg5 2.1127393995525674 -3.8722828676255996 4.472175123001671 -1.623545858654519
5200 4.0 kg5 10.117506249180652 -21.55636243841914 21.113739443169795 -7.286656090235336
5200 4.5 kg5 6.460749408920151 -13.579258472189872 13.676944550267384 -4.772236633721036
5200 5.0 kg5 4.091511014999234 -8.314835156709403 8.696826910864642 -3.0681621242617174
5200 5.5 kg5 2.9254915482659953 -5.74749504901063 6.279568795575534 -2.2435589272022534
5200 6.0 kg5 2.191772728552675 -4.043107769768606 4.643875481778419 -1.6934140393400878
5300 4.0 kg5 10.333792628413104 -22.03780956884932 21.57937329849691 -7.457665737358362
5300 4.5 kg5 6.582314858036851 -13.84756116724712 13.939237064023482 -4.87349306616121
5300 5.0 kg5 4.279384761526696 -8.744946108862667 9.12386800309354 -3.2296293768097266
5300 5.5 kg5 2.9275751726810872 -5.72059188491656 6.267613950093227 -2.260665748800346
5300 6.0 kg5 2.204853554418296 -4.055017551095777 4.656652736247948 -1.7092488225714109
5400 4.0 kg5 10.59527746219054 -22.61869040714803 22.13622088796232 -7.6582748536211716
5400 4.5 kg5 6.717313968636069 -14.1452426631989 14.22720501375435 -4.982235526559979
5400 5.0 kg5 4.372159179419722 -8.961947894834148 9.343174386084778 -3.3170644127373223
5400 5.5 kg5 2.9424075023248033 -5.679966102125157 6.196446695474139 -2.246116763658273
5400 6.0 kg5 2.216446674205527 -4.054335932515602 4.649657777992206 -1.716040992665273
5500 4.0 kg5 10.949826031606088 -23.37398612185269 22.837703950195817 -7.90331047851651
5500 4.5 kg5 7.129596683616806 -15.085430733646902 15.138412125180105 -5.307751954278273
5500 5.0 kg5 4.464002587401057 -9.156586157531551 9.52850624326747 -3.389213431919661
5500 5.5 kg5 3.0616388216121733 -5.926822731495945 6.427148280481618 -2.3346187088662664
5500 6.0 kg5 2.2285006839547847 -4.052379867109385 4.63804997428835 -1.7199597308712749
5600 4.0 kg5 11.21462241059077 -23.94349016637864 23.3717155100004 -8.092525130062231
5600 4.5 kg5 7.28579078829843 -15.425707358376085 15.462985891128845 -5.427342526074339
5600 5.0 kg5 4.481978844271721 -9.10280391255442 9.449281967556402 -3.3797971459742455
5600 5.5 kg5 3.099348447280284 -5.9934485504358825 6.487075879709507 -2.3647842987240066
5600 6.0 kg5 2.243101830776266 -4.05862402040277 4.634998317862473 -1.7268542793163255
5700 4.0 kg5 11.47213735647122 -24.507867768930737 23.90566045796126 -8.282138862021487
5700 4.5 kg5 7.419046031457271 -15.709073088111692 15.728985844978514 -5.525072556718196
5700 5.0 kg5 4.682267926048325 -9.547409814884837 9.877244397995819 -3.537454331787361
5700 5.5 kg5 3.131306603199627 -6.041636552673059 6.523511824972791 -2.3841832779017667
5700 6.0 kg5 2.31391266314137 -4.193681775327773 4.754451531801692 -1.7751757413563063
5800 4.0 kg5 11.705328744944634 -25.003880229459927 24.36640812457101 -8.444491859121031
5800 4.5 kg5 7.499565622413689 -15.791465169611444 15.772549817495861 -5.554072712011689
5800 5.0 kg5 4.751182440764937 -9.680552647742942 9.995184044534575 -3.5841729720705766
5800 5.5 kg5 3.163443633407413 -6.090819827405625 6.560342685219545 -2.4030583211050756
5800 6.0 kg5 2.3274374932052657 -4.199396447134946 4.7485664938155825 -1.7792058330676532
5900 4.0 kg5 12.260112529576608 -26.245327496997895 25.5529882970171 -8.86046994914918
5900 4.5 kg5 7.601267140976034 -16.005451023276805 15.975136380606441 -5.629239903802122
5900 5.0 kg5 4.8201968187696105 -9.814128687286566 10.112763028456591 -3.6299985751147528
5900 5.5 kg5 3.273922882664619 -6.337471944359564 6.799914298901284 -2.492750547336424
5900 6.0 kg5 2.343584505090672 -4.215183455624635 4.753719175768429 -1.7868222166674754
6000 4.0 kg5 12.466103281240114 -26.682522028101623 25.958135125928724 -9.002996392639135
6000 4.5 kg5 7.7476146666618915 -16.29966306043212 16.23379606093466 -5.721517631171242
6000 5.0 kg5 4.891120747502415 -9.954718981312448 10.23703293456257 -3.677407141586915
6000 5.5 kg5 3.329166520202224 -6.431002150967472 6.870374324526131 -2.522008967686968
6000 6.0 kg5 2.3510546420100096 -4.2164891219651555 4.74659315496839 -1.7878598200969955
6100 4.0 kg5 12.618619557608172 -27.000682474959227 26.2530253281258 -9.107213418679656
6100 4.5 kg5 7.865834327979159 -16.539779218178175 16.449114871100583 -5.798639284964346
6100 5.0 kg5 4.927110770922759 -10.022405990013262 10.298145871783866 -3.7030056339101525
6100 5.5 kg5 3.3722675046666875 -6.505124334092377 6.9280006990269865 -2.545534768585575
6100 6.0 kg5 2.3005147223999107 -3.951745210406527 4.388315506796034 -1.6515572554245952
6300 4.0 kg5 13.060150807713617 -27.921487977051083 27.089611080036722 -9.396001262044917
6300 4.5 kg5 8.330800702664549 -17.555413098094554 17.40694709559395 -6.137458603982128
6300 5.0 kg5 5.118157134791637 -10.41261294792647 10.644159583030243 -3.8288225345903975
6300 5.5 kg5 3.3946606778447337 -6.365273440828877 6.6538425278012685 -2.4325103034321707
6300 6.0 kg5 2.432442148218424 -4.145256986232393 4.491091409434219 -1.680936505254602
6500 4.0 kg5 13.621128332637422 -29.08147143230572 28.135894142019037 -9.750749745620778
6500 4.5 kg5 8.67556533211629 -18.267951938466595 18.04752176727018 -6.358546133752233
6500 5.0 kg5 5.291294573467888 -10.75303866049589 10.936735967046014 -3.931287893421691
6500 5.5 kg5 3.510374736501191 -6.563606763072549 6.795593702291324 -2.4803862615822494
6500 6.0 kg5 2.5199082249616716 -4.2838992797412345 4.574156158503047 -1.708227580762015
6700 4.0 kg5 14.32975352625983 -30.545659348476345 29.450190117092454 -10.191325191720722
6700 4.5 kg5 9.090233934307806 -19.120753482077834 18.809213631518922 -6.616911828461944
6700 5.0 kg5 5.4973297281989755 -11.165860810260005 11.295830509367615 -4.0545794767834105
6700 5.5 kg5 3.669559389884704 -6.863449857349585 7.035138300043712 -2.560658140941013
6700 6.0 kg5 2.6187584704112394 -4.442279195388018 4.673087320433271 -1.7391380682277753
6900 4.0 kg5 14.997476412836026 -31.90454225801348 30.65463091587499 -10.591773767841635
6900 4.5 kg5 9.586410320019302 -20.140460674985764 19.71937047999177 -6.92264166725641
6900 5.0 kg5 5.747836610864431 -11.67513880904783 11.745670967051874 -4.208206092180128
6900 5.5 kg5 3.823110191111553 -7.1627049217024545 7.283056556849926 -2.6434111908814373
6900 6.0 kg5 2.730840921960653 -4.639812644786706 4.814861153536218 -1.7842132244971025
