Teff log(g) filter a1 a2 a3 a4
2300 4.0 z 3.639252337616597 -5.585689549814042 5.250275361024365 -1.8089322114886979
2300 4.5 z 2.6688676330002985 -3.6270901543799763 3.5152297980627556 -1.2346888264797116
2300 5.0 z 2.0483620812301875 -2.360242447600172 2.365431585554442 -0.8441070232003962
2300 5.5 z 2.0126373623073097 -2.3590551216994298 2.33958637855528 -0.8253825796870983
2300 6.0 z 1.8312431202952124 -1.964405205848615 1.942673255935914 -0.6841972218042286
2400 4.0 z 3.819382700813997 -5.839453698141713 5.370894498418468 -1.831529695953728
2400 4.5 z 2.599875337147138 -3.340874740050817 3.1662502246973094 -1.1064351517455464
2400 5.0 z 1.857258645549312 -1.8033586082364914 1.7889393747095896 -0.6512723075936269
2400 5.5 z 1.6530695481805031 -1.4675116357575353 1.5108275631712555 -0.5579353126101884
2400 6.0 z 1.5757744699058762 -1.3595097119770705 1.4136789602003774 -0.5253237800053716
2500 4.0 z 4.537618575017007 -7.289414816121877 6.5839963261892995 -2.220531957196233
2500 4.5 z 2.749584644813437 -3.550421925328303 3.262626582968509 -1.1268739327685577
2500 5.0 z 1.668240809157928 -1.349806271724753 1.3672643886594429 -0.5148000267001264
2500 5.5 z 1.4918178112714324 -0.9695925949893686 0.9781618145680617 -0.3724297836542806
2500 6.0 z 1.3296143313360826 -0.7134804025443575 0.7774482779842514 -0.3108459836579249
2600 4.0 z 5.647231888631935 -9.659694488501863 8.674497988879647 -2.907362450229012
2600 4.5 z 3.230041725218319 -4.426959299919665 3.8986973579738033 -1.310469287750301
2600 5.0 z 1.970760151002854 -1.828306454040713 1.6477315081853563 -0.5839305177423141
2600 5.5 z 1.2961121611120228 -0.49448473239880847 0.5376505890666192 -0.23391116565974823
2600 6.0 z 0.9558117569387875 0.12060545481390153 0.06871155678296934 -0.09574334916105552
2700 4.0 z 7.339808311900146 -13.476185300591965 12.231318413942846 -4.117127910076731
2700 4.5 z 4.396407476465952 -6.966088678509583 6.164611917939662 -2.0603608502959543
2700 5.0 z 2.4421966172517164 -2.695784656763726 2.2699769512973105 -0.7604565506414196
2700 5.5 z 1.544692286615712 -0.8538716139054701 0.7044441121540038 -0.26325128036862255
2700 6.0 z 1.0918986444135337 0.020348756661915157 0.005218239600034091 -0.05019669935118665
2800 4.0 z 9.206265148793555 -17.718229240275097 16.224168892759696 -5.4820325014087565
2800 4.5 z 5.728502480308098 -9.977064123731084 8.94646740880321 -3.000588453450331
2800 5.0 z 3.4458158267065766 -4.905440303032168 4.235853164027458 -1.4085640998752094
2800 5.5 z 2.0797007815560407 -1.9227068522968085 1.5334569538480594 -0.5110158129345852
2900 4.0 z 10.16728576472958 -20.019758322906085 18.44960558286273 -6.2571750954366125
2900 4.5 z 6.501605020255725 -11.822886325318638 10.686919047353692 -3.5963593991653706
2900 5.0 z 4.208902755723386 -6.654763740519115 5.811921956307406 -1.930389267222661
2900 5.5 z 2.8498421917883654 -3.594313088051624 2.9836847254503347 -0.9804582243734866
2900 6.0 z 1.828040687079547 -1.3331434692415023 0.9487080672762621 -0.3110251919013817
3000 4.0 z 10.475570379246161 -20.844758048539546 19.280898556809028 -6.554651896887287
3000 4.5 z 7.271246375645498 -13.67084804270731 12.455318078618749 -4.20734688287636
3000 5.5 z 3.40715071422227 -4.900442778035611 4.14447590503832 -1.3592637778403638
3000 6.0 z 2.310813438719704 -2.416519932653109 1.852577212896687 -0.5916191784567574
3100 4.0 z 11.324813058834401 -22.80592067208307 21.16361261877355 -7.206671969808451
3100 4.5 z 7.75506477549388 -14.85900719079958 13.602169757262688 -4.605393129060958
3100 5.0 z 5.358073771187293 -9.444204874520274 8.428614535409364 -2.8197077915069095
3100 5.5 z 3.833125042006055 -5.947636155380226 5.097628703902329 -1.6743583628244467
3100 6.0 z 2.8292914691074196 -3.6361150844950583 2.9317349228185745 -0.9408108786525684
3200 4.0 z 12.849033534599009 -26.24441212170948 24.444356366491533 -8.33790683094443
3200 4.5 z 8.918927081998717 -17.583969144103797 16.24108956126537 -5.525423674114443
3200 5.0 z 5.921621669025986 -10.814602532579205 9.74198887503361 -3.27268229524147
3200 5.5 z 4.272930465268855 -7.052375676820609 6.140131424153077 -2.028015841414217
3200 6.0 z 3.2405714735853364 -4.670329915509335 3.8832260929536644 -1.2562762107347547
3300 4.0 z 14.277298275721577 -29.480107933262627 27.5435258027575 -9.408088881830299
3300 4.5 z 10.12674242626387 -20.41181931944769 18.994215299467797 -6.488354477757898
3300 5.0 z 6.773612982564451 -12.863984280969715 11.744620487921646 -3.97431759280017
3300 5.5 z 4.844670140929398 -8.463547843654974 7.500107723748683 -2.497902034716535
3300 6.0 z 3.643948340272035 -5.701797558728897 4.8572600718815195 -1.5854473865803713
3400 4.0 z 14.856387261491939 -30.830056949072592 28.8542777727541 -9.861658014671944
3400 4.5 z 10.660413929560905 -21.67955610226799 20.232541334417757 -6.920991867441867
3400 5.0 z 7.2997659276684095 -14.151264232877944 13.012005471290012 -4.419913028452874
3400 5.5 z 5.305064040083242 -9.615083487341812 8.630562027425455 -2.893701608996774
3400 6.0 z 4.04553978755147 -6.724323541609362 5.84512470312723 -1.925891653669464
3500 4.0 z 15.541965294699803 -32.53219084960366 30.564445653647617 -10.465270446272228
3500 4.5 z 11.086242427520355 -22.752850124443757 21.319284302291166 -7.308505367802869
3500 5.0 z 7.613343666786088 -14.955892956011825 13.82423772809857 -4.709525966266526
3500 5.5 z 5.581766426191324 -10.33258513434529 9.341801132698356 -3.14374403471358
3500 6.0 z 4.276125040321741 -7.342181187760364 6.452937478424841 -2.1374409169052324
3600 4.0 z 15.864776937867028 -33.427697740596884 31.50903822518881 -10.802014770650574
3600 4.5 z 11.184607075937425 -23.080700360501226 21.688694131542736 -7.444823103396447
3600 5.0 z 7.6334161367773925 -15.082013650177634 13.982584541288666 -4.770888497200529
3600 5.5 z 5.675578334044323 -10.626890590150714 9.65561456876267 -3.2583278562176883
3600 6.0 z 4.465201052021292 -7.85721249223153 6.965621130924396 -2.317436704023636
3700 4.0 z 16.080729281416147 -34.10868551099181 32.2738973088363 -11.079588982289426
3700 4.5 z 11.350469383555742 -23.594888453962902 22.264738941746792 -7.657683130442384
3700 5.0 z 7.712274045247625 -15.353381904274531 14.296204655347504 -4.889550549259878
3700 5.5 z 5.635159655605824 -10.611930969682321 9.676963884749142 -3.2724357507387
3700 6.0 z 4.441091498578011 -7.872300912839737 7.004842785218899 -2.335355870786304
3800 4.0 z 15.656880773833485 -33.33655804645087 31.65948439284334 -10.880742062211938
3800 4.5 z 11.127793264402667 -23.194051032701122 21.94848442470149 -7.55494759334457
3800 5.0 z 7.603235792072158 -15.197331943089964 14.203167431114647 -4.866598690589815
3800 5.5 z 5.640359519614101 -10.699287689454541 9.804338566555112 -3.325234824121163
3800 6.0 z 4.434441386898111 -7.92396335370548 7.085389936038581 -2.3694500657695685
3900 4.0 z 15.403863872148444 -32.99751288043632 31.47880934717541 -10.83493530381884
3900 4.5 z 10.942603973779756 -22.94332983612172 21.82634088352732 -7.529060255826115
3900 5.0 z 7.514340622739133 -15.077550624982505 14.150382160933503 -4.857514654955912
3900 5.5 z 5.507991393124218 -10.467296701291204 9.62581481081862 -3.2712866470647377
3900 6.0 z 4.327236057579787 -7.738428775933989 6.938403448393892 -2.3246234312755223
4000 4.0 z 14.80033272240815 -31.80903857841823 30.4611562395135 -10.4957890542711
4000 4.5 z 10.444986657470894 -21.93706078925867 20.94930571917446 -7.230919009208957
4000 5.0 z 7.202151731413119 -14.466984271988668 13.638447965457361 -4.6890891653420335
4000 5.5 z 5.309303193910997 -10.072897704025667 9.291937837281413 -3.162532240979564
4000 6.0 z 4.240694315058257 -7.616570431291383 6.868731146822585 -2.3101949124940777
4100 4.0 z 14.557349934743517 -31.481807471367052 30.307036483244527 -10.4690144850899
4100 4.5 z 9.660564376789864 -20.274497427185057 19.45890099337764 -6.725006457444425
4100 5.0 z 6.763338325230833 -13.562541218252305 12.848136627860084 -4.422366893505511
4100 5.5 z 5.172639630742689 -9.824729466084957 9.109656623347332 -3.107368355857219
4100 6.0 z 4.069581392678953 -7.268013111520145 6.567583979990104 -2.2116219023920785
4200 4.0 z 14.301150906530225 -30.982553500721348 29.866367902026383 -10.314040696940495
4200 4.5 z 9.21495123691587 -19.435846603189578 18.772109628841967 -6.500223358672217
4200 5.0 z 6.4699645006176665 -13.005091384972562 12.404656992824956 -4.277541406487662
4200 5.5 z 4.835442994295345 -9.18051620794689 8.584713417700748 -2.9395497105314288
4200 6.0 z 3.964048629426404 -7.082525457152582 6.436971165094879 -2.1741797985443823
4300 4.0 z 14.034750826928041 -30.346074050904527 29.219025144344943 -10.080448905185026
4300 4.5 z 8.969206325658845 -19.03149192029364 18.50576652177017 -6.427732842414476
4300 5.0 z 5.929097763910719 -11.853559184647782 11.382299048950605 -3.9302782227239765
4300 5.5 z 4.646116759844455 -8.74909989847355 8.201759591642254 -2.804317707656083
4300 6.0 z 3.7586501229139055 -6.673227470509778 6.097215150575131 -2.0635818632294827
4400 4.0 z 13.660747821964875 -29.483136920082284 28.37899358553878 -9.789776679049359
4400 4.5 z 8.842140125950927 -18.87648227358044 18.43400401346449 -6.411616540833546
4400 5.0 z 5.5944953705074605 -11.286239365495335 10.973807000301314 -3.8086821667522965
4400 5.5 z 4.33450078282652 -8.15128953180918 7.719048536729233 -2.646578004762115
4400 6.0 z 3.5768454399434733 -6.277278111911051 5.759138361745748 -1.949870667611127
4500 4.0 z 13.709546793744678 -29.62411656094927 28.53373057402969 -9.852971381022833
4500 4.5 z 8.661030730683287 -18.4393646050338 17.975620273326637 -6.24108787670704
4500 5.0 z 5.45391442771962 -11.071209404903364 10.865043002887003 -3.7878373542498327
4500 5.5 z 4.085455983753641 -7.670216332747132 7.348965436638613 -2.530269972905576
4500 6.0 z 3.341303601554494 -5.827219133504263 5.402928069179656 -1.8347440930492633
4600 4.0 z 13.361846190483778 -28.818242563734323 27.74530104219144 -9.580358249749116
4600 4.5 z 8.715986336048351 -18.582845020508085 18.12496930116821 -6.300487779742319
4600 5.0 z 5.380387649100431 -11.038730057744866 10.918688875547971 -3.820215266715276
4600 5.5 z 3.833484441304605 -7.2488120083078345 7.065647568194216 -2.452445869495845
4600 6.0 z 3.2045999161999217 -5.600846823584826 5.267324824688283 -1.7973504125061293
4700 4.0 z 13.464255079876203 -29.058057714112998 27.977115946896824 -9.665373366972458
4700 4.5 z 8.822345237725006 -18.82116630041733 18.35022207621469 -6.382316950699715
4700 5.0 z 5.502663510278778 -11.328793836792713 11.187664780235812 -3.9093566703613183
4700 5.5 z 3.767462385863557 -7.21821084015536 7.143650332838134 -2.501195267009945
4700 6.0 z 3.0313431083279996 -5.279359097144467 5.045380404703131 -1.7341590839804326
4800 4.0 z 14.17571106835262 -30.687796302129573 29.547688135112892 -10.21518302396469
4800 4.5 z 8.957743956613417 -19.122059445787364 18.63242547220086 -6.482845528114213
4800 5.0 z 5.572389481962712 -11.474236473530718 11.309183315928125 -3.9486671134474096
4800 5.5 z 3.8247415269196776 -7.505862580476634 7.527772768436262 -2.6566200385507783
4800 6.0 z 2.899666693436039 -5.13914870793136 5.04177483422446 -1.758816858790484
4900 4.0 z 14.590850452385856 -31.623407291231935 30.432781472188353 -10.521690220298806
4900 4.5 z 9.136647791204553 -19.51528535064514 19.000121430335422 -6.6124498993393015
4900 5.0 z 5.664224725895241 -11.674810539204033 11.495418092284776 -4.016324322217407
4900 5.5 z 3.9826394916245835 -7.879490194614871 7.8789886929674005 -2.7742363296883914
4900 6.0 z 2.8287066695409684 -5.045918280770363 5.025630884007759 -1.7689987916783012
5100 4.0 z 16.32653519064736 -35.31701437021655 33.79694333766903 -11.650372473442665
5100 4.5 z 10.499899352963112 -22.52814352464897 21.816358102337972 -7.576910339950765
5100 5.0 z 6.409617715122058 -13.328501839866068 13.038453558939526 -4.548495836812225
5100 5.5 z 4.4442939564142 -8.913551500445944 8.827851988763184 -3.0949957671569077
5100 6.0 z 3.1843110933911385 -6.035017642651104 6.075416012240862 -2.1529840945522136
5200 4.0 z 17.158828719349817 -37.231465653666035 35.64638290794427 -12.297538506487777
5200 4.5 z 10.634990997937654 -22.83919908495852 22.111240393583905 -7.681571831237855
5200 5.0 z 6.715942258919149 -14.04356044437814 13.73350807002831 -4.795473184749045
5200 5.5 z 4.478991333375106 -8.990590306360353 8.895212723175927 -3.120433357606899
5200 6.0 z 3.220104420521499 -6.113755668079102 6.1448444125390544 -2.178365408772741
5300 4.0 z 17.44911599943343 -37.8860367270066 36.26526383007275 -12.512614689371981
5300 4.5 z 10.787751821293066 -23.1885418249851 22.440721432430255 -7.797311428517927
5300 5.0 z 6.809189065989279 -14.263142173806822 13.942464120146935 -4.870762607178069
5300 5.5 z 4.525061685612901 -9.093468613199274 9.00199320304836 -3.166897525582191
5300 6.0 z 3.35136253387834 -6.415602304933245 6.433056820208346 -2.28226387306123
5400 4.0 z 17.822492557602185 -38.721652112177104 37.05085495505971 -12.78292662156738
5400 4.5 z 10.971008198845057 -23.604687247935946 22.832668380181445 -7.934022503064457
5400 5.0 z 6.924490727897082 -14.543251935222752 14.213280213404833 -4.967638007443979
5400 5.5 z 4.5845014125554515 -9.207754864318415 9.096344934217605 -3.2041001947626273
5400 6.0 z 3.380789404449405 -6.478248317378223 6.485319014928413 -2.302635813368393
5500 4.0 z 18.35763963708999 -39.86931855179538 38.09994991592906 -13.135365826241271
5500 4.5 z 11.256889385891421 -24.246823965527078 23.43421257081974 -8.140769601094362
5500 5.0 z 7.058790571044538 -14.845133164570642 14.493072818524624 -5.064739641260812
5500 5.5 z 4.64516340396012 -9.339841719608918 9.2127972803596 -3.245517739370903
5500 6.0 z 3.4146238214851548 -6.550931031853483 6.546312376945589 -2.3255252550773653
5600 4.0 z 18.74929908368167 -40.71718624926015 38.87831918162715 -13.398112508669794
5600 4.5 z 11.474337477666204 -24.730320031184213 23.883899524859075 -8.295306986240957
5600 5.0 z 7.183605099866998 -15.115982028979976 14.756710165548451 -5.168394622888596
5600 5.5 z 4.711720926314502 -9.499157295994017 9.36394534605203 -3.3011189531479173
5600 6.0 z 3.4486166359088934 -6.625681945294467 6.609620265986733 -2.3490649777463495
5700 4.0 z 18.420168584414927 -39.91563548473485 38.06250314156272 -13.105411266566346
5700 4.5 z 11.65217946742025 -25.11718636929919 24.235919821172324 -8.414415235554229
5700 5.0 z 7.286189829573012 -15.34865383739676 14.9728651373826 -5.244505283257918
5700 5.5 z 4.76740431355047 -9.62670562957059 9.479781270165317 -3.342863704661237
5700 6.0 z 3.480505608862208 -6.697658432311592 6.671066716107328 -2.371859660123643
5800 4.0 z 18.738837204414143 -40.59495755479627 38.6769996206519 -13.310589947643173
5800 4.5 z 11.852718958031772 -25.55277934840407 24.65179526707812 -8.568029886803817
5800 5.0 z 7.388031123937736 -15.577889195523406 15.184318292113723 -5.318393174948369
5800 5.5 z 4.823202589628711 -9.754829286685325 9.596174280317266 -3.384512360598438
5800 6.0 z 3.5123836094082597 -6.771521392245228 6.735005605695784 -2.3953555714983676
5900 4.0 z 19.023566583007913 -41.197976786978586 39.21796692174006 -13.489902188240755
5900 4.5 z 12.012330503980271 -25.897949689392245 24.96857304606791 -8.67574525956915
5900 5.0 z 7.487525014473593 -15.80160815537489 15.390140515336062 -5.389962926003737
5900 5.5 z 4.86443757594652 -9.85475412093223 9.69141714399292 -3.4191442962689598
5900 6.0 z 3.547153032850676 -6.856358038525251 6.811904945447532 -2.423596366003112
6000 4.0 z 19.27936638442395 -41.73620713194334 39.69773592238072 -13.648406377431531
6000 4.5 z 12.17972726501496 -26.26335635591841 25.29765650536839 -8.787027829207155
6000 5.0 z 7.298596365790172 -15.352067338814846 14.934769605714717 -5.227991771545779
6000 5.5 z 4.942364307640683 -10.034043056365684 9.853575620398395 -3.475995129685242
6000 6.0 z 3.5676416417754773 -6.907854478634666 6.8584315949652135 -2.4408011522844872
6100 4.0 z 19.49153669473181 -42.16893510049455 40.075049179548635 -13.770667730225911
6100 4.5 z 12.333778879291787 -26.595286515405697 25.59640606207794 -8.887318855714025
6100 5.0 z 7.356125704712532 -15.481729807194242 15.054078547039893 -5.269524828666671
6100 5.5 z 5.003433731538989 -10.171739800788231 9.976794983165448 -3.5185250168378577
6100 6.0 z 3.545306730680702 -6.788042695255481 6.693225329896596 -2.379351585470084
6300 4.0 z 20.02964318073433 -43.284766878760436 41.05287880396285 -14.088593116313456
6300 4.5 z 12.114424596255207 -26.028632488956976 24.990875582617214 -8.66465960256257
6300 5.0 z 7.58718544353115 -16.00241596136797 15.52956638381165 -5.431495674064234
6300 5.5 z 5.049662852979628 -10.192233456015243 9.927414121821874 -3.493776456853555
6300 6.0 z 3.6318061442875162 -6.951100651348455 6.804141252718254 -2.412037738703308
6500 4.0 z 20.74692028976814 -44.74099004637531 42.31578229680523 -14.494453842716512
6500 4.5 z 12.530841400817065 -26.914229180453397 25.782093166343792 -8.926137822827522
6500 5.0 z 7.808646855241369 -16.477724023940198 15.94932291325266 -5.569870063365006
6500 5.5 z 5.192140658924373 -10.501996668703134 10.196670514800225 -3.583318642998309
6500 6.0 z 3.603852100734611 -6.886158741115825 6.718284059918542 -2.3795150978368422
6700 4.0 z 21.75672384830236 -46.843861761708794 44.19325886723604 -15.113496883456392
6700 4.5 z 13.051010259418195 -28.006593674291054 26.75063468579527 -9.24302473905792
6700 5.0 z 8.09084227758834 -17.088133317131184 16.496293329962263 -5.751023017416206
6700 5.5 z 5.394271350508385 -10.945442626525123 10.592353388697529 -3.7153249586570025
6700 6.0 z 3.7239317436157706 -7.148701024576574 6.9445135604576915 -2.4543126451758077
6900 4.0 z 22.76674041974612 -48.95271429092071 46.07979523312219 -15.736301362998518
6900 4.5 z 14.356119729845357 -30.880005716159715 29.431671146106577 -10.154084946785881
6900 5.0 z 8.43595101382178 -17.825007731656235 17.152858589404037 -5.966571995950271
6900 5.5 z 5.592898369495949 -11.381582265986472 10.984121911143923 -3.845762838335547
6900 6.0 z 3.8616327661459424 -7.455050439929929 7.216145977765595 -2.544792904600673
