Teff log(g) filter a1 a2 a3 a4
2300 4.0 u 0.03086039799603827 0.7851005865803514 0.4501828106976521 -0.2636458328292341
2300 4.5 u 0.3042314643254109 -0.1518424592401668 1.370314712565008 -0.5143959570039829
2300 5.0 u 0.9306649429497912 -1.1613291891761848 1.9155534998232728 -0.6216611691428447
2300 5.5 u 1.5566758133664151 -1.9952639702640191 2.34262473474067 -0.7980073155383476
2300 6.0 u 1.4307102558243654 -1.466093410668191 1.7123394958526028 -0.6035466481308808
2400 4.0 u 0.4015378372351004 0.5116493083924357 0.4078465590943882 -0.24263483950832007
2400 4.5 u -0.06530110300500809 0.953654124475321 0.29039195373887894 -0.19097501001617515
2400 5.0 u 0.3799190198556129 -0.22882590968792219 1.3368769174919575 -0.47285270864039963
2400 5.5 u 0.9640321061089041 -0.910693183859875 1.4739007641703614 -0.4656251514919268
2400 6.0 u 1.1304288975582077 -0.8480544501386865 1.2151914708871205 -0.4425809298600776
2500 4.0 u 1.291887171684192 -0.9885469700217576 1.4862221926673964 -0.5756420929636916
2500 4.5 u 0.17565239893401277 0.8956270963596631 0.09322097069256749 -0.12760058856322024
2500 5.0 u 0.06571507715313878 0.5601947836685214 0.6679583118232819 -0.29602141910471746
2500 5.5 u 0.5761459876343731 -0.4269995795608184 1.2806251028902071 -0.39611868233787734
2500 6.0 u 0.8441602068863842 -0.3174669754075002 0.7695199344517628 -0.25685914276391786
2600 4.0 u 2.4434581861729816 -3.1964915627841184 3.2867755965257266 -1.1535645628351676
2600 4.5 u 0.6728798050661158 0.24949692227741024 0.40593386392086633 -0.21588319875358658
2600 5.0 u 0.10281384897883124 0.9050332845828525 0.145590178490516 -0.13708846561352678
2600 5.5 u 0.3037042641719113 0.1485781041106841 0.8922380501021199 -0.3239489681757321
2600 6.0 u 0.5512913607305194 -0.01692518560018863 0.6926662114980853 -0.2006154822393842
2700 4.0 u 3.620868660112498 -5.592282006512164 5.342338282268888 -1.825232214221598
2700 4.5 u 1.5368053914416262 -1.3151045284173795 1.595785940477644 -0.5881795182054119
2700 5.0 u 0.29785411830723263 0.8661252866340892 -0.04247864442364402 -0.07415846493811817
2700 5.5 u 0.29735610397052986 0.34856909881959364 0.6744763909024076 -0.29397220704580024
2700 6.0 u 0.5010278543344076 0.04907116624170917 0.7061812507959003 -0.2201265603974774
2800 4.0 u 4.784796691760201 -8.026112441304857 7.486228810557071 -2.5323076189792286
2800 4.5 u 2.504304735793054 -3.231068083610343 3.185519010227392 -1.1014202515823865
2800 5.0 u 0.9337458955219181 -0.16135942169332562 0.625428101253742 -0.27145574398494987
2800 5.5 u 0.41666849162027114 0.43905031180975024 0.39535950060046776 -0.20982458425257547
2900 4.0 u 5.428750883394102 -9.422953866729884 8.74292995160063 -2.953311655313862
2900 4.5 u 3.1490086409063953 -4.553204433253935 4.297757708738329 -1.4620562028881015
2900 5.0 u 1.5633022039169804 -1.3199794998200136 1.4979455726518045 -0.5432923757522713
2900 5.5 u 0.7019458295797728 0.13299872302099788 0.46413847513012796 -0.2251539536948047
2900 6.0 u 0.699574920083084 -0.3394773947906328 1.11096950226062 -0.42318876473101635
3000 4.0 u 5.704905890972977 -10.050261574967411 9.318222515903205 -3.1483371855818905
3000 4.5 u 3.712600835283681 -5.752238662144966 5.3457910264419235 -1.8081044626600853
3000 5.5 u 1.0816735617062128 -0.45451657277512203 0.804181987021554 -0.32170468722129175
3000 6.0 u 0.7131984029011967 -0.09919130060345695 0.7408901697786084 -0.31222069617456144
3100 4.0 u 6.048403721072394 -10.802423307565439 10.009702060574464 -3.3792204177851293
3100 4.5 u 4.164407087207643 -6.751635155850831 6.253581038092425 -2.1139605681199756
3100 5.0 u 2.548865582540273 -3.300626924161365 3.1095545047744424 -1.0587910028683374
3100 5.5 u 1.451696985700021 -1.1093176700804104 1.2566505991495078 -0.4575484867451111
3100 6.0 u 0.9125634445237434 -0.31510798667302475 0.7786191718588608 -0.31966653745417245
3200 4.0 u 6.616587464705984 -12.058970494194417 11.192701761531861 -3.778813234331061
3200 4.5 u 4.6221905297035395 -7.7628579369771264 7.186716932849979 -2.428939240933652
3200 5.0 u 3.0091939532937193 -4.304428423305234 4.003120079819728 -1.3570746546319756
3200 5.5 u 1.862527527608932 -1.9317788683848895 1.9163059979117067 -0.6682450225402249
3200 6.0 u 1.140406987451768 -0.645742766913446 0.9371997412865358 -0.36198217676423755
3300 4.0 u 7.169860671992126 -13.341039918856952 12.442813042105007 -4.208288610639062
3300 4.5 u 5.239304769408535 -9.191612238555038 8.56975878236375 -2.909302481359606
3300 5.0 u 3.5040012952636497 -5.431521906458345 5.059272538449784 -1.7194152921643067
3300 5.5 u 2.295471446564154 -2.8664909798730513 2.7310968755167275 -0.9385420248802638
3300 6.0 u 1.4516925959267684 -1.2242605523185413 1.361752427587905 -0.4950072510950477
3400 4.0 u 7.1221315669440095 -13.329400097004173 12.491235945784144 -4.225941499414459
3400 4.5 u 5.42587944966383 -9.674752629252815 9.068737916213555 -3.085833144367959
3400 5.0 u 3.809575415294507 -6.162935217937309 5.7676818916426 -1.966326104032915
3400 5.5 u 2.651561416719351 -3.6739450101501787 3.4680120842635334 -1.1888472473994773
3400 6.0 u 1.8045938763636706 -1.9554651631341406 1.9702610831036356 -0.694453017793127
3500 4.0 u 7.014072885488927 -13.281275938347926 12.55295329542053 -4.253153434771793
3500 4.5 u 5.420289412115376 -9.778713105460538 9.23967457706813 -3.1539831769537714
3500 5.0 u 3.920502123585833 -6.485688259296694 6.11102533582106 -2.0907276780181236
3500 5.5 u 2.8466786121095122 -4.1466912675217085 3.9121671909080886 -1.341722286233299
3500 6.0 u 2.032790106034955 -2.4428023332107944 2.3778504986183355 -0.8276407501050478
3600 4.0 u 6.9206738403969625 -13.323943304963064 12.71723865495212 -4.310203709492325
3600 4.5 u 5.305096677302842 -9.680666934205641 9.24082179016158 -3.1645885421151694
3600 5.0 u 3.892922989863381 -6.521148827306552 6.19890554435494 -2.1288808686815024
3600 5.5 u 2.928499106596882 -4.38678211396113 4.157875356035796 -1.4295927800153037
3600 6.0 u 2.1933700726032814 -2.8132495919147735 2.7021084058871265 -0.9356257692066667
3700 4.0 u 6.757913710372434 -13.217901331146805 12.716273375298861 -4.290671408963988
3700 4.5 u 5.239411868817418 -9.729537510440279 9.396060318448484 -3.2257005127036513
3700 5.0 u 3.852647770884604 -6.552846488230433 6.302292331334674 -2.1740766765495216
3700 5.5 u 2.9478578059690377 -4.508528552894784 4.308292315531006 -1.4865771041675024
3700 6.0 u 2.2697944589691774 -3.012218925015782 2.885012323735001 -0.9978749251922089
3800 4.0 u 6.448931381103796 -12.791442742992551 12.37867711882027 -4.12678732701848
3800 4.5 u 5.057446528378957 -9.511028320943375 9.281355449287469 -3.180832547647595
3800 5.0 u 3.803190213087636 -6.586427935369325 6.414754685485247 -2.219810255382635
3800 5.5 u 2.932680845638206 -4.56050961783129 4.403432638281981 -1.5249638514707757
3800 6.0 u 2.314191374560594 -3.1582621329154072 3.034918380858108 -1.050845330507269
3900 4.0 u 6.357651154518231 -12.811377073628922 12.39453204303148 -4.058260995851869
3900 4.5 u 4.926982491870311 -9.448360743047774 9.311897321674 -3.172146179808176
3900 5.0 u 3.622759242297819 -6.300640423491833 6.208610230218274 -2.1461821462178423
3900 5.5 u 2.885919172724771 -4.549944008292233 4.442526179712843 -1.5417840971060628
3900 6.0 u 2.317344056242631 -3.2238841983534843 3.1202191378579074 -1.0823241553673115
4000 4.0 u 6.005148238426222 -12.183596657326074 11.738989162644303 -3.7338524401225572
4000 4.5 u 4.6199889039909205 -8.907501294734574 8.803592280505638 -2.9423478916456167
4000 5.0 u 3.5493014959686646 -6.29190527475188 6.268666517956683 -2.156389854932112
4000 5.5 u 2.8391139323722 -4.542456915144136 4.4913281200508175 -1.559785224923669
4000 6.0 u 2.381239878806761 -3.458726148198672 3.3802788368732775 -1.1746085926648997
4100 4.0 u 5.665765554813689 -11.560803033706936 11.074685089944381 -3.405665985590929
4100 4.5 u 4.239456553005003 -8.252591993012352 8.188158202899029 -2.6542685484632025
4100 5.0 u 3.4106385348895047 -6.13878048765664 6.175724178948685 -2.0973477749193132
4100 5.5 u 2.7657073051570205 -4.471708475865462 4.475222001864889 -1.548622889251933
4100 6.0 u 2.3635543318285275 -3.4890206199544607 3.4512067691181803 -1.200833717056133
4200 4.0 u 5.3514252214477755 -10.86361785623943 10.309280190767705 -3.0626007268493076
4200 4.5 u 4.130828701487787 -8.130623147263597 7.999984656317782 -2.4960608788690037
4200 5.0 u 3.1758841946510006 -5.73370811282707 5.791901774896922 -1.9121366077673698
4200 5.5 u 2.8202225399613363 -4.778060265487931 4.834426378827486 -1.6617518629922117
4200 6.0 u 2.3564760385796655 -3.5456922538954174 3.5434304330700157 -1.229892671531801
4300 4.0 u 5.155283200769606 -10.421775145379847 9.865197098426904 -2.889483100152067
4300 4.5 u 3.8589649901996506 -7.638572986567609 7.481413984746258 -2.232990021977142
4300 5.0 u 2.902411649873192 -5.268920881436156 5.344722923142327 -1.6848835088935115
4300 5.5 u 2.4717657941480757 -4.030485751861999 4.140503617630072 -1.3883959643850492
4300 6.0 u 2.309486023974741 -3.5176962014710536 3.5525221085982244 -1.224361434073654
4400 4.0 u 4.9590033526481205 -10.005563788573074 9.472045155736563 -2.7442575879842686
4400 4.5 u 3.8727639284460964 -7.74337727688523 7.530959716626524 -2.189581667885732
4400 5.0 u 2.9764424067636797 -5.59405267443312 5.61619032563252 -1.7014434341807285
4400 5.5 u 2.419932521817502 -4.0390277236750896 4.148816050854333 -1.3409046635170454
4400 6.0 u 2.1493050685450616 -3.2532012361037252 3.363122499677472 -1.1478669565756345
4500 4.0 u 4.958759546512451 -10.073142234156995 9.589065235897602 -2.7966244737496018
4500 4.5 u 3.7650703973813395 -7.511159130552239 7.292469993907102 -2.089534741158934
4500 5.0 u 2.7702536766628927 -5.252591564354117 5.2794799692865535 -1.5193831208208228
4500 5.5 u 2.220397054991082 -3.7380514911251788 3.871350736626892 -1.182921568498067
4500 6.0 u 2.110831814516309 -3.2734451467848737 3.403666927690161 -1.131662093301627
4600 4.0 u 4.991215041521063 -10.23879643755364 9.829716056224246 -2.9034147602252736
4600 4.5 u 3.803780248470132 -7.672325996434448 7.509788274488513 -2.181548015481938
4600 5.0 u 2.867008939016286 -5.585345210765451 5.601588075005548 -1.5944955584222553
4600 5.5 u 2.2612958012880684 -3.9963250900046954 4.117776590581686 -1.2085285024473702
4600 6.0 u 2.0064267447685973 -3.144448057989388 3.288255713242121 -1.0466495773295508
4700 4.0 u 5.05199370632567 -10.473127498943347 10.144626469129447 -3.0399739696399446
4700 4.5 u 3.8345657841358913 -7.824766711205243 7.734715411508671 -2.282448757137682
4700 5.0 u 2.8864938890049237 -5.679583334636902 5.714149764145682 -1.6293162192528132
4700 5.5 u 2.2499863025029883 -4.138273277075511 4.293913270621218 -1.2291843444696855
4700 6.0 u 1.8976089677912937 -3.0527024506160605 3.235241049970741 -0.9809525236764332
4800 4.0 u 5.15028815427126 -10.785595788509482 10.540776631482801 -3.210583666190095
4800 4.5 u 3.9572066171760136 -8.200833988239093 8.193166026498522 -2.472157708436671
4800 5.0 u 2.9184960625459047 -5.8210826589779865 5.90312985014904 -1.7049749533379663
4800 5.5 u 2.397936522776532 -4.630300107547291 4.811939606955834 -1.3907608695860962
4800 6.0 u 1.9807208877046998 -3.4487633198909986 3.6553807095068027 -1.0865154143788578
4900 4.0 u 5.366074253904471 -11.37210939438944 11.214767665710397 -3.4861788489874947
4900 4.5 u 4.033213541443763 -8.469550493228201 8.558183584360844 -2.6352506239555007
4900 5.0 u 2.9574265361472967 -5.995267795785324 6.160769120590058 -1.8228304811019713
4900 5.5 u 2.405360915943616 -4.690396874883679 4.902058029911834 -1.4234332185148195
4900 6.0 u 1.9378463213988562 -3.4670107364261056 3.7214980034662073 -1.083767864938419
5100 4.0 u 6.002993876298612 -12.939058700141384 13.115394527345563 -4.356034156930022
5100 4.5 u 4.43148039218973 -9.519953644272533 9.88384501451141 -3.2486849200774075
5100 5.0 u 3.2538687480787023 -6.847805247383556 7.270426207664015 -2.333966736367127
5100 5.5 u 2.660705421075876 -5.468043627021826 5.87765341652372 -1.844676679066653
5100 6.0 u 2.2364979667327094 -4.397582413313956 4.779150381429465 -1.4783405868110233
5200 4.0 u 6.115847601782633 -13.210185218908896 13.454410318813396 -4.521423562902383
5200 4.5 u 4.468284650720732 -9.644969670129184 10.099062419384824 -3.3723910048289087
5200 5.0 u 3.2692162246358505 -6.939234617912369 7.45606543714453 -2.4431760800955042
5200 5.5 u 2.6633338659258383 -5.537137201825847 6.036175418401444 -1.9377319423763666
5200 6.0 u 2.2115940538789247 -4.395410300636366 4.8558483902276235 -1.5335739685025531
5300 4.0 u 6.216250844204596 -13.408340806815248 13.680326836362976 -4.634825273440747
5300 4.5 u 4.519862630305742 -9.781609391705475 10.309297238006938 -3.49174150228416
5300 5.0 u 3.301060705320011 -7.060105666092859 7.667239248440178 -2.563222681736334
5300 5.5 u 2.611387502199613 -5.461313027636272 6.07327049533043 -2.0034095513344394
5300 6.0 u 2.2127971646310085 -4.4546372526844555 4.99751851078019 -1.6189349830143305
5400 4.0 u 6.499281284239015 -14.005127576285826 14.272648497336885 -4.8709175034677505
5400 4.5 u 4.695866151460733 -10.190264301599264 10.769166329255803 -3.6947966235104044
5400 5.0 u 3.3567279483335475 -7.21563416102134 7.8914600445285314 -2.6834142094855737
5400 5.5 u 2.5953395878262917 -5.4248768577166935 6.116981190611538 -2.071254561634047
5400 6.0 u 2.2264490902290626 -4.526555158389904 5.146560335392062 -1.7079150300197983
5500 4.0 u 6.79334042964931 -14.607006637347233 14.864694965291939 -5.10848916366027
5500 4.5 u 4.837411999107998 -10.477628241479549 11.06897444508562 -3.829070044146461
5500 5.0 u 3.450751530981375 -7.436470870505343 8.167795305522594 -2.8202246846895602
5500 5.5 u 2.6164107114598854 -5.481442096878331 6.237755849745845 -2.152890771913841
5500 6.0 u 2.209944891860069 -4.518394682963963 5.212832603022112 -1.7685998399175613
5600 4.0 u 7.050193844997697 -15.107465764723692 15.335401859080719 -5.2951845135403985
5600 4.5 u 4.961630768944371 -10.717060822295688 11.317857678135978 -3.945062023353155
5600 5.0 u 3.379723239220794 -7.197553004121336 7.995552068808638 -2.8235904926159563
5600 5.5 u 2.6154383283469578 -5.482178999604742 6.299650391232805 -2.2155053327402396
5600 6.0 u 2.1863297986219186 -4.480946525638404 5.2438175460553005 -1.8171857618570757
5700 4.0 u 7.384937171503157 -15.78032752114338 15.950470423592423 -5.521941433141215
5700 4.5 u 5.031495453336177 -10.788597914843553 11.361999867743615 -3.9756321049142143
5700 5.0 u 3.4029590006840578 -7.208588486599234 8.02930987337823 -2.8670060228221907
5700 5.5 u 2.58935036287763 -5.396013099438724 6.252333850551685 -2.2324915509801864
5700 6.0 u 2.1866277007200363 -4.4847106960512955 5.304228303351561 -1.8744093296767028
5800 4.0 u 7.716275328932953 -16.4303087186198 16.5415912786401 -5.742952132438034
5800 4.5 u 5.060784243753425 -10.741707779656535 11.335725431479158 -4.018482476284524
5800 5.0 u 3.442002115567397 -7.242091726696251 8.068389737589168 -2.9067589107565475
5800 5.5 u 2.6155945814091983 -5.420588945112105 6.301400138992478 -2.279966995575064
5800 6.0 u 2.154462003452883 -4.395488620146041 5.258068601380725 -1.8903881142094368
5900 4.0 u 8.125687723517563 -17.22399591602725 17.230515867562186 -5.982805912143866
5900 4.5 u 5.276355877766416 -11.173968292181698 11.73666789366162 -4.170430387645615
5900 5.0 u 3.4807804900531685 -7.252211443323034 8.058843848918311 -2.9205521098256373
5900 5.5 u 2.6151163214551714 -5.391443213662873 6.287217827788166 -2.2954095804414085
5900 6.0 u 2.1287231184392446 -4.308676944707597 5.200988275378511 -1.8990610160406798
6000 4.0 u 8.490349901344553 -17.925518502447684 17.83783210852611 -6.196463165807481
6000 4.5 u 5.401600446973944 -11.338137155062467 11.843494520963773 -4.220772819449599
6000 5.0 u 3.543636359463176 -7.313983774111209 8.088556938748583 -2.943285331597196
6000 5.5 u 2.632426635909406 -5.351541869460397 6.239841065718407 -2.3042286251589386
6000 6.0 u 2.1114199376704628 -4.239562528122412 5.145617209227836 -1.8982693250095952
6100 4.0 u 8.781513156469881 -18.453559079068427 18.260962261431487 -6.335369644556642
6100 4.5 u 5.622753027675991 -11.745401068404004 12.183348025006243 -4.3425785935372545
6100 5.0 u 3.5818163073481224 -7.329532351808717 8.071205947785458 -2.94300803204097
6100 5.5 u 2.6059175909896486 -5.216309119337369 6.086861075958239 -2.264528571679879
6100 6.0 u 2.005910677584546 -3.8301478803475884 4.685181064680649 -1.7527472283309091
6300 4.0 u 9.63706557085879 -20.05153508281949 19.565759517166892 -6.763074800727044
6300 4.5 u 6.052487001583072 -12.488924087035477 12.728290200391381 -4.509715881223697
6300 5.0 u 3.9026020042218583 -7.888756750258715 8.510612342601046 -3.103994547393572
6300 5.5 u 2.562456394604721 -4.8057672226953745 5.517335272326638 -2.064324494933097
6300 6.0 u 1.9499616227912182 -3.4923138760285135 4.267576869119591 -1.6249168829747107
6500 4.0 u 10.932845388432154 -22.74502143798429 21.985450704208812 -7.58686708985943
6500 4.5 u 6.862691018177505 -14.115747535000978 14.124761096630825 -4.972358073049944
6500 5.0 u 4.245224546166083 -8.489591708802028 8.950020542289048 -3.2395689910386807
6500 5.5 u 2.709222539890923 -4.9551696282146285 5.544350108125293 -2.0716086331813126
6500 6.0 u 2.0078597647650986 -3.4543463046910468 4.141464306738969 -1.5895962542397992
6700 4.0 u 12.544688762400922 -26.164626672785104 25.08455922460687 -8.632258551305744
6700 4.5 u 7.8357901550053795 -16.14499769015768 15.91525298780354 -5.567364679019494
6700 5.0 u 4.660923807176765 -9.249832657902823 9.511887383112281 -3.401767689868876
6700 5.5 u 2.986762747732284 -5.436718075601705 5.893248872427738 -2.1843054742503303
6700 6.0 u 2.1168120154416568 -3.537984281691805 4.1168661225709435 -1.579018241279474
6900 4.0 u 14.36301794956117 -30.045403553879606 28.60275366670364 -9.809558328720401
6900 4.5 u 8.81846288336738 -18.152655035052497 17.639240317619706 -6.121259833229268
6900 5.0 u 5.340305728246495 -10.659355422389194 10.726795520923393 -3.7953147587731944
6900 5.5 u 3.2962578969682466 -6.035209222942041 6.367687436537387 -2.3338822029727555
6900 6.0 u 2.2882359305069957 -3.797928687253597 4.265858948776594 -1.6219265246281733
