Teff log(g) a1 a2 a3 a4 I1
2300.0 3.0 2.52262 -4.23683 4.5826 -1.53606 163.816
2400.0 3.0 2.1238 -3.06226 3.43316 -1.15767 195.033
2500.0 3.0 2.70381 -3.95472 4.12399 -1.41006 210.612
2600.0 3.0 3.646 -5.53387 5.28076 -1.76174 852.088
2700.0 3.0 4.5472 -7.24081 6.64636 -2.18453 1216.0
2900.0 3.0 5.14781 -8.52839 7.73256 -2.50743 16224.7
3100.0 3.0 3.99758 -6.5528 6.09907 -1.9095 2281970.0
3200.0 3.0 3.69321 -6.21229 5.84441 -1.74938 18378000.0
3300.0 3.0 4.29058 -7.65001 7.09187 -2.08408 136364000.0
3400.0 3.0 3.91274 -6.92436 6.40486 -1.83732 213305000.0
3500.0 3.0 4.2481 -7.75931 7.20419 -2.08765 237200000.0
3600.0 3.0 4.59336 -8.64777 8.08506 -2.38502 247945000.0
3700.0 3.0 4.61341 -8.63363 8.14522 -2.45132 255920000.0
3800.0 3.0 4.93508 -9.22405 8.74164 -2.71041 257962000.0
3900.0 3.0 4.39469 -8.01918 7.66994 -2.40163 253943000.0
4000.0 3.0 4.60111 -8.28387 7.83921 -2.47087 246555000.0
4100.0 3.0 5.23737 -9.49538 8.87463 -2.82012 239796000.0
4200.0 3.0 5.13934 -9.2763 8.67119 -2.76743 230972000.0
4300.0 3.0 5.05942 -9.10701 8.52061 -2.7317 218752000.0
4400.0 3.0 4.79056 -8.52621 7.9851 -2.56305 200450000.0
4500.0 3.0 4.68868 -8.30019 7.77096 -2.50006 174534000.0
4600.0 3.0 5.00486 -8.94819 8.36558 -2.7135 138430000.0
4700.0 3.0 5.05796 -9.03816 8.43032 -2.73952 85417400.0
4800.0 3.0 5.15446 -9.21639 8.57105 -2.78888 31431000.0
4900.0 3.0 5.27224 -9.43485 8.74472 -2.84755 10602200.0
5100.0 3.0 5.84711 -10.503 9.59064 -3.10334 303511.0
5200.0 3.0 5.66382 -10.111 9.2217 -2.98121 315537.0
5300.0 3.0 5.59887 -9.99632 9.12397 -2.95361 346525.0
5400.0 3.0 5.71296 -10.21885 9.3071 -3.01305 350945.0
5500.0 3.0 6.16925 -11.08616 10.02552 -3.23889 361152.0
5600.0 3.0 6.19554 -11.20277 10.22596 -3.35148 390908.0
5700.0 3.0 6.45574 -11.73233 10.69369 -3.50771 428980.0
5800.0 3.0 6.56831 -11.93495 10.85355 -3.55903 475388.0
5900.0 3.0 6.86662 -12.54727 11.39849 -3.74119 524109.0
6000.0 3.0 6.93678 -12.68447 11.51392 -3.78075 584907.0
6100.0 3.0 6.88934 -12.56488 11.38823 -3.73768 649172.0
6200.0 3.0 7.15619 -13.09692 11.84947 -3.88867 742006.0
6300.0 3.0 7.20365 -13.16494 11.88743 -3.89839 828599.0
6400.0 3.0 7.2702 -13.26731 11.9518 -3.91558 922747.0
6500.0 3.0 7.34718 -13.39012 12.0335 -3.93828 1018110.0
6600.0 3.0 7.21351 -13.07355 11.71694 -3.82856 1129100.0
6700.0 3.0 7.29486 -13.20279 11.79998 -3.85005 1245880.0
6800.0 3.0 7.07525 -12.72599 11.35245 -3.7012 1380510.0
6900.0 3.0 6.85305 -12.24937 10.91187 -3.55736 1542920.0
7000.0 3.0 6.73387 -11.98318 10.65308 -3.47018 1726980.0
7200.0 3.0 6.66802 -11.75902 10.37301 -3.36337 2298980.0
7400.0 3.0 6.4031 -11.12323 9.71987 -3.13072 2864540.0
7600.0 3.0 6.75768 -11.73812 10.15831 -3.2483 3603090.0
7800.0 3.0 7.09568 -12.31036 10.5603 -3.35607 4384130.0
8000.0 3.0 7.65677 -13.36762 11.41431 -3.61621 4976170.0
8200.0 3.0 8.30436 -14.59377 12.4192 -3.92783 5293700.0
8400.0 3.0 8.89718 -15.71381 13.3297 -4.20466 5566270.0
8600.0 3.0 9.14941 -16.12087 13.60155 -4.27147 5603090.0
8800.0 3.0 9.86594 -17.41258 14.624 -4.5749 5522320.0
9000.0 3.0 10.95764 -19.48357 16.35154 -5.11218 5820260.0
9200.0 3.0 11.14279 -19.73046 16.48002 -5.13304 6168320.0
9400.0 3.0 12.23622 -21.80967 18.22082 -5.67658 6514530.0
9600.0 3.0 12.40592 -22.01334 18.30345 -5.6808 6808740.0
9800.0 3.0 13.07451 -23.22111 19.26739 -5.97011 7175380.0
10000.0 3.0 13.69814 -24.35575 20.17677 -6.24391 7582910.0
10200.0 3.0 14.41841 -25.66833 21.22913 -6.56027 7921760.0
10400.0 3.0 15.11843 -26.95704 22.26948 -6.87464 8241770.0
10600.0 3.0 16.71686 -30.06112 24.90362 -7.70352 8754220.0
10800.0 3.0 17.36891 -31.29532 25.92125 -8.01631 8951660.0
11000.0 3.0 18.00756 -32.50075 26.91047 -8.31858 8770670.0
11200.0 3.0 17.33609 -31.08997 25.61955 -7.88795 8388270.0
11400.0 3.0 17.90854 -32.15327 26.47706 -8.14549 8099200.0
11600.0 3.0 19.91635 -36.06239 29.7986 -9.18992 8340540.0
11800.0 3.0 20.37732 -36.92745 30.50164 -9.40243 8673780.0
12000.0 3.0 20.65519 -37.4496 30.92098 -9.52746 9040570.0
2300.0 3.5 0.71031 -0.50617 1.07268 -0.31675 266.342
2400.0 3.5 1.3914 -1.87977 2.46655 -0.82283 280.624
2500.0 3.5 1.58889 -2.13239 2.7373 -0.96617 331.497
2600.0 3.5 2.03435 -2.6995 3.08225 -1.08838 829.155
2700.0 3.5 2.45254 -3.26032 3.34691 -1.14679 660.49
2900.0 3.5 3.41104 -5.16038 4.90193 -1.63664 47621.7
3100.0 3.5 2.96501 -4.49946 4.41804 -1.46343 42414300.0
3200.0 3.5 2.67836 -4.12684 4.19753 -1.38084 143507000.0
3300.0 3.5 2.58612 -4.28363 4.5205 -1.49463 226450000.0
3400.0 3.5 2.34483 -3.97184 4.29768 -1.41053 279766000.0
3500.0 3.5 2.48789 -4.32222 4.60318 -1.50214 307377000.0
3600.0 3.5 2.47728 -4.23738 4.46154 -1.42988 320712000.0
3700.0 3.5 2.61561 -4.57433 4.76582 -1.51597 325717000.0
3800.0 3.5 2.77571 -4.89305 5.05427 -1.60811 328711000.0
3900.0 3.5 2.78461 -5.05846 5.29153 -1.70953 320203000.0
4000.0 3.5 3.21918 -5.80719 5.86062 -1.87903 314157000.0
4100.0 3.5 3.50757 -6.30496 6.25734 -2.01902 303500000.0
4200.0 3.5 3.45876 -6.16253 6.1064 -1.98013 288805000.0
4300.0 3.5 3.35608 -5.94043 5.90621 -1.92825 269704000.0
4400.0 3.5 3.34617 -5.9209 5.8961 -1.93968 243343000.0
4500.0 3.5 3.39108 -6.00489 5.97284 -1.97734 204677000.0
4600.0 3.5 3.28174 -5.73985 5.71038 -1.89484 149347000.0
4700.0 3.5 3.40163 -5.97327 5.91232 -1.96952 77672900.0
4800.0 3.5 3.45274 -6.05258 5.96294 -1.98941 26660100.0
4900.0 3.5 3.46121 -6.03692 5.92052 -1.97534 9862620.0
5100.0 3.5 3.72802 -6.54179 6.31291 -2.09717 380023.0
5200.0 3.5 3.82877 -6.75888 6.50541 -2.16403 391955.0
5300.0 3.5 3.97815 -7.08417 6.84239 -2.30652 426188.0
5400.0 3.5 3.87933 -6.88489 6.66397 -2.25291 456734.0
5500.0 3.5 4.1148 -7.36668 7.09179 -2.39804 469967.0
5600.0 3.5 4.13172 -7.39097 7.10262 -2.40305 518877.0
5700.0 3.5 4.27287 -7.69341 7.37824 -2.49885 564737.0
5800.0 3.5 4.39676 -7.94254 7.59844 -2.57317 619499.0
5900.0 3.5 4.40206 -7.95335 7.5995 -2.57595 693356.0
6000.0 3.5 4.42204 -7.9989 7.63946 -2.59189 758028.0
6100.0 3.5 4.47447 -8.10795 7.73781 -2.62748 846597.0
6200.0 3.5 4.59669 -8.36922 7.97024 -2.70596 925466.0
6300.0 3.5 4.51051 -8.16998 7.77499 -2.64013 1049060.0
6400.0 3.5 4.53609 -8.21758 7.80711 -2.64998 1134520.0
6500.0 3.5 4.63465 -8.39575 7.94645 -2.69382 1252830.0
6600.0 3.5 4.7135 -8.55193 8.07636 -2.73571 1358140.0
6700.0 3.5 4.70497 -8.48101 7.96932 -2.69225 1499280.0
6800.0 3.5 4.72786 -8.49265 7.9497 -2.68122 1639800.0
6900.0 3.5 4.73374 -8.50693 7.96126 -2.68667 1736920.0
7000.0 3.5 4.60529 -8.2078 7.66416 -2.5843 1899000.0
7200.0 3.5 4.43014 -7.77821 7.21836 -2.42745 2283820.0
7400.0 3.5 4.31051 -7.4466 6.84605 -2.29093 2770120.0
7600.0 3.5 4.25609 -7.23502 6.5634 -2.17752 3315840.0
7800.0 3.5 4.41314 -7.41299 6.6002 -2.17035 3825400.0
8000.0 3.5 4.65534 -7.85182 6.91461 -2.24676 4234110.0
8200.0 3.5 5.03673 -8.57162 7.49165 -2.4238 4461240.0
8400.0 3.5 5.40417 -9.27518 8.06084 -2.59773 4704800.0
8600.0 3.5 5.76555 -9.96741 8.62259 -2.76872 4694090.0
8800.0 3.5 6.18692 -10.76117 9.26624 -2.96428 4691540.0
9000.0 3.5 6.71088 -11.7723 10.11426 -3.22975 4934220.0
9200.0 3.5 6.99224 -12.29822 10.54057 -3.35982 5225070.0
9400.0 3.5 7.12059 -12.49502 10.666 -3.38962 5527060.0
9600.0 3.5 7.42738 -13.06134 11.12485 -3.52994 5751010.0
9800.0 3.5 7.99499 -14.16417 12.0645 -3.82879 6073870.0
10000.0 3.5 8.05765 -14.22583 12.06955 -3.81925 6423610.0
10200.0 3.5 8.66187 -15.39985 13.06927 -4.13683 6663480.0
10400.0 3.5 9.005 -16.03914 13.59014 -4.29655 6990800.0
10600.0 3.5 9.00665 -15.98575 13.49631 -4.25521 7362520.0
10800.0 3.5 9.3546 -16.64078 14.03146 -4.41905 7278720.0
11000.0 3.5 10.12971 -18.16532 15.33545 -4.8328 6966250.0
11200.0 3.5 10.61544 -19.08599 16.09317 -5.06541 6600730.0
11400.0 3.5 9.82018 -17.55981 14.78308 -4.64809 7564750.0
11600.0 3.5 9.99145 -17.89522 15.0575 -4.73165 7834190.0
11800.0 3.5 11.00765 -19.78045 16.59443 -5.19899 7316980.0
12000.0 3.5 10.78618 -19.29921 16.13258 -5.0388 7572890.0
2300.0 4.0 1.34996 -2.51611 3.33086 -1.18648 445.537
2400.0 4.0 0.87395 -0.97524 1.63705 -0.52586 448.914
2500.0 4.0 1.26733 -1.74511 2.44829 -0.83933 487.784
2600.0 4.0 1.14983 -1.21595 1.91069 -0.69175 494.195
2700.0 4.0 1.39437 -1.46301 2.0056 -0.73799 991.418
2900.0 4.0 1.96304 -2.31407 2.48428 -0.87218 52692.4
3100.0 4.0 2.07599 -2.62957 2.76529 -0.9651 90882500.0
3200.0 4.0 1.95177 -2.48498 2.70423 -0.95145 210769000.0
3300.0 4.0 1.74341 -2.2454 2.61374 -0.94167 308823000.0
3400.0 4.0 1.48707 -1.87776 2.38483 -0.8847 368048000.0
3500.0 4.0 1.38741 -1.71913 2.25142 -0.84304 398639000.0
3600.0 4.0 1.46776 -1.86007 2.33741 -0.86106 411644000.0
3700.0 4.0 1.5693 -2.01705 2.40716 -0.85677 415199000.0
3800.0 4.0 1.61456 -2.10808 2.44573 -0.83752 415433000.0
3900.0 4.0 1.79955 -2.5589 2.83376 -0.94 406478000.0
4000.0 4.0 1.87739 -2.81263 3.08852 -1.00989 395756000.0
4100.0 4.0 1.93604 -3.0982 3.44602 -1.14132 374597000.0
4200.0 4.0 2.38702 -4.20242 4.54299 -1.52415 357797000.0
4300.0 4.0 2.40209 -4.18608 4.47271 -1.49228 330419000.0
4400.0 4.0 2.39625 -4.15923 4.43921 -1.48903 292646000.0
4500.0 4.0 2.33407 -4.01643 4.30898 -1.45786 237154000.0
4600.0 4.0 2.32189 -3.96851 4.25639 -1.44933 157569000.0
4700.0 4.0 2.30379 -3.90136 4.17857 -1.42903 76768000.0
4800.0 4.0 2.3297 -3.9281 4.18512 -1.43608 23300600.0
4900.0 4.0 2.32374 -3.89417 4.13569 -1.42286 7377780.0
5100.0 4.0 2.6256 -4.50714 4.68768 -1.6287 497758.0
5200.0 4.0 2.68326 -4.62802 4.79426 -1.67015 519771.0
5300.0 4.0 2.69123 -4.64132 4.8005 -1.6769 577796.0
5400.0 4.0 2.66298 -4.58358 4.74522 -1.66342 610136.0
5500.0 4.0 2.72588 -4.70877 4.85005 -1.70101 651520.0
5600.0 4.0 2.80597 -4.88503 5.01214 -1.76008 706012.0
5700.0 4.0 2.73528 -4.72613 4.85372 -1.70722 765258.0
5800.0 4.0 2.76858 -4.79575 4.91068 -1.72783 841374.0
5900.0 4.0 2.81137 -4.89644 5.00666 -1.76485 923673.0
6000.0 4.0 2.88578 -5.06554 5.16446 -1.82145 1029510.0
6100.0 4.0 2.90699 -5.12033 5.22054 -1.84405 1136500.0
6200.0 4.0 2.88679 -5.07825 5.17522 -1.82915 1248640.0
6300.0 4.0 2.92344 -5.16188 5.24736 -1.85459 1364900.0
6400.0 4.0 2.98591 -5.30155 5.37527 -1.89944 1498830.0
6500.0 4.0 3.02094 -5.37039 5.4294 -1.91718 1631220.0
6600.0 4.0 3.03985 -5.40663 5.45391 -1.92484 1758150.0
6700.0 4.0 3.05822 -5.42996 5.45829 -1.92363 1891000.0
6800.0 4.0 3.06898 -5.43686 5.44942 -1.91922 2026490.0
6900.0 4.0 3.07011 -5.42156 5.41813 -1.90652 2164730.0
7000.0 4.0 3.0928 -5.45221 5.42984 -1.90883 2322280.0
7200.0 4.0 3.10272 -5.39814 5.31042 -1.85519 2718990.0
7400.0 4.0 2.91622 -4.95164 4.85565 -1.69616 3089190.0
7600.0 4.0 2.70303 -4.31702 4.15229 -1.45427 3500780.0
7800.0 4.0 2.88561 -4.76515 4.60766 -1.61763 3951350.0
8000.0 4.0 2.93376 -4.77048 4.50482 -1.55263 4294520.0
8200.0 4.0 3.1491 -5.13898 4.72965 -1.59305 4517650.0
8400.0 4.0 3.37334 -5.54339 5.00423 -1.65521 4773840.0
8600.0 4.0 3.49592 -5.75234 5.1502 -1.70302 4884390.0
8800.0 4.0 3.83024 -6.40432 5.68786 -1.86933 4601520.0
9000.0 4.0 4.03955 -6.82771 6.04473 -1.98202 5028690.0
9200.0 4.0 4.15062 -7.02973 6.19356 -2.02359 5301650.0
9400.0 4.0 4.38895 -7.50287 6.59636 -2.15199 5562200.0
9600.0 4.0 4.45419 -7.60314 6.65579 -2.16489 5855670.0
9800.0 4.0 4.72207 -8.13378 7.11245 -2.312 6081100.0
10000.0 4.0 4.79525 -8.25252 7.19249 -2.33301 6477060.0
10200.0 4.0 5.04852 -8.75164 7.6213 -2.47119 6759960.0
10400.0 4.0 5.1135 -8.84252 7.66849 -2.47924 6978500.0
10600.0 4.0 5.25258 -9.10458 7.8821 -2.54571 7450710.0
10800.0 4.0 5.56506 -9.72528 8.41715 -2.71793 7414170.0
11000.0 4.0 5.8224 -10.21631 8.82274 -2.84367 7076140.0
11200.0 4.0 6.0054 -10.53533 9.05917 -2.90945 6599170.0
11400.0 4.0 6.18815 -10.88871 9.34852 -2.99807 6879300.0
11600.0 4.0 5.7242 -10.01369 8.5982 -2.75861 7880330.0
11800.0 4.0 5.95098 -10.48997 9.0189 -2.89579 8165560.0
12000.0 4.0 5.87088 -10.32013 8.84956 -2.83538 8449440.0
2300.0 4.5 1.68361 -3.31241 4.16898 -1.52653 887.363
2400.0 4.5 1.08169 -1.9021 2.77559 -0.98483 679.087
2500.0 4.5 1.25535 -1.83621 2.46016 -0.78866 688.902
2600.0 4.5 0.75314 -0.73672 1.60178 -0.5589 722.652
2700.0 4.5 0.86311 -0.6719 1.45245 -0.54407 1619.81
2900.0 4.5 1.24302 -1.02717 1.49446 -0.57062 55024.9
3100.0 4.5 1.48655 -1.37911 1.65042 -0.61594 86230900.0
3200.0 4.5 1.53495 -1.49437 1.74785 -0.65281 226800000.0
3300.0 4.5 1.41287 -1.28481 1.58006 -0.60516 350421000.0
3400.0 4.5 1.24138 -0.99154 1.35095 -0.54064 426358000.0
3500.0 4.5 1.09472 -0.70164 1.08811 -0.45805 465120000.0
3600.0 4.5 1.08407 -0.64963 1.00143 -0.42533 478551000.0
3700.0 4.5 1.17583 -0.77485 1.0378 -0.41942 477576000.0
3800.0 4.5 1.3208 -1.04003 1.21202 -0.45206 469600000.0
3900.0 4.5 1.46523 -1.39933 1.51784 -0.52899 457592000.0
4000.0 4.5 1.64606 -1.88854 1.98753 -0.66422 440663000.0
4100.0 4.5 1.54892 -1.83598 2.02085 -0.66608 425477000.0
4200.0 4.5 1.60006 -2.15666 2.42558 -0.80525 397322000.0
4300.0 4.5 1.61493 -2.39843 2.80078 -0.95688 363915000.0
4400.0 4.5 1.8197 -3.07178 3.5773 -1.25042 312880000.0
4500.0 4.5 1.82936 -3.06923 3.53367 -1.22552 244987000.0
4600.0 4.5 1.78124 -2.9502 3.42169 -1.19932 156373000.0
4700.0 4.5 1.78855 -2.94148 3.40469 -1.20272 64222900.0
4800.0 4.5 1.81146 -2.9674 3.41897 -1.21531 18299400.0
4900.0 4.5 1.82448 -2.96772 3.40688 -1.2187 6137540.0
5100.0 4.5 1.96049 -3.21991 3.60322 -1.29337 592873.0
5200.0 4.5 1.97179 -3.23279 3.60386 -1.2978 669481.0
5300.0 4.5 1.97992 -3.24151 3.60105 -1.30039 756915.0
5400.0 4.5 2.00501 -3.29633 3.64926 -1.3223 819175.0
5500.0 4.5 2.00139 -3.2862 3.62998 -1.31774 851743.0
5600.0 4.5 2.00965 -3.30309 3.64004 -1.32447 916057.0
5700.0 4.5 2.01259 -3.30312 3.62927 -1.32196 994259.0
5800.0 4.5 2.03983 -3.34307 3.6783 -1.36084 1087810.0
5900.0 4.5 2.01115 -3.28161 3.62048 -1.34412 1198550.0
6000.0 4.5 2.0405 -3.33589 3.65445 -1.35659 1327630.0
6100.0 4.5 2.07654 -3.42501 3.74288 -1.3926 1469610.0
6200.0 4.5 2.08952 -3.45933 3.77416 -1.40638 1606040.0
6300.0 4.5 2.10316 -3.49672 3.81301 -1.42353 1746820.0
6400.0 4.5 2.11743 -3.53219 3.8397 -1.43338 1904710.0
6500.0 4.5 2.11387 -3.51868 3.81803 -1.42541 2054970.0
6600.0 4.5 2.16474 -3.6398 3.93671 -1.47104 2214120.0
6700.0 4.5 2.18936 -3.69523 3.98609 -1.48944 2370070.0
6800.0 4.5 2.21307 -3.74877 4.03416 -1.50748 2514710.0
6900.0 4.5 2.23612 -3.79267 4.067 -1.51846 2671600.0
7000.0 4.5 2.2365 -3.7905 4.05812 -1.51511 2832280.0
7200.0 4.5 2.26961 -3.84991 4.09575 -1.52704 3189880.0
7400.0 4.5 2.135 -3.36481 3.45906 -1.26822 3556690.0
7600.0 4.5 2.25187 -3.72967 3.89181 -1.43684 3982260.0
7800.0 4.5 2.11444 -3.37171 3.50075 -1.29311 4384780.0
8000.0 4.5 2.09883 -3.26742 3.33017 -1.21769 4763720.0
8200.0 4.5 2.15999 -3.3302 3.3039 -1.18535 5048080.0
8400.0 4.5 2.2508 -3.45502 3.32534 -1.1641 5326180.0
8600.0 4.5 2.41101 -3.73739 3.49816 -1.1952 5597180.0
8800.0 4.5 2.5769 -4.05168 3.72979 -1.25855 5563590.0
9000.0 4.5 2.73643 -4.36278 3.98054 -1.33947 5566200.0
9200.0 4.5 2.86698 -4.62372 4.19142 -1.40398 5884750.0
9400.0 4.5 2.98251 -4.85551 4.38131 -1.46283 6205590.0
9600.0 4.5 3.08523 -5.04369 4.52625 -1.50562 6457460.0
9800.0 4.5 3.1744 -5.2233 4.67292 -1.55104 6808750.0
10000.0 4.5 3.28882 -5.44452 4.85504 -1.60806 7082870.0
10200.0 4.5 3.41964 -5.70696 5.08082 -1.68135 7539790.0
10400.0 4.5 3.47926 -5.80677 5.14958 -1.69983 7824860.0
10600.0 4.5 3.5376 -5.90308 5.21482 -1.71709 8090910.0
10800.0 4.5 3.61444 -6.04649 5.32828 -1.75178 8573320.0
11000.0 4.5 3.74966 -6.30576 5.54242 -1.8189 8411950.0
11200.0 4.5 3.97487 -6.7529 5.92594 -1.94196 7973990.0
11400.0 4.5 4.16546 -7.12127 6.23183 -2.03728 7626910.0
11600.0 4.5 4.2347 -7.24539 6.32066 -2.06123 7905330.0
11800.0 4.5 4.33059 -7.43703 6.47758 -2.1094 8185220.0
12000.0 4.5 4.48164 -7.75619 6.75843 -2.20098 8476490.0
2300.0 5.0 0.68186 -0.80793 1.59698 -0.59488 1503.17
2400.0 5.0 0.87418 -1.48034 2.45398 -0.91057 1425.12
2500.0 5.0 0.96918 -1.53761 2.22287 -0.6768 1007.47
2600.0 5.0 0.68905 -0.84054 1.68782 -0.52673 1022.9
2700.0 5.0 0.64611 -0.63566 1.58378 -0.55313 941.531
2900.0 5.0 0.90168 -0.62659 1.34414 -0.5406 56690.9
3100.0 5.0 1.03711 -0.53274 0.97739 -0.41533 64429500.0
3200.0 5.0 1.09981 -0.55151 0.8866 -0.3765 213719000.0
3300.0 5.0 1.13606 -0.5759 0.84496 -0.35862 370608000.0
3400.0 5.0 1.0684 -0.40699 0.64757 -0.29013 475365000.0
3500.0 5.0 1.01793 -0.28326 0.4991 -0.23895 527476000.0
3600.0 5.0 1.01929 -0.25155 0.4209 -0.2071 542941000.0
3700.0 5.0 1.08292 -0.33089 0.42538 -0.19614 537405000.0
3800.0 5.0 1.23602 -0.62927 0.63281 -0.24778 515596000.0
3900.0 5.0 1.38948 -0.95277 0.88784 -0.31465 493820000.0
4000.0 5.0 1.5295 -1.35038 1.27272 -0.432 461089000.0
4100.0 5.0 1.52969 -1.48688 1.45842 -0.48561 432365000.0
4200.0 5.0 1.48477 -1.5529 1.60983 -0.53201 399199000.0
4300.0 5.0 1.34785 -1.41554 1.5959 -0.53005 369201000.0
4400.0 5.0 1.21191 -1.3804 1.73024 -0.59641 297989000.0
4500.0 5.0 1.23155 -1.61103 2.10698 -0.7566 248657000.0
4600.0 5.0 1.36482 -2.12216 2.74467 -1.01013 152006000.0
4700.0 5.0 1.4483 -2.31584 2.91787 -1.06801 60071900.0
4800.0 5.0 1.42324 -2.22059 2.79183 -1.02036 13812800.0
4900.0 5.0 1.42717 -2.20432 2.76761 -1.02032 4534880.0
5100.0 5.0 1.524 -2.37387 2.89153 -1.07301 753725.0
5200.0 5.0 1.53175 -2.37348 2.87717 -1.0723 936335.0
5300.0 5.0 1.52452 -2.34777 2.84291 -1.06513 1063310.0
5400.0 5.0 1.50525 -2.30955 2.80387 -1.05719 1118960.0
5500.0 5.0 1.51568 -2.32566 2.80893 -1.06184 1148950.0
5600.0 5.0 1.52464 -2.31819 2.8105 -1.08587 1252220.0
5700.0 5.0 1.52349 -2.30997 2.79453 -1.0842 1365330.0
5800.0 5.0 1.52779 -2.31471 2.79073 -1.08614 1497540.0
5900.0 5.0 1.52792 -2.30984 2.77629 -1.08325 1649640.0
6000.0 5.0 1.51924 -2.28887 2.74861 -1.07593 1822810.0
6100.0 5.0 1.52613 -2.31863 2.78806 -1.09655 1969910.0
6200.0 5.0 1.53583 -2.34333 2.80778 -1.10622 2174370.0
6300.0 5.0 1.53354 -2.34909 2.81007 -1.10976 2381190.0
6400.0 5.0 1.57039 -2.4319 2.88252 -1.13568 2583400.0
6500.0 5.0 1.56887 -2.42768 2.87007 -1.13118 2775970.0
6600.0 5.0 1.58885 -2.48467 2.93099 -1.15742 2942910.0
6700.0 5.0 1.60185 -2.51935 2.96299 -1.17032 3130120.0
6800.0 5.0 1.60377 -2.52598 2.96718 -1.17331 3322860.0
6900.0 5.0 1.6226 -2.56873 3.00348 -1.18638 3512620.0
7000.0 5.0 1.63473 -2.59357 3.02 -1.19158 3703330.0
7200.0 5.0 1.66407 -2.66141 3.07891 -1.21446 4120980.0
7400.0 5.0 1.65935 -2.63594 3.03426 -1.19628 4563810.0
7600.0 5.0 1.67412 -2.65162 3.02623 -1.19039 5026390.0
7800.0 5.0 1.69463 -2.66625 3.00162 -1.17327 5504980.0
8000.0 5.0 1.67126 -2.55577 2.8294 -1.09514 5984400.0
8200.0 5.0 1.56062 -2.25726 2.47734 -0.95521 6414140.0
8400.0 5.0 1.55716 -2.19559 2.35375 -0.89597 6778770.0
8600.0 5.0 1.61649 -2.2706 2.34789 -0.87167 7166420.0
8800.0 5.0 1.71666 -2.43226 2.41218 -0.86624 7498810.0
9000.0 5.0 1.80903 -2.59444 2.49625 -0.87341 7338950.0
9200.0 5.0 1.92373 -2.81694 2.66084 -0.91903 7453910.0
9400.0 5.0 1.97956 -2.926 2.74027 -0.9449 7885020.0
9600.0 5.0 2.06731 -3.10309 2.88216 -0.98825 8262810.0
9800.0 5.0 2.13432 -3.23766 2.98864 -1.02053 8735550.0
10000.0 5.0 2.21412 -3.39638 3.1176 -1.06051 9051750.0
10200.0 5.0 2.30289 -3.57553 3.2684 -1.10875 9431400.0
10400.0 5.0 2.36232 -3.69084 3.36043 -1.13714 10028200.0
10600.0 5.0 2.42693 -3.81504 3.46014 -1.16803 10426600.0
10800.0 5.0 2.48061 -3.91184 3.53207 -1.18887 10691700.0
11000.0 5.0 2.54384 -4.03776 3.63723 -1.22262 11397800.0
11200.0 5.0 2.6235 -4.192 3.76347 -1.26213 11258800.0
11400.0 5.0 2.70705 -4.35023 3.89046 -1.30103 10751900.0
11600.0 5.0 2.60191 -4.16924 3.73233 -1.24892 11291700.0
11800.0 5.0 2.65729 -4.2889 3.83524 -1.28228 11644200.0
12000.0 5.0 2.66074 -4.29486 3.83006 -1.27813 12007600.0
2300.0 5.5 1.2519 -1.51977 1.72646 -0.51659 2842.67
2400.0 5.5 0.57799 -0.34815 1.06609 -0.38333 2432.65
2500.0 5.5 0.71527 -1.00443 1.72757 -0.51352 1758.43
2600.0 5.5 0.82758 -1.197 1.82593 -0.47554 1443.46
2700.0 5.5 0.74038 -1.13329 2.06355 -0.64699 1201.96
2900.0 5.5 0.77004 -0.76611 1.71467 -0.66916 54464.4
3100.0 5.5 0.71412 -0.08371 0.7619 -0.37597 40845200.0
3200.0 5.5 0.75701 0.07228 0.42242 -0.24574 171038000.0
3300.0 5.5 0.83849 0.06784 0.26586 -0.17406 351232000.0
3400.0 5.5 0.88809 0.07612 0.13414 -0.11268 488962000.0
3500.0 5.5 0.93984 0.04016 0.06914 -0.07549 562265000.0
3600.0 5.5 0.99679 -0.0314 0.05775 -0.05873 581062000.0
3700.0 5.5 1.08052 -0.17843 0.12423 -0.06747 565120000.0
3800.0 5.5 1.20592 -0.43486 0.30743 -0.11631 533426000.0
3900.0 5.5 1.35246 -0.77291 0.58744 -0.19964 488228000.0
4000.0 5.5 1.47596 -1.09373 0.88451 -0.2929 443490000.0
4100.0 5.5 1.5577 -1.36138 1.17118 -0.38781 394937000.0
4200.0 5.5 1.3818 -1.1515 1.06263 -0.35401 302307000.0
4300.0 5.5 1.45005 -1.36483 1.32281 -0.4371 299178000.0
4400.0 5.5 1.33886 -1.31009 1.39531 -0.46873 237388000.0
4500.0 5.5 1.17808 -1.1035 1.32363 -0.45441 184022000.0
4600.0 5.5 1.05725 -1.06166 1.45688 -0.52926 104643000.0
4700.0 5.5 1.05013 -1.23715 1.79187 -0.68255 50148600.0
4800.0 5.5 1.07607 -1.50065 2.19897 -0.86092 7561930.0
4900.0 5.5 1.24884 -1.9171 2.60294 -1.00257 1980880.0
5100.0 5.5 1.24461 -1.86106 2.48411 -0.95309 1098850.0
5200.0 5.5 1.23747 -1.8228 2.43199 -0.93926 1376350.0
5300.0 5.5 1.29079 -1.94075 2.56792 -1.00781 1537940.0
5400.0 5.5 1.25051 -1.79689 2.40043 -0.95771 1589290.0
5500.0 5.5 1.2672 -1.81819 2.40678 -0.96372 1604700.0
5600.0 5.5 1.23749 -1.7446 2.32823 -0.94184 1734550.0
5700.0 5.5 1.22942 -1.71658 2.29006 -0.93214 1894200.0
5800.0 5.5 1.21919 -1.68475 2.24796 -0.92029 2080730.0
5900.0 5.5 1.21046 -1.67093 2.23625 -0.92046 2236870.0
6000.0 5.5 1.19551 -1.62627 2.17558 -0.90089 2507640.0
6100.0 5.5 1.20325 -1.64617 2.19244 -0.91129 2746330.0
6200.0 5.5 1.12728 -1.38623 1.882 -0.79855 2967660.0
6300.0 5.5 1.10371 -1.29114 1.74564 -0.7434 3187780.0
6400.0 5.5 1.10726 -1.28984 1.72673 -0.73634 3462590.0
6500.0 5.5 1.10159 -1.27485 1.70431 -0.72888 3647320.0
6600.0 5.5 1.09883 -1.26218 1.67698 -0.7183 3915270.0
6700.0 5.5 1.10349 -1.27626 1.68815 -0.7247 4160940.0
6800.0 5.5 1.10494 -1.28134 1.6881 -0.7256 4405460.0
6900.0 5.5 1.10865 -1.29239 1.69443 -0.72833 4634480.0
7000.0 5.5 1.11521 -1.308 1.70498 -0.73294 4894900.0
7200.0 5.5 1.10251 -1.27126 1.65128 -0.71207 5402150.0
7400.0 5.5 1.10551 -1.27981 1.65612 -0.71753 5937650.0
7600.0 5.5 1.10191 -1.26806 1.63534 -0.71118 6507270.0
7800.0 5.5 1.09152 -1.22899 1.57634 -0.68744 7108780.0
8000.0 5.5 1.19155 -1.42793 1.6726 -0.68932 7670290.0
8200.0 5.5 1.22959 -1.50056 1.72081 -0.70138 8257900.0
8400.0 5.5 1.28018 -1.61742 1.82883 -0.73676 8803770.0
8600.0 5.5 1.25995 -1.65764 1.92358 -0.77581 9402920.0
8800.0 5.5 1.25705 -1.60041 1.79467 -0.70816 9933140.0
9000.0 5.5 1.30081 -1.65052 1.77002 -0.67779 10391100.0
9200.0 5.5 1.35734 -1.735 1.77693 -0.65656 10363400.0
9400.0 5.5 1.4284 -1.86325 1.84352 -0.66172 10309500.0
9600.0 5.5 1.4797 -1.95615 1.89703 -0.67203 10924600.0
9800.0 5.5 1.52293 -2.04055 1.95563 -0.69046 11403400.0
10000.0 5.5 1.59598 -2.19424 2.08366 -0.73114 11997000.0
10200.0 5.5 1.6535 -2.30964 2.17427 -0.75851 12477100.0
10400.0 5.5 1.71381 -2.43137 2.27284 -0.78912 12995300.0
10600.0 5.5 1.77327 -2.55293 2.37387 -0.8213 13757100.0
10800.0 5.5 1.81621 -2.63449 2.43524 -0.83925 14390800.0
11000.0 5.5 1.88188 -2.76726 2.54682 -0.87501 14659400.0
11200.0 5.5 1.913 -2.82492 2.58799 -0.88659 15617100.0
11400.0 5.5 1.97659 -2.93879 2.67935 -0.9154 16295800.0
11600.0 5.5 2.03023 -3.06154 2.78567 -0.94963 15341100.0
11800.0 5.5 2.07376 -3.12865 2.83095 -0.96203 15486600.0
12000.0 5.5 2.10429 -3.18931 2.87718 -0.97573 15798500.0
2300.0 6.0 1.31062 -1.77884 2.09131 -0.68928 3831.86
2400.0 6.0 0.94148 -1.07819 1.53619 -0.47277 3683.59
2500.0 6.0 0.74194 -0.74873 1.39694 -0.45086 3340.8
2600.0 6.0 0.76089 -0.62704 0.78789 0.02435 1988.1
2700.0 6.0 0.7633 -1.1614 1.87104 -0.47473 1658.2
2900.0 6.0 0.86135 -1.42919 2.53645 -0.92148 57496.1
3100.0 6.0 0.58738 -0.2173 1.19157 -0.56859 24626900.0
3200.0 6.0 0.52354 0.31054 0.43905 -0.30047 122017000.0
3300.0 6.0 0.55092 0.56295 -0.04812 -0.10537 301455000.0
3400.0 6.0 0.64738 0.59292 -0.30429 0.01822 469000000.0
3500.0 6.0 0.81193 0.40868 -0.32659 0.0629 568449000.0
3600.0 6.0 0.9745 0.12991 -0.18995 0.04225 596037000.0
3700.0 6.0 1.12809 -0.17154 0.00863 -0.00712 578303000.0
3800.0 6.0 1.28769 -0.53916 0.31163 -0.10042 529446000.0
3900.0 6.0 1.41899 -0.86283 0.59101 -0.18848 470025000.0
4000.0 6.0 1.50515 -1.14015 0.86398 -0.28101 393576000.0
4100.0 6.0 1.53793 -1.27153 1.00177 -0.32647 323959000.0
4200.0 6.0 1.52551 -1.33116 1.10012 -0.36239 249890000.0
4300.0 6.0 1.47569 -1.32821 1.16511 -0.38987 177534000.0
4400.0 6.0 1.34494 -1.08381 0.98105 -0.32307 132119000.0
4500.0 6.0 1.22811 -0.96863 0.97436 -0.32651 74025900.0
4600.0 6.0 1.13543 -0.90895 1.03263 -0.35545 37525400.0
4700.0 6.0 1.0005 -0.73649 0.99212 -0.35793 17035200.0
4800.0 6.0 0.83414 -0.57717 1.01499 -0.40066 -672587.0
4900.0 6.0 0.94514 -0.97424 1.53781 -0.61738 428875.0
5100.0 6.0 1.07155 -1.50479 2.2086 -0.89153 1226570.0
5200.0 6.0 1.10238 -1.56044 2.25406 -0.91239 1887920.0
5300.0 6.0 1.07493 -1.48076 2.16751 -0.88919 2345310.0
5400.0 6.0 1.06636 -1.43944 2.11289 -0.87514 2342670.0
5500.0 6.0 1.0569 -1.39781 2.0574 -0.85999 2316350.0
5600.0 6.0 1.04638 -1.35561 2.00077 -0.84362 2460980.0
5700.0 6.0 1.03295 -1.30988 1.94162 -0.82593 2667650.0
5800.0 6.0 1.01404 -1.2544 1.87404 -0.805 2912920.0
5900.0 6.0 0.9929 -1.20095 1.81241 -0.78652 3165430.0
6000.0 6.0 0.98535 -1.1878 1.79978 -0.78653 3389590.0
6100.0 6.0 0.87209 -0.81509 1.3561 -0.62313 3685070.0
6200.0 6.0 0.85498 -0.73294 1.23121 -0.57344 3980950.0
6300.0 6.0 0.84753 -0.69678 1.17363 -0.55213 4286260.0
6400.0 6.0 0.84533 -0.67702 1.13433 -0.53718 4601110.0
6500.0 6.0 0.84973 -0.69524 1.1455 -0.54215 4902540.0
6600.0 6.0 0.84482 -0.67528 1.11027 -0.52889 5151790.0
6700.0 6.0 0.83953 -0.65503 1.07541 -0.51543 5506250.0
6800.0 6.0 0.84609 -0.67227 1.0878 -0.52199 5801820.0
6900.0 6.0 0.84806 -0.67746 1.08534 -0.52144 6146360.0
7000.0 6.0 0.84941 -0.67968 1.07918 -0.51901 6470800.0
7200.0 6.0 0.83536 -0.63902 1.01825 -0.49512 7111400.0
7400.0 6.0 0.83597 -0.64393 1.01765 -0.49805 7778960.0
7600.0 6.0 0.82772 -0.62434 0.99092 -0.49031 8493450.0
7800.0 6.0 0.80919 -0.56921 0.91829 -0.46256 9252270.0
8000.0 6.0 0.80305 -0.55046 0.89035 -0.45397 10062500.0
8200.0 6.0 0.81007 -0.54898 0.8685 -0.44392 10903700.0
8400.0 6.0 0.83244 -0.59207 0.89162 -0.44838 11722400.0
8600.0 6.0 0.86887 -0.66643 0.94043 -0.45915 12457500.0
8800.0 6.0 0.91776 -0.77371 1.01953 -0.47833 13181100.0
9000.0 6.0 0.98697 -0.93687 1.15369 -0.51464 13945900.0
9200.0 6.0 0.98105 -0.93413 1.11708 -0.4835 14620100.0
9400.0 6.0 1.09648 -1.19367 1.28995 -0.50754 14746200.0
9600.0 6.0 1.17909 -1.40656 1.48649 -0.5662 14668300.0
9800.0 6.0 1.22324 -1.47991 1.50586 -0.55626 15256800.0
10000.0 6.0 1.27067 -1.57175 1.55935 -0.56368 15942300.0
10200.0 6.0 1.31651 -1.66319 1.6249 -0.58241 16617000.0
10400.0 6.0 1.35638 -1.74032 1.68221 -0.60212 17353000.0
10600.0 6.0 1.39956 -1.82611 1.74633 -0.62046 18073600.0
10800.0 6.0 1.43722 -1.89994 1.80091 -0.63607 18996100.0
11000.0 6.0 1.47175 -1.96611 1.84859 -0.64935 19946500.0
11200.0 6.0 1.51814 -2.04206 1.90167 -0.66412 20698400.0
11400.0 6.0 1.54147 -2.0827 1.926 -0.66962 21610100.0
11600.0 6.0 1.56912 -2.13383 1.96137 -0.67923 22059600.0
11800.0 6.0 1.57722 -2.14326 1.95846 -0.67584 23206100.0
12000.0 6.0 1.61015 -2.21061 2.01231 -0.69256 22909400.0
