Teff log(g) filter a1 a2 a3 a4
2300 4.0 rs 5.207803206907876 -10.999426510686833 11.146346860627668 -3.8004305894584673
2300 4.5 rs 3.9805308318419663 -7.957589418968913 8.034534691914633 -2.6901402728414907
2300 5.0 rs 2.6983445173000544 -5.084954874121011 5.36223641089655 -1.8024006182534715
2300 5.5 rs 2.802240667254572 -4.8743510533872305 4.772791195761348 -1.5342227158668107
2300 6.0 rs 2.3597158278229347 -3.989732170848222 4.011990595846276 -1.2925544507919102
2400 4.0 rs 3.330023065749563 -6.6884832269089705 7.120011503334509 -2.4070505108345035
2400 4.5 rs 2.9978882390962642 -5.99090506584424 6.360864264778537 -2.113805160462216
2400 5.0 rs 2.451420419489019 -4.811621026046823 5.3039562442918795 -1.7814526786298046
2400 5.5 rs 1.8223001084066104 -3.075701282349747 3.485869645646434 -1.1502101984548225
2400 6.0 rs 1.8255131043372363 -3.011138636490957 3.285629871680249 -1.0494154176960138
2500 4.0 rs 2.117479758405766 -3.691122774426783 4.262989151573426 -1.4389212316200224
2500 4.5 rs 1.9543388345425432 -3.4334291370185857 3.921951325602838 -1.260984733536743
2500 5.0 rs 1.8706802287045472 -3.443828207023179 3.899838367352844 -1.213375461518171
2500 5.5 rs 1.6650577837395526 -3.017956746417272 3.472766122038424 -1.062476773782908
2500 6.0 rs 1.6400520689403555 -2.8300185235083144 3.3037645033756373 -1.0582664236909163
2600 4.0 rs 1.3909737516202687 -1.7677459985814576 2.4046505310832127 -0.8416481499358935
2600 4.5 rs 1.0700608977346704 -1.49812286653342 2.309684793690304 -0.7816076864751942
2600 5.0 rs 1.1431744934339982 -1.8671014049868118 2.60466477872201 -0.8099267962837934
2600 5.5 rs 1.5745194412035834 -2.9530155193250884 3.5224686765386988 -1.0621815751396784
2600 6.0 rs 1.3346884664499525 -2.0185886195920406 2.193865320569388 -0.4822274037608708
2700 4.0 rs 1.725921412992963 -2.2084083442089906 2.686289232434352 -0.9550444852828892
2700 4.5 rs 0.9989068920341784 -0.9948654050655595 1.7343622084626809 -0.620238133192249
2700 5.0 rs 0.8269058760662851 -1.099053167338177 2.009261348649556 -0.6747429326495837
2700 5.5 rs 0.8899310619236557 -1.461396551737502 2.307861140721258 -0.694858667588753
2700 6.0 rs 1.0263696919771301 -1.7943801718159167 2.4611381778384285 -0.662901078547021
2800 4.0 rs 2.7404794590922252 -4.23096158949726 4.437994200591848 -1.5517368578525952
2800 4.5 rs 1.5127074064241148 -1.8673231784746136 2.4265448668945564 -0.8768139502518509
2800 5.0 rs 0.9023815856964886 -0.9141480748230937 1.7263139132759866 -0.6259036334218755
2800 5.5 rs 0.7567994136362235 -0.9808811816788999 1.9283064586120806 -0.656807580568466
2900 4.0 rs 3.3237440514124037 -5.437947944845186 5.483669450500767 -1.9050341487393798
2900 4.5 rs 1.8658780771294023 -2.474227255001033 2.880702065107278 -1.0398117567544818
2900 5.0 rs 1.1660080170271967 -1.240992967965469 1.912490678108538 -0.7177194001343599
2900 5.5 rs 0.9346183095570073 -1.1505013165394165 2.0562280285088264 -0.7641899411492349
2900 6.0 rs 0.9059512539894549 -1.5492608991612833 2.639550803476413 -0.9418033575647842
3000 4.0 rs 3.6795532596450937 -6.2752882358346795 6.26799097395532 -2.177307124214663
3000 4.5 rs 2.221574297161722 -3.166625577641899 3.4521895843141523 -1.239206002488703
3000 5.5 rs 0.9384397071722869 -0.8824726975809148 1.685295590626177 -0.6743659481753568
3000 6.0 rs 0.7731209811595227 -0.9632929643221778 2.04258399492002 -0.818454136121932
3100 4.0 rs 4.025775798893366 -7.162821009304735 7.162414809471769 -2.492773155716114
3100 4.5 rs 2.558617288213572 -3.9023935486265864 4.11305593377911 -1.470865175294117
3100 5.0 rs 1.5377978634916198 -1.7214100984523235 2.138364358005718 -0.8129726870858748
3100 5.5 rs 0.9785798189599877 -0.7056011752267959 1.364274518892069 -0.5771242771470662
3100 6.0 rs 0.6743984026160772 -0.37458020944719717 1.311242719018344 -0.5964058706756553
3200 4.0 rs 4.804960241055114 -9.156458761713965 9.21436200787335 -3.226231955205121
3200 4.5 rs 3.251969998747908 -5.5656635149637825 5.757091158377781 -2.059994066738324
3200 5.0 rs 1.9717312061077026 -2.6343306467395338 2.9492367876885455 -1.1002699805809202
3200 5.5 rs 1.1290837442388637 -0.807622753568048 1.2913458623856415 -0.547266774541569
3200 6.0 rs 0.6678548195176752 0.017459663208910348 0.6983305266920256 -0.380167713600281
3300 4.0 rs 5.143701470640152 -10.22282778200546 10.418977140913741 -3.674875034592926
3300 4.5 rs 3.544312774729463 -6.353205685999196 6.588473516921523 -2.3703983201321366
3300 5.0 rs 2.2928065765014876 -3.334237639012718 3.5818747180456887 -1.3251597076095005
3300 5.5 rs 1.450324314626391 -1.3680238420658972 1.6823150150867139 -0.6720757440729755
3300 6.0 rs 0.8433870676099088 -0.06516913204981921 0.5336073930733138 -0.299323332080238
3400 4.0 rs 5.599830630833071 -11.52549638919185 11.832294786202477 -4.197540943094102
3400 4.5 rs 3.738180480476984 -6.933882054538894 7.2340857312364575 -2.6200514755836775
3400 5.0 rs 2.4430352954819607 -3.679233653910831 3.8950451966765085 -1.4402932047449035
3400 5.5 rs 1.6636034435529603 -1.7346057361578306 1.914218913135496 -0.7397354897824623
3400 6.0 rs 1.077635949147071 -0.3523873357421937 0.5821282319708174 -0.2828403773505912
3500 4.0 rs 6.359344642435094 -13.338254655897272 13.613042775842805 -4.826974576877561
3500 4.5 rs 4.098326731646692 -7.821456764596074 8.125935132443674 -2.946418917209189
3500 5.0 rs 2.6552958056725307 -4.16465648644186 4.341713766668684 -1.5998698340869772
3500 5.5 rs 1.8734750859106437 -2.1355917087953076 2.202678530272629 -0.8268969150717042
3500 6.0 rs 1.3555097846158097 -0.829436861106167 0.8667573330650513 -0.3514038371036078
3600 4.0 rs 6.8340476934508505 -14.339396865462675 14.506495068033894 -5.122560339714304
3600 4.5 rs 4.475239120509645 -8.63658838624019 8.864810807450297 -3.199634905711295
3600 5.0 rs 2.898781033303543 -4.676334117783858 4.77899674654991 -1.7460954299169207
3600 5.5 rs 2.078883240429322 -2.545512305375446 2.5135662891278856 -0.9212382351306813
3600 6.0 rs 1.6138623328180002 -1.3324428249654283 1.223017141833296 -0.45000897210448715
3700 4.0 rs 7.071397435346758 -14.748697258157929 14.785626849420785 -5.184885301846213
3700 4.5 rs 4.839593236224461 -9.346782024095798 9.439456685832848 -3.3752518690033595
3700 5.0 rs 3.1785539247009997 -5.234526075417212 5.232260878848293 -1.8879565366476545
3700 5.5 rs 2.3456834118731504 -3.1075982361757335 2.9753416422874994 -1.0660854969551379
3700 6.0 rs 1.8649782850739898 -1.856965054457619 1.634521277813563 -0.5729437679124483
3800 4.0 rs 7.1060725141899725 -14.747472615784725 14.691427706111075 -5.109981378450955
3800 4.5 rs 5.10527909030531 -9.846126652618105 9.809563740027222 -3.4688165398650908
3800 5.0 rs 3.56768620244747 -6.053703347654179 5.926280816895941 -2.104645929136472
3800 5.5 rs 2.6400746846213594 -3.7391702059067358 3.5086002438333206 -1.2335941315484973
3800 6.0 rs 2.1265565397439805 -2.4433320120730886 2.1344638499255324 -0.7307789461887222
3900 4.0 rs 7.648742357040979 -15.953863292357074 15.765112548320037 -5.440322867651725
3900 4.5 rs 5.469686230110484 -10.672196937420594 10.538717758480276 -3.6861075162353742
3900 5.0 rs 3.8296081562286384 -6.609242265451541 6.392224391959329 -2.241156205859095
3900 5.5 rs 2.9552505461269907 -4.456148506569375 4.1470195263846445 -1.4390865093485714
3900 6.0 rs 2.3767471822854596 -3.031863547406745 2.6614818246212844 -0.9021513247784113
4000 4.0 rs 7.817028474975888 -16.36645817085263 16.139908408096424 -5.543482477186402
4000 4.5 rs 5.5936669624863065 -10.992256533623165 10.817483659995672 -3.747962002831238
4000 5.0 rs 4.108623384103539 -7.302580977617998 7.045799000617902 -2.447596389204069
4000 5.5 rs 3.187833971586097 -5.014889591236509 4.66459412931861 -1.6062885043181054
4000 6.0 rs 2.6173127162745944 -3.6472327237478765 3.246754397242688 -1.0991039944037233
4100 4.0 rs 8.075687416815216 -17.057823856123047 16.853593001737664 -5.789427408279794
4100 4.5 rs 5.439800665878319 -10.780259017654203 10.67641150078183 -3.6840725197729456
4100 5.0 rs 4.165236930180116 -7.547623055705207 7.3225518695650775 -2.529639832834537
4100 5.5 rs 3.305170571004124 -5.3452077924012755 4.998289327762233 -1.7137879084954843
4100 6.0 rs 2.7346716992648332 -3.9642875266564035 3.5588036212423444 -1.2036648365035891
4200 4.0 rs 8.402245475174665 -17.827117248713442 17.592052517108822 -6.038088004710391
4200 4.5 rs 5.600514401919745 -11.316119091427355 11.265357516797426 -3.8814673017380077
4200 5.0 rs 4.079356276701591 -7.49384951596671 7.340918036029638 -2.5257128573578735
4200 5.5 rs 3.35141001101109 -5.635357584057578 5.367928536718097 -1.8458155583552733
4200 6.0 rs 2.788426290620201 -4.162903148594541 3.7835583017530836 -1.2815484876067855
4300 4.0 rs 8.832059530221022 -18.732718725495655 18.39677240654998 -6.307465923741123
4300 4.5 rs 5.545760672558976 -11.356390768469478 11.415950718497179 -3.9469952961873855
4300 5.0 rs 3.8104436619564948 -7.034904742931244 7.003338472344055 -2.407741305373082
4300 5.5 rs 3.203201047456822 -5.33592824562676 5.120964047368384 -1.7492420308068308
4300 6.0 rs 2.7560105260497254 -4.18347016073751 3.8601803635938503 -1.3102257426824078
4400 4.0 rs 9.051325061724068 -19.196424404214184 18.81905358764507 -6.4578551949356235
4400 4.5 rs 5.8061546402921005 -12.11992187735393 12.25287016504813 -4.254396993316978
4400 5.0 rs 3.797506493684789 -7.2593563698492956 7.373506212641363 -2.5527535804776416
4400 5.5 rs 3.074997244365618 -5.221794415934202 5.121852191785599 -1.752403224893806
4400 6.0 rs 2.6209343138023944 -3.938883937848031 3.685112056953988 -1.2495930801410606
4500 4.0 rs 9.016551621568583 -19.097226616373373 18.717304137522362 -6.432925331140051
4500 4.5 rs 5.964679652401256 -12.458393563571807 12.541906609422963 -4.346846260942922
4500 5.0 rs 3.639176765257863 -7.04463598295784 7.29188337738462 -2.5456661587204223
4500 5.5 rs 2.8240002464510354 -4.80145466733589 4.839114141374473 -1.6638423338447135
4500 6.0 rs 2.4765542658328186 -3.7475915796668535 3.595766364094749 -1.2222023503052715
4600 4.0 rs 9.041787111144197 -19.1268564734985 18.733146332193545 -6.446135299344945
4600 4.5 rs 5.837516852288298 -12.138444393488506 12.221321406461684 -4.243970535753729
4600 5.0 rs 3.732138455527813 -7.430820276202885 7.783824309456068 -2.7414328905312617
4600 5.5 rs 2.6948176202033465 -4.718829815333302 4.91690283044927 -1.7153204702265896
4600 6.0 rs 2.3142669660441118 -3.517303000497042 3.481318362512156 -1.189287731837801
4700 4.0 rs 9.006227044833953 -19.012398357104402 18.604192922408377 -6.406425594695055
4700 4.5 rs 5.829181413333099 -12.083293695857808 12.151597896839059 -4.226590922278589
4700 5.0 rs 3.81994105801589 -7.63708627538449 7.972282318226409 -2.805668636933791
4700 5.5 rs 2.5858975788964327 -4.628687140607218 4.9693733947123935 -1.7628229342353654
4700 6.0 rs 2.102581620694724 -3.1667904263402327 3.267219376963035 -1.13131422811942
4800 4.0 rs 9.299118352537134 -19.643616523538693 19.189509663202717 -6.6131851281312315
4800 4.5 rs 5.984519823595267 -12.408915578257647 12.452105204795725 -4.337824020381836
4800 5.0 rs 3.805889480752504 -7.567222105483595 7.872271366098998 -2.7676445368564373
4800 5.5 rs 2.5945401292929926 -4.82620097168692 5.292147657947526 -1.9061845834241784
4800 6.0 rs 1.9375141885432143 -2.9925653034634125 3.2615594188449766 -1.1604760389916902
4900 4.0 rs 9.690604523520587 -20.50526858352151 19.9957331763578 -6.89508948165553
4900 4.5 rs 6.161473802808944 -12.778020908242055 12.791682177567612 -4.462096417299847
4900 5.0 rs 3.89990794925461 -7.752103568831852 8.038160122475482 -2.8326503883960155
4900 5.5 rs 2.699464949877346 -5.087362267650113 5.546914401720086 -1.996136142278716
4900 6.0 rs 1.9512919243290356 -3.1275587123875916 3.499598475309473 -1.2688759258607512
5100 4.0 rs 11.173123089293371 -23.663487460836656 22.898206609835825 -7.8900902362765475
5100 4.5 rs 7.245570748697845 -15.133269394505975 14.974862434578553 -5.216266801661392
5100 5.0 rs 4.496478247069279 -9.02784735657737 9.206158006591648 -3.2419192747042103
5100 5.5 rs 3.0646023510247393 -5.870218645885723 6.239495322017957 -2.2304248913870657
5100 6.0 rs 2.2623193183973567 -4.033898599060505 4.502269569759792 -1.6509277629621393
5200 4.0 rs 11.449505624272497 -24.275016489958368 23.472096979383124 -8.09233874969711
5200 4.5 rs 7.409368999860092 -15.494163698500179 15.311713148597253 -5.337733845699286
5200 5.0 rs 4.590111651444704 -9.225768876693675 9.385635163648459 -3.309368984711452
5200 5.5 rs 3.1094765002231357 -5.951927110421427 6.3042794146409715 -2.257454757919038
5200 6.0 rs 2.3075419060875157 -4.120631410381543 4.57610903967632 -1.6810292551629382
5300 4.0 rs 11.731970655736443 -24.90310311536617 24.063594547404385 -8.300571781757718
5300 4.5 rs 7.582367452910647 -15.877699286129003 15.670133990706315 -5.465886638021718
5300 5.0 rs 4.689272016907249 -9.443344285163848 9.586817123624886 -3.3842536541145205
5300 5.5 rs 3.1477913749414332 -6.012715400302019 6.365971104358963 -2.2942044196486138
5300 6.0 rs 2.3357074326622502 -4.16438967616713 4.605480778264693 -1.6969965511600844
5400 4.0 rs 12.063892881039969 -25.643077002270694 24.76066911064157 -8.543976127134416
5400 4.5 rs 7.7697643251547435 -16.29527997675986 16.06160839421528 -5.604910805785153
5400 5.0 rs 4.803179843059958 -9.708281605959503 9.838996373554133 -3.4769353939063623
5400 5.5 rs 3.2985536565493447 -6.296471824494766 6.603834221051611 -2.3827081115417315
5400 6.0 rs 2.3622240333644022 -4.195820096952219 4.614965597645742 -1.7033191531526886
5500 4.0 rs 12.498187235312106 -26.57145064605809 25.609772066691082 -8.832483789388938
5500 4.5 rs 8.026527125992999 -16.866919408614308 16.595529577007778 -5.790801170116769
5500 5.0 rs 4.925495809160217 -9.973241791277102 10.079972604437705 -3.5626292094594616
5500 5.5 rs 3.362846803170759 -6.418813917681832 6.702046915701634 -2.419084819021987
5500 6.0 rs 2.3959616065152516 -4.248714730773713 4.648096506152288 -1.7183742269111864
5600 4.0 rs 12.830239313317575 -27.29081237064151 26.273546871546635 -9.060230929933569
5600 4.5 rs 8.22663440864922 -17.308438458533466 17.006696365592465 -5.934989070812446
5600 5.0 rs 5.002767088377369 -10.088458963537382 10.173574883926166 -3.6108900202681493
5600 5.5 rs 3.424635488515066 -6.549181081553511 6.817271447937508 -2.4639554390378
5600 6.0 rs 2.4287065963704095 -4.300940286497587 4.679602629135041 -1.7318853368248843
5700 4.0 rs 13.128192169560354 -27.944892468651446 26.881702038536197 -9.269915301021143
5700 4.5 rs 8.401059612518418 -17.687650216864228 17.354773169794214 -6.055876979220149
5700 5.0 rs 5.096882328017585 -10.290464859536845 10.355919089392446 -3.677204575006486
5700 5.5 rs 3.4796375406514852 -6.659042464966704 6.907830876031737 -2.497908373221325
5700 6.0 rs 2.4606304036501627 -4.356046751238234 4.716349244197414 -1.7473254381089698
5800 4.0 rs 13.416517629392557 -28.564591192787837 27.448656911675002 -9.462948297918718
5800 4.5 rs 8.553723373910794 -17.974794147498475 17.612514979547637 -6.158892303059878
5800 5.0 rs 5.188919634113663 -10.486577989889094 10.530797362520579 -3.7398330170993783
5800 5.5 rs 3.5355815744855206 -6.774069508195003 7.005114205319814 -2.5341554951804155
5800 6.0 rs 2.4887223781818366 -4.403413033970109 4.744564688500045 -1.7587045389830707
5900 4.0 rs 13.67888628903584 -29.12841776800717 27.963534015388046 -9.637862951984475
5900 4.5 rs 8.68494010463581 -18.25867507752919 17.875746486499033 -6.251111166017245
5900 5.0 rs 5.279356742298952 -10.680754305192433 10.704630115657517 -3.801814386647227
5900 5.5 rs 3.5723622253085425 -6.855974430261286 7.079725285976687 -2.5626682707878503
5900 6.0 rs 2.519130372535035 -4.4634117048816115 4.789624431871126 -1.7766676422719911
6000 4.0 rs 13.918498532170739 -29.64177117980248 28.430319158874706 -9.79585121801767
6000 4.5 rs 8.518436886560742 -17.839634378551587 17.43517386217658 -6.0938826205609
6000 5.0 rs 5.366632833475125 -10.870866578213782 10.875599582667023 -3.862436877620894
6000 5.5 rs 3.647168676625214 -7.011433595576905 7.209520363134216 -2.6089046044125004
6000 6.0 rs 2.5388642773356866 -4.50407559622586 4.8210569152922975 -1.789346400777998
6100 4.0 rs 14.098800756197894 -30.02080711296725 28.772239045112762 -9.910870611367669
6100 4.5 rs 8.656173484150216 -18.1343330752833 17.700650239418835 -6.185061617074953
6100 5.0 rs 5.4207223446741795 -10.991304326508441 10.9879649702215 -3.9037782016560953
6100 5.5 rs 3.707071774719832 -7.137999778918548 7.3181032067140555 -2.6475041620985795
6100 6.0 rs 2.4961974488515972 -4.2810802413566424 4.512239237118467 -1.6698480244098861
6300 4.0 rs 13.979783151058168 -29.67030635900417 28.365122707700273 -9.756368998705165
6300 4.5 rs 8.909367680776239 -18.677320771043213 18.193667765082424 -6.354934094056511
6300 5.0 rs 5.636334547027153 -11.468424284777244 11.420459604039708 -4.05438970426708
6300 5.5 rs 3.5971264845512096 -6.735474365447026 6.807649272194027 -2.4524285431694333
6300 6.0 rs 2.5787229709747694 -4.397590171603689 4.5491591020054125 -1.6730967441738136
6500 4.0 rs 14.551196157393484 -30.85729110409297 29.419205826361583 -10.103558822790708
6500 4.5 rs 9.261453974951305 -19.432301754644524 18.87741848684544 -6.5865337675533615
6500 5.0 rs 5.838575815935893 -11.904091853345182 11.810801714949601 -4.187708945190834
6500 5.5 rs 3.722355716005389 -6.991436147440033 7.01621467691912 -2.5215218671949544
6500 6.0 rs 2.6800273799737413 -4.607214510996282 4.714197980074134 -1.727462680779428
6700 4.0 rs 15.269637847173465 -32.34779917583277 30.743918724000718 -10.539073571863025
6700 4.5 rs 9.68239465842553 -20.324259094943205 19.680312563448307 -6.855455886330605
6700 5.0 rs 6.068173036845509 -12.40285529982194 12.26333117604233 -4.34189106038627
6700 5.5 rs 3.8862853766948326 -7.340688128603811 7.319039457790261 -2.6233200050974426
6700 6.0 rs 2.786513206103881 -4.821843124692172 4.8827259709514745 -1.7818961894042573
6900 4.0 rs 15.967421848380509 -33.783945775140516 32.012655028708984 -10.954873451046902
6900 4.5 rs 10.189313185841225 -21.393501410037313 20.643990528798007 -7.177210784281867
6900 5.0 rs 6.334782165051366 -12.97633219140158 12.783979402298153 -4.518421498067577
6900 5.5 rs 4.036225225553554 -7.663309284958022 7.603668771114863 -2.7190105059016854
6900 6.0 rs 2.9021257776009484 -5.065885585148278 5.087645560346841 -1.8497443264727798
