Teff log(g) filter a1 a2 a3 a4
2300 4.0 i 2.1321903144092276 -3.53920346303707 4.234157367797742 -1.5650588663069056
2300 4.5 i 1.723567178273298 -2.6266801387827377 3.35679716623498 -1.2756192515414928
2300 5.0 i 1.2563769933173787 -1.566422902410179 2.3189280309540448 -0.9172302311338792
2300 5.5 i 1.3906530297110538 -1.6697205590276851 2.197767671278306 -0.8395223905943947
2300 6.0 i 1.1293608439982914 -1.035906046954373 1.572362638104518 -0.6332454728885173
2400 4.0 i 1.4730591899312029 -1.8285533524856918 2.5697291912413394 -1.0203533603047688
2400 4.5 i 1.0926195652284942 -1.0894602281877643 1.9286460524708102 -0.8138896364192678
2400 5.0 i 0.7631095976826091 -0.24118405598879886 1.0389636846485124 -0.5033406477324721
2400 5.5 i 0.6774825930681461 0.012367231374625143 0.7145491211963039 -0.38083765950953885
2400 6.0 i 0.7744121090945193 -0.12426416660884425 0.7246639236759927 -0.3626810210705465
2500 4.0 i 1.2838944669673276 -0.8796147026668144 1.3660924625222457 -0.5774732660786518
2500 4.5 i 0.7969400328286557 -0.10000433172564605 0.827950669514296 -0.4262450263204369
2500 5.0 i 0.4776665990796929 0.44838849646137974 0.3983871407198275 -0.29064557667299495
2500 5.5 i 0.298465934496355 1.066503946074463 -0.3364397208498057 -0.028897051108914253
2500 6.0 i 0.4780625693992705 0.7106334269917419 -0.10043897193191034 -0.0887777959230887
2600 4.0 i 2.0740158776620015 -2.1202708346102477 2.1494102735682965 -0.7840253445262092
2600 4.5 i 0.8105020897875466 0.3770154452300676 0.04711258596747281 -0.11638596850814986
2600 5.0 i 0.373855330593152 1.0816032316330404 -0.43409226335310414 0.01819579887496836
2600 5.5 i 0.30328987183506095 1.0947131670529238 -0.3799407881505339 -0.005890720905588953
2600 6.0 i 0.24109674900437325 1.1212900628668638 -0.36251193346280886 -0.016472455015565237
2700 4.0 i 3.584595133307993 -5.199202180277198 4.772016498861957 -1.6280829080927972
2700 4.5 i 1.7445397580742998 -1.2884895289985485 1.255512940938769 -0.4638383311012024
2700 5.0 i 0.6394766451652377 0.9453063390975018 -0.6488463457535933 0.14677992909614235
2700 5.5 i 0.28381277281937944 1.5160615754076232 -1.0277819594145328 0.25034841417554915
2700 6.0 i 0.2207763098419781 1.5195163993310215 -0.9605093986530319 0.2194739280848794
2800 4.0 i 5.443972751665532 -9.252744092388136 8.442438768726937 -2.8528871316012285
2800 4.5 i 3.1310249685807636 -4.2138858623516775 3.796845360780107 -1.2898540611388214
2800 5.0 i 1.5728843366981595 -0.8979541952259863 0.8230085469998452 -0.30462941669461824
2800 5.5 i 0.7996446899978122 0.6769914519726553 -0.5284441016206225 0.13259859555316672
2900 4.0 i 6.549958551136386 -11.792943282431152 10.813905783873118 -3.6605374953052636
2900 4.5 i 4.082839705246462 -6.338623375151921 5.700914118369543 -1.9210664191816706
2900 5.0 i 2.5441755838925415 -2.988080077453121 2.627950004266911 -0.8886059325574209
2900 5.5 i 1.5452941109817637 -0.8695708761229238 0.7598868498898415 -0.2760968825202646
2900 6.0 i 0.8352351115255642 0.5756150878714701 -0.4506111643914186 0.10647010041773734
3000 4.0 i 7.147472203584468 -13.253582034869403 12.227498151777315 -4.153646966493383
3000 4.5 i 4.910289576966586 -8.255708691939502 7.480759150560408 -2.5250946955115845
3000 5.5 i 2.157995812439991 -2.210140086467614 1.896427072780175 -0.6395179727725308
3000 6.0 i 1.3633648939634186 -0.526913365892291 0.4284387702342615 -0.16306183095026683
3100 4.0 i 7.807316139332965 -14.795323991230068 13.707041298591367 -4.665363932253003
3100 4.5 i 5.536140746364291 -9.75816063517869 8.915556041451838 -3.0211414299593895
3100 5.0 i 3.8176304195976525 -5.926226304794064 5.2870368860901245 -1.7764139566175232
3100 5.5 i 2.6608734569396915 -3.3611313078181713 2.9067190706390487 -0.970306233314721
3100 6.0 i 1.863035855875443 -1.6313332084607157 1.3624102659435795 -0.4614937622111417
3200 4.0 i 8.962289048266639 -17.450535738661507 16.268079715922312 -5.554068385589147
3200 4.5 i 6.585650395160336 -12.243144173463758 11.332882546244628 -3.867331263037773
3200 5.0 i 4.441352926607257 -7.419886524629455 6.708663755704694 -2.2673916188608167
3200 5.5 i 3.1300550802659455 -4.471150291631518 3.916529235821371 -1.3088300387598761
3200 6.0 i 2.2561157743835745 -2.53629748301502 2.1421238269111735 -0.7134413371719113
3300 4.0 i 9.715129140610228 -19.210874186055158 17.98128057589841 -6.149629976354366
3300 4.5 i 7.3265316242300225 -14.008903327850057 13.059371225731434 -4.472759649275758
3300 5.0 i 5.084144780938384 -8.971183380551004 8.213658825617973 -2.7936676498309416
3300 5.5 i 3.670793960322885 -5.771515414005566 5.145348457645203 -1.7313113440157022
3300 6.0 i 2.6620536607069507 -3.492633486268961 2.999894842536546 -0.998125395426987
3400 4.0 i 10.286517082190166 -20.628531589404783 19.402532138480364 -6.650944014873573
3400 4.5 i 7.728329352708634 -15.017586250311332 14.070305028036076 -4.831775139214559
3400 5.0 i 5.450154699232296 -9.888837427577862 9.11752058112659 -3.112473675950123
3400 5.5 i 4.002336584399479 -6.587999104435143 5.918854602042349 -1.9974474514283675
3400 6.0 i 3.0090975359601484 -4.323505156003058 3.754464398688565 -1.250147506155106
3500 4.0 i 11.097767917740057 -22.641661854954148 21.41214279082228 -7.357203312163054
3500 4.5 i 8.122460213578362 -16.032362675490855 15.101587298773765 -5.200473306826386
3500 5.0 i 5.6984731087211955 -10.541625423207888 9.77498471146468 -3.347317225692794
3500 5.5 i 4.2202092864006815 -7.146789960910217 6.4555181965217345 -2.1835307402161406
3500 6.0 i 3.2704446414878054 -4.963139506398663 4.341698116034381 -1.4473108935087922
3600 4.0 i 11.828667502559513 -24.468126363254804 23.23879821568472 -7.995527602821122
3600 4.5 i 8.54556653649324 -17.12160283806811 16.209086236854894 -5.595143151798168
3600 5.0 i 5.931771991740348 -11.161616330229103 10.406812793414987 -3.5741663312308725
3600 5.5 i 4.382047983830905 -7.578511848805383 6.880883299005971 -2.3334031943744473
3600 6.0 i 3.445482176472499 -5.411115615020663 4.758897145028747 -1.5886241981022273
3700 4.0 i 12.172225461166592 -25.396694971614576 24.19716563024648 -8.326779760950824
3700 4.5 i 8.7913980604059 -17.78331008148044 16.891792870698858 -5.8362237680404725
3700 5.0 i 6.055117500907008 -11.507825836149184 10.764863453491449 -3.7022618733136476
3700 5.5 i 4.472025538701799 -7.845286105549701 7.152151414929921 -2.4302471249609825
3700 6.0 i 3.5322896648056523 -5.654721425322661 4.989027027797721 -1.6669948207753056
3800 4.0 i 12.069276239316943 -25.32715083800668 24.222253074341964 -8.336740277621494
3800 4.5 i 8.81880681547768 -17.93255966094155 17.078581645613625 -5.900440163471765
3800 5.0 i 6.156021021166697 -11.812191579481036 11.089241672947802 -3.8181389942297086
3800 5.5 i 4.535996532864262 -8.039810519156632 7.351495012662413 -2.5008898963711332
3800 6.0 i 3.5911108506758898 -5.833677796377417 5.162551119828424 -1.7267247934578975
3900 4.0 i 12.231837205446638 -25.899631671944096 24.874311055191423 -8.565323230367738
3900 4.5 i 8.742401361421663 -17.894604445020303 17.1164858963101 -5.9156433066284215
3900 5.0 i 6.116210553883943 -11.772984215398344 11.078088025513237 -3.8133451662998525
3900 5.5 i 4.572173597226198 -8.18023144690292 7.507868806413834 -2.557127668963416
3900 6.0 i 3.622578513538948 -5.954280490096747 5.287836538361671 -1.7708475809232158
4000 4.0 i 11.997011598056774 -25.528934660756942 24.61302106982606 -8.477594363153004
4000 4.5 i 8.494400370249865 -17.449482748345677 16.755943528245684 -5.786488898275266
4000 5.0 i 6.024966547606263 -11.666030752949519 11.032453058118243 -3.7994764820741223
4000 5.5 i 4.534987117710991 -8.152225727888505 7.5105685055076865 -2.559990563971875
4000 6.0 i 3.612560623606677 -6.0076547909920865 5.369589619758116 -1.8036739880557724
4100 4.0 i 11.825598559993566 -25.330088912933842 24.546617744399942 -8.470053941284736
4100 4.5 i 7.956066021025927 -16.36618631921785 15.817747301290995 -5.4653715729619945
4100 5.0 i 5.7757102608122315 -11.20902087016173 10.666117670889445 -3.6740504946898347
4100 5.5 i 4.427070058392393 -7.968770404486247 7.375647785602204 -2.5151149285414314
4100 6.0 i 3.5524973853775923 -5.918684460136957 5.310171408739347 -1.7858238129227069
4200 4.0 i 11.874229387001689 -25.511978719651207 24.746465943585775 -8.533150221359161
4200 4.5 i 7.774562041539341 -16.13975111085686 15.710904537264753 -5.435271449191147
4200 5.0 i 5.583649272605267 -10.90250251685331 10.462782554752309 -3.607178987645668
4200 5.5 i 4.236831647663918 -7.687340120187106 7.202564933176353 -2.466551749280509
4200 6.0 i 3.4594183533441325 -5.7717640353236925 5.212078997557438 -1.7566119130716018
4300 4.0 i 11.972277669041393 -25.691895103449962 24.870750150837136 -8.565461842877092
4300 4.5 i 7.654092655457159 -16.03841369098146 15.739490653508998 -5.463202203659517
4300 5.0 i 5.152565231915203 -10.032637264221938 9.721639562799757 -3.354899067050326
4300 5.5 i 4.061383531304264 -7.303607726228262 6.870282156215836 -2.346120196799623
4300 6.0 i 3.3897671453456106 -5.692667275825454 5.196417145795645 -1.757817392116538
4400 4.0 i 11.929447550443138 -25.58337338174697 24.755737197501254 -8.52811096360745
4400 4.5 i 7.565120931816315 -15.978275796932763 15.758543390461114 -5.4770581774853815
4400 5.0 i 4.9723499803916305 -9.850722878190485 9.69635915634969 -3.365428883214034
4400 5.5 i 3.825709174316902 -6.9096665768276235 6.594742067272708 -2.2584496837796864
4400 6.0 i 3.1563227472806354 -5.19586787564168 4.767286711862917 -1.6109307336160466
4500 4.0 i 11.848997896850054 -25.409712904866115 24.594894436384234 -8.480636554584132
4500 4.5 i 7.556017109744885 -15.936392771847613 15.679411364234129 -5.438356971769639
4500 5.0 i 4.736253408503578 -9.432759034581487 9.399222976909988 -3.2786358536371485
4500 5.5 i 3.507841298346202 -6.296551713547648 6.107917761307028 -2.099915679960768
4500 6.0 i 2.9556426134859466 -4.85022014730887 4.522399265933088 -1.5334892794868158
4600 4.0 i 11.366483890396577 -24.278926186087425 23.48371418828997 -8.095535669947814
4600 4.5 i 7.451545717607167 -15.695378957760395 15.445567837633439 -5.363420583655012
4600 5.0 i 4.761858928980333 -9.652868553685352 9.713685810371068 -3.4054420676189885
4600 5.5 i 3.3060736949304683 -6.020852539283171 5.9827836532668615 -2.0786904692315242
4600 6.0 i 2.754578393107656 -4.501470385463782 4.280463648685598 -1.4581910091686265
4700 4.0 i 11.508984971083883 -24.603691002681867 23.79583882250526 -8.210129268790187
4700 4.5 i 7.343336988452546 -15.422561891792851 15.165536891277243 -5.268439900262933
4700 5.0 i 4.77513797892599 -9.684630253618343 9.72495869639153 -3.403054836770617
4700 5.5 i 3.1564659974489224 -5.81977120330388 5.910413449395487 -2.0773776873471856
4700 6.0 i 2.5838064897646618 -4.211866047129153 4.105361886779117 -1.4123293850682563
4800 4.0 i 11.775977949537264 -25.190237825815334 24.343443600949175 -8.401990226260827
4800 4.5 i 7.48031033554582 -15.721819596954452 15.445574341939793 -5.370129090628122
4800 5.0 i 4.696804914075292 -9.475269755696713 9.4921566198724 -3.3169621984738025
4800 5.5 i 3.2289185386886423 -6.161626039743472 6.361695244014349 -2.259812886603761
4800 6.0 i 2.3801205673266637 -3.931592045947208 3.9826381176859083 -1.397666376621428
4900 4.0 i 12.160656435140906 -26.049514302295982 25.152732928825632 -8.683637483339712
4900 4.5 i 7.649349023251804 -16.087075998155186 15.78572981169941 -5.492145617119717
4900 5.0 i 4.7852098325770935 -9.662163500113806 9.66407367244808 -3.3813939444831576
4900 5.5 i 3.4018066195250256 -6.5740238080990245 6.752867839423449 -2.3923039817593543
4900 6.0 i 2.4032971635751363 -4.074301026006545 4.211146469350786 -1.496874500466967
5100 4.0 i 13.692840571449482 -29.30174046552395 28.112990252884686 -9.680734270374892
5100 4.5 i 8.847134737104614 -18.718623639489447 18.235318878031244 -6.332110372151168
5100 5.0 i 5.442538801479056 -11.10527622002327 11.001537304047384 -3.8444511003147697
5100 5.5 i 3.674484751104542 -7.161483020313836 7.260043843479783 -2.558035503200656
5100 6.0 i 2.73867878548831 -5.036942120114923 5.251604636347983 -1.8821054164107966
5200 4.0 i 13.945562010561437 -29.866769287156327 28.643411427718767 -9.865902248156425
5200 4.5 i 8.9896884109462 -19.04081380907977 18.53801973353859 -6.440084570531733
5200 5.0 i 5.519020593954062 -11.274525113211471 11.156344426610877 -3.9012617006074373
5200 5.5 i 3.8455293522313134 -7.548718580181115 7.6280285465974265 -2.6899852613415094
5200 6.0 i 2.7790429554545373 -5.12303737345397 5.327411350348526 -1.910787959289698
5300 4.0 i 14.76297743363504 -31.73512623482165 30.440461342419663 -10.493680635057856
5300 4.5 i 9.14838706421643 -19.399124902570932 18.87375648122537 -6.558551850966435
5300 5.0 i 5.607398202982795 -11.4780866273048 11.347731332384376 -3.9712308927275792
5300 5.5 i 3.896163173154727 -7.65834624500188 7.743493842419006 -2.742610389046249
5300 6.0 i 2.8019490286496027 -5.170364721163553 5.366506822126689 -1.92865108267946
5400 4.0 i 15.127589353010405 -32.550504256396756 31.20683869565024 -10.758381033620157
5400 4.5 i 9.330419770420399 -19.80963504925343 19.25878387645669 -6.69347810930865
5400 5.0 i 5.933002468748523 -12.247750203838638 12.098759548548047 -4.23846256603025
5400 5.5 i 3.9471509385030723 -7.7399961090089064 7.800076446818767 -2.7676618754105697
5400 6.0 i 2.828520251924315 -5.220139832114756 5.403510005223003 -1.9445281489878408
5500 4.0 i 15.625030200635639 -33.617499514642404 32.18235682509842 -11.087198742403036
5500 4.5 i 9.599174041251073 -20.412532469810962 19.822624164982344 -6.887983076907303
5500 5.0 i 6.063392046732327 -12.538669920179425 12.367169128656274 -4.332342410395034
5500 5.5 i 4.009601916720362 -7.871116624312807 7.913173399019315 -2.808599090282911
5500 6.0 i 2.9584171256946012 -5.506807452531891 5.669060188872561 -2.039630730758507
5600 4.0 i 15.999979746777752 -34.43151665387445 32.93136591170006 -11.341252558560637
5600 4.5 i 9.807020541496344 -20.874483323341014 20.252130838300104 -7.036381021887244
5600 5.0 i 6.179201023546789 -12.778220488368989 12.598933849438165 -4.428072259992658
5600 5.5 i 4.072039458962948 -8.0165899294336 8.049204736564166 -2.8598408370507036
5600 6.0 i 2.9923653893420146 -5.576052197532084 5.724470295935983 -2.061100187891554
5700 4.0 i 16.34318176616748 -35.18613764264346 33.63116178308836 -11.579901065722437
5700 4.5 i 9.98289012315904 -21.258495230514683 20.60294847726284 -7.15609102862277
5700 5.0 i 6.279370380477588 -13.002712924495768 12.806191915006856 -4.501846348457792
5700 5.5 i 4.127044202144015 -8.138864523487145 8.158399707662145 -2.900042082481162
5700 6.0 i 3.0238792228154203 -5.642261330008734 5.777952167029721 -2.0817349716092206
5800 4.0 i 16.01045868668774 -34.37122165237772 32.79945174190458 -11.28125512361716
5800 4.5 i 10.171738386612331 -21.660147784683808 20.986874722456548 -7.302241293667918
5800 5.0 i 6.378481186516813 -13.223785196421687 13.009278117028526 -4.573632412125208
5800 5.5 i 4.1810972258881645 -8.259612931113418 8.266212592163159 -2.9393623882123805
5800 6.0 i 3.0547993956458606 -5.709556604293712 5.833479213045291 -2.102913174701792
5900 4.0 i 16.282700974618955 -34.95216377272928 33.32375588610401 -11.456310531829692
5900 4.5 i 10.316674162821906 -21.97599054850886 21.279060006731292 -7.402834651008945
5900 5.0 i 6.474769722649388 -13.438992416598436 13.20689802184452 -4.643182678128423
5900 5.5 i 4.220283527486557 -8.354136555494307 8.356569423501776 -2.9730454079273554
5900 6.0 i 3.0877242348807075 -5.786672019455354 5.9014087935251975 -2.128687874676749
6000 4.0 i 16.52550519693067 -35.46595087717866 33.78285766340568 -11.60834508188001
6000 4.5 i 10.488591448193324 -22.350519685987717 21.616663844840218 -7.517881153018079
6000 5.0 i 6.5693951478680095 -13.653263744691781 13.40483511604151 -4.712729506116802
6000 5.5 i 4.2945260045603275 -8.521280923780429 8.505384132376957 -3.025991539265537
6000 6.0 i 3.1080749818580746 -5.836010876609357 5.9452987808619016 -2.1455555111617652
6100 4.0 i 16.71878523815421 -35.86481537362519 34.133812749932105 -11.722989703306746
6100 4.5 i 10.63773570539756 -22.674024914962477 21.9099542399472 -7.617524036340141
6100 5.0 i 6.3652799425867705 -13.174421542986462 12.929873670252208 -4.546076985637475
6100 5.5 i 4.352718027513253 -8.651018747041421 8.620863032026914 -3.066608013141432
6100 6.0 i 3.0728505554021575 -5.66615087378076 5.717621328752232 -2.0605426186891034
6300 4.0 i 17.235175825069383 -36.94702381375565 35.089148896076324 -12.03539073863945
6300 4.5 i 10.444554488392374 -22.180942276457877 21.386594852676755 -7.427110914901148
6300 5.0 i 6.582309996351243 -13.665732346363281 13.380861026239348 -4.701851257277966
6300 5.5 i 4.384388316207258 -8.615538721077902 8.501354091919598 -3.0153704408234687
6300 6.0 i 3.1531081356516437 -5.8015571629720935 5.792290461483609 -2.079875743676716
6500 4.0 i 17.063970680178773 -36.409482981679666 34.45225871323972 -11.786223792420493
6500 4.5 i 10.821266418096807 -22.988769318587835 22.113564226912807 -7.6696418163405395
6500 5.0 i 6.7900031632572375 -14.116752303067088 13.784651270509748 -4.837506076415981
6500 5.5 i 4.515754384826157 -8.897452021889606 8.743351970341804 -3.0965242057427167
6500 6.0 i 3.1295826604800903 -5.7415786982282855 5.708268425653321 -2.0485364862903563
6700 4.0 i 17.882466542853294 -38.0988900493163 35.940867059378185 -12.270695032847437
6700 4.5 i 11.288695394545352 -23.979361338578663 22.999564100142102 -7.962345642563199
6700 5.0 i 7.039488627188454 -14.661929358664677 14.278405908993397 -5.003297916978153
6700 5.5 i 4.6958230109421875 -9.291147454193275 9.093560463563684 -3.2143667213177496
6700 6.0 i 3.2364096072640933 -5.9693144698609935 5.898998175665991 -2.111662265575533
6900 4.0 i 19.66627266217763 -41.974645453932794 39.52786751858922 -13.482880163338507
6900 4.5 i 11.875062099609721 -25.21962136033755 24.112328864340355 -8.329727977285076
6900 5.0 i 7.339379823121722 -15.309562383227098 14.863141241331055 -5.198192292184978
6900 5.5 i 4.86690680070014 -9.666683710044381 9.431065877812335 -3.3277043385427176
6900 6.0 i 3.355679309254334 -6.230957947024554 6.127661174839415 -2.188228207335887
