Teff log(g) filter a1 a2 a3 a4
2300 4.0 is 2.115672145496054 -3.396118439543444 4.041525630622841 -1.4964062977062051
2300 4.5 is 1.7291563722030476 -2.5535454114499103 3.2376954845142167 -1.2315368209218018
2300 5.0 is 1.2712398737061426 -1.5279271419009983 2.239258476407828 -0.8870802255964453
2300 5.5 is 1.403938851426954 -1.651088011757773 2.147292559512587 -0.8182527329157104
2300 6.0 is 1.150873944438856 -1.0430926569336063 1.5479205328063448 -0.6195742427500914
2400 4.0 is 1.5342431429816576 -1.8544084058091004 2.5191755757323504 -0.9928599279492303
2400 4.5 is 1.1224392771913496 -1.0550969509171193 1.827772510928496 -0.7703066919329359
2400 5.0 is 0.8008147608759824 -0.2500147847696448 0.9925342713200956 -0.4798543413477734
2400 5.5 is 0.7239286385434174 -0.035674615958882994 0.7152249381986053 -0.3738729139081427
2400 6.0 is 0.8074168777540933 -0.16087903371526638 0.7283703382078135 -0.35866240432943597
2500 4.0 is 1.4220068968222823 -1.105677088348112 1.513056360469003 -0.616004441269112
2500 4.5 is 0.8831965608301567 -0.21120541873306387 0.8691860405240973 -0.4297085479515096
2500 5.0 is 0.5234814859491451 0.41490860153231224 0.377449316470152 -0.2753422769611301
2500 5.5 is 0.35255709245375627 1.004279692706506 -0.3265740179704924 -0.023954539855235244
2500 6.0 is 0.5244036597764221 0.6405704317040981 -0.06469058440196208 -0.09602158685647111
2600 4.0 is 2.250308272375398 -2.4718443575611273 2.438216478095328 -0.8740918748600031
2600 4.5 is 0.942135112248915 0.13469221741535642 0.22648056639226635 -0.1680254295698281
2600 5.0 is 0.42765989921830755 1.0147433299086144 -0.41928415380456874 0.02203584006198204
2600 5.5 is 0.35273961842511253 1.0267833220470732 -0.35194459647620296 -0.009933591435470278
2600 6.0 is 0.2758167647863625 1.0744228695245306 -0.3423041327736677 -0.0209561941284006
2700 4.0 is 3.759744754023737 -5.579535335923142 5.110981961737698 -1.739815540581017
2700 4.5 is 1.878722300180173 -1.569238234385179 1.4939777786231123 -0.5398361967714744
2700 5.0 is 0.7442016985648227 0.7375744683011444 -0.4836512040975344 0.09631381124196119
2700 5.5 is 0.356575349615353 1.3817021787163424 -0.929644153710391 0.22139324115668416
2700 6.0 is 0.26634517117504714 1.4443165492743117 -0.9129469448219665 0.205817201063697
2800 4.0 is 5.602650270452668 -9.611048031753663 8.773766371387573 -2.9649231669523823
2800 4.5 is 3.2467375846653597 -4.471406447778726 4.028976994280194 -1.3670934203390381
2800 5.0 is 1.6579346231260277 -1.0796413562002896 0.9787871256573512 -0.3550280348314922
2800 5.5 is 0.8654963982262432 0.5444376276867896 -0.4220337733007163 0.09906224071793011
2900 4.0 is 6.682268337472953 -12.096851995968333 11.099277544944307 -3.7581448173985685
2900 4.5 is 4.173785436888941 -6.54699140504641 5.893376861753691 -1.9862888940022543
2900 5.0 is 2.6117997282108956 -3.138354639361076 2.761501856253862 -0.9329680646292949
2900 5.5 is 1.598226115064563 -0.9783346946304375 0.8488655555433511 -0.3044740895241797
2900 6.0 is 0.8716267127563853 0.513949843390363 -0.4117642353595659 0.09585493204378137
3000 4.0 is 7.259532360239767 -13.512408733860125 12.471909555071914 -4.237674333907204
3000 4.5 is 4.9859981783348335 -8.430983968910208 7.644274928533306 -2.5809496968136876
3000 5.5 is 2.200917291144021 -2.3001621629577014 1.970998209467384 -0.6633770033537519
3000 6.0 is 1.3974576215925691 -0.5882470843041991 0.4697165573765106 -0.17446159232486458
3100 4.0 is 7.9104182551606135 -15.032435756387516 13.930720228399085 -4.742296875591605
3100 4.5 is 5.602921329185329 -9.91259561239413 9.05979786954212 -3.0704949350051685
3100 5.0 is 3.864031454761121 -6.031500103204247 5.382087764892272 -1.8083062286458407
3100 5.5 is 2.698739098882307 -3.442094005818199 2.974720814142996 -0.9920986004716285
3100 6.0 is 1.8970239588035183 -1.6968193077019287 1.4102934867316652 -0.4752404595840787
3200 4.0 is 9.064804549666297 -17.683821535204007 16.48709009615414 -5.629202598204536
3200 4.5 is 6.6525278997272235 -12.396884872408624 11.476487665410733 -3.916467233082076
3200 5.0 is 4.48534702096779 -7.5199092291892375 6.799433174565915 -2.2978951263119693
3200 5.5 is 3.165302662383867 -4.548179398507045 3.982583792248097 -1.3301672544920071
3200 6.0 is 2.290002193126368 -2.606483434572314 2.1978993610329676 -0.7303097954619141
3300 4.0 is 9.8134645943489 -19.431055083596647 18.18588513330823 -6.219391381304024
3300 4.5 is 7.39336953970601 -14.160931391027969 13.200632051668093 -4.520903647747106
3300 5.0 is 5.128491889958131 -9.072057151539397 8.305640914073802 -2.824615237221221
3300 5.5 is 3.7055814306131705 -5.849242068171878 5.213661037373684 -1.753660511889688
3300 6.0 is 2.694923522501262 -3.564785132788303 3.0609675063458117 -1.0173988109201701
3400 4.0 is 10.377057843332167 -20.82822148380158 19.586118458152935 -6.71314642410132
3400 4.5 is 7.792873055430435 -15.16288491120703 14.20438990656617 -4.877245461243709
3400 5.0 is 5.493965555132412 -9.988304387224293 9.208308290278987 -3.1429947103256928
3400 5.5 is 4.035821651883125 -6.6637651902101345 5.9863922862433965 -2.019713090302105
3400 6.0 is 3.0395236530579726 -4.392423395886731 3.8147407817973944 -1.2696034869553823
3500 4.0 is 11.180253339719936 -22.82222814366819 21.577304710003254 -7.413031110925622
3500 4.5 is 8.182941434049164 -16.167699807559316 15.225935577287595 -5.242516358304871
3500 5.0 is 5.740149568506802 -10.636226435458694 9.861406685683653 -3.3763640695848594
3500 5.5 is 4.251443991244395 -7.218287332348433 6.520005992157044 -2.2049437368204723
3500 6.0 is 3.297055890353093 -5.024784665132189 4.396829430939335 -1.4654092453663825
3600 4.0 is 11.906188455617325 -24.637951335220574 23.394370546615345 -8.048235925752332
3600 4.5 is 8.601791538731069 -17.24734443575284 16.324590516378237 -5.634205372716536
3600 5.0 is 5.894456818706481 -11.06519642513339 10.30164608879315 -3.5345838013882354
3600 5.5 is 4.41079282947896 -7.644852851157432 6.941169445491757 -2.3535222390779693
3600 6.0 is 3.4685939246485282 -5.465456031134026 4.808171697088093 -1.6049867200723893
3700 4.0 is 12.247035239960216 -25.56145041320367 24.34894740680997 -8.378498241770403
3700 4.5 is 8.843938620208519 -17.90125985896108 17.000499977719493 -5.873106126684991
3700 5.0 is 6.090970438205473 -11.589661270762514 10.839928127816398 -3.7275678072396543
3700 5.5 is 4.498007626401849 -7.9055114162965685 7.207056873419088 -2.448628450656248
3700 6.0 is 3.5527958878078243 -5.70315163350105 5.033094397547638 -1.6816939295284001
3800 4.0 is 12.140935753741523 -25.485621628643592 24.36900323273543 -8.387078346891258
3800 4.5 is 8.867966635728854 -18.043314676842186 17.18101856523051 -5.935355359231951
3800 5.0 is 6.188553549424192 -11.886633001316094 11.157630603179829 -3.841260956833228
3800 5.5 is 4.559505431311465 -8.094244637849673 7.401006495453981 -2.517464897586139
3800 6.0 is 3.6097143525369524 -5.877377953808742 5.20207084277854 -1.7398744033590878
3900 4.0 is 12.298566782446 -26.047755295980906 25.01219667619189 -8.612966570522559
3900 4.5 is 8.78708070603711 -17.99537522524459 17.209933158840037 -5.94769776085238
3900 5.0 is 6.146142171062098 -11.84164418391334 11.141250039766485 -3.8347786195225697
3900 5.5 is 4.59335797495476 -8.22937284324286 7.552519293364609 -2.572094886051566
3900 6.0 is 3.639518067518468 -5.993965921961467 5.323516306313684 -1.7826864749376616
4000 4.0 is 12.059791603987641 -25.668494263095447 24.74329201952799 -8.522856005346483
4000 4.5 is 8.53586953198197 -17.54307569015062 16.8429592654503 -5.816560595851726
4000 5.0 is 6.051657722353609 -11.727298004678595 11.088836276340913 -3.8187183791366204
4000 5.5 is 4.553870146585531 -8.196197426473873 7.550505004092622 -2.5734174660079927
4000 6.0 is 3.6271268921525577 -6.0418933506002075 5.400257396370447 -1.8138493156675672
4100 4.0 is 11.884275245922028 -25.460603598181315 24.66854907589433 -8.512561987433477
4100 4.5 is 7.994033512452983 -16.451294399656597 15.896615430011087 -5.492771069783147
4100 5.0 is 5.799711965866973 -11.263823156718862 10.716357827053182 -3.6912920314042537
4100 5.5 is 4.4439356944606025 -8.008073978307545 7.411232742708269 -2.5271165476833115
4100 6.0 is 3.5653684651331194 -5.949042051306972 5.337228960898919 -1.7947965287226408
4200 4.0 is 11.930766483683868 -25.63791283994856 24.864017205679477 -8.574103120395392
4200 4.5 is 7.809160612521196 -16.217076294856682 15.78243784802702 -5.460247181083344
4200 5.0 is 5.6060042575740905 -10.953174957393367 10.509036241148152 -3.6231506036248162
4200 5.5 is 4.251208912354614 -7.720489201128606 7.232180435214371 -2.476550662316708
4200 6.0 is 3.4707277754360333 -5.798484633420734 5.235714653356376 -1.7644488675435612
4300 4.0 is 12.02585252378457 -25.81161714918375 24.982470962010673 -8.604330273500674
4300 4.5 is 7.687301650829542 -16.112421390785205 15.807726124745251 -5.487033925695404
4300 5.0 is 5.173306533109856 -10.079024396851784 9.763518942222653 -3.3693966111639755
4300 5.5 is 4.075766174352736 -7.336559803672738 6.899592725845823 -2.3560701969848803
4300 6.0 is 3.400005869302874 -5.716785559972244 5.217557158338117 -1.7648355759577454
4400 4.0 is 11.979935443037244 -25.696699841329284 24.86153791003815 -8.564877583952006
4400 4.5 is 7.595441452534136 -16.045616547570607 15.820130999650878 -5.498474215242037
4400 5.0 is 4.990997396819953 -9.89198006744693 9.733160688148446 -3.3781856829857984
4400 5.5 is 3.8387111210836724 -6.939059408312564 6.62051602812848 -2.2672319769664955
4400 6.0 is 3.1660652043643576 -5.2185622995371395 4.786890342823814 -1.6174350188954683
4500 4.0 is 11.895741740548317 -25.515104525790502 24.693293106928348 -8.514785834209722
4500 4.5 is 7.584261531399053 -15.99941310343076 15.736984981564365 -5.458345348310653
4500 5.0 is 4.753940518599762 -9.471591170374086 9.433436298726024 -3.2904280280006386
4500 5.5 is 3.5200259844415487 -6.323549030295136 6.131077603518234 -2.107787056923008
4500 6.0 is 2.964521004607396 -4.87063800293209 4.539716381186727 -1.5392471673720152
4600 4.0 is 11.748918403737461 -25.168279974847117 24.3503879794508 -8.3999319656781
4600 4.5 is 7.4775099219087435 -15.753671480181604 15.498741902703468 -5.381817247789122
4600 5.0 is 4.7782944684346615 -9.688876061047631 9.745045735144993 -3.4161569339946936
4600 5.5 is 3.3171051015126283 -6.044917830164598 6.002932415878316 -2.0854974311266177
4600 6.0 is 2.7628269707857496 -4.520129764485673 4.295931498906668 -1.4633352705529727
4700 4.0 is 11.547523788921117 -24.691304282844523 23.87756742064712 -8.23844414956599
4700 4.5 is 7.366908398097754 -15.475798692676136 15.214005496598059 -5.2851595209738775
4700 5.0 is 4.790133840858075 -9.717629240320276 9.753509360525861 -3.412752361376919
4700 5.5 is 3.1667052332082286 -5.841880404649643 5.928484319458655 -2.083393826357412
4700 6.0 is 2.5918297226750946 -4.2296384861934655 4.1197352233733175 -1.4170777453094754
4800 4.0 is 11.812611330319788 -25.27399316483439 24.42177452024329 -8.429148664689256
4800 4.5 is 7.502706138330367 -15.772792488266564 15.49209305141774 -5.38616200798852
4800 5.0 is 4.710364644936866 -9.505366112559992 9.51813723961206 -3.3257731813086697
4800 5.5 is 3.2386901756123327 -6.1827214216212 6.378713761712797 -2.265398501927522
4800 6.0 is 2.3872483325971436 -3.947105096734212 3.994683592974029 -1.4015762874126496
4900 4.0 is 12.19538417663798 -26.129281277306745 25.227491951006712 -8.709581826928057
4900 4.5 is 7.670692477609085 -16.135985069076487 15.830456085207281 -5.507550273743695
4900 5.0 is 4.798126252404007 -9.691184089927896 9.689237284630085 -3.389912526652531
4900 5.5 is 3.411034225398405 -6.5940665986713025 6.76895623387338 -2.3975406664480965
4900 6.0 is 2.4103558860296403 -4.089607296194396 4.222863781736629 -1.5006126684392338
5100 4.0 is 13.724273719099761 -29.373783448060884 28.180143752901053 -9.703904603108878
5100 4.5 is 8.867867588350178 -18.766431867590402 18.279229471278516 -6.347224478094006
5100 5.0 is 5.4549977251107995 -11.133734994098887 11.026481056647139 -3.852889516026228
5100 5.5 is 3.8166920741206827 -7.490057460914907 7.577724213034501 -2.669245509775519
5100 6.0 is 2.745253598549856 -5.051292743580754 5.2624339433609375 -1.8854705909972664
5200 4.0 is 14.503142918860835 -31.15496412955368 29.893930870830527 -10.303249919184015
5200 4.5 is 9.00939796060205 -19.086365392973725 18.579835582664966 -6.454472295197736
5200 5.0 is 5.53073817898353 -11.301441648357066 11.179921067138844 -3.909229572557611
5200 5.5 is 3.853821680654727 -7.5673697632013 7.643314463888454 -2.694981320756247
5200 6.0 is 2.7852787366737815 -5.136822086102954 5.337814959451588 -1.9139966808315936
5300 4.0 is 14.795436370592302 -31.8095791076894 30.51005069951506 -10.517708195016478
5300 4.5 is 9.16750487221293 -19.44335103594717 18.914335411678742 -6.572508631598764
5300 5.0 is 5.830416509067992 -11.999851395971147 11.857833174577715 -4.150901188638283
5300 5.5 is 3.9041984255528734 -7.676591238996869 7.758446865315562 -2.747449347142428
5300 6.0 is 2.8079112075874955 -5.1837953204577305 5.376744982633708 -1.9318096089051777
5400 4.0 is 15.160472638610752 -32.62580256874324 31.277158663432306 -10.78263534330698
5400 4.5 is 9.349389474493767 -19.853502910765396 19.29901505958677 -6.707303183057741
5400 5.0 is 5.944801633554628 -12.27501394995337 12.122794930425957 -4.246585501202964
5400 5.5 is 3.954992450282685 -7.758139440722325 7.815150489614985 -2.7725530285971822
5400 6.0 is 2.834211161471293 -5.233130773761516 5.413439512676183 -1.9475766193443174
5500 4.0 is 15.659091323868296 -33.69527900069732 32.25491511866464 -11.112188033102722
5500 4.5 is 9.618444964356586 -20.45700513492197 19.863370822287443 -6.901961216854751
5500 5.0 is 6.075151126120339 -12.565835968297593 12.391102562603882 -4.34041628935848
5500 5.5 is 4.017279867949997 -7.888978900047269 7.928040519173819 -2.8134145941876127
5500 6.0 is 2.9643158557240925 -5.520429916931663 5.679702265589981 -2.0429271974394854
5600 4.0 is 16.03526684557051 -34.51188799965018 33.006253156057404 -11.367003309106746
5600 4.5 is 9.826846464511794 -20.920144702665873 20.293950382509742 -7.050705191947399
5600 5.0 is 6.191309748117785 -12.806459320797225 12.623987238852656 -4.436487085260015
5600 5.5 is 4.0797108791064165 -8.034529672521375 8.064193304985011 -2.864689830793256
5600 6.0 is 2.9981568772814127 -5.589556338046333 5.735080299475269 -2.0643842795749383
5700 4.0 is 16.380036267886528 -35.269922026971116 33.70919316627018 -11.6067006031837
5700 4.5 is 10.00320283300887 -21.305151743895244 20.64561913324677 -7.1706757793183895
5700 5.0 is 6.291719869464129 -13.031525731718265 12.83179316007352 -4.510434898816269
5700 5.5 is 4.134745573151888 -8.156922890527404 8.173517489038437 -2.904921221081077
5700 6.0 is 3.029614152100094 -5.6557273351788355 5.788576173556004 -2.085016384039885
5800 4.0 is 16.045744532096275 -34.45114105528215 32.87352256078267 -11.306612845385958
5800 4.5 is 10.192979125565646 -21.709187984355797 21.031916159951503 -7.3176030424074225
5800 5.0 is 6.391140411540502 -13.253325005850146 13.03556856961745 -4.582443119271958
5800 5.5 is 4.188935411548638 -8.278043636408377 8.281710258389902 -2.9443625957857065
5800 6.0 is 3.0605609563744642 -5.723171493539942 5.844291793863503 -2.1062530829022004
5900 4.0 is 16.31901696717162 -35.03417610812811 33.399617196942806 -11.482226142079472
5900 4.5 is 10.338603061481017 -22.026521840871354 21.325446098286797 -7.418630643128076
5900 5.0 is 6.487747791948714 -13.469266217190722 13.233863603764537 -4.652204303480385
5900 5.5 is 4.2282686981271045 -8.372921326077343 8.372396985147143 -2.978146048775488
5900 6.0 is 3.0935566532164493 -5.800522711652155 5.912476252675836 -2.1321053118291085
6000 4.0 is 16.56267853703962 -35.54965942424635 33.86012516113832 -11.634686616441634
6000 4.5 is 10.510970444797472 -22.4020587854774 21.66397200338703 -7.5339695750188485
6000 5.0 is 6.582673565637887 -13.684223675375366 13.432430771543158 -4.721948374497807
6000 5.5 is 4.302715206362127 -8.54059004007929 8.521723890093666 -3.031251011082791
6000 6.0 is 3.113987844368898 -5.850093641306336 5.9566095561861125 -2.1490510050282423
6100 4.0 is 16.75668112337761 -35.94985545915708 34.21208856248299 -11.74960893675361
6100 4.5 is 10.660610728413443 -22.726638505824447 21.958217185586975 -7.633912090526767
6100 5.0 is 6.377877207970622 -13.203755014347122 12.955811743060641 -4.554685334773871
6100 5.5 is 4.36106205822367 -8.670702432425868 8.637550901507604 -3.071970509161349
6100 6.0 is 3.0789920238803385 -5.681186728285894 5.730180018548169 -2.0645317891205917
6300 4.0 is 17.274327246691676 -37.0343477275149 35.16911335947206 -12.062471112580539
6300 4.5 is 10.46656805080232 -22.231323295462207 21.432402800668374 -7.442542772904551
6300 5.0 is 6.595449851429859 -13.696282496326889 13.407870925199157 -4.710776832225476
6300 5.5 is 4.3930634728756 -8.63645665095546 8.519588604368225 -3.0213309386217873
6300 6.0 is 3.159393519994578 -5.817164443196734 5.8055687869610635 -2.0841292189780734
6500 4.0 is 17.951511411480638 -38.428022912506144 36.39085690607251 -12.45853801206484
6500 4.5 is 10.844157124208053 -23.040882490397177 22.16071082699072 -7.685427234966202
6500 5.0 is 6.803596761640673 -14.148235089497424 13.812385094158202 -4.846611787216676
6500 5.5 is 4.524698838557229 -8.919071091424016 8.762272508715695 -3.102701955860743
6500 6.0 is 3.2643040414533426 -6.0498062808186095 6.0039649673127675 -2.1511509739530714
6700 4.0 is 18.833851090291006 -40.25509498453319 38.006556473190166 -12.985736994821766
6700 4.5 is 11.312744430897089 -24.033792440574594 23.048537425815155 -7.9786336176490265
6700 5.0 is 7.053684195683949 -14.694626984179385 14.307051581449162 -5.012625887608614
6700 5.5 is 4.70515077348289 -9.31369373710417 9.113342216651583 -3.220813296587878
6700 6.0 is 3.242682582713812 -5.985149865768996 5.912603139940149 -2.1160074566902165
6900 4.0 is 19.711939572947017 -42.07528226404093 39.619330369073126 -13.513672298182884
6900 4.5 is 11.900826446761286 -25.27764451598717 24.164331934614683 -8.346931037825806
6900 5.0 is 7.354375831498179 -15.343871650105857 14.892995595644585 -5.207818584058148
6900 5.5 is 4.87667131449627 -9.690253242228595 9.451762449418274 -3.3344304997055136
6900 6.0 is 3.362203171991703 -6.2474731192533115 6.141937102820943 -2.1927882632883398
