Teff log(g) a1 a2 a3 a4 I1
2300.0 3.0 5.71702 -9.42647 8.41136 -2.79383 1044.12
2400.0 3.0 5.89169 -9.62817 8.40738 -2.75329 982.403
2500.0 3.0 6.29112 -10.40115 8.97321 -2.91056 7221.53
2600.0 3.0 7.34284 -12.67166 11.00827 -3.58269 19523.4
2700.0 3.0 7.61039 -13.23214 11.46657 -3.72043 2165.74
2900.0 3.0 7.77386 -13.54036 11.70368 -3.78287 17109.2
3100.0 3.0 7.16649 -12.25993 10.57506 -3.40794 1755920.0
3200.0 3.0 7.60891 -13.14838 11.38164 -3.66637 12157400.0
3300.0 3.0 7.91921 -13.81934 11.97771 -3.84187 50462000.0
3400.0 3.0 7.89466 -13.96864 12.14223 -3.88235 61136700.0
3500.0 3.0 7.35627 -13.08512 11.4519 -3.66153 57322900.0
3600.0 3.0 6.93673 -12.58219 11.19947 -3.60637 49497600.0
3700.0 3.0 6.8148 -12.48166 11.14691 -3.58332 42581500.0
3800.0 3.0 6.26397 -11.40898 10.21312 -3.28042 36506600.0
3900.0 3.0 5.56647 -10.00038 8.98062 -2.88423 32180100.0
4000.0 3.0 5.57403 -10.05077 9.05678 -2.91982 26842800.0
4100.0 3.0 5.96095 -10.86513 9.80212 -3.17315 23685200.0
4200.0 3.0 5.67697 -10.25666 9.2459 -2.99197 22431000.0
4300.0 3.0 5.58718 -10.05832 9.06136 -2.93456 20459000.0
4400.0 3.0 5.69934 -10.29682 9.27947 -3.01238 16171800.0
4500.0 3.0 5.26667 -9.38522 8.43948 -2.73331 13625000.0
4600.0 3.0 5.63442 -10.15688 9.14224 -2.97299 10714600.0
4700.0 3.0 5.60912 -10.10514 9.08654 -2.95516 6908870.0
4800.0 3.0 5.63831 -10.1666 9.13173 -2.96993 3584500.0
4900.0 3.0 5.67616 -10.23801 9.18044 -2.98423 2750380.0
5100.0 3.0 6.04097 -10.90687 9.69362 -3.1358 72156.4
5200.0 3.0 5.73777 -10.27424 9.1139 -2.94392 87057.5
5300.0 3.0 5.84788 -10.54597 9.38257 -3.0416 106577.0
5400.0 3.0 5.86859 -10.57995 9.40151 -3.04791 167144.0
5500.0 3.0 6.1325 -11.08378 9.82567 -3.18644 84879.5
5600.0 3.0 6.18713 -11.20273 9.93949 -3.22855 97005.4
5700.0 3.0 6.21533 -11.24804 9.96556 -3.23579 93699.1
5800.0 3.0 6.25976 -11.29295 9.96421 -3.22608 107505.0
5900.0 3.0 6.3112 -11.3723 10.00776 -3.23498 123728.0
6000.0 3.0 6.52128 -11.79705 10.37708 -3.35646 156450.0
6100.0 3.0 6.38006 -11.46256 10.03663 -3.23515 195156.0
6200.0 3.0 6.65908 -12.0313 10.54228 -3.40554 243757.0
6300.0 3.0 6.70945 -12.11811 10.60561 -3.42609 301516.0
6400.0 3.0 6.8059 -12.29594 10.74431 -3.46873 359868.0
6500.0 3.0 6.63088 -11.88055 10.3213 -3.31673 419170.0
6600.0 3.0 6.93487 -12.50673 10.88076 -3.50437 480061.0
6700.0 3.0 6.84574 -12.28934 10.65105 -3.42041 536053.0
6800.0 3.0 6.6457 -11.86642 10.25946 -3.29123 594022.0
6900.0 3.0 6.33677 -11.23405 9.69314 -3.10836 662297.0
7000.0 3.0 6.36777 -11.31565 9.77095 -3.1373 735656.0
7200.0 3.0 6.17711 -10.83298 9.24203 -2.93782 957050.0
7400.0 3.0 6.46076 -11.42074 9.76106 -3.11252 1163290.0
7600.0 3.0 6.66489 -11.80467 10.05613 -3.19919 1429230.0
7800.0 3.0 6.7232 -11.85138 10.02157 -3.16907 1701230.0
8000.0 3.0 7.21838 -12.81138 10.81273 -3.41163 1891390.0
8200.0 3.0 8.07862 -14.51503 12.26453 -3.86931 1974160.0
8400.0 3.0 8.26975 -14.84539 12.49446 -3.92649 2040580.0
8600.0 3.0 8.7514 -15.76028 13.24548 -4.15475 2021340.0
8800.0 3.0 9.02481 -16.1929 13.53658 -4.22519 1964510.0
9000.0 3.0 9.97082 -18.00569 15.0636 -4.70248 2042970.0
9200.0 3.0 10.04861 -18.06794 15.05456 -4.68349 2136860.0
9400.0 3.0 10.99037 -19.87104 16.5768 -5.161 2229690.0
9600.0 3.0 11.04569 -19.87431 16.50866 -5.12174 2304400.0
9800.0 3.0 11.57514 -20.83011 17.27549 -5.35239 2402080.0
10000.0 3.0 12.0611 -21.7104 17.98274 -5.56542 2512090.0
10200.0 3.0 12.62662 -22.73692 18.80717 -5.81335 2597040.0
10400.0 3.0 13.1651 -23.72103 19.60014 -6.05234 2676890.0
10600.0 3.0 14.54736 -26.41073 21.89187 -6.77591 2816860.0
10800.0 3.0 15.04748 -27.35012 22.66375 -7.01217 2856270.0
11000.0 3.0 15.54884 -28.29154 23.43541 -7.24757 2775830.0
11200.0 3.0 14.85143 -26.84136 22.12384 -6.81374 2634650.0
11400.0 3.0 15.27498 -27.61929 22.74536 -6.99856 2525910.0
11600.0 3.0 17.03132 -31.04444 25.66245 -7.91763 2582760.0
11800.0 3.0 17.37565 -31.68555 26.17992 -8.07278 2668410.0
12000.0 3.0 17.56738 -32.04193 26.46253 -8.1558 2765030.0
2300.0 3.5 3.28856 -4.55013 4.12337 -1.39167 1545.59
2400.0 3.5 4.1602 -6.3159 5.66108 -1.90452 1457.89
2500.0 3.5 4.55603 -7.03652 6.15771 -2.03837 2622.89
2600.0 3.5 5.1009 -8.15687 7.06562 -2.31645 2638.97
2700.0 3.5 5.47121 -8.98297 7.76676 -2.53798 1522.41
2900.0 3.5 6.14144 -10.49148 9.11857 -2.98319 42580.8
3100.0 3.5 5.76601 -9.68422 8.35474 -2.71733 19021600.0
3200.0 3.5 6.22753 -10.60409 9.17026 -2.98159 48487900.0
3300.0 3.5 6.25436 -10.62695 9.16967 -2.96948 69258200.0
3400.0 3.5 6.2858 -10.81539 9.40479 -3.05278 76105400.0
3500.0 3.5 5.78435 -9.94526 8.6873 -2.81488 72798500.0
3600.0 3.5 5.37172 -9.29732 8.20427 -2.66121 66046200.0
3700.0 3.5 4.7147 -8.16917 7.3325 -2.38996 58757100.0
3800.0 3.5 4.22579 -7.31997 6.66367 -2.17516 53038000.0
3900.0 3.5 3.60747 -6.2698 5.86947 -1.93492 45952300.0
4000.0 3.5 3.91674 -6.98306 6.53092 -2.14711 41556700.0
4100.0 3.5 3.79803 -6.72198 6.29051 -2.06947 38421800.0
4200.0 3.5 3.75207 -6.62303 6.20355 -2.04536 34670100.0
4300.0 3.5 3.70338 -6.52237 6.11588 -2.02166 30676700.0
4400.0 3.5 3.69597 -6.50761 6.10125 -2.0208 27672900.0
4500.0 3.5 3.73859 -6.60059 6.18675 -2.05419 22126200.0
4600.0 3.5 3.58414 -6.25736 5.85571 -1.94279 17475400.0
4700.0 3.5 3.67398 -6.44862 6.02588 -2.00244 13784400.0
4800.0 3.5 3.67062 -6.43227 5.99583 -1.99148 8716760.0
4900.0 3.5 3.62645 -6.32476 5.87759 -1.94904 4870480.0
5100.0 3.5 3.78218 -6.64044 6.12773 -2.0283 139535.0
5200.0 3.5 3.82509 -6.74302 6.2207 -2.06125 199732.0
5300.0 3.5 3.9034 -6.90998 6.38086 -2.12348 255771.0
5400.0 3.5 3.76379 -6.62978 6.12848 -2.04249 310449.0
5500.0 3.5 3.9457 -6.99943 6.4508 -2.14923 116889.0
5600.0 3.5 3.92658 -6.94768 6.38973 -2.12774 122207.0
5700.0 3.5 4.01503 -7.13346 6.5508 -2.18121 132128.0
5800.0 3.5 4.13941 -7.38605 6.77437 -2.25636 139731.0
5900.0 3.5 4.10288 -7.30245 6.68054 -2.22291 154931.0
6000.0 3.5 4.09479 -7.2826 6.65248 -2.21281 182703.0
6100.0 3.5 4.10598 -7.28573 6.63268 -2.20128 229464.0
6200.0 3.5 4.16665 -7.40059 6.71582 -2.22502 269803.0
6300.0 3.5 4.05002 -7.13609 6.45908 -2.13883 345192.0
6400.0 3.5 4.06594 -7.16368 6.47243 -2.14265 402407.0
6500.0 3.5 4.16281 -7.34356 6.61344 -2.18647 498126.0
6600.0 3.5 4.24738 -7.51671 6.76178 -2.23586 548070.0
6700.0 3.5 4.27551 -7.54819 6.76518 -2.23368 638860.0
6800.0 3.5 4.27457 -7.51096 6.69542 -2.20249 708140.0
6900.0 3.5 4.31686 -7.61803 6.80298 -2.24334 741733.0
7000.0 3.5 4.26253 -7.50215 6.69012 -2.20626 806743.0
7200.0 3.5 4.12327 -7.17495 6.3448 -2.08087 951351.0
7400.0 3.5 4.05759 -7.01649 6.17061 -2.01958 1125610.0
7600.0 3.5 4.06462 -7.0016 6.113 -1.99113 1312520.0
7800.0 3.5 4.24906 -7.34295 6.36446 -2.06303 1481890.0
8000.0 3.5 4.38866 -7.58156 6.5167 -2.09588 1600190.0
8200.0 3.5 4.67948 -8.15568 6.98541 -2.23805 1651980.0
8400.0 3.5 4.95518 -8.70658 7.44088 -2.37701 1709910.0
8600.0 3.5 5.22238 -9.24118 7.88757 -2.51456 1677480.0
8800.0 3.5 5.53561 -9.8489 8.3909 -2.66855 1650350.0
9000.0 3.5 5.939 -10.64717 9.07421 -2.88454 1712030.0
9200.0 3.5 6.13683 -11.02729 9.39086 -2.98224 1791110.0
9400.0 3.5 6.18602 -11.08527 9.41187 -2.98122 1871630.0
9600.0 3.5 6.4012 -11.48591 9.74205 -3.08287 1924380.0
9800.0 3.5 6.84857 -12.36165 10.49709 -3.32452 2009480.0
10000.0 3.5 6.85596 -12.32889 10.43675 -3.29753 2104460.0
10200.0 3.5 7.32987 -13.25322 11.23083 -3.5511 2162850.0
10400.0 3.5 7.57544 -13.70829 11.60412 -3.66604 2245000.0
10600.0 3.5 7.51954 -13.54914 11.43048 -3.60175 2346130.0
10800.0 3.5 7.76398 -14.004 11.8016 -3.71519 2298690.0
11000.0 3.5 8.37453 -15.20651 12.83551 -4.04465 2181500.0
11200.0 3.5 8.72413 -15.86236 13.37218 -4.20835 2050610.0
11400.0 3.5 8.04182 -14.547 12.24136 -3.8477 2340830.0
11600.0 3.5 8.14891 -14.75433 12.40902 -3.89806 2406600.0
11800.0 3.5 8.92451 -16.18532 13.57278 -4.25104 2228610.0
12000.0 3.5 9.07824 -16.47665 13.80616 -4.32032 2293940.0
2300.0 4.0 2.04566 -2.16301 2.12764 -0.76664 2391.63
2400.0 4.0 2.31456 -2.56627 2.36889 -0.82796 2254.66
2500.0 4.0 2.96374 -3.84717 3.42011 -1.16374 2088.31
2600.0 4.0 3.58972 -5.11236 4.44543 -1.48269 4823.34
2700.0 4.0 4.09098 -6.19617 5.35373 -1.76908 2081.5
2900.0 4.0 4.65102 -7.54556 6.5406 -2.15438 45214.5
3100.0 4.0 4.75782 -7.88215 6.85272 -2.25823 30616100.0
3200.0 4.0 4.92655 -8.22618 7.14907 -2.35204 63003100.0
3300.0 4.0 4.86946 -8.08559 6.99678 -2.29228 85831200.0
3400.0 4.0 4.81862 -8.02149 6.95845 -2.28065 94607000.0
3500.0 4.0 4.58327 -7.6171 6.63039 -2.17358 93886700.0
3600.0 4.0 4.22749 -6.97388 6.09224 -1.99446 88211200.0
3700.0 4.0 3.83138 -6.25535 5.49956 -1.79724 81530700.0
3800.0 4.0 3.40399 -5.48798 4.89444 -1.60245 75333800.0
3900.0 4.0 3.03826 -4.90109 4.47785 -1.4751 68814700.0
4000.0 4.0 2.68736 -4.30258 4.03478 -1.33661 63164300.0
4100.0 4.0 2.43029 -3.94818 3.85566 -1.30087 58165400.0
4200.0 4.0 2.64331 -4.54698 4.49107 -1.52422 54287800.0
4300.0 4.0 2.63714 -4.51253 4.4305 -1.49636 49783400.0
4400.0 4.0 2.6516 -4.54902 4.46814 -1.51365 46152300.0
4500.0 4.0 2.58634 -4.41171 4.34109 -1.47501 39106100.0
4600.0 4.0 2.56785 -4.36776 4.29427 -1.46179 29564400.0
4700.0 4.0 2.52692 -4.27172 4.1956 -1.42983 26779100.0
4800.0 4.0 2.52816 -4.26646 4.17918 -1.42481 14580700.0
4900.0 4.0 2.49233 -4.19265 4.10408 -1.40062 11031800.0
5100.0 4.0 2.6789 -4.57161 4.42289 -1.50949 326227.0
5200.0 4.0 2.71188 -4.6546 4.50243 -1.54049 474501.0
5300.0 4.0 2.69548 -4.62842 4.47883 -1.53577 556741.0
5400.0 4.0 2.63297 -4.50163 4.35865 -1.49685 515026.0
5500.0 4.0 2.66343 -4.5618 4.40389 -1.51202 186370.0
5600.0 4.0 2.70678 -4.65754 4.48657 -1.5406 176230.0
5700.0 4.0 2.59732 -4.41749 4.25249 -1.46043 174733.0
5800.0 4.0 2.61491 -4.456 4.28104 -1.47038 182937.0
5900.0 4.0 2.62563 -4.47906 4.29383 -1.47425 206116.0
6000.0 4.0 2.68636 -4.61712 4.41974 -1.51843 233422.0
6100.0 4.0 2.68902 -4.62121 4.41651 -1.51663 274806.0
6200.0 4.0 2.66168 -4.55946 4.3474 -1.49172 324257.0
6300.0 4.0 2.64956 -4.51924 4.28536 -1.46522 383523.0
6400.0 4.0 2.68133 -4.57977 4.32724 -1.47749 463850.0
6500.0 4.0 2.67286 -4.53889 4.26346 -1.45049 552203.0
6600.0 4.0 2.70324 -4.60765 4.32557 -1.47444 647276.0
6700.0 4.0 2.73465 -4.66656 4.36778 -1.48795 740958.0
6800.0 4.0 2.77086 -4.74006 4.42804 -1.50927 827493.0
6900.0 4.0 2.76414 -4.70832 4.37684 -1.48771 905158.0
7000.0 4.0 2.79988 -4.77816 4.43024 -1.50532 977197.0
7200.0 4.0 2.85979 -4.88381 4.49592 -1.52449 1135450.0
7400.0 4.0 2.76438 -4.6768 4.28475 -1.45074 1257360.0
7600.0 4.0 2.68289 -4.46272 4.04364 -1.36526 1396890.0
7800.0 4.0 2.77951 -4.64966 4.17106 -1.39242 1526240.0
8000.0 4.0 2.80326 -4.6672 4.13642 -1.36885 1618840.0
8200.0 4.0 2.98047 -5.02777 4.42694 -1.45659 1667110.0
8400.0 4.0 3.1369 -5.34413 4.67656 -1.52934 1726260.0
8600.0 4.0 3.20727 -5.49417 4.78939 -1.56078 1735330.0
8800.0 4.0 3.44339 -5.9727 5.19227 -1.68571 1607270.0
9000.0 4.0 3.57997 -6.26939 5.45307 -1.7693 1729180.0
9200.0 4.0 3.62883 -6.36362 5.52217 -1.78733 1798190.0
9400.0 4.0 3.79021 -6.69631 5.8146 -1.88183 1863960.0
9600.0 4.0 3.80151 -6.7048 5.80854 -1.87606 1938540.0
9800.0 4.0 3.99459 -7.09474 6.15245 -1.98817 1993230.0
10000.0 4.0 4.02337 -7.13305 6.17288 -1.99164 2098920.0
10200.0 4.0 4.20399 -7.49372 6.49049 -2.09552 2171530.0
10400.0 4.0 4.22494 -7.50784 6.4845 -2.08937 2219030.0
10600.0 4.0 4.30663 -7.65853 6.60864 -2.12824 2348370.0
10800.0 4.0 4.53125 -8.10456 6.99741 -2.25432 2316820.0
11000.0 4.0 4.70485 -8.43211 7.269 -2.33879 2194780.0
11200.0 4.0 4.81129 -8.60563 7.38961 -2.3699 2031140.0
11400.0 4.0 5.05635 -9.1011 7.82279 -2.5102 2100290.0
11600.0 4.0 4.65478 -8.33357 7.15913 -2.29686 2400500.0
11800.0 4.0 4.83195 -8.70696 7.49239 -2.40635 2471250.0
12000.0 4.0 4.86982 -8.7885 7.55954 -2.42677 2542430.0
2300.0 4.5 1.53918 -1.30564 1.47535 -0.57185 3497.42
2400.0 4.5 1.55857 -1.14371 1.19352 -0.45312 3195.76
2500.0 4.5 1.84166 -1.59421 1.49644 -0.54547 2909.93
2600.0 4.5 2.43142 -2.70575 2.35312 -0.80668 4947.43
2700.0 4.5 3.06195 -4.03491 3.46134 -1.15731 12005.5
2900.0 4.5 3.87983 -5.95423 5.14038 -1.70253 48071.2
3100.0 4.5 4.01499 -6.41786 5.55462 -1.83605 27784400.0
3200.0 4.5 4.11855 -6.67772 5.78511 -1.91087 64487300.0
3300.0 4.5 4.19273 -6.87869 5.97466 -1.97444 92889100.0
3400.0 4.5 4.15848 -6.84542 5.9529 -1.96738 107056000.0
3500.0 4.5 3.97792 -6.5054 5.65261 -1.86569 110825000.0
3600.0 4.5 3.74015 -6.06184 5.27056 -1.7381 108048000.0
3700.0 4.5 3.51085 -5.65547 4.94189 -1.63149 102276000.0
3800.0 4.5 3.20868 -5.07569 4.44964 -1.46596 95932100.0
3900.0 4.5 2.84347 -4.38737 3.88287 -1.27919 89981400.0
4000.0 4.5 2.58206 -3.93706 3.55122 -1.17308 84341700.0
4100.0 4.5 2.18304 -3.16148 2.91857 -0.96582 80381600.0
4200.0 4.5 1.9729 -2.88176 2.78391 -0.93633 75812600.0
4300.0 4.5 1.89115 -2.86913 2.90683 -1.00207 71504500.0
4400.0 4.5 2.0246 -3.33269 3.44614 -1.20188 68082300.0
4500.0 4.5 2.00801 -3.27632 3.35719 -1.16012 59339600.0
4600.0 4.5 1.97617 -3.2145 3.30303 -1.14677 49456400.0
4700.0 4.5 1.97663 -3.20989 3.29241 -1.14575 38942300.0
4800.0 4.5 1.96712 -3.1829 3.2603 -1.13705 26910700.0
4900.0 4.5 1.9496 -3.13678 3.20984 -1.12223 22916600.0
5100.0 4.5 2.05116 -3.36007 3.39755 -1.18848 818840.0
5200.0 4.5 2.03935 -3.33705 3.37098 -1.18125 1044080.0
5300.0 4.5 2.05224 -3.37386 3.40517 -1.19607 1135430.0
5400.0 4.5 2.02923 -3.3292 3.3605 -1.18299 898329.0
5500.0 4.5 1.97045 -3.20332 3.23399 -1.13976 304096.0
5600.0 4.5 1.95683 -3.17806 3.20623 -1.13174 260551.0
5700.0 4.5 1.98073 -3.23184 3.25027 -1.14734 245961.0
5800.0 4.5 2.03092 -3.35523 3.38744 -1.21009 251363.0
5900.0 4.5 1.99941 -3.29184 3.32828 -1.19159 264693.0
6000.0 4.5 2.01257 -3.32148 3.34544 -1.1978 294217.0
6100.0 4.5 2.02058 -3.34499 3.36382 -1.20503 330002.0
6200.0 4.5 2.04482 -3.4092 3.4243 -1.22757 382539.0
6300.0 4.5 2.04254 -3.40874 3.42072 -1.22664 451366.0
6400.0 4.5 2.04176 -3.40881 3.40872 -1.22038 533968.0
6500.0 4.5 2.05936 -3.45079 3.44486 -1.23344 635292.0
6600.0 4.5 2.08957 -3.51413 3.4913 -1.2468 744931.0
6700.0 4.5 2.12763 -3.60224 3.56997 -1.27409 863436.0
6800.0 4.5 2.15831 -3.66607 3.61649 -1.28682 979238.0
6900.0 4.5 2.18291 -3.70994 3.64033 -1.29121 1094940.0
7000.0 4.5 2.19945 -3.741 3.65489 -1.29296 1173000.0
7200.0 4.5 2.18655 -3.67594 3.5405 -1.24041 1329880.0
7400.0 4.5 2.11677 -3.4754 3.30464 -1.15887 1465260.0
7600.0 4.5 2.22142 -3.70998 3.49568 -1.20908 1587790.0
7800.0 4.5 2.02885 -3.23738 2.98539 -1.01794 1702210.0
8000.0 4.5 2.04882 -3.26991 2.98651 -1.01357 1800370.0
8200.0 4.5 2.10215 -3.3748 3.04808 -1.02601 1863570.0
8400.0 4.5 2.16788 -3.51403 3.1472 -1.05242 1923640.0
8600.0 4.5 2.27533 -3.74279 3.33019 -1.10704 1981850.0
8800.0 4.5 2.3752 -3.96008 3.50842 -1.16099 1933850.0
9000.0 4.5 2.45899 -4.15094 3.67094 -1.21178 1903630.0
9200.0 4.5 2.52865 -4.30605 3.8028 -1.25265 1983440.0
9400.0 4.5 2.59127 -4.44586 3.92442 -1.29112 2064820.0
9600.0 4.5 2.64622 -4.55329 4.01143 -1.31703 2118350.0
9800.0 4.5 2.68837 -4.64552 4.09166 -1.34266 2208930.0
10000.0 4.5 2.75292 -4.77438 4.20231 -1.37789 2272010.0
10200.0 4.5 2.83556 -4.94533 4.35615 -1.42905 2395290.0
10400.0 4.5 2.85752 -4.97693 4.37551 -1.43342 2464540.0
10600.0 4.5 2.95524 -5.17336 4.55004 -1.49115 2522480.0
10800.0 4.5 2.95574 -5.15968 4.52851 -1.48219 2655390.0
11000.0 4.5 3.03688 -5.31194 4.65547 -1.52219 2581610.0
11200.0 4.5 3.19371 -5.62297 4.92637 -1.61016 2429430.0
11400.0 4.5 3.26677 -5.74777 5.01843 -1.63575 2309750.0
11600.0 4.5 3.39387 -6.00642 5.24556 -1.7099 2376960.0
11800.0 4.5 3.44902 -6.1149 5.3347 -1.73746 2446310.0
12000.0 4.5 3.43387 -6.07461 5.28577 -1.71799 2517500.0
2300.0 5.0 1.2552 -0.80746 1.06204 -0.43123 5031.98
2400.0 5.0 1.17383 -0.45681 0.68073 -0.31428 5058.87
2500.0 5.0 1.06492 -0.08594 0.25522 -0.15516 4277.74
2600.0 5.0 1.41095 -0.6065 0.5366 -0.21547 3839.41
2700.0 5.0 1.93667 -1.60206 1.29179 -0.44236 8545.6
2900.0 5.0 3.02706 -4.07826 3.4367 -1.13632 51148.4
3100.0 5.0 3.41948 -5.17394 4.44159 -1.47176 21206400.0
3200.0 5.0 3.50925 -5.46375 4.71555 -1.56444 59818400.0
3300.0 5.0 3.54327 -5.6068 4.84546 -1.60563 96046500.0
3400.0 5.0 3.51774 -5.61372 4.86016 -1.61067 117893000.0
3500.0 5.0 3.41736 -5.45275 4.72458 -1.5658 126896000.0
3600.0 5.0 3.2486 -5.13895 4.44914 -1.47326 127754000.0
3700.0 5.0 3.05716 -4.77169 4.12753 -1.36524 124512000.0
3800.0 5.0 2.82469 -4.32715 3.74748 -1.23952 118797000.0
3900.0 5.0 2.6486 -3.99344 3.47525 -1.15042 113263000.0
4000.0 5.0 2.36737 -3.44678 3.01659 -0.99798 107379000.0
4100.0 5.0 2.08989 -2.90646 2.5718 -0.84989 102228000.0
4200.0 5.0 1.87864 -2.53025 2.29702 -0.76235 98048500.0
4300.0 5.0 1.6353 -2.06955 1.9476 -0.65088 95168100.0
4400.0 5.0 1.40849 -1.75933 1.79192 -0.61828 88749700.0
4500.0 5.0 1.42563 -1.93025 2.0728 -0.73729 84009100.0
4600.0 5.0 1.53603 -2.33964 2.56555 -0.92534 74889800.0
4700.0 5.0 1.58031 -2.43915 2.64044 -0.9436 61903700.0
4800.0 5.0 1.5418 -2.33638 2.52126 -0.89855 49858300.0
4900.0 5.0 1.54203 -2.3337 2.51535 -0.89989 39044500.0
5100.0 5.0 1.60641 -2.48147 2.63931 -0.9467 1762940.0
5200.0 5.0 1.59912 -2.46594 2.61899 -0.94161 2207180.0
5300.0 5.0 1.57652 -2.42285 2.57646 -0.92977 2318530.0
5400.0 5.0 1.52946 -2.33305 2.49132 -0.90291 1461210.0
5500.0 5.0 1.52229 -2.32109 2.47577 -0.8993 552584.0
5600.0 5.0 1.56342 -2.42279 2.59342 -0.95678 455990.0
5700.0 5.0 1.5521 -2.40363 2.57315 -0.95245 406857.0
5800.0 5.0 1.54382 -2.38863 2.55384 -0.94724 380890.0
5900.0 5.0 1.54151 -2.39048 2.55354 -0.94934 385344.0
6000.0 5.0 1.52981 -2.37217 2.53308 -0.94366 402260.0
6100.0 5.0 1.52592 -2.37491 2.53938 -0.9484 439040.0
6200.0 5.0 1.53247 -2.39834 2.55983 -0.95698 492984.0
6300.0 5.0 1.52153 -2.38994 2.54936 -0.9542 581561.0
6400.0 5.0 1.55767 -2.47281 2.62063 -0.97787 668155.0
6500.0 5.0 1.5551 -2.46717 2.60405 -0.96961 779268.0
6600.0 5.0 1.5678 -2.50363 2.63653 -0.98156 911148.0
6700.0 5.0 1.58784 -2.55634 2.68427 -0.99854 1054090.0
6800.0 5.0 1.59259 -2.56807 2.68697 -0.99784 1212980.0
6900.0 5.0 1.60744 -2.59499 2.69623 -0.99668 1358790.0
7000.0 5.0 1.63863 -2.66668 2.7575 -1.01719 1489090.0
7200.0 5.0 1.65686 -2.69584 2.7532 -1.00801 1714790.0
7400.0 5.0 1.66712 -2.70131 2.72141 -0.98769 1876330.0
7600.0 5.0 1.68869 -2.73089 2.70955 -0.97372 2019740.0
7800.0 5.0 1.65784 -2.61795 2.53704 -0.89623 2153730.0
8000.0 5.0 1.66495 -2.62452 2.51763 -0.88656 2280110.0
8200.0 5.0 1.54485 -2.34173 2.2061 -0.76865 2382820.0
8400.0 5.0 1.53026 -2.30103 2.13364 -0.73539 2458110.0
8600.0 5.0 1.58824 -2.42975 2.22769 -0.76091 2541960.0
8800.0 5.0 1.64467 -2.56053 2.32863 -0.79024 2607630.0
9000.0 5.0 1.68241 -2.65544 2.4011 -0.81055 2507370.0
9200.0 5.0 1.76432 -2.84344 2.56352 -0.86209 2504860.0
9400.0 5.0 1.7991 -2.93993 2.65019 -0.89014 2610720.0
9600.0 5.0 1.83249 -3.0171 2.71365 -0.9091 2699320.0
9800.0 5.0 1.87524 -3.11656 2.80261 -0.93808 2818630.0
10000.0 5.0 1.90476 -3.17861 2.85338 -0.95335 2885770.0
10200.0 5.0 1.95572 -3.28706 2.95005 -0.98513 2975680.0
10400.0 5.0 1.98378 -3.34397 2.99891 -1.00082 3133130.0
10600.0 5.0 2.01502 -3.40439 3.05007 -1.01716 3226600.0
10800.0 5.0 2.05086 -3.47261 3.10793 -1.03577 3280770.0
11000.0 5.0 2.068 -3.50232 3.1314 -1.04313 3469840.0
11200.0 5.0 2.10934 -3.57977 3.19611 -1.06374 3400910.0
11400.0 5.0 2.16577 -3.68701 3.28654 -1.09257 3223370.0
11600.0 5.0 2.04789 -3.46555 3.08766 -1.02613 3379010.0
11800.0 5.0 2.05693 -3.48401 3.10083 -1.02983 3461300.0
12000.0 5.0 2.07835 -3.53366 3.14543 -1.04481 3551260.0
2300.0 5.5 1.58053 -1.74372 2.0535 -0.80583 7463.81
2400.0 5.5 1.11044 -0.44292 0.72882 -0.34227 6943.88
2500.0 5.5 0.91742 0.23575 -0.0443 -0.06126 6355.04
2600.0 5.5 0.91819 0.28102 -0.13236 -0.01792 4798.69
2700.0 5.5 1.16963 -0.04235 -0.01414 -0.02993 4750.4
2900.0 5.5 2.3207 -2.48174 2.00267 -0.66552 50553.0
3100.0 5.5 2.98262 -4.17464 3.53167 -1.17169 14304900.0
3200.0 5.5 3.13016 -4.63238 3.9628 -1.31667 48228100.0
3300.0 5.5 3.23314 -4.98166 4.30075 -1.4318 90134000.0
3400.0 5.5 3.20272 -5.01022 4.34205 -1.44662 119162000.0
3500.0 5.5 3.13573 -4.93763 4.28567 -1.42784 134148000.0
3600.0 5.5 3.00493 -4.70687 4.08089 -1.35829 138837000.0
3700.0 5.5 2.81734 -4.34335 3.75311 -1.24681 137670000.0
3800.0 5.5 2.63499 -3.98415 3.43317 -1.13897 134151000.0
3900.0 5.5 2.42411 -3.56158 3.05909 -1.01325 129289000.0
4000.0 5.5 2.23384 -3.17678 2.72482 -0.90141 124762000.0
4100.0 5.5 2.05338 -2.81273 2.41662 -0.79845 119652000.0
4200.0 5.5 1.6918 -2.09019 1.79525 -0.59108 111980000.0
4300.0 5.5 1.71619 -2.15369 1.89609 -0.62668 110663000.0
4400.0 5.5 1.53934 -1.86891 1.71759 -0.57574 106193000.0
4500.0 5.5 1.37457 -1.57703 1.52546 -0.52015 100794000.0
4600.0 5.5 1.23607 -1.43165 1.51787 -0.5405 93817500.0
4700.0 5.5 1.23708 -1.57587 1.77817 -0.65587 84564700.0
4800.0 5.5 1.2398 -1.74653 2.05157 -0.77243 69809500.0
4900.0 5.5 1.3696 -2.04583 2.32234 -0.85919 61794400.0
5100.0 5.5 1.32201 -1.94177 2.18922 -0.80727 4022430.0
5200.0 5.5 1.3064 -1.90567 2.14886 -0.79519 4659130.0
5300.0 5.5 1.37072 -2.06266 2.3175 -0.8653 4788050.0
5400.0 5.5 1.33547 -1.97266 2.2244 -0.83955 2830860.0
5500.0 5.5 1.34185 -1.98723 2.23362 -0.84537 1357750.0
5600.0 5.5 1.30552 -1.91698 2.16772 -0.82651 874632.0
5700.0 5.5 1.28532 -1.87668 2.12648 -0.81493 737244.0
5800.0 5.5 1.268 -1.8427 2.09043 -0.80453 648184.0
5900.0 5.5 1.25865 -1.8347 2.08712 -0.80631 604757.0
6000.0 5.5 1.23718 -1.79194 2.03894 -0.791 611185.0
6100.0 5.5 1.23221 -1.78557 2.02806 -0.78808 645965.0
6200.0 5.5 1.19071 -1.65573 1.88309 -0.74044 695356.0
6300.0 5.5 1.17015 -1.59202 1.79864 -0.70797 760736.0
6400.0 5.5 1.16847 -1.59122 1.78898 -0.70455 888125.0
6500.0 5.5 1.16679 -1.59246 1.78678 -0.70413 984537.0
6600.0 5.5 1.16757 -1.599 1.78568 -0.70326 1166590.0
6700.0 5.5 1.17019 -1.61107 1.79343 -0.70611 1340280.0
6800.0 5.5 1.17076 -1.61758 1.79502 -0.70638 1527120.0
6900.0 5.5 1.17801 -1.64098 1.81524 -0.71381 1708040.0
7000.0 5.5 1.18899 -1.67154 1.84094 -0.7228 1904800.0
7200.0 5.5 1.19838 -1.69756 1.8503 -0.72266 2218330.0
7400.0 5.5 1.20791 -1.72204 1.85701 -0.72147 2454790.0
7600.0 5.5 1.23366 -1.78983 1.90882 -0.73653 2648010.0
7800.0 5.5 1.24465 -1.81096 1.89943 -0.72438 2823140.0
8000.0 5.5 1.25033 -1.79539 1.79941 -0.66524 2981740.0
8200.0 5.5 1.28766 -1.87951 1.85643 -0.67866 3130620.0
8400.0 5.5 1.32719 -1.96701 1.91432 -0.6896 3248460.0
8600.0 5.5 1.25293 -1.80669 1.72803 -0.60974 3358460.0
8800.0 5.5 1.23778 -1.77628 1.67344 -0.58441 3470140.0
9000.0 5.5 1.26284 -1.83999 1.71363 -0.59333 3557980.0
9200.0 5.5 1.29546 -1.92734 1.78159 -0.61301 3486940.0
9400.0 5.5 1.33342 -2.02382 1.8616 -0.63754 3415300.0
9600.0 5.5 1.3543 -2.0804 1.90675 -0.65075 3564950.0
9800.0 5.5 1.3795 -2.15288 1.97194 -0.67193 3671940.0
10000.0 5.5 1.41339 -2.23458 2.04443 -0.69542 3815090.0
10200.0 5.5 1.44615 -2.30939 2.11003 -0.71657 3920970.0
10400.0 5.5 1.48253 -2.38974 2.18153 -0.74003 4040130.0
10600.0 5.5 1.50617 -2.43979 2.22466 -0.75392 4234820.0
10800.0 5.5 1.52904 -2.48581 2.26377 -0.7665 4389590.0
11000.0 5.5 1.55535 -2.53717 2.30735 -0.78054 4432820.0
11200.0 5.5 1.55924 -2.53916 2.30464 -0.77877 4684940.0
11400.0 5.5 1.58244 -2.57255 2.3303 -0.78681 4843370.0
11600.0 5.5 1.59989 -2.6132 2.364 -0.79727 4535460.0
11800.0 5.5 1.60974 -2.6158 2.35956 -0.79472 4540860.0
12000.0 5.5 1.60964 -2.61132 2.35138 -0.79127 4605290.0
2300.0 6.0 1.53231 -1.51239 1.69256 -0.64123 9767.66
2400.0 6.0 1.20426 -0.70899 0.98702 -0.43757 9399.54
2500.0 6.0 0.91326 0.13279 0.09604 -0.11725 8374.43
2600.0 6.0 0.63067 0.69119 -0.32915 0.00703 5673.84
2700.0 6.0 0.82668 0.53111 -0.38461 0.05987 6550.33
2900.0 6.0 1.52328 -0.67261 0.36504 -0.12342 55599.4
3100.0 6.0 2.43322 -2.84074 2.26763 -0.74017 9365050.0
3200.0 6.0 2.73238 -3.667 3.05181 -1.00727 35014400.0
3300.0 6.0 2.93906 -4.28582 3.65269 -1.21391 76709300.0
3400.0 6.0 3.02762 -4.63566 4.01693 -1.34385 111912000.0
3500.0 6.0 2.99398 -4.66382 4.06155 -1.36057 132343000.0
3600.0 6.0 2.91798 -4.57529 3.99421 -1.33915 141229000.0
3700.0 6.0 2.78175 -4.32918 3.77408 -1.26432 142707000.0
3800.0 6.0 2.60944 -3.98871 3.46224 -1.15741 140546000.0
3900.0 6.0 2.41917 -3.59855 3.10346 -1.03436 137213000.0
4000.0 6.0 2.16381 -3.0694 2.62041 -0.86974 132594000.0
4100.0 6.0 1.97052 -2.65139 2.23513 -0.7367 128502000.0
4200.0 6.0 1.80964 -2.32826 1.96085 -0.64611 124044000.0
4300.0 6.0 1.65696 -2.03376 1.72564 -0.57024 119304000.0
4400.0 6.0 1.51887 -1.71919 1.45062 -0.47439 115969000.0
4500.0 6.0 1.38627 -1.50564 1.3222 -0.43886 107984000.0
4600.0 6.0 1.29123 -1.37653 1.28011 -0.43429 101262000.0
4700.0 6.0 1.17071 -1.17576 1.17254 -0.4102 93868300.0
4800.0 6.0 0.99517 -0.94578 1.08507 -0.40579 80989800.0
4900.0 6.0 1.12591 -1.34498 1.56748 -0.59575 78514800.0
5100.0 6.0 1.19517 -1.70472 2.02215 -0.77492 7659680.0
5200.0 6.0 1.21629 -1.75034 2.05999 -0.78899 9238510.0
5300.0 6.0 1.18246 -1.67914 1.99055 -0.76849 8985670.0
5400.0 6.0 1.16707 -1.64467 1.95349 -0.75864 5679620.0
5500.0 6.0 1.15051 -1.60718 1.91228 -0.74672 2773300.0
5600.0 6.0 1.13177 -1.56539 1.86659 -0.733 1934020.0
5700.0 6.0 1.11325 -1.52729 1.82649 -0.72158 1520030.0
5800.0 6.0 1.08792 -1.47416 1.7711 -0.70424 1279730.0
5900.0 6.0 1.06143 -1.42347 1.72086 -0.68907 1114570.0
6000.0 6.0 1.05116 -1.41102 1.71099 -0.68808 1077910.0
6100.0 6.0 0.97027 -1.1789 1.45559 -0.60026 1051200.0
6200.0 6.0 0.95059 -1.11713 1.3724 -0.56878 1081430.0
6300.0 6.0 0.94179 -1.09348 1.33873 -0.5568 1148900.0
6400.0 6.0 0.93591 -1.07891 1.31513 -0.54832 1249290.0
6500.0 6.0 0.94084 -1.10737 1.34335 -0.55963 1374450.0
6600.0 6.0 0.93791 -1.10434 1.33441 -0.55668 1546910.0
6700.0 6.0 0.93735 -1.10747 1.3325 -0.5563 1746620.0
6800.0 6.0 0.93943 -1.11787 1.33865 -0.55879 1959390.0
6900.0 6.0 0.94022 -1.1264 1.34361 -0.56083 2198210.0
7000.0 6.0 0.94356 -1.13972 1.35266 -0.56396 2440630.0
7200.0 6.0 0.94701 -1.15897 1.36345 -0.56731 2887070.0
7400.0 6.0 0.95693 -1.19257 1.38689 -0.57421 3221440.0
7600.0 6.0 0.9659 -1.22412 1.40767 -0.57945 3490140.0
7800.0 6.0 0.98089 -1.26808 1.43617 -0.58548 3725250.0
8000.0 6.0 0.99826 -1.31884 1.46841 -0.59117 3951840.0
8200.0 6.0 1.03016 -1.39658 1.52219 -0.60308 4173530.0
8400.0 6.0 1.07014 -1.49962 1.59968 -0.62186 4371950.0
8600.0 6.0 1.11018 -1.59893 1.66814 -0.63553 4528070.0
8800.0 6.0 1.14308 -1.67971 1.71529 -0.64065 4673640.0
9000.0 6.0 1.16637 -1.73515 1.73527 -0.63581 4829080.0
9200.0 6.0 1.09699 -1.57631 1.5444 -0.55659 4952550.0
9400.0 6.0 1.09263 -1.5599 1.48837 -0.52671 4923490.0
9600.0 6.0 1.12343 -1.64247 1.55232 -0.54275 4803840.0
9800.0 6.0 1.14596 -1.70529 1.60399 -0.55863 4926100.0
10000.0 6.0 1.16785 -1.7647 1.654 -0.5741 5077670.0
10200.0 6.0 1.18811 -1.81905 1.70073 -0.58885 5225850.0
10400.0 6.0 1.20521 -1.86378 1.73872 -0.60076 5394930.0
10600.0 6.0 1.22316 -1.90436 1.77175 -0.61075 5558510.0
10800.0 6.0 1.23508 -1.92871 1.78919 -0.61542 5783610.0
11000.0 6.0 1.24396 -1.9445 1.7987 -0.61749 6016790.0
11200.0 6.0 1.25694 -1.95696 1.80336 -0.61782 6176390.0
11400.0 6.0 1.25645 -1.94931 1.79072 -0.61241 6397000.0
11600.0 6.0 1.25201 -1.93182 1.76823 -0.60345 6481310.0
11800.0 6.0 1.24107 -1.90278 1.73685 -0.59196 6771070.0
12000.0 6.0 1.24104 -1.89769 1.72785 -0.58816 6641540.0
