Teff log(g) a1 a2 a3 a4 I1
2300.0 3.0 2.10137 -2.60988 2.90188 -1.03588 660.537
2400.0 3.0 3.26613 -4.64155 4.48876 -1.54335 719.782
2500.0 3.0 4.36129 -6.58177 5.92791 -1.96514 4340.73
2600.0 3.0 5.56234 -8.98072 7.92989 -2.5972 3887.52
2700.0 3.0 6.25024 -10.39876 9.12858 -2.97529 2992.77
2900.0 3.0 6.61529 -11.18685 9.81343 -3.18649 33918.8
3100.0 3.0 6.07009 -10.20591 9.06712 -2.95425 4253130.0
3200.0 3.0 5.42535 -8.85039 7.838 -2.52321 24434000.0
3300.0 3.0 5.65864 -9.44221 8.38352 -2.67802 120474000.0
3400.0 3.0 7.15417 -12.75277 11.38444 -3.65405 173413000.0
3500.0 3.0 6.59471 -11.77462 10.55336 -3.36726 177717000.0
3600.0 3.0 6.32398 -11.55283 10.51666 -3.37045 168633000.0
3700.0 3.0 6.21519 -11.37903 10.34971 -3.3025 157920000.0
3800.0 3.0 5.673 -10.25007 9.33048 -2.97036 145086000.0
3900.0 3.0 5.1654 -9.21593 8.42591 -2.68792 131668000.0
4000.0 3.0 5.33923 -9.56979 8.75251 -2.80708 132275000.0
4100.0 3.0 5.87324 -10.663 9.7307 -3.13733 130419000.0
4200.0 3.0 5.65152 -10.19735 9.30595 -3.00307 121356000.0
4300.0 3.0 5.55848 -10.00891 9.1383 -2.95538 114357000.0
4400.0 3.0 5.23855 -9.3329 8.51885 -2.75442 111756000.0
4500.0 3.0 5.06427 -8.9724 8.18959 -2.65054 96622900.0
4600.0 3.0 5.61057 -10.12195 9.24286 -3.01157 75372200.0
4700.0 3.0 5.60543 -10.10299 9.21462 -3.0049 45142400.0
4800.0 3.0 5.65586 -10.19482 9.28163 -3.02821 14660400.0
4900.0 3.0 5.72084 -10.30862 9.36218 -3.0541 3638760.0
5100.0 3.0 5.92772 -10.60591 9.50607 -3.07385 100408.0
5200.0 3.0 5.6989 -10.11819 9.04827 -2.92083 102183.0
5300.0 3.0 5.60918 -9.9533 8.90481 -2.87763 119027.0
5400.0 3.0 6.11592 -11.00326 9.84145 -3.18826 149881.0
5500.0 3.0 6.11855 -10.92269 9.70194 -3.12977 161675.0
5600.0 3.0 6.13319 -10.99628 9.81625 -3.1882 162018.0
5700.0 3.0 6.37771 -11.49029 10.2451 -3.32859 172294.0
5800.0 3.0 6.4791 -11.66171 10.36393 -3.36108 198862.0
5900.0 3.0 6.76151 -12.22981 10.85431 -3.51992 225543.0
6000.0 3.0 6.80964 -12.311 10.90486 -3.53286 278745.0
6100.0 3.0 6.74398 -12.14195 10.71952 -3.46507 310264.0
6200.0 3.0 6.99271 -12.62485 11.12119 -3.59136 384747.0
6300.0 3.0 7.0194 -12.64136 11.09995 -3.57735 471589.0
6400.0 3.0 7.06856 -12.70319 11.1183 -3.5762 552139.0
6500.0 3.0 7.12617 -12.78546 11.15715 -3.58245 630742.0
6600.0 3.0 6.98328 -12.46092 10.83644 -3.47171 716140.0
6700.0 3.0 7.29156 -13.08723 11.38255 -3.65023 801708.0
6800.0 3.0 7.10116 -12.6972 11.02542 -3.53319 886529.0
6900.0 3.0 6.6901 -11.84628 10.25084 -3.27737 986170.0
7000.0 3.0 6.58543 -11.64165 10.06329 -3.21627 1099370.0
7200.0 3.0 6.51775 -11.4979 9.9056 -3.15997 1431810.0
7400.0 3.0 6.67298 -11.8306 10.18978 -3.2522 1745040.0
7600.0 3.0 6.70254 -11.87976 10.20058 -3.2495 2149400.0
7800.0 3.0 6.56178 -11.54897 9.85442 -3.12456 2563630.0
8000.0 3.0 6.84754 -12.09958 10.29783 -3.25823 2856920.0
8200.0 3.0 7.48809 -13.36495 11.3718 -3.59669 2990670.0
8400.0 3.0 7.56538 -13.46772 11.40562 -3.59262 3101350.0
8600.0 3.0 7.90018 -14.08734 11.89886 -3.73895 3083980.0
8800.0 3.0 8.65079 -15.50696 13.07565 -4.10193 3008260.0
9000.0 3.0 9.17337 -16.46054 13.84307 -4.3328 3143150.0
9200.0 3.0 9.25004 -16.52089 13.83182 -4.31353 3303660.0
9400.0 3.0 9.7362 -17.40358 14.54339 -4.52869 3463660.0
9600.0 3.0 10.71961 -19.27844 16.11992 -5.02223 3597970.0
9800.0 3.0 10.76924 -19.26619 16.03597 -4.97804 3769810.0
10000.0 3.0 11.28283 -20.1978 16.78595 -5.20491 3963960.0
10200.0 3.0 11.84368 -21.21165 17.59764 -5.44897 4121560.0
10400.0 3.0 12.40426 -22.23444 18.42075 -5.69734 4272160.0
10600.0 3.0 13.81041 -24.96676 20.74605 -6.43136 4522030.0
10800.0 3.0 13.39362 -24.06842 19.91108 -6.15044 4611380.0
11000.0 3.0 13.87792 -24.97087 20.64417 -6.37266 4506880.0
11200.0 3.0 14.38703 -25.91729 21.41054 -6.60404 4301320.0
11400.0 3.0 16.28722 -29.62563 24.57072 -7.60084 4144500.0
11600.0 3.0 15.36481 -27.73172 22.87277 -7.04278 4259120.0
11800.0 3.0 15.72846 -28.40994 23.42001 -7.20703 4421600.0
12000.0 3.0 15.95611 -28.83842 23.764 -7.30957 4601450.0
2300.0 3.5 0.94561 -0.59037 1.31646 -0.55813 1015.63
2400.0 3.5 1.37744 -1.05878 1.50728 -0.60336 1062.38
2500.0 3.5 2.25978 -2.51182 2.5308 -0.90737 1321.36
2600.0 3.5 3.40513 -4.65549 4.20703 -1.41707 2138.43
2700.0 3.5 4.27195 -6.42394 5.67331 -1.8775 1646.11
2900.0 3.5 5.08305 -8.17443 7.1734 -2.35601 83077.1
3100.0 3.5 4.84253 -7.73547 6.80192 -2.23195 40235100.0
3200.0 3.5 5.10535 -8.28825 7.31659 -2.40041 122077000.0
3300.0 3.5 4.91003 -7.91138 6.98839 -2.28267 185373000.0
3400.0 3.5 4.88103 -8.01212 7.1485 -2.33677 214132000.0
3500.0 3.5 4.6399 -7.69483 6.91662 -2.2529 215825000.0
3600.0 3.5 4.40903 -7.3962 6.71544 -2.18087 213466000.0
3700.0 3.5 4.05753 -6.9032 6.4006 -2.08663 199964000.0
3800.0 3.5 3.88964 -6.70271 6.30058 -2.05549 186118000.0
3900.0 3.5 3.27169 -5.64259 5.47721 -1.80014 171254000.0
4000.0 3.5 3.71648 -6.59507 6.32554 -2.06915 162127000.0
4100.0 3.5 3.78716 -6.71161 6.41446 -2.10273 152289000.0
4200.0 3.5 3.69466 -6.50296 6.21428 -2.04061 144783000.0
4300.0 3.5 3.65962 -6.44057 6.16529 -2.03348 136341000.0
4400.0 3.5 3.64808 -6.42796 6.1603 -2.04015 121622000.0
4500.0 3.5 3.68653 -6.51311 6.24143 -2.07517 104264000.0
4600.0 3.5 3.53811 -6.17912 5.91962 -1.96954 74723300.0
4700.0 3.5 3.63692 -6.38175 6.09815 -2.03387 36310900.0
4800.0 3.5 3.64862 -6.3877 6.08544 -2.03051 11140200.0
4900.0 3.5 3.61916 -6.29877 5.97858 -1.99311 3302530.0
5100.0 3.5 3.80601 -6.65262 6.24222 -2.07111 114924.0
5200.0 3.5 3.88565 -6.82719 6.39646 -2.12449 134024.0
5300.0 3.5 4.00531 -7.08153 6.64357 -2.222 169085.0
5400.0 3.5 3.87708 -6.81899 6.40132 -2.14337 217973.0
5500.0 3.5 4.09703 -7.2688 6.79599 -2.27461 199742.0
5600.0 3.5 4.09787 -7.25772 6.76973 -2.26459 215876.0
5700.0 3.5 4.22323 -7.52613 7.01001 -2.34624 221232.0
5800.0 3.5 4.35089 -7.78137 7.23073 -2.41852 255053.0
5900.0 3.5 4.32488 -7.71792 7.15169 -2.38922 289957.0
6000.0 3.5 4.32665 -7.7184 7.14064 -2.38435 332557.0
6100.0 3.5 4.36529 -7.78915 7.19128 -2.39939 386574.0
6200.0 3.5 4.47057 -8.00726 7.37407 -2.4578 450537.0
6300.0 3.5 4.36207 -7.75139 7.11383 -2.36573 552581.0
6400.0 3.5 4.36836 -7.74874 7.08781 -2.35237 636364.0
6500.0 3.5 4.45336 -7.89392 7.18745 -2.37952 753778.0
6600.0 3.5 4.51527 -8.00978 7.2731 -2.40462 830803.0
6700.0 3.5 4.51448 -7.96676 7.19499 -2.37122 958783.0
6800.0 3.5 4.54665 -8.00858 7.20465 -2.36947 1060280.0
6900.0 3.5 4.56729 -8.06079 7.25151 -2.38661 1114890.0
7000.0 3.5 4.44269 -7.78646 6.98361 -2.29478 1215630.0
7200.0 3.5 4.30363 -7.48772 6.68722 -2.19368 1438250.0
7400.0 3.5 4.20414 -7.2643 6.45158 -2.10996 1710350.0
7600.0 3.5 4.14267 -7.1187 6.28327 -2.04706 2002940.0
7800.0 3.5 4.30664 -7.45713 6.57043 -2.14461 2270680.0
8000.0 3.5 4.57502 -7.97691 6.9837 -2.26444 2460580.0
8200.0 3.5 4.78212 -8.38236 7.307 -2.36099 2550280.0
8400.0 3.5 4.98656 -8.78583 7.63364 -2.45961 2648950.0
8600.0 3.5 5.19972 -9.20208 7.9712 -2.56142 2609070.0
8800.0 3.5 5.32231 -9.40355 8.10199 -2.59148 2575440.0
9000.0 3.5 5.48831 -9.70477 8.3347 -2.65864 2681990.0
9200.0 3.5 5.66779 -10.04211 8.60902 -2.74214 2816210.0
9400.0 3.5 6.07267 -10.83528 9.29008 -2.95956 2955760.0
9600.0 3.5 6.30827 -11.2722 9.64787 -3.06963 3054320.0
9800.0 3.5 6.38958 -11.37908 9.70321 -3.07868 3203990.0
10000.0 3.5 6.63744 -11.83798 10.08008 -3.1953 3369680.0
10200.0 3.5 6.87965 -12.27771 10.43514 -3.30369 3478020.0
10400.0 3.5 7.37723 -13.24829 11.26737 -3.56946 3628240.0
10600.0 3.5 7.62536 -13.71021 11.6461 -3.68647 3806860.0
10800.0 3.5 7.92082 -14.26172 12.0974 -3.82514 3747500.0
11000.0 3.5 8.27063 -14.91751 12.63447 -3.98975 3575020.0
11200.0 3.5 8.30753 -14.92156 12.58135 -3.95828 3376860.0
11400.0 3.5 8.37747 -15.15991 12.83968 -4.05391 3870180.0
11600.0 3.5 8.145 -14.66296 12.37197 -3.89434 3997140.0
11800.0 3.5 8.65941 -15.54023 13.0302 -4.0792 3720570.0
12000.0 3.5 8.84592 -15.89581 13.31695 -4.16513 3843720.0
2300.0 4.0 0.64123 -0.16717 1.04781 -0.4884 1642.76
2400.0 4.0 0.52461 0.38972 0.41529 -0.27935 1664.84
2500.0 4.0 0.91042 0.02444 0.46652 -0.2683 1674.08
2600.0 4.0 1.7765 -1.42437 1.46385 -0.54949 5894.63
2700.0 4.0 2.65769 -3.12052 2.78972 -0.95028 3207.71
2900.0 4.0 3.82378 -5.65655 4.96253 -1.64866 86499.5
3100.0 4.0 3.95667 -6.04536 5.30805 -1.76007 76815300.0
3200.0 4.0 4.05814 -6.27457 5.51728 -1.82767 168509000.0
3300.0 4.0 4.06401 -6.33194 5.5943 -1.85618 233942000.0
3400.0 4.0 3.85062 -5.94492 5.26827 -1.748 262451000.0
3500.0 4.0 3.73226 -5.82114 5.2114 -1.73502 263805000.0
3600.0 4.0 3.38873 -5.18734 4.65884 -1.54409 257939000.0
3700.0 4.0 3.25398 -5.02912 4.5718 -1.51263 243400000.0
3800.0 4.0 2.89662 -4.39517 4.05869 -1.33584 229738000.0
3900.0 4.0 2.67386 -4.10786 3.89233 -1.28181 212647000.0
4000.0 4.0 2.44794 -3.78507 3.69476 -1.22021 200051000.0
4100.0 4.0 2.27533 -3.62289 3.69257 -1.24271 184440000.0
4200.0 4.0 2.56653 -4.40837 4.5101 -1.53003 172938000.0
4300.0 4.0 2.59373 -4.44123 4.50066 -1.51756 158045000.0
4400.0 4.0 2.601 -4.4624 4.52192 -1.5308 137177000.0
4500.0 4.0 2.53267 -4.32036 4.394 -1.49539 111186000.0
4600.0 4.0 2.5122 -4.26976 4.34252 -1.4835 74109200.0
4700.0 4.0 2.47548 -4.17641 4.24455 -1.45371 33707200.0
4800.0 4.0 2.48174 -4.17308 4.22729 -1.45035 9852050.0
4900.0 4.0 2.45063 -4.0976 4.14509 -1.42473 3288400.0
5100.0 4.0 2.6863 -4.57179 4.55167 -1.56684 164194.0
5200.0 4.0 2.73 -4.66824 4.63635 -1.59887 200230.0
5300.0 4.0 2.72637 -4.66152 4.62442 -1.59764 265825.0
5400.0 4.0 2.67755 -4.55972 4.52357 -1.56521 357288.0
5500.0 4.0 2.72564 -4.65492 4.59845 -1.59044 275481.0
5600.0 4.0 2.79358 -4.80633 4.73492 -1.63863 304921.0
5700.0 4.0 2.69806 -4.59483 4.52563 -1.5668 321442.0
5800.0 4.0 2.72813 -4.66056 4.57875 -1.58506 343663.0
5900.0 4.0 2.75266 -4.71588 4.62273 -1.59999 383248.0
6000.0 4.0 2.8164 -4.85823 4.74906 -1.64302 425216.0
6100.0 4.0 2.82786 -4.88563 4.77091 -1.65077 486011.0
6200.0 4.0 2.80048 -4.82439 4.70135 -1.62514 556246.0
6300.0 4.0 2.8185 -4.85934 4.71691 -1.62727 642879.0
6400.0 4.0 2.86792 -4.9626 4.80026 -1.65349 753685.0
6500.0 4.0 2.88923 -4.99402 4.8092 -1.65254 869609.0
6600.0 4.0 2.89645 -4.99934 4.79637 -1.64489 1001500.0
6700.0 4.0 2.9141 -5.02035 4.79423 -1.64013 1130460.0
6800.0 4.0 2.92385 -5.02397 4.77587 -1.63001 1260120.0
6900.0 4.0 2.92431 -5.00935 4.74221 -1.61531 1372360.0
7000.0 4.0 2.94057 -5.02899 4.74068 -1.6117 1481680.0
7200.0 4.0 2.9755 -5.06758 4.73008 -1.60069 1729350.0
7400.0 4.0 2.84292 -4.77987 4.44395 -1.50222 1927810.0
7600.0 4.0 2.76193 -4.58522 4.2526 -1.45047 2153830.0
7800.0 4.0 2.88251 -4.85558 4.47541 -1.51029 2369140.0
8000.0 4.0 2.8676 -4.78747 4.35751 -1.45692 2527300.0
8200.0 4.0 2.97971 -4.99655 4.49841 -1.49167 2614880.0
8400.0 4.0 3.07985 -5.18528 4.62745 -1.52401 2717200.0
8600.0 4.0 3.16684 -5.37702 4.78953 -1.57715 2743770.0
8800.0 4.0 3.38916 -5.81806 5.15437 -1.68946 2552460.0
9000.0 4.0 3.45113 -5.94832 5.25767 -1.71985 2757710.0
9200.0 4.0 3.62086 -6.29595 5.55789 -1.81613 2881030.0
9400.0 4.0 3.72468 -6.49605 5.7211 -1.86611 2997120.0
9600.0 4.0 3.73127 -6.48754 5.69405 -1.85264 3128110.0
9800.0 4.0 3.86497 -6.74115 5.90467 -1.91854 3230320.0
10000.0 4.0 3.99985 -6.99802 6.12026 -1.9868 3416820.0
10200.0 4.0 4.10993 -7.20031 6.28535 -2.03813 3548000.0
10400.0 4.0 4.32208 -7.61778 6.6473 -2.15555 3643250.0
10600.0 4.0 4.32696 -7.59703 6.60716 -2.13791 3866580.0
10800.0 4.0 4.57381 -8.08434 7.02905 -2.27441 3829150.0
11000.0 4.0 4.77036 -8.45326 7.33268 -2.36858 3640550.0
11200.0 4.0 5.01937 -8.92158 7.71741 -2.48713 3382440.0
11400.0 4.0 5.04584 -8.94447 7.7092 -2.47754 3512140.0
11600.0 4.0 4.76294 -8.4386 7.28783 -2.34596 4026900.0
11800.0 4.0 4.83135 -8.57692 7.40061 -2.38044 4160560.0
12000.0 4.0 4.8862 -8.69163 7.4942 -2.40888 4297920.0
2300.0 4.5 0.4949 0.2175 0.61009 -0.33064 2725.99
2400.0 4.5 0.3255 0.67503 0.24877 -0.25063 2538.23
2500.0 4.5 0.48939 0.61135 0.14215 -0.19698 2424.92
2600.0 4.5 0.67381 0.7259 -0.32428 0.01577 3725.7
2700.0 4.5 1.49554 -0.71845 0.69206 -0.26838 3424.96
2900.0 4.5 2.95685 -3.84392 3.34683 -1.1203 90082.8
3100.0 4.5 3.35603 -4.84773 4.23107 -1.40944 72023200.0
3200.0 4.5 3.49182 -5.19479 4.5543 -1.51925 174700000.0
3300.0 4.5 3.49176 -5.23373 4.59388 -1.5327 253082000.0
3400.0 4.5 3.3763 -5.03521 4.42426 -1.47707 288475000.0
3500.0 4.5 3.26674 -4.8698 4.29954 -1.43976 293826000.0
3600.0 4.5 3.03885 -4.4319 3.90378 -1.30349 286531000.0
3700.0 4.5 2.91515 -4.24009 3.7535 -1.25188 268808000.0
3800.0 4.5 2.76979 -4.00013 3.56406 -1.18391 251562000.0
3900.0 4.5 2.50516 -3.53886 3.19472 -1.05651 234469000.0
4000.0 4.5 2.35819 -3.35613 3.10858 -1.02765 219310000.0
4100.0 4.5 2.01964 -2.74431 2.63551 -0.87045 206014000.0
4200.0 4.5 1.87479 -2.63287 2.66325 -0.8933 188495000.0
4300.0 4.5 1.80642 -2.67581 2.85229 -0.98331 169248000.0
4400.0 4.5 1.94854 -3.19694 3.47236 -1.21727 141723000.0
4500.0 4.5 1.94996 -3.18225 3.41901 -1.18678 110663000.0
4600.0 4.5 1.89468 -3.06299 3.30907 -1.15668 70630300.0
4700.0 4.5 1.89589 -3.0556 3.29612 -1.1576 29536500.0
4800.0 4.5 1.90939 -3.07372 3.30612 -1.16588 9509820.0
4900.0 4.5 1.91484 -3.07127 3.29573 -1.1673 3896120.0
5100.0 4.5 2.01353 -3.26596 3.44515 -1.22064 225130.0
5200.0 4.5 2.01283 -3.26025 3.43067 -1.21818 297310.0
5300.0 4.5 2.01236 -3.25734 3.41911 -1.21627 403607.0
5400.0 4.5 2.02207 -3.28067 3.43492 -1.22404 528181.0
5500.0 4.5 1.99986 -3.23299 3.37969 -1.20536 382719.0
5600.0 4.5 1.99805 -3.23129 3.37176 -1.20422 404960.0
5700.0 4.5 1.99102 -3.2121 3.34233 -1.19386 424146.0
5800.0 4.5 2.05989 -3.37431 3.52126 -1.2763 443497.0
5900.0 4.5 2.03777 -3.33332 3.48535 -1.26692 470647.0
6000.0 4.5 2.06817 -3.39939 3.53476 -1.28417 521260.0
6100.0 4.5 2.09009 -3.45467 3.58407 -1.30282 585856.0
6200.0 4.5 2.10017 -3.48531 3.61092 -1.31363 666897.0
6300.0 4.5 2.11173 -3.51853 3.64296 -1.32663 770681.0
6400.0 4.5 2.1262 -3.55905 3.67535 -1.33781 879645.0
6500.0 4.5 2.14438 -3.60323 3.71385 -1.35161 1023450.0
6600.0 4.5 2.18239 -3.68841 3.78493 -1.3748 1179060.0
6700.0 4.5 2.21144 -3.7537 3.83876 -1.39226 1347210.0
6800.0 4.5 2.23872 -3.81385 3.88641 -1.40708 1504730.0
6900.0 4.5 2.26689 -3.87043 3.92696 -1.41848 1670130.0
7000.0 4.5 2.2826 -3.90446 3.9484 -1.42342 1791610.0
7200.0 4.5 2.31472 -3.95955 3.96568 -1.42095 2036170.0
7400.0 4.5 2.17102 -3.53199 3.45577 -1.22823 2255370.0
7600.0 4.5 2.31018 -3.89208 3.80711 -1.34201 2469960.0
7800.0 4.5 2.15966 -3.53089 3.41941 -1.19791 2667150.0
8000.0 4.5 2.14945 -3.48108 3.32643 -1.15485 2841630.0
8200.0 4.5 2.16735 -3.49349 3.28837 -1.12916 2957470.0
8400.0 4.5 2.18976 -3.51977 3.26765 -1.11101 3069490.0
8600.0 4.5 2.26516 -3.66233 3.359 -1.13218 3180640.0
8800.0 4.5 2.34876 -3.83326 3.48838 -1.16922 3117430.0
9000.0 4.5 2.42345 -3.99925 3.6277 -1.21379 3081770.0
9200.0 4.5 2.52502 -4.21667 3.81402 -1.27314 3227240.0
9400.0 4.5 2.59118 -4.35672 3.93111 -1.30966 3371500.0
9600.0 4.5 2.68417 -4.53879 4.08319 -1.3574 3475570.0
9800.0 4.5 2.706 -4.57667 4.104 -1.36122 3636380.0
10000.0 4.5 2.78576 -4.73011 4.23099 -1.40102 3758870.0
10200.0 4.5 2.84635 -4.84405 4.32394 -1.43007 3974380.0
10400.0 4.5 2.92209 -4.98639 4.44162 -1.46725 4103280.0
10600.0 4.5 2.99619 -5.12328 4.55334 -1.50224 4220430.0
10800.0 4.5 3.05306 -5.2272 4.63709 -1.52848 4451500.0
11000.0 4.5 3.10776 -5.31406 4.69571 -1.54373 4345140.0
11200.0 4.5 3.28141 -5.65448 4.98749 -1.63748 4106360.0
11400.0 4.5 3.37464 -5.81619 5.10771 -1.6714 3911100.0
11600.0 4.5 3.5188 -6.10681 5.35953 -1.75296 4041330.0
11800.0 4.5 3.58923 -6.24391 5.4702 -1.78673 4168780.0
12000.0 4.5 3.58882 -6.23195 5.44312 -1.77371 4308030.0
2300.0 5.0 0.42156 0.25305 0.65477 -0.37543 4273.22
2400.0 5.0 0.10762 1.29309 -0.45454 0.0069 4290.27
2500.0 5.0 0.0826 1.34532 -0.4591 -0.00151 3599.74
2600.0 5.0 0.29136 1.272 -0.63336 0.08795 3111.11
2700.0 5.0 0.60633 1.03788 -0.7669 0.19301 4385.02
2900.0 5.0 2.07547 -1.97466 1.68038 -0.56915 93701.3
3100.0 5.0 2.75153 -3.60022 3.12066 -1.04633 54184500.0
3200.0 5.0 2.87616 -3.93766 3.419 -1.14497 162272000.0
3300.0 5.0 2.93341 -4.11859 3.58081 -1.19883 260779000.0
3400.0 5.0 2.88899 -4.0727 3.53774 -1.18375 311787000.0
3500.0 5.0 2.78526 -3.89193 3.37159 -1.12714 323638000.0
3600.0 5.0 2.68939 -3.72889 3.22493 -1.07702 316959000.0
3700.0 5.0 2.57844 -3.52588 3.03941 -1.01165 296289000.0
3800.0 5.0 2.47774 -3.36841 2.91418 -0.96934 271110000.0
3900.0 5.0 2.38126 -3.20802 2.7901 -0.9256 250447000.0
4000.0 5.0 2.20169 -2.90994 2.56698 -0.85104 227629000.0
4100.0 5.0 1.99389 -2.55573 2.30598 -0.76335 209288000.0
4200.0 5.0 1.80619 -2.2626 2.11839 -0.70223 189604000.0
4300.0 5.0 1.56979 -1.85025 1.82838 -0.60922 171825000.0
4400.0 5.0 1.35207 -1.5971 1.74733 -0.60395 137387000.0
4500.0 5.0 1.35547 -1.76835 2.05266 -0.73668 113269000.0
4600.0 5.0 1.47716 -2.24124 2.63887 -0.96624 70426100.0
4700.0 5.0 1.54167 -2.39214 2.76526 -1.00358 30973500.0
4800.0 5.0 1.50275 -2.27854 2.62793 -0.95128 10641200.0
4900.0 5.0 1.5028 -2.26659 2.61037 -0.95061 4787970.0
5100.0 5.0 1.57644 -2.41395 2.72455 -0.99556 325686.0
5200.0 5.0 1.57625 -2.40608 2.70684 -0.99207 460094.0
5300.0 5.0 1.56142 -2.37259 2.66822 -0.9818 673096.0
5400.0 5.0 1.5232 -2.29566 2.59013 -0.95725 747404.0
5500.0 5.0 1.52532 -2.29904 2.58438 -0.95669 546495.0
5600.0 5.0 1.56418 -2.38621 2.68744 -1.01333 550376.0
5700.0 5.0 1.55917 -2.37706 2.67338 -1.01129 563757.0
5800.0 5.0 1.56026 -2.38234 2.67345 -1.01391 600833.0
5900.0 5.0 1.56344 -2.39436 2.68094 -1.01888 646118.0
6000.0 5.0 1.55801 -2.38972 2.67359 -1.01855 694237.0
6100.0 5.0 1.55581 -2.39676 2.68477 -1.02567 766056.0
6200.0 5.0 1.56263 -2.41884 2.70234 -1.0334 852809.0
6300.0 5.0 1.55458 -2.41622 2.69718 -1.03308 984093.0
6400.0 5.0 1.59531 -2.51298 2.7853 -1.06426 1113370.0
6500.0 5.0 1.60688 -2.54761 2.81587 -1.07559 1274880.0
6600.0 5.0 1.61842 -2.58141 2.84509 -1.08605 1457500.0
6700.0 5.0 1.63406 -2.62348 2.88163 -1.09872 1662940.0
6800.0 5.0 1.63648 -2.63177 2.88367 -1.09879 1885920.0
6900.0 5.0 1.66095 -2.6894 2.932 -1.11445 2095260.0
7000.0 5.0 1.68697 -2.75016 2.98265 -1.13052 2288340.0
7200.0 5.0 1.71218 -2.80418 3.01163 -1.13518 2632220.0
7400.0 5.0 1.7316 -2.84082 3.02073 -1.1316 2902180.0
7600.0 5.0 1.74784 -2.86092 3.00347 -1.11577 3151680.0
7800.0 5.0 1.75712 -2.85697 2.95477 -1.08661 3391390.0
8000.0 5.0 1.73492 -2.77376 2.82344 -1.02709 3620610.0
8200.0 5.0 1.5982 -2.43723 2.4457 -0.88074 3813430.0
8400.0 5.0 1.58381 -2.38351 2.3518 -0.83737 3961420.0
8600.0 5.0 1.61106 -2.42594 2.3512 -0.82698 4123960.0
8800.0 5.0 1.64846 -2.49154 2.37306 -0.82494 4255590.0
9000.0 5.0 1.66994 -2.53151 2.37969 -0.81932 4111610.0
9200.0 5.0 1.75229 -2.70887 2.52535 -0.86445 4128560.0
9400.0 5.0 1.79327 -2.81427 2.62013 -0.89684 4323800.0
9600.0 5.0 1.83414 -2.89923 2.68524 -0.91565 4491250.0
9800.0 5.0 1.88469 -3.00818 2.77775 -0.94519 4709090.0
10000.0 5.0 1.92558 -3.0872 2.83845 -0.96299 4840860.0
10200.0 5.0 1.99 -3.21769 2.94984 -0.99894 5011690.0
10400.0 5.0 2.03046 -3.29445 3.01104 -1.0178 5294890.0
10600.0 5.0 2.07627 -3.38023 3.08016 -1.03937 5475540.0
10800.0 5.0 2.12595 -3.47187 3.15356 -1.06211 5582070.0
11000.0 5.0 2.15543 -3.52263 3.1907 -1.07299 5922860.0
11200.0 5.0 2.21289 -3.63003 3.278 -1.1003 5823820.0
11400.0 5.0 2.28591 -3.76813 3.39179 -1.13602 5537870.0
11600.0 5.0 2.16376 -3.54351 3.18917 -1.06781 5809990.0
11800.0 5.0 2.18357 -3.58431 3.22029 -1.0771 5965540.0
12000.0 5.0 2.2132 -3.65065 3.27735 -1.09566 6137970.0
2300.0 5.5 0.61806 -0.02027 0.72854 -0.37801 6901.29
2400.0 5.5 0.00072 1.66345 -0.94862 0.20452 6310.68
2500.0 5.5 -0.16677 2.17842 -1.4484 0.3598 5512.44
2600.0 5.5 0.13944 1.4277 -0.6732 0.08328 4145.81
2700.0 5.5 0.25389 1.61936 -1.16793 0.30547 4093.3
2900.0 5.5 1.35872 -0.46871 0.3754 -0.14446 90976.1
3100.0 5.5 2.17655 -2.36483 2.02077 -0.68396 35210100.0
3200.0 5.5 2.40745 -2.94378 2.53261 -0.85429 129717000.0
3300.0 5.5 2.5263 -3.27164 2.81828 -0.94784 244025000.0
3400.0 5.5 2.5607 -3.40598 2.93061 -0.98288 314656000.0
3500.0 5.5 2.53462 -3.39324 2.90748 -0.97215 339554000.0
3600.0 5.5 2.47369 -3.29467 2.8033 -0.93269 336576000.0
3700.0 5.5 2.38166 -3.13748 2.65752 -0.8817 311970000.0
3800.0 5.5 2.32254 -3.04599 2.57521 -0.85253 281995000.0
3900.0 5.5 2.22137 -2.87418 2.4301 -0.80317 250026000.0
4000.0 5.5 2.09597 -2.64651 2.24096 -0.73893 221630000.0
4100.0 5.5 1.98716 -2.46689 2.11508 -0.69841 194515000.0
4200.0 5.5 1.65685 -1.84841 1.60457 -0.52854 149327000.0
4300.0 5.5 1.68688 -1.94841 1.75076 -0.57775 144685000.0
4400.0 5.5 1.50815 -1.69465 1.6196 -0.54268 115191000.0
4500.0 5.5 1.32608 -1.39438 1.43799 -0.49125 90234700.0
4600.0 5.5 1.17226 -1.24639 1.45274 -0.5237 55048200.0
4700.0 5.5 1.15852 -1.38637 1.73634 -0.65451 30817500.0
4800.0 5.5 1.1704 -1.60806 2.08845 -0.80767 10699700.0
4900.0 5.5 1.32592 -1.97982 2.43912 -0.9255 5694510.0
5100.0 5.5 1.28506 -1.86604 2.27937 -0.86148 556582.0
5200.0 5.5 1.2726 -1.82786 2.23178 -0.84755 834335.0
5300.0 5.5 1.34018 -1.99026 2.41021 -0.92608 1077030.0
5400.0 5.5 1.30243 -1.87549 2.28193 -0.88843 1183320.0
5500.0 5.5 1.31371 -1.89351 2.28825 -0.893 876154.0
5600.0 5.5 1.28338 -1.82969 2.22377 -0.87498 796712.0
5700.0 5.5 1.26822 -1.79436 2.18208 -0.86305 801616.0
5800.0 5.5 1.25674 -1.7694 2.15146 -0.85484 832485.0
5900.0 5.5 1.25134 -1.76948 2.15569 -0.85996 861319.0
6000.0 5.5 1.23588 -1.73601 2.11268 -0.84654 939813.0
6100.0 5.5 1.23605 -1.74023 2.11113 -0.84748 1026360.0
6200.0 5.5 1.17582 -1.54574 1.88658 -0.76919 1135590.0
6300.0 5.5 1.15193 -1.46398 1.77453 -0.72482 1239610.0
6400.0 5.5 1.15168 -1.46221 1.75986 -0.71923 1435210.0
6500.0 5.5 1.14936 -1.46169 1.7557 -0.71855 1580600.0
6600.0 5.5 1.15323 -1.47483 1.76056 -0.72025 1855060.0
6700.0 5.5 1.15573 -1.48618 1.76706 -0.72282 2104200.0
6800.0 5.5 1.1572 -1.49531 1.77192 -0.72478 2376270.0
6900.0 5.5 1.15999 -1.5068 1.77858 -0.72678 2640740.0
7000.0 5.5 1.16792 -1.53031 1.79812 -0.73403 2928810.0
7200.0 5.5 1.17796 -1.5642 1.8238 -0.74272 3408530.0
7400.0 5.5 1.18822 -1.59562 1.84522 -0.74918 3792760.0
7600.0 5.5 1.19819 -1.62678 1.86606 -0.75488 4126410.0
7800.0 5.5 1.21293 -1.66645 1.891 -0.76028 4442910.0
8000.0 5.5 1.25187 -1.7218 1.84665 -0.71363 4728410.0
8200.0 5.5 1.28318 -1.78789 1.88554 -0.71946 5008560.0
8400.0 5.5 1.32882 -1.89614 1.97478 -0.7435 5248110.0
8600.0 5.5 1.28328 -1.83009 1.90322 -0.70475 5483950.0
8800.0 5.5 1.2547 -1.74607 1.77925 -0.64996 5709170.0
9000.0 5.5 1.27164 -1.76909 1.76341 -0.63497 5892080.0
9200.0 5.5 1.29634 -1.81621 1.77542 -0.63104 5805540.0
9400.0 5.5 1.33186 -1.88955 1.81975 -0.63998 5714220.0
9600.0 5.5 1.35523 -1.93942 1.85074 -0.64721 5995640.0
9800.0 5.5 1.38959 -2.0261 1.92713 -0.67314 6203880.0
10000.0 5.5 1.43299 -2.12155 2.00747 -0.69863 6473910.0
10200.0 5.5 1.47742 -2.21513 2.0853 -0.72316 6681340.0
10400.0 5.5 1.52636 -2.31663 2.17126 -0.75075 6912150.0
10600.0 5.5 1.5626 -2.3884 2.22942 -0.76895 7272010.0
10800.0 5.5 1.59843 -2.45684 2.28384 -0.78577 7563890.0
11000.0 5.5 1.63876 -2.5332 2.34508 -0.80478 7664030.0
11200.0 5.5 1.65548 -2.55845 2.35881 -0.80766 8123630.0
11400.0 5.5 1.69085 -2.61079 2.39609 -0.81862 8429880.0
11600.0 5.5 1.72512 -2.68715 2.45874 -0.83782 7909540.0
11800.0 5.5 1.76457 -2.75009 2.50752 -0.85319 7946900.0
12000.0 5.5 1.77693 -2.77025 2.51845 -0.85547 8077240.0
2300.0 6.0 0.60107 -0.03764 0.7996 -0.43033 8968.59
2400.0 6.0 0.22827 1.08058 -0.37525 -0.01342 8933.64
2500.0 6.0 0.08395 1.63809 -1.00143 0.213 8029.61
2600.0 6.0 0.00487 1.64151 -0.83997 0.13522 5294.76
2700.0 6.0 0.10433 1.85193 -1.32831 0.35052 5675.75
2900.0 6.0 0.78451 0.72873 -0.65307 0.19101 97649.5
3100.0 6.0 1.6779 -1.29882 1.09549 -0.38297 21934800.0
3200.0 6.0 1.96688 -1.98485 1.68246 -0.57435 93454700.0
3300.0 6.0 2.16027 -2.47468 2.10978 -0.71552 208361000.0
3400.0 6.0 2.29747 -2.84869 2.44112 -0.82482 299268000.0
3500.0 6.0 2.36041 -3.03112 2.58808 -0.86967 342394000.0
3600.0 6.0 2.38166 -3.12558 2.65971 -0.88937 347746000.0
3700.0 6.0 2.34817 -3.09243 2.62065 -0.87337 323913000.0
3800.0 6.0 2.3068 -3.03442 2.55561 -0.84715 284570000.0
3900.0 6.0 2.23409 -2.91666 2.4498 -0.81014 247224000.0
4000.0 6.0 2.06968 -2.61443 2.18615 -0.72163 203868000.0
4100.0 6.0 1.92904 -2.33107 1.93139 -0.63324 167138000.0
4200.0 6.0 1.80251 -2.10498 1.75596 -0.57677 130476000.0
4300.0 6.0 1.66158 -1.85905 1.57711 -0.52044 95975000.0
4400.0 6.0 1.51552 -1.54578 1.31317 -0.42747 74106900.0
4500.0 6.0 1.37056 -1.33183 1.20046 -0.39741 47287200.0
4600.0 6.0 1.26203 -1.20181 1.17714 -0.40039 29687500.0
4700.0 6.0 1.11946 -0.97557 1.06405 -0.37652 18884100.0
4800.0 6.0 0.92823 -0.73441 0.99061 -0.38276 7638190.0
4900.0 6.0 1.04636 -1.13288 1.49946 -0.58985 6454490.0
5100.0 6.0 1.14046 -1.58289 2.07808 -0.82408 777473.0
5200.0 6.0 1.16797 -1.63961 2.12561 -0.84308 1162890.0
5300.0 6.0 1.13303 -1.55473 2.03682 -0.81647 2029150.0
5400.0 6.0 1.12156 -1.51958 1.99333 -0.80493 1914330.0
5500.0 6.0 1.10892 -1.48222 1.94662 -0.79156 1351450.0
5600.0 6.0 1.09501 -1.44338 1.89816 -0.77709 1216530.0
5700.0 6.0 1.08057 -1.40684 1.85363 -0.76402 1180140.0
5800.0 6.0 1.06012 -1.35847 1.79794 -0.74661 1193590.0
5900.0 6.0 1.03838 -1.31372 1.74967 -0.73232 1222070.0
6000.0 6.0 1.0268 -1.29469 1.73043 -0.72801 1283970.0
6100.0 6.0 0.92662 -0.98681 1.37598 -0.60073 1371590.0
6200.0 6.0 0.90851 -0.91791 1.27546 -0.56128 1488490.0
6300.0 6.0 0.89979 -0.88859 1.23052 -0.5446 1644900.0
6400.0 6.0 0.8977 -0.87892 1.20763 -0.53601 1839710.0
6500.0 6.0 0.90327 -0.90816 1.23504 -0.54715 2055440.0
6600.0 6.0 0.90089 -0.90359 1.22132 -0.54216 2331890.0
6700.0 6.0 0.90052 -0.90481 1.21459 -0.53968 2649730.0
6800.0 6.0 0.90171 -0.91149 1.2148 -0.53973 2985550.0
6900.0 6.0 0.90214 -0.91807 1.21626 -0.54035 3351840.0
7000.0 6.0 0.90476 -0.92964 1.22324 -0.5429 3727120.0
7200.0 6.0 0.9067 -0.94548 1.2313 -0.5459 4422000.0
7400.0 6.0 0.91076 -0.96657 1.24592 -0.55117 4962750.0
7600.0 6.0 0.91331 -0.98507 1.26083 -0.55715 5421790.0
7800.0 6.0 0.91949 -1.0104 1.28005 -0.56358 5843490.0
8000.0 6.0 0.92984 -1.04809 1.31187 -0.57403 6263860.0
8200.0 6.0 0.95402 -1.10767 1.35705 -0.58656 6683960.0
8400.0 6.0 0.99046 -1.20426 1.43937 -0.61097 7073790.0
8600.0 6.0 1.03537 -1.31818 1.53342 -0.63709 7399330.0
8800.0 6.0 1.08082 -1.43126 1.62058 -0.65794 7710360.0
9000.0 6.0 1.12369 -1.53284 1.68769 -0.66826 8037200.0
9200.0 6.0 1.07313 -1.41141 1.52314 -0.59168 8305490.0
9400.0 6.0 1.08237 -1.39407 1.42205 -0.52813 8289750.0
9600.0 6.0 1.12964 -1.51136 1.51441 -0.54997 8139250.0
9800.0 6.0 1.15378 -1.56074 1.53902 -0.55298 8387240.0
10000.0 6.0 1.18063 -1.61909 1.57803 -0.56223 8686780.0
10200.0 6.0 1.2084 -1.6818 1.62697 -0.57712 8981440.0
10400.0 6.0 1.23838 -1.75084 1.68637 -0.5974 9312260.0
10600.0 6.0 1.26736 -1.80987 1.73153 -0.61061 9633220.0
10800.0 6.0 1.29295 -1.8597 1.76848 -0.62126 10061000.0
11000.0 6.0 1.3125 -1.89364 1.78957 -0.62625 10503600.0
11200.0 6.0 1.33714 -1.92321 1.80359 -0.62863 10828500.0
11400.0 6.0 1.34932 -1.93863 1.80697 -0.62753 11249500.0
11600.0 6.0 1.36269 -1.95716 1.81407 -0.62796 11429900.0
11800.0 6.0 1.36449 -1.9531 1.80196 -0.62225 11972900.0
12000.0 6.0 1.37498 -1.96719 1.80545 -0.62144 11772600.0
