Teff log(g) filter a1 a2 a3 a4
2300 4.0 g 0.7811483847707866 -1.21914579726078 2.3473958781650643 -0.8272371357597723
2300 4.5 g 0.7459491317395194 -1.058966239505627 2.092554767881539 -0.7229550965609417
2300 5.0 g 0.6013552539184287 -0.7098959749883595 1.7214412295168309 -0.5879964749763006
2300 5.5 g 0.9806200144181969 -1.184048362226612 1.8844135433073357 -0.6176072043770463
2300 6.0 g 0.9808035444225199 -1.0874116597550885 1.7294601595945343 -0.5661957195876686
2400 4.0 g 0.30789940952259137 0.05029493764476292 1.1408955561190708 -0.4485994461401413
2400 4.5 g 0.49983320635364953 -0.6326831703099383 1.8097644661165584 -0.6383858225591079
2400 5.0 g 0.4658418805274331 -0.4865028680950002 1.6282672399276132 -0.5887852940239563
2400 5.5 g 0.47439479404138624 -0.34131861080393355 1.3392413044150993 -0.4580960683809564
2400 6.0 g 0.6642483081969003 -0.5712780092254418 1.3825716393013014 -0.4472265641221092
2500 4.0 g 0.6159787189884975 -0.19783952394694093 1.1533417552419287 -0.4491049174247647
2500 4.5 g 0.3094625274163318 0.140592698937423 0.9510548759797469 -0.3513703376303983
2500 5.0 g 0.29404415404092443 -0.2491883399350459 1.4556994500209253 -0.4942066122642422
2500 5.5 g 0.46486449485065406 -0.505530475297121 1.5227450093202708 -0.47023829282726193
2500 6.0 g 0.623932250315793 -0.6900392470013931 1.6549005293343113 -0.5625896381935535
2600 4.0 g 0.9554828777351125 -0.6052439615138531 1.3459009764359262 -0.5171538036055553
2600 4.5 g 0.38243146604301925 0.20052683155897202 0.8462713670407994 -0.3575999624884649
2600 5.0 g 0.17775531674851108 0.29189966622026375 0.8704890601311399 -0.321535766973664
2600 5.5 g 0.3783720743895446 -0.44459475862564496 1.5792078056664678 -0.49780736083256616
2600 6.0 g 0.7310402700707261 -1.1691256260574752 2.0090868422725356 -0.5347983468597063
2700 4.0 g 1.4926045100879501 -1.495762105717582 1.986210989969367 -0.7253649215023101
2700 4.5 g 0.605659022145904 0.07534579729688473 0.7594199410083623 -0.3327778339159906
2700 5.0 g 0.24004704653533965 0.3943890628849388 0.7278156762403719 -0.3243153979655577
2700 5.5 g 0.2904239773100804 -0.08430122166533034 1.267520572393941 -0.44933551406145644
2700 6.0 g 0.40450563422589675 -0.5112516332254519 1.6018159816688438 -0.4789002048572711
2800 4.0 g 2.3120286132359844 -3.0641489586528596 3.2754761022892263 -1.1462184495417012
2800 4.5 g 1.1200665082481263 -0.7394892126844415 1.3112230591587337 -0.5104826979449092
2800 5.0 g 0.4273150723000039 0.37878815960838524 0.5205315071906524 -0.26061757133062957
2800 5.5 g 0.27847547274442247 0.2695778695273596 0.8339550738851297 -0.3526844022925468
2900 4.0 g 2.912298151320238 -4.295617604682698 4.340242982634867 -1.5021970609796027
2900 4.5 g 1.5763452957542055 -1.5328197379765944 1.8891071090296823 -0.6954515242019443
2900 5.0 g 0.7701176834415535 -0.05304932328495115 0.7099338981395533 -0.3188746455316276
2900 5.5 g 0.3971079161098342 0.3279748327007497 0.63047147723229 -0.30998063666029685
2900 6.0 g 0.3897058629014553 -0.18153724683834663 1.3804371192458549 -0.5602052767382092
3000 4.0 g 3.208410851020698 -4.9410546804786835 4.916773163754336 -1.6989719768874323
3000 4.5 g 2.024606823782898 -2.38899498113848 2.574555708654887 -0.9194747685103463
3000 5.5 g 0.5916528826658284 0.23651859566510428 0.5022066045714834 -0.26639537669235835
3000 6.0 g 0.3455383651418485 0.3117083197707181 0.7334384744749054 -0.37045601378681875
3100 4.0 g 3.480846818485908 -5.559466888457257 5.49900609327003 -1.8992680517202776
3100 4.5 g 2.3968767781265057 -3.15494688236181 3.228657673463827 -1.1384858287020057
3100 5.0 g 1.486153508016819 -1.2414967457515276 1.50729250287991 -0.568871221571072
3100 5.5 g 0.8261289434934633 -0.007237170532337078 0.5278408783250663 -0.2631566967530583
3100 6.0 g 0.4437919990611453 0.46500737675036374 0.3601318256044652 -0.24286948547502424
3200 4.0 g 3.86745960659913 -6.47383732761279 6.4009102044452275 -2.2148071613796727
3200 4.5 g 2.883348545118078 -4.232162931956447 4.227232112824808 -1.4833134537826524
3200 5.0 g 1.8844443616286264 -2.034824150986732 2.159647724497258 -0.7841335163610544
3200 5.5 g 1.1377496217173315 -0.4987258191398375 0.8150671370091128 -0.34415605834495616
3200 6.0 g 0.624154981126576 0.3884754700113566 0.1900882843336059 -0.1659638129951258
3300 4.0 g 4.118436989495449 -7.141187648213254 7.100908199413684 -2.465803640854239
3300 4.5 g 3.256099263291298 -5.101315547610349 5.064226959548122 -1.777663591576706
3300 5.0 g 2.3022813691868507 -2.9343771337881215 2.958284396426521 -1.05541054824658
3300 5.5 g 1.5529596355472086 -1.305274209698906 1.4478547589305109 -0.5462737602798249
3300 6.0 g 0.9168997478433268 -0.02824145574295045 0.3719223385595031 -0.2025004096436167
3400 4.0 g 4.407067849299541 -7.9325060979180195 7.9282688098916925 -2.760129919724663
3400 4.5 g 3.4982420295765966 -5.713012932173497 5.675834802341806 -1.9964414900584988
3400 5.0 g 2.5872693971473884 -3.5798158239527544 3.546391645403664 -1.2575507647069821
3400 5.5 g 1.8665932416548776 -1.94356567402843 1.9625806732809108 -0.7112809582328873
3400 6.0 g 1.2507190230655005 -0.6233952141343176 0.7698330995607648 -0.3147332467323508
3500 4.0 g 5.0015289096375275 -9.399600489346367 9.361345380235898 -3.2497273109934373
3500 4.5 g 3.797565425339483 -6.467683387932185 6.422796213526371 -2.2589987446037307
3500 5.0 g 2.81788672816232 -4.12966282768687 4.0601222233870695 -1.435066620806433
3500 5.5 g 2.1122049700485155 -2.472816760040055 2.4047551675943275 -0.8544714474425497
3500 6.0 g 1.545681580136921 -1.2021322790752902 1.2015178300548301 -0.4434881191211791
3600 4.0 g 5.5820131771641295 -10.818104666620721 10.717419015207588 -3.6954495850843103
3600 4.5 g 4.175425320603512 -7.408189858183856 7.3422579277451225 -2.575585527673653
3600 5.0 g 3.0232897409571677 -4.632864685612075 4.534786749851638 -1.5974919754118164
3600 5.5 g 2.318774472761194 -2.9453118941370637 2.819992604881884 -0.9918344184062379
3600 6.0 g 1.7956190990875094 -1.7313942048059976 1.6250241180867833 -0.5743533063512375
3700 4.0 g 5.873091508680189 -11.585136468946699 11.436442036103351 -3.9032591896686695
3700 4.5 g 4.457185097057858 -8.120037339660962 8.027351834870922 -2.8000790899559656
3700 5.0 g 3.2491862691827684 -5.1921130021947475 5.071723489705203 -1.7803184248978086
3700 5.5 g 2.495690741497959 -3.3708599198429763 3.205351759872883 -1.1198302634667705
3700 6.0 g 1.9757387035551435 -2.1328063494140754 1.958027055797094 -0.6789312850699354
3800 4.0 g 5.830108927583338 -11.65602390418271 11.518908296191507 -3.8822339229987928
3800 4.5 g 4.622357354582882 -8.599468505283363 8.507192385017515 -2.9466195587602457
3800 5.0 g 3.4381839985783667 -5.688822718197003 5.556467829882043 -1.9414430236331355
3800 5.5 g 2.636839776638616 -3.72678501286831 3.5384251254453574 -1.2304298877675175
3800 6.0 g 2.1472375681039857 -2.5454887344099077 2.3294782731641916 -0.8011173245789815
3900 4.0 g 6.018906946524722 -12.273637720065723 12.12590258386744 -4.042654600154957
3900 4.5 g 4.676509460986297 -8.889824920501267 8.827309040162286 -3.029708824785963
3900 5.0 g 3.4661631211529387 -5.8259609220553 5.70867074154751 -1.9828140103063419
3900 5.5 g 2.7916857644439235 -4.143976232187977 3.952740258461271 -1.3709987468552771
3900 6.0 g 2.259970958640826 -2.8434791710646823 2.61059101047678 -0.8946809561785054
4000 4.0 g 5.84140760049365 -12.06119483280373 11.966666090416316 -3.947963504212987
4000 4.5 g 4.512767708666635 -8.683621298386292 8.663809841636487 -2.931706112995516
4000 5.0 g 3.5285541498153994 -6.114314336529133 6.04075585436666 -2.0846298965083934
4000 5.5 g 2.819623659707165 -4.284526212859936 4.118420529361084 -1.4245173605106922
4000 6.0 g 2.3774907899726636 -3.195701530811459 2.9738564086200014 -1.0211532519987803
4100 4.0 g 5.731454798666458 -12.025255175786176 12.032850290158636 -3.9617518742674154
4100 4.5 g 4.128233849702729 -8.04185170336313 8.135738735564924 -2.7137612095728705
4100 5.0 g 3.373753100471607 -5.9372565439617375 5.9418487169792 -2.0288797626383337
4100 5.5 g 2.766131844103107 -4.261547975153617 4.145619268715931 -1.4276590833777056
4100 6.0 g 2.3687831696079873 -3.2421945292425667 3.051373988276447 -1.0482054641563052
4200 4.0 g 5.734437207344458 -12.136273658093671 12.19666845624561 -4.017917262749656
4200 4.5 g 4.060776402986686 -8.110606281209213 8.282407623480909 -2.7387259332740848
4200 5.0 g 3.150034227351561 -5.616441485446764 5.708397584499934 -1.9195346265861355
4200 5.5 g 2.740422550577052 -4.414288935431115 4.395947059047142 -1.5119236224712356
4200 6.0 g 2.330701682232422 -3.2457540151925133 3.1053090577265494 -1.066842866772368
4300 4.0 g 5.899235950214873 -12.485935336657064 12.52533800765413 -4.1376926773292935
4300 4.5 g 3.894248069676891 -7.94512909397087 8.249145802861714 -2.7294270703033883
4300 5.0 g 2.8266793991989863 -5.094471647697058 5.313075377531501 -1.7594636264635355
4300 5.5 g 2.4583969137851347 -3.8549768772479314 3.91133228428407 -1.3205536574153738
4300 6.0 g 2.280988809794614 -3.2473296140313805 3.1757030118525678 -1.0897806569176975
4400 4.0 g 5.883480191828428 -12.428295402495598 12.477585027578455 -4.134995664055466
4400 4.5 g 4.007367605536382 -8.38587789676734 8.790000583342568 -2.9336789672697234
4400 5.0 g 2.79344576316296 -5.295287144659634 5.646600854909863 -1.871850330158592
4400 5.5 g 2.3090275870816486 -3.7226597855001544 3.8839640880610253 -1.293546269597999
4400 6.0 g 2.0593405444651736 -2.844667980505115 2.864647397052808 -0.975230243444723
4500 4.0 g 5.903044352079893 -12.471091256532535 12.551800002029767 -4.1866467222035
4500 4.5 g 4.145949201356255 -8.709634754433312 9.108703709850174 -3.0498261251349565
4500 5.0 g 2.6478976751564662 -5.157608378293859 5.656778702009577 -1.8899785153266766
4500 5.5 g 2.080130008381653 -3.4131822486575523 3.715555669829869 -1.2277085578379545
4500 6.0 g 1.9548322286162587 -2.7748293876672703 2.889361836854769 -0.9732508500891762
4600 4.0 g 6.031768589337213 -12.755054747224065 12.850490524130475 -4.313703852435223
4600 4.5 g 4.138064181074706 -8.685870576378441 9.11714694408027 -3.0783682069782548
4600 5.0 g 2.787948238245327 -5.665163443772561 6.281509283793469 -2.1343350372414926
4600 5.5 g 2.051305029358496 -3.599693752033663 4.05507407950638 -1.3576995837520482
4600 6.0 g 1.8133860912396098 -2.6310588076942216 2.8558204521597 -0.9520586694080622
4700 4.0 g 6.183591640238589 -13.090594149515743 13.197023441461969 -4.456676284312793
4700 4.5 g 4.2329523170068315 -8.889915520543715 9.340997883497106 -3.180942275527551
4700 5.0 g 2.8514801475080964 -5.834068457551993 6.469625778450938 -2.2114877940214566
4700 5.5 g 1.9875996545199233 -3.6540809716463722 4.266320941492075 -1.4580998308745763
4700 6.0 g 1.6446896802632673 -2.439419058010959 2.8100467985940965 -0.9413554306612787
4800 4.0 g 6.408151425768268 -13.58010339155615 13.67948204608704 -4.6426844431617305
4800 4.5 g 4.346860224313034 -9.135638189571553 9.600326005212175 -3.293640549097262
4800 5.0 g 2.9261360266164695 -5.99750359649081 6.638618626759311 -2.282782838942767
4800 5.5 g 2.083142671681883 -4.062159500250436 4.805086952284831 -1.6793585399053954
4800 6.0 g 1.6076089901514126 -2.6022437103304266 3.1389901273065526 -1.0794023240744628
4900 4.0 g 6.727355577112582 -14.289367416725858 14.372381156763392 -4.900784105709895
4900 4.5 g 4.474472507457724 -9.404648481064083 9.8794018814045 -3.4136324133408817
4900 5.0 g 2.9867875240555732 -6.117705315723762 6.775392036970232 -2.3526309574977318
4900 5.5 g 2.2082256889126195 -4.378574419544218 5.14389137807839 -1.8112842501404631
4900 6.0 g 1.6115385971922458 -2.7465846282248547 3.407712998056263 -1.199553661565116
5100 4.0 g 7.873475645488371 -16.740674685231273 16.718258669316857 -5.7610594653068405
5100 4.5 g 5.134284528585384 -10.801128545211704 11.208758440516903 -3.90822598281089
5100 5.0 g 3.4228145186504633 -7.037340240827436 7.6711633972284785 -2.7039853010675055
5100 5.5 g 2.517449380716634 -5.06283207954874 5.818112422702704 -2.073223653484533
5100 6.0 g 1.8558747822320423 -3.4980560419679594 4.292045860139737 -1.5563612593843328
5200 4.0 g 8.0747706607967 -17.176284496825904 17.14487969170143 -5.925630917123178
5200 4.5 g 5.243191429100848 -11.028697597693334 11.436687584380921 -4.004577185330023
5200 5.0 g 3.481718217581674 -7.149750762342759 7.7896653640741755 -2.76345599909694
5200 5.5 g 2.540186701060905 -5.0922006347133975 5.856621041019994 -2.104505851536965
5200 6.0 g 1.9123826014412706 -3.61097592158059 4.41603058995808 -1.6166545584417071
5300 4.0 g 8.28696447473689 -17.63994920822288 17.597091681796805 -6.097333946855543
5300 4.5 g 5.507746236459252 -11.621687262253339 12.021465335319165 -4.225205073633408
5300 5.0 g 3.5456879754984603 -7.2767085819849235 7.92100709973832 -2.826189171377241
5300 5.5 g 2.520279413647386 -4.994220777943026 5.774752700261162 -2.1029304419963712
5300 6.0 g 1.9194499729878882 -3.5973461971836014 4.40821862529233 -1.6316167384102431
5400 4.0 g 8.535606292204946 -18.181834462133992 18.117898662791344 -6.2898461636782175
5400 4.5 g 5.641746155664854 -11.90579782071112 12.29674346486823 -4.333653171539993
5400 5.0 g 3.634797423261204 -7.4732082561553215 8.12189071545872 -2.9121545774594946
5400 5.5 g 2.5200481745744643 -4.892993390316737 5.637583646814525 -2.0689974154341235
5400 6.0 g 1.9248015164932122 -3.56965126949526 4.377541572976669 -1.635741462181497
5500 4.0 g 8.867400500254252 -18.8824247742865 18.772667864022896 -6.524144570631745
5500 4.5 g 5.843938814167688 -12.345104462406187 12.717656646190516 -4.490610852773176
5500 5.0 g 3.814140869884247 -7.861792406500633 8.498498657350416 -3.0559987275613856
5500 5.5 g 2.5492934881242215 -4.914281584322044 5.645048921150006 -2.0826230299883117
5500 6.0 g 1.9249778897794005 -3.5218048136114706 4.317654071057878 -1.6262134041232414
5600 4.0 g 9.361247383224068 -19.975690626408227 19.819125346275175 -6.896945071928242
5600 4.5 g 5.993439648633716 -12.659824500423731 13.016907149450322 -4.604708706393577
5600 5.0 g 3.7970278980062404 -7.684559871628081 8.277463522823298 -2.996660727862708
5600 5.5 g 2.640603796102172 -5.087073111387343 5.803891576594853 -2.150511496605745
5600 6.0 g 1.9328331685550448 -3.4962522689965083 4.281584343753284 -1.6254677351039988
5700 4.0 g 9.634297653368735 -20.57072154122967 20.38492402984965 -7.101243187192855
5700 4.5 g 6.292485434074812 -13.32390595484496 13.658035951271533 -4.838340520403857
5700 5.0 g 3.8637712513371527 -7.799821641464263 8.375826352247275 -3.0398435136798314
5700 5.5 g 2.6690930950897003 -5.110136399644164 5.810185224554573 -2.1614798775390858
5700 6.0 g 1.9807531662937978 -3.5595279266236237 4.32475004968192 -1.6491382841457443
5800 4.0 g 9.87711825507619 -21.08387468039893 20.863958026235217 -7.2731686195597165
5800 4.5 g 6.3447518512688035 -13.29911779534696 13.572412418754768 -4.819820369731741
5800 5.0 g 4.033149456222384 -8.154749476617596 8.707203256439485 -3.163741871305613
5800 5.5 g 2.6978544026089777 -5.134058313372941 5.815355416283894 -2.1706542828309217
5800 6.0 g 1.9906658815757707 -3.540032118074433 4.288990212330012 -1.6449443159683228
5900 4.0 g 10.106253090571265 -21.570722866213522 21.320250434550516 -7.437202852333828
5900 4.5 g 6.45286452380362 -13.523083774313369 13.78498587390966 -4.90074299824192
5900 5.0 g 4.1061455582297315 -8.283669383127522 8.814633202881076 -3.2073201488580136
5900 5.5 g 2.7864564737374424 -5.318382540295957 5.9894310483079805 -2.2384148470644325
5900 6.0 g 2.0040120983719136 -3.531715887531961 4.263432765005047 -1.643132839509708
6000 4.0 g 10.569249338547882 -22.600362596963883 22.30551950854704 -7.786109008316945
6000 4.5 g 6.611295647301188 -13.829072450305018 14.047460414445384 -4.995005950194625
6000 5.0 g 4.182369866260819 -8.423844362979573 8.9328917314732 -3.253554851828337
6000 5.5 g 2.841820670991221 -5.3918753178332555 6.030411899298066 -2.2579866098557173
6000 6.0 g 2.008214860328943 -3.510922035617102 4.227227090025523 -1.634014424318368
6100 4.0 g 10.732536735200503 -22.944940699972502 22.63149028039407 -7.904623829807511
6100 4.5 g 6.739181762577727 -14.08313172710508 14.273979990201875 -5.077636531071717
6100 5.0 g 4.220946599632877 -8.487876365469505 8.986406144425807 -3.2773447569172136
6100 5.5 g 2.8855777054047893 -5.4536582924257155 6.06930696018142 -2.2755453203520277
6100 6.0 g 2.011234899754916 -3.342428627476306 3.9435177681379243 -1.521190865117727
6300 4.0 g 11.198582573662444 -23.920152134953696 23.529601451016887 -8.221700722090358
6300 4.5 g 7.1577086862122785 -14.978309157037552 15.112321711465382 -5.378084389675239
6300 5.0 g 4.420530871375432 -8.87475633981493 9.31914740096196 -3.40030873836235
6300 5.5 g 2.9239140655993805 -5.3162604980228165 5.772042090397636 -2.1505102428297294
6300 6.0 g 2.0843796472216476 -3.3683779963763003 3.863703660792209 -1.485604166302081
6500 4.0 g 11.746825888077165 -25.057206846487166 24.5664729264802 -8.58006959224547
6500 4.5 g 7.503173770030075 -15.682346545552269 15.743371772053363 -5.598918425959706
6500 5.0 g 4.594797812320024 -9.20320685884591 9.594757560474456 -3.498781738738908
6500 5.5 g 3.0472930941533596 -5.510127749764105 5.896592487549726 -2.192267575589638
6500 6.0 g 2.1746532327159507 -3.4860400954032293 3.9091849734794417 -1.4986061970360118
6700 4.0 g 12.407439239103747 -26.418636219543743 25.793859818670388 -8.996666049104917
6700 4.5 g 7.898783806069836 -16.482598884864906 16.45359506983386 -5.842273818193096
6700 5.0 g 4.796059330964007 -9.59157968819227 9.925584535631193 -3.614150104149853
6700 5.5 g 3.2059309062541654 -5.7872905908222565 6.101030955338579 -2.259651900269008
6700 6.0 g 2.2770952496448826 -3.629696000640669 3.978886194557931 -1.5182577227253322
6900 4.0 g 13.021829884056526 -27.659213617932394 26.893626925618445 -9.36603512699293
6900 4.5 g 8.363888925996003 -17.42841549245464 17.29630432354297 -6.128392835258034
6900 5.0 g 5.176800255993195 -10.395947341665824 10.663537446732605 -3.871746764743229
6900 5.5 g 3.3586691587108977 -6.069871444998123 6.324306567984609 -2.3338285081302326
6900 6.0 g 2.3896068794089125 -3.8078640526198297 4.088127649836454 -1.550680322553695
