Teff log(g) a1 a2 a3 a4 I1
2300.0 3.0 1.64509 -1.49228 1.82971 -0.654 232.55
2400.0 3.0 3.03271 -4.13343 3.99486 -1.34457 308.565
2500.0 3.0 3.90495 -5.77305 5.30705 -1.75394 285.931
2600.0 3.0 4.70609 -7.31965 6.58416 -2.15535 232.939
2700.0 3.0 5.34174 -8.56002 7.62581 -2.48431 368.1
2900.0 3.0 5.87195 -9.58483 8.46674 -2.73144 6703.23
3100.0 3.0 5.6929 -9.38205 8.37117 -2.68996 364351.0
3200.0 3.0 5.37899 -8.81586 7.88635 -2.49913 1330540.0
3300.0 3.0 5.14618 -8.40817 7.48399 -2.30241 5993890.0
3400.0 3.0 6.17826 -10.63808 9.39167 -2.85845 14019900.0
3500.0 3.0 5.53786 -9.46217 8.27297 -2.40258 20854900.0
3600.0 3.0 5.17272 -8.87975 7.63974 -2.07245 27330900.0
3700.0 3.0 5.31229 -9.05988 7.56307 -1.93114 34648500.0
3800.0 3.0 4.66128 -7.72219 6.26187 -1.42891 41764400.0
3900.0 3.0 4.32491 -7.2088 5.83309 -1.24866 47515200.0
4000.0 3.0 3.90941 -6.3569 5.01373 -0.92752 58459400.0
4100.0 3.0 3.74867 -5.96906 4.5961 -0.74264 66189700.0
4200.0 3.0 3.62039 -5.74586 4.38391 -0.64247 72502500.0
4300.0 3.0 3.5559 -5.69173 4.35476 -0.61563 80732000.0
4400.0 3.0 3.6902 -6.10634 4.80434 -0.76978 96161800.0
4500.0 3.0 3.70561 -6.31675 5.11925 -0.90076 112182000.0
4600.0 3.0 3.79545 -6.77018 5.79095 -1.20537 134051000.0
4700.0 3.0 3.8648 -7.11986 6.31484 -1.44861 173387000.0
4800.0 3.0 3.94865 -7.47303 6.837 -1.69641 253567000.0
4900.0 3.0 4.16389 -8.07801 7.57831 -2.01796 370237000.0
5100.0 3.0 4.29289 -8.41366 8.30877 -2.51594 84407500.0
5200.0 3.0 4.09546 -8.07179 8.14703 -2.53826 125010000.0
5300.0 3.0 4.2808 -8.51149 8.67484 -2.78752 186758000.0
5400.0 3.0 4.06825 -8.03516 8.31511 -2.72662 217175000.0
5500.0 3.0 3.8114 -7.30866 7.60619 -2.51955 13596500.0
5600.0 3.0 4.01457 -7.67255 7.99149 -2.70418 10141500.0
5700.0 3.0 3.88337 -7.19015 7.45375 -2.53106 6312490.0
5800.0 3.0 4.28656 -7.88903 8.05622 -2.76078 4491470.0
5900.0 3.0 4.14673 -7.36387 7.42533 -2.53004 3864550.0
6000.0 3.0 4.77643 -8.61794 8.58109 -2.95535 3643260.0
6100.0 3.0 4.92217 -8.7054 8.5082 -2.90816 3484890.0
6200.0 3.0 5.01079 -8.62276 8.23006 -2.77485 3269870.0
6300.0 3.0 5.28891 -9.03433 8.49138 -2.85142 2959560.0
6400.0 3.0 5.87232 -10.13568 9.41083 -3.15284 2648460.0
6500.0 3.0 5.86621 -9.91362 9.02945 -2.9831 2338730.0
6600.0 3.0 6.66161 -11.49768 10.41117 -3.44248 2093550.0
6700.0 3.0 7.07024 -12.30065 11.08398 -3.65763 1960260.0
6800.0 3.0 7.34049 -12.73357 11.34218 -3.70881 1969450.0
6900.0 3.0 7.52345 -13.03691 11.54366 -3.76479 2009910.0
7000.0 3.0 6.89022 -11.48753 9.9115 -3.15444 2203200.0
7200.0 3.0 7.6896 -13.1312 11.36111 -3.64338 2814110.0
7400.0 3.0 7.83266 -13.37733 11.4824 -3.65391 3603160.0
7600.0 3.0 8.52939 -14.76881 12.61431 -3.98358 4707590.0
7800.0 3.0 9.09516 -15.91744 13.56793 -4.26808 6001420.0
8000.0 3.0 9.34734 -16.48005 14.07305 -4.43028 7234460.0
8200.0 3.0 9.58001 -16.93135 14.44898 -4.54727 8424730.0
8400.0 3.0 9.80201 -17.31098 14.73943 -4.63312 9738030.0
8600.0 3.0 10.25242 -18.10312 15.35237 -4.81019 9753700.0
8800.0 3.0 10.6873 -18.82913 15.89089 -4.95966 9991620.0
9000.0 3.0 11.29413 -19.91702 16.77297 -5.2306 11111800.0
9200.0 3.0 12.28631 -21.75934 18.30349 -5.70937 12375100.0
9400.0 3.0 12.49809 -21.99409 18.3927 -5.71425 13680500.0
9600.0 3.0 13.84736 -24.50855 20.46811 -6.3568 14911200.0
9800.0 3.0 14.81067 -26.2478 21.8592 -6.7761 16323300.0
10000.0 3.0 15.75313 -27.97375 23.2535 -7.19936 17866900.0
10200.0 3.0 15.98227 -28.27288 23.39879 -7.21901 19274700.0
10400.0 3.0 16.84406 -29.8612 24.68302 -7.60816 20664500.0
10600.0 3.0 18.60726 -33.2801 27.58169 -8.52052 22556600.0
10800.0 3.0 18.16467 -32.31943 26.67969 -8.21544 23678000.0
11000.0 3.0 17.70596 -31.33271 25.75853 -7.90493 23782300.0
11200.0 3.0 18.23056 -32.29 26.51727 -8.1303 23303400.0
11400.0 3.0 19.91583 -35.53664 29.24932 -8.98362 23024500.0
11600.0 3.0 20.47029 -36.54578 30.04618 -9.21882 24207400.0
11800.0 3.0 19.59322 -34.75878 28.45233 -8.69794 25692400.0
12000.0 3.0 21.12447 -37.7453 30.98956 -9.49604 27336100.0
2300.0 3.5 -0.17517 1.82939 -0.83365 0.19105 201.031
2400.0 3.5 1.1652 -0.55802 1.01532 -0.39897 305.891
2500.0 3.5 2.34162 -2.80963 2.85221 -0.98975 404.931
2600.0 3.5 3.23451 -4.53346 4.24987 -1.42947 279.636
2700.0 3.5 3.89849 -5.8511 5.34663 -1.77903 345.08
2900.0 3.5 4.54832 -7.1201 6.38216 -2.09982 16501.0
3100.0 3.5 4.66943 -7.44817 6.72058 -2.21296 1799930.0
3200.0 3.5 4.75414 -7.61739 6.86888 -2.2484 6167330.0
3300.0 3.5 4.62959 -7.39089 6.67864 -2.16881 15047600.0
3400.0 3.5 4.22407 -6.6596 6.05818 -1.9431 25796100.0
3500.0 3.5 4.11388 -6.63626 6.0978 -1.93148 37778000.0
3600.0 3.5 3.85882 -6.28862 5.78793 -1.7753 51382000.0
3700.0 3.5 3.60481 -5.98815 5.50873 -1.60369 63377500.0
3800.0 3.5 3.49282 -5.83973 5.25941 -1.41263 74302600.0
3900.0 3.5 3.11623 -5.17643 4.52719 -1.04736 88655300.0
4000.0 3.5 3.01589 -4.84284 4.015 -0.76495 101120000.0
4100.0 3.5 2.87343 -4.55515 3.71444 -0.62205 113544000.0
4200.0 3.5 2.70522 -4.22872 3.39932 -0.48627 128159000.0
4300.0 3.5 2.73715 -4.35124 3.51529 -0.50379 145098000.0
4400.0 3.5 2.72898 -4.40386 3.57905 -0.50875 165143000.0
4500.0 3.5 2.75096 -4.57252 3.80545 -0.59004 198556000.0
4600.0 3.5 2.73783 -4.70148 4.04322 -0.69518 246706000.0
4700.0 3.5 2.81262 -5.05029 4.53453 -0.90823 321211000.0
4800.0 3.5 2.94928 -5.52544 5.16281 -1.18295 456513000.0
4900.0 3.5 3.03631 -5.86012 5.65069 -1.41452 688540000.0
5100.0 3.5 3.01668 -5.96171 6.17503 -1.8252 161355000.0
5200.0 3.5 2.99702 -5.95842 6.29219 -1.93195 242761000.0
5300.0 3.5 3.07639 -6.25877 6.81002 -2.22226 325558000.0
5400.0 3.5 3.20877 -6.60079 7.27085 -2.45833 372727000.0
5500.0 3.5 2.9315 -5.85845 6.55482 -2.24394 42324200.0
5600.0 3.5 3.01025 -5.95721 6.68325 -2.33868 24870900.0
5700.0 3.5 2.65306 -4.95989 5.62319 -1.96866 15899200.0
5800.0 3.5 2.84679 -5.28875 5.9285 -2.10361 9281120.0
5900.0 3.5 2.68262 -4.67466 5.17831 -1.82367 8595820.0
6000.0 3.5 2.96655 -5.20497 5.65669 -2.01205 7613560.0
6100.0 3.5 3.02872 -5.17393 5.52931 -1.96397 6824800.0
6200.0 3.5 2.90099 -4.66175 4.87426 -1.7096 6624700.0
6300.0 3.5 3.305 -5.50118 5.67263 -2.01356 5629150.0
6400.0 3.5 3.57992 -5.98108 6.03781 -2.13165 5219030.0
6500.0 3.5 3.79444 -6.24859 6.12071 -2.12347 4041160.0
6600.0 3.5 3.89042 -6.32181 6.06661 -2.07771 3714620.0
6700.0 3.5 4.28544 -7.07094 6.67107 -2.2678 2787370.0
6800.0 3.5 4.9826 -8.53643 7.99505 -2.7172 2538680.0
6900.0 3.5 4.76385 -7.91725 7.25138 -2.41074 2667880.0
7000.0 3.5 4.81353 -7.95018 7.21534 -2.39024 2612430.0
7200.0 3.5 5.10609 -8.50432 7.62877 -2.51295 2888380.0
7400.0 3.5 5.34123 -8.93535 7.9111 -2.57817 3455940.0
7600.0 3.5 5.35355 -8.88022 7.74016 -2.48822 4226210.0
7800.0 3.5 5.89072 -9.97714 8.6563 -2.77362 5065760.0
8000.0 3.5 6.03851 -10.30107 8.90142 -2.82737 5893970.0
8200.0 3.5 6.36876 -11.03889 9.57573 -3.05158 6799660.0
8400.0 3.5 6.70733 -11.78381 10.26808 -3.28619 7811310.0
8600.0 3.5 6.81372 -11.96759 10.40552 -3.32542 7507350.0
8800.0 3.5 7.13013 -12.53418 10.85188 -3.45683 7834500.0
9000.0 3.5 7.47379 -13.17979 11.38963 -3.62419 8685290.0
9200.0 3.5 7.56373 -13.29894 11.46326 -3.64312 9661910.0
9400.0 3.5 7.82256 -13.74462 11.81789 -3.75283 10683500.0
9600.0 3.5 8.35704 -14.74229 12.65183 -4.01635 11606200.0
9800.0 3.5 8.52813 -14.97438 12.78537 -4.0454 12773100.0
10000.0 3.5 9.17426 -16.20492 13.82198 -4.37325 14014900.0
10200.0 3.5 9.63012 -17.04173 14.50138 -4.58182 15064500.0
10400.0 3.5 10.08367 -17.88659 15.19358 -4.7956 16298800.0
10600.0 3.5 10.48815 -18.64872 15.8216 -4.99042 17711600.0
10800.0 3.5 10.55574 -18.71119 15.81755 -4.97567 18030300.0
11000.0 3.5 10.65209 -18.82756 15.85651 -4.97351 17715900.0
11200.0 3.5 11.53039 -20.53722 17.3079 -5.43194 17233300.0
11400.0 3.5 10.76801 -19.07649 16.05157 -5.03215 20206200.0
11600.0 3.5 11.40061 -20.34546 17.14947 -5.38415 21424300.0
11800.0 3.5 11.99324 -21.33415 17.87192 -5.58181 20548500.0
12000.0 3.5 12.75479 -22.84144 19.16284 -5.99151 21768200.0
2300.0 4.0 -0.77053 2.24954 -0.7368 0.14693 132.565
2400.0 4.0 -0.37328 2.09264 -0.9704 0.22228 254.91
2500.0 4.0 0.55566 0.61133 0.01843 -0.07534 386.161
2600.0 4.0 1.57698 -1.30635 1.54456 -0.56652 373.735
2700.0 4.0 2.32342 -2.74391 2.68848 -0.92673 360.165
2900.0 4.0 3.2236 -4.56966 4.20137 -1.41262 18930.5
3100.0 4.0 3.41111 -4.96073 4.51374 -1.50747 3423570.0
3200.0 4.0 3.59503 -5.35405 4.87488 -1.6251 12828600.0
3300.0 4.0 3.65184 -5.5001 5.02714 -1.67333 29136400.0
3400.0 4.0 3.52027 -5.28621 4.87158 -1.61911 48567900.0
3500.0 4.0 3.22584 -4.77638 4.46192 -1.47786 69469800.0
3600.0 4.0 2.87356 -4.17873 3.97529 -1.30368 92861700.0
3700.0 4.0 2.68821 -3.97123 3.84988 -1.24057 114811000.0
3800.0 4.0 2.44685 -3.65831 3.60398 -1.11251 135490000.0
3900.0 4.0 2.32325 -3.5553 3.47726 -0.99664 158005000.0
4000.0 4.0 2.21103 -3.43032 3.27804 -0.8285 180632000.0
4100.0 4.0 2.13542 -3.35363 3.08179 -0.64451 205035000.0
4200.0 4.0 2.17612 -3.39382 2.94725 -0.48964 229207000.0
4300.0 4.0 2.03108 -3.05761 2.56657 -0.3146 260337000.0
4400.0 4.0 1.97488 -2.96091 2.44193 -0.2347 298354000.0
4500.0 4.0 1.96908 -3.02163 2.51544 -0.24355 358336000.0
4600.0 4.0 1.99519 -3.1868 2.73041 -0.31758 459254000.0
4700.0 4.0 2.06618 -3.4952 3.13347 -0.47635 581068000.0
4800.0 4.0 2.12801 -3.78859 3.55566 -0.66181 834818000.0
4900.0 4.0 2.25001 -4.22988 4.14753 -0.92222 1183260000.0
5100.0 4.0 2.57723 -5.29323 5.75562 -1.75232 316633000.0
5200.0 4.0 2.57608 -5.39302 6.0275 -1.9278 390344000.0
5300.0 4.0 2.45386 -5.11225 5.83296 -1.91077 531306000.0
5400.0 4.0 2.42452 -5.06954 5.90503 -2.0041 586756000.0
5500.0 4.0 2.32596 -4.8053 5.71143 -1.99058 106347000.0
5600.0 4.0 2.12651 -4.24709 5.16703 -1.833 66977900.0
5700.0 4.0 2.08159 -4.07525 5.01805 -1.82009 42341100.0
5800.0 4.0 2.0548 -3.89234 4.80367 -1.76491 28885800.0
5900.0 4.0 1.93305 -3.44665 4.27089 -1.57234 21978200.0
6000.0 4.0 2.01059 -3.5027 4.27314 -1.58511 18499800.0
6100.0 4.0 1.96388 -3.25643 3.94202 -1.45933 16006200.0
6200.0 4.0 1.76811 -2.6106 3.17067 -1.166 14889700.0
6300.0 4.0 1.9597 -2.95193 3.4706 -1.29223 13849500.0
6400.0 4.0 2.1483 -3.27941 3.72294 -1.38059 12166700.0
6500.0 4.0 2.28116 -3.45753 3.80705 -1.40158 10490100.0
6600.0 4.0 2.45448 -3.75421 4.01862 -1.46832 8633680.0
6700.0 4.0 2.73586 -4.31448 4.49093 -1.62464 6939360.0
6800.0 4.0 2.93096 -4.64574 4.69985 -1.67207 5592880.0
6900.0 4.0 3.03329 -4.7756 4.72676 -1.66119 4679140.0
7000.0 4.0 3.28832 -5.31568 5.21379 -1.83291 4087830.0
7200.0 4.0 3.6064 -5.88752 5.58247 -1.91441 3633470.0
7400.0 4.0 3.60969 -5.80138 5.35609 -1.79496 3979160.0
7600.0 4.0 3.83188 -6.23941 5.70685 -1.91765 4482760.0
7800.0 4.0 3.83043 -6.20916 5.59638 -1.85029 5151830.0
8000.0 4.0 4.02401 -6.63897 5.94917 -1.95455 5837840.0
8200.0 4.0 4.19758 -7.03421 6.27223 -2.04462 6662610.0
8400.0 4.0 4.39663 -7.50715 6.70062 -2.17993 7661580.0
8600.0 4.0 4.53853 -7.8227 6.98157 -2.2749 7722400.0
8800.0 4.0 4.64435 -8.01526 7.13067 -2.31805 7190620.0
9000.0 4.0 4.75114 -8.22349 7.30417 -2.37181 8242160.0
9200.0 4.0 4.81098 -8.31562 7.36808 -2.3893 9098650.0
9400.0 4.0 5.01742 -8.72141 7.72657 -2.50849 9974500.0
9600.0 4.0 5.13628 -8.92835 7.89487 -2.56239 10965500.0
9800.0 4.0 5.30183 -9.21375 8.12154 -2.63265 11851900.0
10000.0 4.0 5.47201 -9.51017 8.3581 -2.70618 13090500.0
10200.0 4.0 5.55301 -9.61684 8.41665 -2.71847 14163300.0
10400.0 4.0 5.86659 -10.22173 8.93388 -2.88506 15105200.0
10600.0 4.0 5.92055 -10.28579 8.95882 -2.88703 16644100.0
10800.0 4.0 6.27196 -10.97653 9.55441 -3.07946 17082600.0
11000.0 4.0 6.42553 -11.23346 9.73993 -3.1309 16793700.0
11200.0 4.0 6.77098 -11.88509 10.27743 -3.29781 16152100.0
11400.0 4.0 6.8315 -11.96983 10.31734 -3.30317 17264500.0
11600.0 4.0 6.66262 -11.71635 10.13035 -3.25223 20227800.0
11800.0 4.0 6.6143 -11.59817 9.99907 -3.20337 21501600.0
12000.0 4.0 6.69161 -11.75388 10.123 -3.24095 22788900.0
2300.0 4.5 -0.44377 1.00421 0.48625 -0.13511 66.2247
2400.0 4.5 -0.44591 1.39952 0.09149 -0.11138 148.486
2500.0 4.5 -0.22503 1.54747 -0.36012 0.01763 270.673
2600.0 4.5 0.17976 1.22712 -0.42065 0.05689 337.123
2700.0 4.5 1.02054 -0.24611 0.65774 -0.27989 329.67
2900.0 4.5 2.22806 -2.58185 2.50077 -0.86403 17159.3
3100.0 4.5 2.73596 -3.64493 3.37779 -1.14704 3742450.0
3200.0 4.5 2.90194 -3.998 3.68125 -1.24498 17473200.0
3300.0 4.5 3.02028 -4.27145 3.93765 -1.33096 43760500.0
3400.0 4.5 2.97155 -4.20404 3.89314 -1.31558 76973900.0
3500.0 4.5 2.78315 -3.85942 3.6053 -1.21782 113399000.0
3600.0 4.5 2.52695 -3.40386 3.23332 -1.09211 152927000.0
3700.0 4.5 2.32584 -3.10247 3.02014 -1.01912 193551000.0
3800.0 4.5 2.12313 -2.80114 2.80106 -0.93483 233184000.0
3900.0 4.5 1.96166 -2.63351 2.70973 -0.88384 272293000.0
4000.0 4.5 1.88603 -2.60213 2.68925 -0.83017 311355000.0
4100.0 4.5 1.71289 -2.39919 2.50077 -0.69471 348026000.0
4200.0 4.5 1.73864 -2.54105 2.53318 -0.6067 392953000.0
4300.0 4.5 1.73586 -2.61282 2.49666 -0.48804 442361000.0
4400.0 4.5 1.75444 -2.64573 2.37879 -0.34732 508526000.0
4500.0 4.5 1.70585 -2.54393 2.23211 -0.25562 611146000.0
4600.0 4.5 1.70084 -2.61365 2.32815 -0.27797 765501000.0
4700.0 4.5 1.74218 -2.82024 2.59821 -0.37674 999756000.0
4800.0 4.5 1.79849 -3.08336 2.96042 -0.5254 1346020000.0
4900.0 4.5 1.86681 -3.40432 3.42642 -0.73071 1786200000.0
5100.0 4.5 2.07838 -4.17477 4.62159 -1.34345 548247000.0
5200.0 4.5 2.13073 -4.41645 5.04073 -1.56908 688327000.0
5300.0 4.5 2.14645 -4.54198 5.32592 -1.74556 795659000.0
5400.0 4.5 2.12054 -4.51662 5.41284 -1.83791 984365000.0
5500.0 4.5 1.99984 -4.21496 5.17031 -1.79604 269294000.0
5600.0 4.5 1.85862 -3.83011 4.82653 -1.71662 166912000.0
5700.0 4.5 1.61928 -3.15596 4.1304 -1.48782 113836000.0
5800.0 4.5 1.56699 -2.99319 4.08717 -1.56518 78970400.0
5900.0 4.5 1.5778 -2.98663 4.10566 -1.60214 54802400.0
6000.0 4.5 1.61443 -2.92805 3.97725 -1.56449 47126300.0
6100.0 4.5 1.55093 -2.62748 3.57525 -1.40864 40318600.0
6200.0 4.5 1.59318 -2.61016 3.49161 -1.38048 35996200.0
6300.0 4.5 1.36805 -1.90238 2.64083 -1.04347 31596100.0
6400.0 4.5 1.57136 -2.3151 3.03396 -1.20522 28233300.0
6500.0 4.5 1.72268 -2.59671 3.26657 -1.29007 23445100.0
6600.0 4.5 1.93386 -2.97665 3.54417 -1.37293 19681000.0
6700.0 4.5 1.98282 -2.9393 3.36186 -1.27252 15568300.0
6800.0 4.5 1.86901 -2.49553 2.75524 -1.01474 12076700.0
6900.0 4.5 2.13794 -3.08164 3.30969 -1.22105 8641240.0
7000.0 4.5 2.2008 -3.14787 3.29003 -1.19585 7525580.0
7200.0 4.5 2.53608 -3.83112 3.8336 -1.36003 5591560.0
7400.0 4.5 2.98333 -4.80602 4.71194 -1.67015 5109330.0
7600.0 4.5 3.00788 -4.80119 4.57846 -1.57592 5330870.0
7800.0 4.5 2.91026 -4.56962 4.29344 -1.46241 5799480.0
8000.0 4.5 2.97833 -4.71498 4.36563 -1.46723 6438370.0
8200.0 4.5 3.13341 -5.08618 4.68742 -1.56979 7245190.0
8400.0 4.5 3.2279 -5.32508 4.88971 -1.63179 8370220.0
8600.0 4.5 3.33311 -5.571 5.08999 -1.68847 9515330.0
8800.0 4.5 3.41594 -5.76267 5.24649 -1.73295 8382980.0
9000.0 4.5 3.48089 -5.91015 5.37276 -1.77395 8653310.0
9200.0 4.5 3.50387 -5.95395 5.40528 -1.78343 9533170.0
9400.0 4.5 3.56416 -6.06717 5.49877 -1.81325 10468100.0
9600.0 4.5 3.62886 -6.16756 5.57307 -1.83518 11338200.0
9800.0 4.5 3.6959 -6.28693 5.67003 -1.86677 12381000.0
10000.0 4.5 3.83711 -6.55352 5.89915 -1.94194 13353200.0
10200.0 4.5 3.86791 -6.58149 5.90533 -1.94103 14712900.0
10400.0 4.5 3.96783 -6.75683 6.04718 -1.98582 15800200.0
10600.0 4.5 4.06989 -6.93763 6.19375 -2.03208 16843400.0
10800.0 4.5 4.14811 -7.0756 6.30498 -2.06746 18397700.0
11000.0 4.5 4.2856 -7.32958 6.51454 -2.13372 18602600.0
11200.0 4.5 4.52685 -7.80215 6.92242 -2.26609 18154300.0
11400.0 4.5 4.72754 -8.18286 7.23952 -2.36613 17850300.0
11600.0 4.5 4.78627 -8.27544 7.29807 -2.38063 19001200.0
11800.0 4.5 4.88432 -8.46442 7.45197 -2.42885 20235400.0
12000.0 4.5 4.96431 -8.61979 7.57587 -2.46693 21470100.0
2300.0 5.0 -0.27814 1.07095 -0.12153 0.25696 34.3588
2400.0 5.0 -0.13584 0.45139 0.80804 -0.16461 71.4803
2500.0 5.0 -0.09325 0.56566 0.80472 -0.29826 153.093
2600.0 5.0 -0.06051 0.99138 0.22107 -0.16138 225.821
2700.0 5.0 0.03558 1.23675 -0.25655 -0.00976 271.747
2900.0 5.0 1.1347 -0.45522 0.75144 -0.30055 14223.0
3100.0 5.0 1.91213 -1.97983 1.93902 -0.67786 3210070.0
3200.0 5.0 2.15274 -2.49494 2.37029 -0.81878 18815300.0
3300.0 5.0 2.27355 -2.76317 2.59238 -0.88995 55367600.0
3400.0 5.0 2.30019 -2.84924 2.66948 -0.91521 107527000.0
3500.0 5.0 2.24414 -2.77499 2.61483 -0.89742 168325000.0
3600.0 5.0 2.10898 -2.54186 2.42357 -0.8334 232671000.0
3700.0 5.0 1.95295 -2.28292 2.22534 -0.76848 298736000.0
3800.0 5.0 1.80632 -2.07409 2.08494 -0.72174 370642000.0
3900.0 5.0 1.68722 -1.91911 1.99613 -0.68795 440295000.0
4000.0 5.0 1.62566 -1.92229 2.0559 -0.69775 515291000.0
4100.0 5.0 1.54883 -1.89496 2.07507 -0.67942 589150000.0
4200.0 5.0 1.51804 -1.94764 2.13377 -0.65422 663909000.0
4300.0 5.0 1.43285 -1.89351 2.07027 -0.56079 737868000.0
4400.0 5.0 1.48845 -2.12743 2.20609 -0.51715 867919000.0
4500.0 5.0 1.48625 -2.1912 2.18713 -0.41669 985451000.0
4600.0 5.0 1.51965 -2.29408 2.18628 -0.33865 1214130000.0
4700.0 5.0 1.49508 -2.27688 2.15882 -0.3031 1568480000.0
4800.0 5.0 1.50716 -2.39536 2.31838 -0.35277 2047410000.0
4900.0 5.0 1.53925 -2.59407 2.61387 -0.47654 2743960000.0
5100.0 5.0 1.73224 -3.31848 3.69349 -1.00429 847140000.0
5200.0 5.0 1.75986 -3.50464 4.03781 -1.18804 1095820000.0
5300.0 5.0 1.76585 -3.62152 4.30908 -1.35036 1348760000.0
5400.0 5.0 1.76406 -3.70156 4.53068 -1.4956 1636980000.0
5500.0 5.0 1.73184 -3.66667 4.60938 -1.58331 694997000.0
5600.0 5.0 1.58313 -3.29246 4.36839 -1.5891 456438000.0
5700.0 5.0 1.50243 -3.0756 4.21262 -1.58258 316877000.0
5800.0 5.0 1.40717 -2.78662 3.93842 -1.51641 221218000.0
5900.0 5.0 1.32327 -2.51182 3.66074 -1.44256 165217000.0
6000.0 5.0 1.29027 -2.36177 3.4999 -1.40593 128880000.0
6100.0 5.0 1.26069 -2.22494 3.34025 -1.35885 109645000.0
6200.0 5.0 1.17808 -1.90524 2.94493 -1.2134 93575500.0
6300.0 5.0 1.27494 -2.07124 3.10042 -1.29347 80498600.0
6400.0 5.0 1.28426 -1.97129 2.90973 -1.21204 70247600.0
6500.0 5.0 1.29346 -1.87823 2.72559 -1.1321 60265700.0
6600.0 5.0 1.26866 -1.68953 2.42898 -1.0061 50753800.0
6700.0 5.0 1.42045 -1.98649 2.68185 -1.0991 40525400.0
6800.0 5.0 1.50051 -2.07543 2.67432 -1.07669 30546700.0
6900.0 5.0 1.50091 -1.94555 2.41378 -0.95072 22895700.0
7000.0 5.0 1.55966 -1.99609 2.37754 -0.92092 17323400.0
7200.0 5.0 1.81331 -2.49529 2.74794 -1.02804 9793450.0
7400.0 5.0 2.03828 -2.95557 3.10037 -1.13219 8070330.0
7600.0 5.0 2.18814 -3.24931 3.28657 -1.1732 7531270.0
7800.0 5.0 2.34506 -3.60751 3.57318 -1.25745 7696860.0
8000.0 5.0 2.43944 -3.82884 3.73195 -1.29627 8266380.0
8200.0 5.0 2.3065 -3.52746 3.37718 -1.15406 9121990.0
8400.0 5.0 2.34765 -3.66368 3.49861 -1.19603 10446000.0
8600.0 5.0 2.44084 -3.90858 3.71992 -1.27069 12124200.0
8800.0 5.0 2.47392 -3.99086 3.76473 -1.27713 13530700.0
9000.0 5.0 2.50178 -4.06589 3.80668 -1.28149 11084500.0
9200.0 5.0 2.60203 -4.29171 4.0021 -1.34291 11568700.0
9400.0 5.0 2.62133 -4.35299 4.06159 -1.36514 12698200.0
9600.0 5.0 2.641 -4.38528 4.08329 -1.37187 13783600.0
9800.0 5.0 2.68771 -4.47176 4.1545 -1.39535 15087000.0
10000.0 5.0 2.70941 -4.48925 4.15239 -1.39137 16159000.0
10200.0 5.0 2.78551 -4.63002 4.27095 -1.42994 17397700.0
10400.0 5.0 2.83047 -4.70446 4.32914 -1.44826 19084400.0
10600.0 5.0 2.881 -4.79041 4.39848 -1.47049 20457900.0
10800.0 5.0 2.93512 -4.88325 4.47398 -1.49484 21593500.0
11000.0 5.0 2.93967 -4.87153 4.45314 -1.48671 23692500.0
11200.0 5.0 2.99904 -4.97529 4.53736 -1.51378 24064900.0
11400.0 5.0 3.05844 -5.07366 4.61182 -1.53625 23618900.0
11600.0 5.0 2.95107 -4.88026 4.43631 -1.47842 25553800.0
11800.0 5.0 2.99863 -4.97648 4.51863 -1.50599 27069100.0
12000.0 5.0 2.98872 -4.94663 4.47991 -1.49124 28658300.0
2300.0 5.5 -0.03949 1.1159 -0.23161 0.10585 25.0032
2400.0 5.5 0.02104 0.80295 -0.11218 0.26154 36.5433
2500.0 5.5 -0.10579 0.79702 0.13429 0.14413 66.1918
2600.0 5.5 0.07406 0.45672 0.63962 -0.16834 118.689
2700.0 5.5 0.26718 0.21789 0.86161 -0.32691 214.372
2900.0 5.5 0.55327 0.29626 0.41055 -0.21679 11705.5
3100.0 5.5 1.14991 -0.55777 0.8219 -0.32596 2487840.0
3200.0 5.5 1.43587 -1.09849 1.2158 -0.44839 15981700.0
3300.0 5.5 1.65734 -1.5548 1.57216 -0.56145 58079000.0
3400.0 5.5 1.75833 -1.77814 1.74264 -0.61451 127508000.0
3500.0 5.5 1.79351 -1.88414 1.82908 -0.64222 215675000.0
3600.0 5.5 1.74473 -1.81241 1.76036 -0.61709 312128000.0
3700.0 5.5 1.66421 -1.691 1.66275 -0.58445 417759000.0
3800.0 5.5 1.57073 -1.55348 1.56513 -0.55325 528728000.0
3900.0 5.5 1.49539 -1.47688 1.53707 -0.54593 650218000.0
4000.0 5.5 1.4396 -1.44803 1.562 -0.55523 774614000.0
4100.0 5.5 1.41696 -1.49158 1.65404 -0.58238 908759000.0
4200.0 5.5 1.40944 -1.65672 1.87407 -0.64859 1112740000.0
4300.0 5.5 1.35359 -1.57351 1.82623 -0.60514 1199030000.0
4400.0 5.5 1.37966 -1.74384 1.98397 -0.61298 1387020000.0
4500.0 5.5 1.32665 -1.7574 1.99376 -0.55287 1590050000.0
4600.0 5.5 1.37633 -1.98291 2.15401 -0.53142 1917760000.0
4700.0 5.5 1.39178 -2.10926 2.2266 -0.48244 2302380000.0
4800.0 5.5 1.43899 -2.29948 2.3644 -0.47573 3002620000.0
4900.0 5.5 1.422 -2.2779 2.34064 -0.44974 3779750000.0
5100.0 5.5 1.55299 -2.82507 3.12156 -0.80644 1462910000.0
5200.0 5.5 1.56164 -2.95502 3.37531 -0.93779 1897690000.0
5300.0 5.5 1.59012 -3.12655 3.70772 -1.1197 2136790000.0
5400.0 5.5 1.56582 -3.15596 3.9037 -1.26883 2718290000.0
5500.0 5.5 1.55573 -3.18756 4.05711 -1.38202 2049680000.0
5600.0 5.5 1.48945 -3.07486 4.05897 -1.44305 1235370000.0
5700.0 5.5 1.39443 -2.84473 3.89973 -1.43327 869901000.0
5800.0 5.5 1.32506 -2.66522 3.78074 -1.4358 621476000.0
5900.0 5.5 1.27062 -2.51839 3.66351 -1.4202 476774000.0
6000.0 5.5 1.19309 -2.26412 3.41874 -1.36517 354699000.0
6100.0 5.5 1.16067 -2.12586 3.27495 -1.33325 289705000.0
6200.0 5.5 0.97383 -1.50397 2.58251 -1.09824 250769000.0
6300.0 5.5 0.90048 -1.20307 2.20858 -0.96362 221920000.0
6400.0 5.5 0.89608 -1.10049 2.07577 -0.93395 182897000.0
6500.0 5.5 0.8929 -1.01974 1.95891 -0.89751 166058000.0
6600.0 5.5 0.88883 -0.8955 1.75476 -0.81849 131685000.0
6700.0 5.5 0.91288 -0.8616 1.65193 -0.77464 105805000.0
6800.0 5.5 0.90243 -0.72998 1.42532 -0.67488 81895000.0
6900.0 5.5 0.98325 -0.87427 1.53104 -0.71251 61847800.0
7000.0 5.5 1.0622 -0.99807 1.58725 -0.72 44178500.0
7200.0 5.5 1.26642 -1.40254 1.8754 -0.79583 23579900.0
7400.0 5.5 1.42513 -1.71143 2.06849 -0.83445 15199800.0
7600.0 5.5 1.56958 -2.01703 2.27111 -0.87508 12168400.0
7800.0 5.5 1.70731 -2.33971 2.5219 -0.94291 11359800.0
8000.0 5.5 1.83818 -2.61171 2.6664 -0.96289 11429100.0
8200.0 5.5 1.9526 -2.90779 2.92668 -1.04474 12311200.0
8400.0 5.5 2.05575 -3.1923 3.19504 -1.13338 13470000.0
8600.0 5.5 1.92523 -2.92793 2.89879 -1.00955 15741600.0
8800.0 5.5 1.88214 -2.85141 2.79496 -0.96527 18400200.0
9000.0 5.5 1.90442 -2.92407 2.84911 -0.98265 19941000.0
9200.0 5.5 1.92794 -2.98592 2.87996 -0.98677 16118400.0
9400.0 5.5 1.97195 -3.09155 2.9588 -1.00771 16150000.0
9600.0 5.5 2.01351 -3.19773 3.05505 -1.03998 17611500.0
9800.0 5.5 2.04106 -3.27053 3.1234 -1.06533 18990600.0
10000.0 5.5 2.07082 -3.32591 3.16663 -1.07966 20583500.0
10200.0 5.5 2.11535 -3.40472 3.22714 -1.09851 22046700.0
10400.0 5.5 2.14582 -3.44837 3.25227 -1.10421 23632000.0
10600.0 5.5 2.17982 -3.50385 3.29288 -1.11619 25738500.0
10800.0 5.5 2.21264 -3.55856 3.33561 -1.12959 27668500.0
11000.0 5.5 2.24785 -3.61895 3.38527 -1.14585 28946500.0
11200.0 5.5 2.24716 -3.60244 3.36394 -1.13816 31677300.0
11400.0 5.5 2.25926 -3.60361 3.36183 -1.1379 33844200.0
11600.0 5.5 2.28871 -3.66219 3.40762 -1.1526 32821800.0
11800.0 5.5 2.30641 -3.67731 3.41918 -1.15736 33894500.0
12000.0 5.5 2.30237 -3.65765 3.39509 -1.14913 35458700.0
2300.0 6.0 -0.06787 1.72692 -1.03583 0.3284 24.4062
2400.0 6.0 -0.04474 1.86301 -1.55513 0.70122 28.6098
2500.0 6.0 0.40831 0.22496 0.37519 0.01122 37.9222
2600.0 6.0 0.1346 0.60733 0.20993 0.04792 57.0837
2700.0 6.0 0.32542 0.28285 0.52909 -0.10903 115.345
2900.0 6.0 0.72679 -0.43757 1.1321 -0.37879 8680.2
3100.0 6.0 0.84959 -0.35263 0.89829 -0.36593 1921790.0
3200.0 6.0 0.9665 -0.42479 0.81794 -0.33224 12096400.0
3300.0 6.0 1.12967 -0.66238 0.92285 -0.36029 51294700.0
3400.0 6.0 1.28141 -0.9332 1.09263 -0.41121 131529000.0
3500.0 6.0 1.37653 -1.11223 1.20211 -0.44206 241591000.0
3600.0 6.0 1.43577 -1.24759 1.29765 -0.471 375593000.0
3700.0 6.0 1.44122 -1.27671 1.31095 -0.47336 524205000.0
3800.0 6.0 1.41356 -1.24849 1.28557 -0.464 689503000.0
3900.0 6.0 1.3856 -1.24391 1.30382 -0.47287 871021000.0
4000.0 6.0 1.3875 -1.34644 1.4416 -0.5245 1091080000.0
4100.0 6.0 1.37399 -1.39723 1.53977 -0.56262 1322850000.0
4200.0 6.0 1.38316 -1.49401 1.67271 -0.60727 1593740000.0
4300.0 6.0 1.40604 -1.62723 1.83901 -0.65838 1907880000.0
4400.0 6.0 1.34053 -1.58766 1.87511 -0.66462 2184370000.0
4500.0 6.0 1.34948 -1.70543 2.0062 -0.6832 2602070000.0
4600.0 6.0 1.34174 -1.77536 2.07172 -0.66294 3014960000.0
4700.0 6.0 1.30258 -1.81347 2.11851 -0.62656 3449550000.0
4800.0 6.0 1.33117 -2.03632 2.31626 -0.63726 4457640000.0
4900.0 6.0 1.34994 -2.11154 2.35113 -0.59222 5005640000.0
5100.0 6.0 1.49436 -2.59917 2.87508 -0.76727 2046540000.0
5200.0 6.0 1.47936 -2.6348 2.98712 -0.82598 2845850000.0
5300.0 6.0 1.46521 -2.70328 3.16539 -0.92511 3598610000.0
5400.0 6.0 1.46208 -2.78748 3.36891 -1.04177 4290260000.0
5500.0 6.0 1.44745 -2.83557 3.53887 -1.15175 4130140000.0
5600.0 6.0 1.42062 -2.8378 3.66008 -1.24836 3112980000.0
5700.0 6.0 1.36355 -2.74173 3.66327 -1.2994 2303880000.0
5800.0 6.0 1.29101 -2.58146 3.57735 -1.3123 1715230000.0
5900.0 6.0 1.22667 -2.43007 3.48831 -1.32129 1264350000.0
6000.0 6.0 1.18951 -2.33037 3.41924 -1.32095 1068440000.0
6100.0 6.0 1.01955 -1.80658 2.88527 -1.16268 850578000.0
6200.0 6.0 0.94379 -1.53025 2.58267 -1.07197 713049000.0
6300.0 6.0 0.88705 -1.31978 2.3588 -1.01025 597503000.0
6400.0 6.0 0.83246 -1.1065 2.12079 -0.93946 509435000.0
6500.0 6.0 0.8142 -0.99834 1.99233 -0.90718 439206000.0
6600.0 6.0 0.79417 -0.87171 1.8378 -0.86487 369546000.0
6700.0 6.0 0.77593 -0.73743 1.65065 -0.79914 295959000.0
6800.0 6.0 0.75118 -0.57746 1.42016 -0.71033 237267000.0
6900.0 6.0 0.74759 -0.47775 1.2476 -0.63871 174248000.0
7000.0 6.0 0.75777 -0.4189 1.11562 -0.57932 125871000.0
7200.0 6.0 0.89782 -0.66735 1.27219 -0.62287 60192200.0
7400.0 6.0 0.99853 -0.82611 1.30928 -0.60338 33254700.0
7600.0 6.0 1.17012 -1.23684 1.66973 -0.72023 22148100.0
7800.0 6.0 1.33266 -1.64085 2.02074 -0.82772 18032100.0
8000.0 6.0 1.46993 -1.98947 2.31126 -0.90917 17075100.0
8200.0 6.0 1.5421 -2.15678 2.40403 -0.9153 17619600.0
8400.0 6.0 1.60705 -2.33188 2.52746 -0.94014 18905600.0
8600.0 6.0 1.66957 -2.51157 2.67453 -0.98152 21012600.0
8800.0 6.0 1.71889 -2.65447 2.783 -1.00935 24195500.0
9000.0 6.0 1.74881 -2.7418 2.83481 -1.01775 27281900.0
9200.0 6.0 1.63517 -2.48303 2.53554 -0.89921 29858300.0
9400.0 6.0 1.63212 -2.46476 2.46748 -0.86581 25054700.0
9600.0 6.0 1.67342 -2.56926 2.54233 -0.88275 23447700.0
9800.0 6.0 1.70547 -2.6505 2.60636 -0.90235 24945000.0
10000.0 6.0 1.73619 -2.72493 2.66794 -0.92212 26699100.0
10200.0 6.0 1.75799 -2.77392 2.70742 -0.93564 28563000.0
10400.0 6.0 1.7717 -2.79395 2.71483 -0.93738 30669900.0
10600.0 6.0 1.78835 -2.81188 2.7163 -0.93525 32758900.0
10800.0 6.0 1.8009 -2.81978 2.70892 -0.92999 35305200.0
11000.0 6.0 1.80637 -2.81336 2.69023 -0.92121 38008500.0
11200.0 6.0 1.80853 -2.79078 2.66069 -0.90965 40329000.0
11400.0 6.0 1.80034 -2.75854 2.62353 -0.8961 43134300.0
11600.0 6.0 1.79 -2.72253 2.58416 -0.88222 45087100.0
11800.0 6.0 1.7656 -2.65873 2.52055 -0.8605 48575300.0
12000.0 6.0 1.75732 -2.6307 2.49091 -0.85081 49141300.0
