58496.094436071 6.0435e-05 9.9815e-01 1.6385e-02 1 1
58496.094497840 6.2909e-05 9.8727e-01 1.9571e-02 1 1
58496.094560845 6.2909e-05 1.0513e+00 2.2178e-02 1 1
58496.094623851 6.2909e-05 9.8114e-01 2.0923e-02 1 1
58496.094686857 6.2909e-05 1.0000e+00 1.9655e-02 1 1
58496.094749863 6.2909e-05 1.0189e+00 2.7166e-02 1 1
58496.094812868 6.2909e-05 1.0280e+00 1.8446e-02 1 1
58496.094875874 6.2909e-05 1.0136e+00 2.2596e-02 1 1
58496.094938880 6.2909e-05 9.8429e-01 2.0039e-02 1 1
58496.095001886 6.2909e-05 9.8127e-01 2.3041e-02 1 1
58496.095064891 6.2909e-05 1.0171e+00 2.4599e-02 1 1
58496.095127897 6.2909e-05 9.5604e-01 2.7176e-02 1 1
58496.095190903 6.2909e-05 1.0018e+00 2.7008e-02 1 1
58496.095253909 6.2909e-05 9.6007e-01 2.7318e-02 1 1
58496.095316915 6.2909e-05 9.9946e-01 1.9776e-02 1 1
58496.095379920 6.2909e-05 1.0326e+00 1.8317e-02 1 1
58496.095442926 6.2909e-05 9.9953e-01 1.8203e-02 1 1
58496.095505932 6.2909e-05 1.0210e+00 1.8162e-02 1 1
58496.095568938 6.2909e-05 9.8779e-01 1.9915e-02 1 1
58496.095631943 6.2909e-05 1.0047e+00 2.1689e-02 1 1
58496.095694949 6.2909e-05 9.9641e-01 2.2403e-02 1 1
58496.095757955 6.2909e-05 1.0208e+00 3.0987e-02 1 1
58496.095820961 6.2909e-05 1.0031e+00 2.5207e-02 1 1
58496.095883966 6.2909e-05 9.5354e-01 2.6767e-02 1 1
58496.095946972 6.2909e-05 1.0200e+00 2.8979e-02 1 1
58496.096009978 6.2909e-05 1.0580e+00 2.8913e-02 1 1
58496.096072984 6.2909e-05 9.3582e-01 2.7539e-02 1 1
58496.096135989 6.2909e-05 1.0200e+00 3.0234e-02 1 1
58496.096198995 6.2909e-05 9.9947e-01 2.7051e-02 1 1
58496.096262001 6.2909e-05 1.0281e+00 2.7856e-02 1 1
58496.096325007 6.2909e-05 1.0456e+00 3.0277e-02 1 1
58496.096388013 6.2909e-05 1.0467e+00 2.8529e-02 1 1
58496.096451018 6.2909e-05 1.0049e+00 2.3115e-02 1 1
58496.096514024 6.2909e-05 9.9357e-01 2.7655e-02 1 1
58496.096577030 6.2909e-05 1.0583e+00 2.7581e-02 1 1
58496.096640036 6.2909e-05 1.0232e+00 2.6077e-02 1 1
58496.096703041 6.2909e-05 9.9642e-01 2.5501e-02 1 1
58496.096766047 6.2909e-05 1.0470e+00 2.7322e-02 1 1
58496.096829053 6.2909e-05 1.0239e+00 2.6923e-02 1 1
58496.096892059 6.2909e-05 9.8146e-01 2.8529e-02 1 1
58496.096955064 6.2909e-05 1.0258e+00 2.7917e-02 1 1
58496.097018070 6.2909e-05 1.0211e+00 1.8274e-02 1 1
58496.097081076 6.2909e-05 1.0095e+00 1.6451e-02 1 1
58496.097144082 6.2909e-05 1.0046e+00 1.6525e-02 1 1
58496.097207088 6.2909e-05 1.0341e+00 1.7602e-02 1 1
58496.097270093 6.2909e-05 1.0372e+00 1.7134e-02 1 1
58496.097333099 6.2909e-05 1.0143e+00 1.8971e-02 1 1
58496.097396105 6.2909e-05 1.0547e+00 2.1806e-02 1 1
58496.097459111 6.2909e-05 1.0216e+00 1.9137e-02 1 1
58496.097522116 6.2909e-05 1.0110e+00 1.8806e-02 1 1
58496.097585122 6.2909e-05 9.8639e-01 1.7902e-02 1 1
58496.097648128 6.2909e-05 9.8339e-01 1.8046e-02 1 1
58496.097711134 6.2909e-05 1.0248e+00 1.9978e-02 1 1
58496.097774139 6.2909e-05 1.0066e+00 1.5918e-02 1 1
58496.097837145 6.2909e-05 9.9688e-01 1.7436e-02 1 1
58496.097900151 6.2909e-05 9.9507e-01 1.7847e-02 1 1
58496.097963157 6.2909e-05 1.0280e+00 1.8048e-02 1 1
58496.098026162 6.2909e-05 1.0064e+00 1.7821e-02 1 1
58496.098089168 6.2909e-05 9.9869e-01 1.9647e-02 1 1
58496.098152174 6.2909e-05 9.8135e-01 2.0875e-02 1 1
58496.098215180 6.2909e-05 1.0157e+00 2.5096e-02 1 1
58496.098278186 6.2909e-05 9.9318e-01 1.9114e-02 1 1
58496.098341191 6.2909e-05 9.5065e-01 2.2842e-02 1 1
58496.098404197 6.2909e-05 1.0234e+00 2.6300e-02 1 1
58496.098467203 6.2909e-05 1.0169e+00 2.2109e-02 1 1
58496.098530209 6.2909e-05 1.0216e+00 2.0719e-02 1 1
58496.098593214 6.2909e-05 1.0196e+00 1.9571e-02 1 1
58496.098656220 6.2909e-05 9.7135e-01 2.2757e-02 1 1
58496.098719226 6.2909e-05 9.9499e-01 1.8903e-02 1 1
58496.098782232 6.2909e-05 9.7576e-01 1.6092e-02 1 1
58496.098845237 6.2909e-05 9.8490e-01 1.9243e-02 1 1
58496.098908243 6.2909e-05 1.0002e+00 1.8380e-02 1 1
58496.098971249 6.2909e-05 1.0181e+00 1.8217e-02 1 1
58496.099034255 6.2909e-05 9.8788e-01 1.7309e-02 1 1
58496.099097260 6.2909e-05 9.8576e-01 1.6009e-02 1 1
58496.099160266 6.2909e-05 1.0352e+00 1.5904e-02 1 1
58496.099223272 6.2909e-05 9.8723e-01 1.7534e-02 1 1
58496.099286278 6.2909e-05 9.9599e-01 1.6023e-02 1 1
58496.099349284 6.2909e-05 1.0065e+00 2.0798e-02 1 1
58496.099412289 6.2909e-05 9.9199e-01 2.0259e-02 1 1
58496.099475295 6.2909e-05 9.7637e-01 1.9398e-02 1 1
58496.099538301 6.2909e-05 9.6779e-01 1.8348e-02 1 1
58496.099601307 6.2909e-05 9.7035e-01 1.9316e-02 1 1
58496.099664312 6.2909e-05 1.0018e+00 2.0725e-02 1 1
58496.099727318 6.2909e-05 9.9688e-01 1.7895e-02 1 1
58496.099790324 6.2909e-05 1.0200e+00 2.0178e-02 1 1
58496.099853330 6.2909e-05 9.7533e-01 1.9790e-02 1 1
58496.099916335 6.2909e-05 9.7933e-01 1.9131e-02 1 1
58496.099979341 6.2909e-05 1.0098e+00 2.0782e-02 1 1
58496.100042347 6.2909e-05 9.7812e-01 2.0896e-02 1 1
58496.100105353 6.2909e-05 1.0196e+00 1.9240e-02 1 1
58496.100168358 6.2909e-05 9.7932e-01 2.2046e-02 1 1
58496.100231364 6.2909e-05 1.0153e+00 2.0717e-02 1 1
58496.100294370 6.2909e-05 1.0012e+00 2.0749e-02 1 1
58496.100357376 6.2909e-05 9.8137e-01 1.9301e-02 1 1
58496.100420382 6.2909e-05 1.0119e+00 2.4215e-02 1 1
58496.100483387 6.2909e-05 9.9702e-01 2.1690e-02 1 1
58496.100546393 6.2909e-05 9.5936e-01 1.8646e-02 1 1
58496.100609399 6.2909e-05 9.8307e-01 1.7357e-02 1 1
58496.100672405 6.2909e-05 9.8154e-01 1.6725e-02 1 1
58496.100735410 6.2909e-05 9.7629e-01 1.7167e-02 1 1
58496.100798416 6.2909e-05 9.7934e-01 1.8386e-02 1 1
58496.100861422 6.2909e-05 1.0025e+00 1.6559e-02 1 1
58496.100924428 6.2909e-05 1.0037e+00 1.7744e-02 1 1
58496.100987433 6.2909e-05 1.0330e+00 2.1904e-02 1 1
58496.101050439 6.2909e-05 1.0072e+00 1.8464e-02 1 1
58496.101113445 6.2909e-05 1.0006e+00 2.0554e-02 1 1
58496.101176451 6.2909e-05 1.0062e+00 1.8546e-02 1 1
58496.101239456 6.2909e-05 9.9831e-01 2.7818e-02 1 1
58496.101302462 6.2909e-05 9.7635e-01 2.5966e-02 1 1
58496.101365468 6.2909e-05 1.0159e+00 2.8439e-02 1 1
58496.101428474 6.2909e-05 9.9737e-01 2.7591e-02 1 1
58496.101491480 6.2909e-05 1.0080e+00 2.7835e-02 1 1
58496.101554485 6.2909e-05 9.7545e-01 2.0004e-02 1 1
58496.101617491 6.2909e-05 1.0114e+00 2.4231e-02 1 1
58496.101680497 6.2909e-05 9.6244e-01 2.2473e-02 1 1
58496.101743503 6.2909e-05 1.0307e+00 2.0834e-02 1 1
58496.101806508 6.2909e-05 1.0138e+00 1.5966e-02 1 1
58496.101869514 6.2909e-05 9.9101e-01 2.0852e-02 1 1
58496.101932520 6.2909e-05 9.9862e-01 1.7768e-02 1 1
58496.101995526 6.2909e-05 9.9884e-01 1.9776e-02 1 1
58496.102058531 6.2909e-05 9.9431e-01 2.1685e-02 1 1
58496.102121537 6.2909e-05 9.6873e-01 2.0295e-02 1 1
58496.102184543 6.2909e-05 9.9202e-01 1.9190e-02 1 1
58496.102247549 6.2909e-05 1.0185e+00 2.3647e-02 1 1
58496.102310554 6.2909e-05 9.8940e-01 1.6368e-02 1 1
58496.102373560 6.2909e-05 1.0005e+00 1.3699e-02 1 1
58496.102436566 6.2909e-05 9.6379e-01 1.4773e-02 1 1
58496.102499572 6.2909e-05 9.7330e-01 1.4604e-02 1 1
58496.102562578 6.2909e-05 1.0067e+00 1.5390e-02 1 1
58496.102625583 6.2909e-05 1.0054e+00 1.5252e-02 1 1
58496.102688589 6.2909e-05 1.0035e+00 1.5841e-02 1 1
58496.102751595 6.2909e-05 9.9143e-01 1.6603e-02 1 1
58496.102814601 6.2909e-05 9.7443e-01 1.6811e-02 1 1
58496.102877606 6.2909e-05 1.0024e+00 2.3010e-02 1 1
58496.102940612 6.2909e-05 9.8121e-01 2.1078e-02 1 1
58496.103003618 6.2909e-05 1.0185e+00 1.9199e-02 1 1
58496.103066624 6.2909e-05 1.0023e+00 1.9605e-02 1 1
58496.103129629 6.2909e-05 9.8992e-01 2.7033e-02 1 1
58496.103192635 6.2909e-05 1.0092e+00 2.4489e-02 1 1
58496.103255641 6.2909e-05 1.0134e+00 1.9696e-02 1 1
58496.103318647 6.2909e-05 9.9693e-01 2.0661e-02 1 1
58496.103381652 6.2909e-05 9.2748e-01 1.8987e-02 1 1
58496.103444658 6.2909e-05 9.7724e-01 2.6247e-02 1 1
58496.103507664 6.2909e-05 9.7895e-01 1.9773e-02 1 1
58496.103570670 6.2909e-05 9.0745e-01 1.7855e-02 1 1
58496.103633675 6.2909e-05 8.9873e-01 1.9620e-02 1 1
58496.103696681 6.2909e-05 8.9796e-01 1.8586e-02 1 1
58496.103759687 6.2909e-05 8.9215e-01 2.1491e-02 1 1
58496.103822693 6.2909e-05 8.1744e-01 2.3974e-02 1 1
58496.103885699 6.2909e-05 7.8452e-01 1.9147e-02 1 1
58496.103948704 6.2909e-05 7.8683e-01 1.6964e-02 1 1
58496.104011710 6.2909e-05 7.6766e-01 1.8899e-02 1 1
58496.104074716 6.2909e-05 8.0009e-01 1.8984e-02 1 1
58496.104137722 6.2909e-05 7.9614e-01 1.5572e-02 1 1
58496.104200727 6.2909e-05 7.9140e-01 1.7667e-02 1 1
58496.104263733 6.2909e-05 8.3466e-01 2.4040e-02 1 1
58496.104326739 6.2909e-05 8.5195e-01 1.9863e-02 1 1
58496.104389745 6.2909e-05 9.1330e-01 1.5391e-02 1 1
58496.104452750 6.2909e-05 9.1007e-01 2.1501e-02 1 1
58496.104515756 6.2909e-05 9.0597e-01 2.3970e-02 1 1
58496.104578762 6.2909e-05 9.4190e-01 2.6626e-02 1 1
58496.104641768 6.2909e-05 9.5724e-01 2.4341e-02 1 1
58496.104704773 6.2909e-05 9.9960e-01 2.2558e-02 1 1
58496.104767779 6.2909e-05 9.7341e-01 1.9129e-02 1 1
58496.104830785 6.2909e-05 9.9992e-01 2.6681e-02 1 1
58496.104893791 6.2909e-05 9.8893e-01 2.6980e-02 1 1
58496.104956797 6.2909e-05 9.7688e-01 2.5248e-02 1 1
58496.105019802 6.2909e-05 1.0159e+00 2.1043e-02 1 1
58496.105082808 6.2909e-05 1.0141e+00 2.7949e-02 1 1
58496.105145814 6.2909e-05 9.9987e-01 2.2494e-02 1 1
58496.105208820 6.2909e-05 1.0089e+00 2.6570e-02 1 1
58496.105271825 6.2909e-05 1.0034e+00 3.0578e-02 1 1
58496.105334831 6.2909e-05 1.0136e+00 2.8882e-02 1 1
58496.105397837 6.2909e-05 9.7834e-01 2.3989e-02 1 1
58496.105460843 6.2909e-05 9.9658e-01 2.8922e-02 1 1
58496.105523848 6.2909e-05 1.0008e+00 2.5449e-02 1 1
58496.105586854 6.2909e-05 9.8705e-01 2.7797e-02 1 1
58496.105649860 6.2909e-05 1.0228e+00 2.6034e-02 1 1
58496.105712866 6.2909e-05 9.9767e-01 2.5366e-02 1 1
58496.105775871 6.2909e-05 1.0017e+00 2.5830e-02 1 1
58496.105838877 6.2909e-05 9.9226e-01 2.6607e-02 1 1
58496.105901883 6.2909e-05 1.0062e+00 2.4875e-02 1 1
58496.105964889 6.2909e-05 1.0030e+00 1.9778e-02 1 1
58496.106027894 6.2909e-05 9.7652e-01 1.5236e-02 1 1
58496.106090900 6.2909e-05 1.0179e+00 1.3897e-02 1 1
58496.106153906 6.2909e-05 1.0087e+00 1.4358e-02 1 1
58496.106216912 6.2909e-05 1.0071e+00 1.5375e-02 1 1
58496.106279918 6.2909e-05 9.8798e-01 1.9437e-02 1 1
58496.106342923 6.2909e-05 9.6541e-01 1.8802e-02 1 1
58496.106405929 6.2909e-05 9.8250e-01 2.1639e-02 1 1
58496.106468935 6.2909e-05 9.5961e-01 2.1176e-02 1 1
58496.106531941 6.2909e-05 1.0084e+00 2.7560e-02 1 1
58496.106594946 6.2909e-05 1.0408e+00 2.6363e-02 1 1
58496.106657952 6.2909e-05 1.0129e+00 2.5733e-02 1 1
58496.106720958 6.2909e-05 1.0119e+00 2.6378e-02 1 1
58496.106783964 6.2909e-05 1.0000e+00 1.6171e-02 1 1
58496.106846969 6.2909e-05 9.9820e-01 1.5437e-02 1 1
58496.106909975 6.2909e-05 1.0202e+00 1.6226e-02 1 1
58496.106972981 6.2909e-05 9.8813e-01 1.4068e-02 1 1
58496.107035987 6.2909e-05 9.9108e-01 1.4761e-02 1 1
58496.107098992 6.2909e-05 9.9226e-01 1.5127e-02 1 1
58496.107161998 6.2909e-05 1.0187e+00 1.5813e-02 1 1
58496.107225004 6.2909e-05 9.7090e-01 1.6025e-02 1 1
58496.107288010 6.2909e-05 9.9410e-01 1.8366e-02 1 1
58496.107351015 6.2909e-05 1.0059e+00 1.5837e-02 1 1
58496.107414021 6.2909e-05 1.0331e+00 1.5562e-02 1 1
58496.107477027 6.2909e-05 1.0078e+00 1.5571e-02 1 1
58496.107540033 6.2909e-05 1.0155e+00 1.6276e-02 1 1
58496.107603039 6.2909e-05 1.0154e+00 1.6565e-02 1 1
58496.107666044 6.2909e-05 1.0015e+00 1.6142e-02 1 1
58496.107729050 6.2909e-05 1.0064e+00 1.4574e-02 1 1
58496.107792056 6.2909e-05 1.0253e+00 1.5183e-02 1 1
58496.107855062 6.2909e-05 1.0136e+00 1.9382e-02 1 1
58496.107918067 6.2909e-05 1.0035e+00 2.4667e-02 1 1
58496.107981073 6.2909e-05 9.9067e-01 1.9457e-02 1 1
58496.108044079 6.2909e-05 1.0152e+00 1.9912e-02 1 1
58496.108107085 6.2909e-05 1.0331e+00 2.0160e-02 1 1
58496.108170090 6.2909e-05 9.9966e-01 1.6422e-02 1 1
58496.108233096 6.2909e-05 1.0261e+00 1.8189e-02 1 1
58496.108296102 6.2909e-05 9.8850e-01 1.6889e-02 1 1
58496.108359108 6.2909e-05 1.0262e+00 1.7501e-02 1 1
58496.108422113 6.2909e-05 9.8845e-01 1.4681e-02 1 1
58496.108485119 6.2909e-05 1.0046e+00 1.4480e-02 1 1
58496.108548125 6.2909e-05 1.0061e+00 1.5802e-02 1 1
58496.108611131 6.2909e-05 9.7466e-01 1.5058e-02 1 1
58496.108674136 6.2909e-05 1.0088e+00 1.5287e-02 1 1
58496.108737142 6.2909e-05 1.0071e+00 1.3746e-02 1 1
58496.108800148 6.2909e-05 9.9775e-01 1.5705e-02 1 1
58496.108863154 6.2909e-05 9.9813e-01 1.3432e-02 1 1
58496.108926159 6.2909e-05 1.0080e+00 1.5248e-02 1 1
58496.108989165 6.2909e-05 1.0072e+00 1.6812e-02 1 1
58496.109052171 6.2909e-05 1.0552e+00 1.5889e-02 1 1
58496.109115177 6.2909e-05 1.0202e+00 1.6751e-02 1 1
58496.109178183 6.2909e-05 9.8863e-01 1.9362e-02 1 1
58496.109241188 6.2909e-05 1.0009e+00 1.7701e-02 1 1
58496.109304194 6.2909e-05 1.0100e+00 1.7891e-02 1 1
58496.109367200 6.2909e-05 1.0221e+00 1.6533e-02 1 1
58496.109430206 6.2909e-05 1.0220e+00 1.6171e-02 1 1
58496.109493211 6.2909e-05 1.0119e+00 1.4365e-02 1 1
58496.109556217 6.2909e-05 9.9412e-01 1.6238e-02 1 1
58496.109619223 6.2909e-05 1.0078e+00 1.7401e-02 1 1
58496.109682229 6.2909e-05 1.0004e+00 2.1167e-02 1 1
58496.109745234 6.2909e-05 9.9325e-01 1.8033e-02 1 1
58496.109808240 6.2909e-05 1.0038e+00 1.6342e-02 1 1
58496.109871246 6.2909e-05 1.0105e+00 1.7739e-02 1 1
58496.109934252 6.2909e-05 1.0146e+00 2.2143e-02 1 1
58496.109997257 6.2909e-05 1.0688e+00 2.4025e-02 1 1
58496.110060263 6.2909e-05 9.7215e-01 1.7706e-02 1 1
58496.110123269 6.2909e-05 9.9562e-01 1.8086e-02 1 1
58496.110186275 6.2909e-05 9.8753e-01 2.1235e-02 1 1
58496.110249280 6.2909e-05 9.8685e-01 1.9337e-02 1 1
58496.110312286 6.2909e-05 9.8639e-01 1.8561e-02 1 1
58496.110375292 6.2909e-05 9.9358e-01 1.8246e-02 1 1
58496.110438298 6.2909e-05 9.9072e-01 1.9815e-02 1 1
58496.110501303 6.2909e-05 9.8859e-01 2.4528e-02 1 1
58496.110564309 6.2909e-05 1.0172e+00 2.0081e-02 1 1
58496.110627315 6.2909e-05 1.0512e+00 2.7356e-02 1 1
58496.110690321 6.2909e-05 1.0433e+00 2.5894e-02 1 1
58496.110753327 6.2909e-05 1.0051e+00 2.4942e-02 1 1
58496.110816332 6.2909e-05 9.9987e-01 2.6063e-02 1 1
58496.110879338 6.2909e-05 9.8835e-01 2.4231e-02 1 1
58496.110942344 6.2909e-05 1.0116e+00 1.7867e-02 1 1
58496.111005350 6.2909e-05 1.0126e+00 2.0819e-02 1 1
58496.111068355 6.2909e-05 1.0352e+00 2.6824e-02 1 1
58496.111131361 6.2909e-05 9.7768e-01 2.3978e-02 1 1
58496.111194367 6.2909e-05 1.0655e+00 2.5219e-02 1 1
58496.111257373 6.2909e-05 1.0148e+00 2.6077e-02 1 1
58496.111320378 6.2909e-05 1.0195e+00 2.4955e-02 1 1
58496.111383384 6.2909e-05 9.5802e-01 1.8627e-02 1 1
58496.111446390 6.2909e-05 1.0203e+00 1.8462e-02 1 1
58496.111509396 6.2909e-05 1.0212e+00 1.5020e-02 1 1
58496.111572401 6.2909e-05 1.0024e+00 1.4467e-02 1 1
58496.111635407 6.2909e-05 9.9690e-01 1.4028e-02 1 1
58496.111698413 6.2909e-05 9.8892e-01 1.6410e-02 1 1
58496.111761419 6.2909e-05 9.7834e-01 1.8312e-02 1 1
58496.111824424 6.2909e-05 1.0236e+00 1.8511e-02 1 1
58496.111887430 6.2909e-05 9.9821e-01 2.0380e-02 1 1
58496.111950436 6.2909e-05 1.0145e+00 1.9858e-02 1 1
58496.112013442 6.2909e-05 1.0321e+00 1.3880e-02 1 1
58496.112076447 6.2909e-05 9.7160e-01 1.8965e-02 1 1
58496.112139453 6.2909e-05 1.0005e+00 1.6239e-02 1 1
58496.112202459 6.2909e-05 1.0308e+00 2.2103e-02 1 1
58496.112265465 6.2909e-05 1.0177e+00 2.4331e-02 1 1
58496.112328471 6.2909e-05 1.0289e+00 2.4818e-02 1 1
58496.112391476 6.2909e-05 1.0250e+00 2.5263e-02 1 1
58496.112454482 6.2909e-05 1.0411e+00 2.6309e-02 1 1
58496.112517488 6.2909e-05 9.6837e-01 2.3657e-02 1 1
58496.112580494 6.2909e-05 1.0042e+00 2.8320e-02 1 1
58496.112643499 6.2909e-05 9.6289e-01 2.4585e-02 1 1
58496.112706505 6.2909e-05 1.0051e+00 2.5702e-02 1 1
58496.112769511 6.2909e-05 1.0440e+00 2.6055e-02 1 1
58496.112832517 6.2909e-05 9.9823e-01 1.6956e-02 1 1
58496.112895522 6.2909e-05 9.6958e-01 1.9231e-02 1 1
58496.112958528 6.2909e-05 9.8990e-01 2.0756e-02 1 1
58496.113021534 6.2909e-05 1.0129e+00 2.6568e-02 1 1
58496.113084540 6.2909e-05 9.6370e-01 2.5711e-02 1 1
58496.113147545 6.2909e-05 1.0282e+00 2.6998e-02 1 1
58496.113210551 6.2909e-05 9.3320e-01 2.4602e-02 1 1
58496.113273557 6.2909e-05 1.0013e+00 2.4948e-02 1 1
58496.113336563 6.2909e-05 9.8533e-01 2.7068e-02 1 1
58496.113399568 6.2909e-05 9.9792e-01 2.4853e-02 1 1
58496.113462574 6.2909e-05 9.7123e-01 2.4676e-02 1 1
58496.113525580 6.2909e-05 9.7317e-01 2.1947e-02 1 1
58496.113588586 6.2909e-05 1.0470e+00 1.8283e-02 1 1
58496.113651591 6.2909e-05 1.0116e+00 1.5402e-02 1 1
58496.113714597 6.2909e-05 1.0205e+00 2.2133e-02 1 1
58496.113777603 6.2909e-05 9.8033e-01 2.0217e-02 1 1
58496.113840609 6.2909e-05 9.7594e-01 2.4860e-02 1 1
58496.113903614 6.2909e-05 1.0043e+00 1.4881e-02 1 1
58496.113966620 6.2909e-05 9.7900e-01 1.2604e-02 1 1
58496.114029626 6.2909e-05 1.0143e+00 1.9452e-02 1 1
58496.114092632 6.2909e-05 9.6514e-01 2.2489e-02 1 1
58496.114155637 6.2909e-05 9.8374e-01 1.5673e-02 1 1
58496.114218643 6.2909e-05 1.0034e+00 1.4891e-02 1 1
58496.114281649 6.2909e-05 1.0017e+00 1.5996e-02 1 1
58496.114344655 6.2909e-05 1.0142e+00 2.3176e-02 1 1
58496.114407661 6.2909e-05 1.0239e+00 2.2723e-02 1 1
58496.114470666 6.2909e-05 1.0136e+00 1.9605e-02 1 1
58496.114533672 6.2909e-05 9.9783e-01 1.9210e-02 1 1
58496.114596678 6.2909e-05 1.0254e+00 1.8059e-02 1 1
58496.114659684 6.2909e-05 1.0113e+00 2.1120e-02 1 1
58496.114722689 6.2909e-05 9.4568e-01 2.4345e-02 1 1
58496.114785695 6.2909e-05 9.9438e-01 2.1603e-02 1 1
58496.114848701 6.2909e-05 9.8850e-01 2.0288e-02 1 1
58496.114911707 6.2909e-05 9.8640e-01 1.9256e-02 1 1
58496.114974712 6.2909e-05 9.9714e-01 1.7045e-02 1 1
58496.115037718 6.2909e-05 1.0044e+00 1.7906e-02 1 1
58496.115100724 6.2909e-05 9.9493e-01 1.7185e-02 1 1
58496.115163730 6.2909e-05 9.7543e-01 1.9725e-02 1 1
58496.115226735 6.2909e-05 9.6849e-01 2.4736e-02 1 1
58496.115289741 6.2909e-05 9.8098e-01 2.6735e-02 1 1
58496.115352747 6.2909e-05 1.0303e+00 2.0582e-02 1 1
58496.115415753 6.2909e-05 1.0085e+00 2.0438e-02 1 1
58496.115478758 6.2909e-05 1.0413e+00 2.5460e-02 1 1
58496.115541764 6.2909e-05 1.0026e+00 2.3360e-02 1 1
58496.115604770 6.2909e-05 9.7953e-01 2.6382e-02 1 1
58496.115667776 6.2909e-05 1.0203e+00 1.7834e-02 1 1
58496.115730781 6.2909e-05 1.0268e+00 1.7765e-02 1 1
58496.115793787 6.2909e-05 9.5397e-01 2.3577e-02 1 1
58496.115856793 6.2909e-05 9.8107e-01 2.6719e-02 1 1
58496.115919799 6.2909e-05 1.0134e+00 1.9386e-02 1 1
58496.115982804 6.2909e-05 9.7037e-01 2.1286e-02 1 1
58496.116045810 6.2909e-05 9.8368e-01 1.5765e-02 1 1
58496.116108816 6.2909e-05 9.6725e-01 1.7386e-02 1 1
58496.116171822 6.2909e-05 1.0286e+00 1.6585e-02 1 1
58496.116234827 6.2909e-05 1.0059e+00 1.6384e-02 1 1
58496.116297833 6.2909e-05 9.7493e-01 1.4275e-02 1 1
58496.116360839 6.2909e-05 9.9872e-01 1.3930e-02 1 1
58496.116423845 6.2909e-05 1.0230e+00 1.6343e-02 1 1
58496.116486851 6.2909e-05 1.0169e+00 1.5986e-02 1 1
58496.116549856 6.2909e-05 1.0159e+00 1.7463e-02 1 1
58496.116612862 6.2909e-05 9.6846e-01 1.9575e-02 1 1
58496.116675868 6.2909e-05 1.0351e+00 2.2812e-02 1 1
58496.116738874 6.2909e-05 9.6674e-01 1.8455e-02 1 1
58496.116801879 6.2909e-05 9.8478e-01 1.6322e-02 1 1
58496.116864885 6.2909e-05 9.9094e-01 1.6830e-02 1 1
58496.116927891 6.2909e-05 9.9648e-01 1.4260e-02 1 1
58496.116990897 6.2909e-05 9.9869e-01 1.5611e-02 1 1
58496.117053902 6.2909e-05 9.9155e-01 1.3477e-02 1 1
58496.117116908 6.2909e-05 9.9575e-01 1.4661e-02 1 1
58496.117179914 6.2909e-05 9.8048e-01 1.3245e-02 1 1
58496.117242920 6.2909e-05 9.9916e-01 1.5519e-02 1 1
58496.117305925 6.2909e-05 9.8236e-01 1.5538e-02 1 1
58496.117368931 6.2909e-05 1.0230e+00 2.0274e-02 1 1
58496.117431937 6.2909e-05 1.0250e+00 1.8680e-02 1 1
58496.117494943 6.2909e-05 1.0141e+00 1.3314e-02 1 1
58496.117557948 6.2909e-05 9.7931e-01 1.3966e-02 1 1
58496.117620954 6.2909e-05 9.9241e-01 1.6742e-02 1 1
58496.117683960 6.2909e-05 9.8069e-01 1.5549e-02 1 1
58496.117746966 6.2909e-05 1.0100e+00 1.5255e-02 1 1
58496.117809971 6.2909e-05 1.0111e+00 1.4353e-02 1 1
58496.117872977 6.2909e-05 9.9928e-01 1.4257e-02 1 1
58496.117935983 6.2909e-05 9.7644e-01 1.7700e-02 1 1
58496.117998989 6.2909e-05 9.7854e-01 1.6019e-02 1 1
58496.118061994 6.2909e-05 9.9961e-01 1.4531e-02 1 1
58496.118125000 6.2909e-05 1.0144e+00 1.4597e-02 1 1
58496.118188006 6.2909e-05 9.8774e-01 1.4862e-02 1 1
58496.118251012 6.2909e-05 9.9947e-01 1.4365e-02 1 1
58496.118314017 6.2909e-05 9.8490e-01 1.6084e-02 1 1
58496.118377023 6.2909e-05 9.9899e-01 1.2925e-02 1 1
58496.118440029 6.2909e-05 9.6745e-01 1.6623e-02 1 1
58496.118503035 6.2909e-05 1.0074e+00 1.9225e-02 1 1
58496.118566040 6.2909e-05 9.7292e-01 1.8395e-02 1 1
58496.118629046 6.2909e-05 1.0111e+00 2.6643e-02 1 1
58496.118692052 6.2909e-05 1.0063e+00 1.6509e-02 1 1
58496.118755058 6.2909e-05 1.0061e+00 1.9032e-02 1 1
58496.118818064 6.2909e-05 1.0102e+00 1.6157e-02 1 1
58496.118881069 6.2909e-05 9.9625e-01 2.0544e-02 1 1
58496.118944075 6.2909e-05 1.0113e+00 1.7261e-02 1 1
58496.119007081 6.2909e-05 9.8840e-01 1.7252e-02 1 1
58496.119070087 6.2909e-05 9.7632e-01 2.5773e-02 1 1
58496.119133092 6.2909e-05 9.8084e-01 1.8129e-02 1 1
58496.119196098 6.2909e-05 9.8656e-01 1.7468e-02 1 1
58496.119259104 6.2909e-05 9.7654e-01 1.6980e-02 1 1
58496.119322110 6.2909e-05 9.7930e-01 1.8095e-02 1 1
58496.119385115 6.2909e-05 9.8936e-01 2.2766e-02 1 1
58496.119448121 6.2909e-05 9.7333e-01 1.7494e-02 1 1
58496.119511127 6.2909e-05 1.0128e+00 1.8791e-02 1 1
58496.119574133 6.2909e-05 9.8805e-01 2.1694e-02 1 1
58496.119637138 6.2909e-05 1.0055e+00 1.8306e-02 1 1
58496.119700144 6.2909e-05 9.7506e-01 1.7587e-02 1 1
58496.119763150 6.2909e-05 9.4833e-01 1.9771e-02 1 1
58496.119826156 6.2909e-05 9.8347e-01 1.5792e-02 1 1
58496.119889161 6.2909e-05 1.0125e+00 1.3244e-02 1 1
58496.119952167 6.2909e-05 9.7838e-01 1.9876e-02 1 1
58496.120015173 6.2909e-05 9.8585e-01 2.1510e-02 1 1
58496.120078179 6.2909e-05 1.0052e+00 1.8796e-02 1 1
58496.120141184 6.2909e-05 1.0086e+00 1.6188e-02 1 1
58496.120204190 6.2909e-05 9.9732e-01 1.7391e-02 1 1
58496.120267196 6.2909e-05 1.0064e+00 1.6533e-02 1 1
58496.120330202 6.2909e-05 1.0069e+00 1.6319e-02 1 1
58496.120393207 6.2909e-05 9.9973e-01 1.6157e-02 1 1
58496.120456213 6.2909e-05 9.9489e-01 1.4084e-02 1 1
58496.120519219 6.2909e-05 9.8205e-01 1.8750e-02 1 1
58496.120582225 6.2909e-05 9.6716e-01 1.4982e-02 1 1
58496.120645230 6.2909e-05 9.8673e-01 1.3455e-02 1 1
58496.120708236 6.2909e-05 9.8379e-01 1.5160e-02 1 1
58496.120771242 6.2909e-05 1.0110e+00 1.8888e-02 1 1
58496.120834248 6.2909e-05 9.8638e-01 1.6247e-02 1 1
58496.120897253 6.2909e-05 1.0258e+00 1.6368e-02 1 1
58496.120960259 6.2909e-05 9.8331e-01 1.7595e-02 1 1
58496.121023265 6.2909e-05 1.0052e+00 2.4756e-02 1 1
58496.121086271 6.2909e-05 1.0049e+00 1.8027e-02 1 1
58496.121149276 6.2909e-05 9.8117e-01 1.5732e-02 1 1
58496.121212282 6.2909e-05 9.8190e-01 1.6325e-02 1 1
58496.121275288 6.2909e-05 9.8195e-01 1.9681e-02 1 1
58496.121338294 6.2909e-05 9.9004e-01 1.8771e-02 1 1
58496.121401299 6.2909e-05 1.0169e+00 2.4420e-02 1 1
58496.121464305 6.2909e-05 1.0104e+00 1.9865e-02 1 1
58496.121527311 6.2909e-05 9.8795e-01 1.6806e-02 1 1
58496.121590317 6.2909e-05 9.9891e-01 1.7004e-02 1 1
58496.121653323 6.2909e-05 9.6622e-01 1.9896e-02 1 1
58496.121716328 6.2909e-05 1.0001e+00 1.6700e-02 1 1
58496.121779334 6.2909e-05 1.0022e+00 1.5065e-02 1 1
58496.121842340 6.2909e-05 1.0023e+00 1.4393e-02 1 1
58496.121905346 6.2909e-05 1.0148e+00 1.5064e-02 1 1
58496.121968351 6.2909e-05 9.8698e-01 1.6057e-02 1 1
58496.122031357 6.2909e-05 1.0178e+00 1.4530e-02 1 1
58496.122094363 6.2909e-05 9.9646e-01 1.7376e-02 1 1
58496.122157369 6.2909e-05 1.0150e+00 2.6912e-02 1 1
58496.122220374 6.2909e-05 1.0173e+00 2.1072e-02 1 1
58496.122283380 6.2909e-05 1.0153e+00 2.1998e-02 1 1
58496.122346386 6.2909e-05 1.0116e+00 1.6003e-02 1 1
58496.122409392 6.2909e-05 1.0106e+00 1.5270e-02 1 1
58496.122472397 6.2909e-05 1.0123e+00 1.6639e-02 1 1
58496.122535403 6.2909e-05 9.7086e-01 1.5625e-02 1 1
58496.122598409 6.2909e-05 1.0009e+00 1.4251e-02 1 1
58496.122661415 6.2909e-05 9.5867e-01 2.2210e-02 1 1
58496.122724420 6.2909e-05 9.7642e-01 2.0371e-02 1 1
58496.122787426 6.2909e-05 9.7393e-01 2.2160e-02 1 1
58496.122850432 6.2909e-05 9.7511e-01 1.5184e-02 1 1
58496.122913438 6.2909e-05 9.8183e-01 1.4305e-02 1 1
58496.122976443 6.2909e-05 1.0132e+00 1.3694e-02 1 1
58496.123039449 6.2909e-05 1.0134e+00 1.4306e-02 1 1
58496.123102455 6.2909e-05 1.0215e+00 1.5777e-02 1 1
58496.123165461 6.2909e-05 9.6878e-01 1.6428e-02 1 1
58496.123228466 6.2909e-05 9.6836e-01 1.6789e-02 1 1
58496.123291472 6.2909e-05 1.0151e+00 1.7201e-02 1 1
58496.123354478 6.2909e-05 9.9723e-01 1.8237e-02 1 1
58496.123417484 6.2909e-05 1.0310e+00 1.8165e-02 1 1
58496.123480489 6.2909e-05 1.0188e+00 1.5926e-02 1 1
58496.123543495 6.2909e-05 9.9212e-01 1.5665e-02 1 1
58496.123606501 6.2909e-05 1.0003e+00 1.3210e-02 1 1
58496.123669507 6.2909e-05 9.9861e-01 1.3045e-02 1 1
58496.123732512 6.2909e-05 9.9838e-01 1.4686e-02 1 1
58496.123795518 6.2909e-05 1.0130e+00 1.3551e-02 1 1
58496.123858524 6.2909e-05 1.0011e+00 1.4540e-02 1 1
58496.123921530 6.2909e-05 9.9490e-01 1.3646e-02 1 1
58496.123984535 6.2909e-05 9.8615e-01 1.3182e-02 1 1
58496.124047541 6.2909e-05 9.6946e-01 1.6479e-02 1 1
58496.124110547 6.2909e-05 1.0012e+00 1.3570e-02 1 1
58496.124173553 6.2909e-05 1.0060e+00 1.6783e-02 1 1
58496.124236558 6.2909e-05 1.0112e+00 1.4877e-02 1 1
58496.124299564 6.2909e-05 9.9194e-01 1.3794e-02 1 1
58496.124362570 6.2909e-05 1.0153e+00 1.3569e-02 1 1
58496.124425576 6.2909e-05 9.9609e-01 1.2927e-02 1 1
58496.124488581 6.2909e-05 9.9044e-01 1.3480e-02 1 1
58496.124551587 6.2909e-05 1.0004e+00 1.3978e-02 1 1
58496.124614593 6.2909e-05 1.0066e+00 1.5761e-02 1 1
58496.124677599 6.2909e-05 1.0012e+00 1.8126e-02 1 1
58496.124740604 6.2909e-05 1.0082e+00 1.7476e-02 1 1
58496.124803610 6.2909e-05 9.8545e-01 1.7997e-02 1 1
58496.124866616 6.2909e-05 1.0060e+00 1.8633e-02 1 1
58496.124929622 6.2909e-05 9.9879e-01 1.7951e-02 1 1
58496.124992627 6.2909e-05 9.6890e-01 1.8729e-02 1 1
58496.125055633 6.2909e-05 9.8913e-01 1.9173e-02 1 1
58496.125118639 6.2909e-05 9.9310e-01 1.4407e-02 1 1
58496.125181645 6.2909e-05 1.0165e+00 1.6069e-02 1 1
58496.125244650 6.2909e-05 9.9462e-01 1.5809e-02 1 1
58496.125307656 6.2909e-05 9.7800e-01 1.3245e-02 1 1
58496.125370662 6.2909e-05 9.9005e-01 1.3809e-02 1 1
58496.125433668 6.2909e-05 9.9309e-01 1.4849e-02 1 1
58496.125496673 6.2909e-05 1.0020e+00 1.5094e-02 1 1
58496.125559679 6.2909e-05 1.0061e+00 1.6270e-02 1 1
58496.125622685 6.2909e-05 1.0078e+00 1.7743e-02 1 1
58496.125685691 6.2909e-05 1.0065e+00 1.5011e-02 1 1
58496.125748696 6.2909e-05 1.0004e+00 2.6163e-02 1 1
58496.125811702 6.2909e-05 9.9504e-01 2.4212e-02 1 1
58496.125874708 6.2909e-05 1.0149e+00 1.6429e-02 1 1
58496.125937714 6.2909e-05 9.9887e-01 1.5391e-02 1 1
58496.126000719 6.2909e-05 9.8569e-01 1.8498e-02 1 1
58496.126063725 6.2909e-05 9.9020e-01 1.6916e-02 1 1
58496.126126731 6.2909e-05 1.0034e+00 1.5478e-02 1 1
58496.126189737 6.2909e-05 9.9862e-01 1.5693e-02 1 1
58496.126252743 6.2909e-05 1.0040e+00 1.3896e-02 1 1
58496.126315748 6.2909e-05 9.9118e-01 1.3209e-02 1 1
58496.126378754 6.2909e-05 1.0129e+00 1.2622e-02 1 1
58496.126441760 6.2909e-05 1.0007e+00 1.3720e-02 1 1
58496.126504766 6.2909e-05 1.0095e+00 1.5043e-02 1 1
58496.126567771 6.2909e-05 1.0113e+00 1.5038e-02 1 1
58496.126630777 6.2909e-05 1.0138e+00 1.5665e-02 1 1
58496.126693783 6.2909e-05 1.0030e+00 2.1653e-02 1 1
58496.126756789 6.2909e-05 1.0199e+00 1.7775e-02 1 1
58496.126819794 6.2909e-05 9.9369e-01 1.5282e-02 1 1
58496.126882800 6.2909e-05 9.9562e-01 1.5321e-02 1 1
58496.126945806 6.2909e-05 9.8722e-01 1.3854e-02 1 1
58496.127008812 6.2909e-05 1.0090e+00 1.4379e-02 1 1
58496.127071817 6.2909e-05 9.8055e-01 1.6577e-02 1 1
58496.127134823 6.2909e-05 9.9466e-01 1.5490e-02 1 1
58496.127197829 6.2909e-05 1.0222e+00 1.4893e-02 1 1
58496.127260835 6.2909e-05 1.0097e+00 2.5013e-02 1 1
58496.127323840 6.2909e-05 9.9944e-01 2.5461e-02 1 1
58496.127386846 6.2909e-05 1.0088e+00 2.0105e-02 1 1
58496.127449852 6.2909e-05 1.0059e+00 2.0839e-02 1 1
58496.127512858 6.2909e-05 9.8284e-01 1.8522e-02 1 1
58496.127575863 6.2909e-05 1.0136e+00 2.0985e-02 1 1
58496.127638869 6.2909e-05 9.9831e-01 1.6737e-02 1 1
58496.127701875 6.2909e-05 1.0305e+00 1.9656e-02 1 1
58496.127764881 6.2909e-05 9.8704e-01 2.0297e-02 1 1
58496.127827886 6.2909e-05 1.0037e+00 1.6007e-02 1 1
58496.127890892 6.2909e-05 1.0059e+00 1.5966e-02 1 1
58496.127953898 6.2909e-05 1.0430e+00 1.7906e-02 1 1
58496.128016904 6.2909e-05 1.0002e+00 1.8388e-02 1 1
58496.128079909 6.2909e-05 1.0020e+00 1.4123e-02 1 1
58496.128142915 6.2909e-05 1.0059e+00 1.3458e-02 1 1
58496.128205921 6.2909e-05 9.8246e-01 1.3889e-02 1 1
58496.128268927 6.2909e-05 1.0101e+00 1.4900e-02 1 1
58496.128331932 6.2909e-05 1.0020e+00 1.5888e-02 1 1
58496.128394938 6.2909e-05 9.9519e-01 1.7357e-02 1 1
58496.128457944 6.2909e-05 1.0428e+00 1.4951e-02 1 1
58496.128520950 6.2909e-05 9.9399e-01 1.6359e-02 1 1
58496.128583955 6.2909e-05 1.0274e+00 1.7283e-02 1 1
58496.128646961 6.2909e-05 9.6390e-01 2.2616e-02 1 1
58496.128709967 6.2909e-05 1.0098e+00 2.0486e-02 1 1
58496.128772973 6.2909e-05 1.0140e+00 1.6512e-02 1 1
58496.128835978 6.2909e-05 1.0475e+00 1.8726e-02 1 1
58496.128898984 6.2909e-05 1.0280e+00 1.6781e-02 1 1
58496.128961990 6.2909e-05 9.8596e-01 1.5584e-02 1 1
58496.129024996 6.2909e-05 1.0314e+00 1.5059e-02 1 1
58496.129088001 6.2909e-05 1.0239e+00 1.3027e-02 1 1
58496.129151007 6.2909e-05 9.9475e-01 1.1366e-02 1 1
58496.129214013 6.2909e-05 1.0040e+00 1.3409e-02 1 1
58496.129277019 6.2909e-05 9.9565e-01 1.4765e-02 1 1
58496.129340024 6.2909e-05 1.0183e+00 1.6043e-02 1 1
58496.129403030 6.2909e-05 9.8130e-01 1.4354e-02 1 1
58496.129466036 6.2909e-05 1.0120e+00 1.7467e-02 1 1
58496.129529042 6.2909e-05 1.0096e+00 1.6524e-02 1 1
58496.129592047 6.2909e-05 1.0258e+00 1.5554e-02 1 1
58496.129655053 6.2909e-05 9.8524e-01 1.6275e-02 1 1
58496.129718059 6.2909e-05 9.9305e-01 1.3505e-02 1 1
58496.129781065 6.2909e-05 1.0010e+00 1.4894e-02 1 1
58496.129844070 6.2909e-05 1.0102e+00 1.9296e-02 1 1
58496.129907076 6.2909e-05 1.0053e+00 1.4586e-02 1 1
58496.129970082 6.2909e-05 1.0198e+00 1.3350e-02 1 1
58496.130033088 6.2909e-05 9.7982e-01 1.3424e-02 1 1
58496.130096093 6.2909e-05 1.0138e+00 1.3966e-02 1 1
58496.130159099 6.2909e-05 1.0253e+00 1.4474e-02 1 1
58496.130222105 6.2909e-05 9.9988e-01 1.2970e-02 1 1
58496.130285111 6.2909e-05 1.0158e+00 1.3069e-02 1 1
58496.130348116 6.2909e-05 9.9320e-01 1.3448e-02 1 1
58496.130411122 6.2909e-05 9.9584e-01 1.3388e-02 1 1
58496.130474128 6.2909e-05 1.0035e+00 1.3168e-02 1 1
58496.130537134 6.2909e-05 1.0095e+00 1.4141e-02 1 1
58496.130600139 6.2909e-05 1.0112e+00 1.3758e-02 1 1
58496.130663145 6.2909e-05 9.9582e-01 1.5550e-02 1 1
58496.130726151 6.2909e-05 9.9748e-01 1.4581e-02 1 1
58496.130789157 6.2909e-05 1.0038e+00 1.3681e-02 1 1
58496.130852162 6.2909e-05 1.0054e+00 1.3114e-02 1 1
58496.130915168 6.2909e-05 1.0069e+00 1.3971e-02 1 1
58496.130978174 6.2909e-05 9.8383e-01 1.3005e-02 1 1
58496.131041180 6.2909e-05 1.0004e+00 1.2207e-02 1 1
58496.131104185 6.2909e-05 9.9535e-01 1.3092e-02 1 1
58496.131167191 6.2909e-05 9.8172e-01 1.3834e-02 1 1
58496.131230197 6.2909e-05 1.0007e+00 1.3501e-02 1 1
58496.131293203 6.2909e-05 9.9705e-01 1.5671e-02 1 1
58496.131356208 6.2909e-05 1.0028e+00 1.2525e-02 1 1
58496.131419214 6.2909e-05 9.8577e-01 1.3242e-02 1 1
58496.131482220 6.2909e-05 1.0105e+00 1.2167e-02 1 1
58496.131545226 6.2909e-05 1.0046e+00 1.2093e-02 1 1
58496.131608231 6.2909e-05 1.0068e+00 1.3170e-02 1 1
58496.131671237 6.2909e-05 1.0020e+00 1.3208e-02 1 1
58496.131734243 6.2909e-05 1.0027e+00 1.2863e-02 1 1
58496.131797249 6.2909e-05 1.0092e+00 1.2804e-02 1 1
58496.131860254 6.2909e-05 1.0006e+00 1.1972e-02 1 1
58496.131923260 6.2909e-05 1.0051e+00 1.2569e-02 1 1
58496.131986266 6.2909e-05 1.0075e+00 1.1610e-02 1 1
58496.132049272 6.2909e-05 9.9074e-01 1.1926e-02 1 1
58496.132112277 6.2909e-05 9.8413e-01 1.3078e-02 1 1
58496.132175283 6.2909e-05 9.8736e-01 1.2924e-02 1 1
58496.132238289 6.2909e-05 9.9614e-01 1.4448e-02 1 1
58496.132301295 6.2909e-05 9.8854e-01 1.2135e-02 1 1
58496.132364300 6.2909e-05 1.0032e+00 1.2709e-02 1 1
58496.132427306 6.2909e-05 1.0075e+00 1.3854e-02 1 1
58496.132490312 6.2909e-05 1.0076e+00 1.2816e-02 1 1
58496.132553318 6.2909e-05 9.9572e-01 1.1583e-02 1 1
58496.132616323 6.2909e-05 9.9275e-01 1.3012e-02 1 1
58496.132679329 6.2909e-05 1.0272e+00 1.3820e-02 1 1
58496.132742335 6.2909e-05 9.8977e-01 1.3681e-02 1 1
58496.132805341 6.2909e-05 9.9331e-01 1.6294e-02 1 1
58496.132868346 6.2909e-05 9.9816e-01 1.3558e-02 1 1
58496.132931352 6.2909e-05 1.0221e+00 1.3976e-02 1 1
58496.132994358 6.2909e-05 9.9508e-01 1.4952e-02 1 1
58496.133057364 6.2909e-05 1.0104e+00 1.4694e-02 1 1
58496.133120369 6.2909e-05 1.0027e+00 1.4372e-02 1 1
58496.133183375 6.2909e-05 9.8500e-01 1.6107e-02 1 1
58496.133246381 6.2909e-05 9.8762e-01 1.4141e-02 1 1
58496.133309387 6.2909e-05 9.9022e-01 1.3558e-02 1 1
58496.133372392 6.2909e-05 9.6560e-01 1.2382e-02 1 1
58496.133435398 6.2909e-05 9.8055e-01 1.4613e-02 1 1
58496.133498404 6.2909e-05 1.0111e+00 1.7625e-02 1 1
58496.133561410 6.2909e-05 1.0015e+00 1.5297e-02 1 1
58496.133624415 6.2909e-05 9.9107e-01 1.3078e-02 1 1
58496.133687421 6.2909e-05 1.0044e+00 1.2083e-02 1 1
58496.133750427 6.2909e-05 1.0006e+00 1.1383e-02 1 1
58496.133813433 6.2909e-05 9.9869e-01 1.1539e-02 1 1
58496.133876438 6.2909e-05 9.8090e-01 1.1634e-02 1 1
58496.133939444 6.2909e-05 9.7339e-01 1.3019e-02 1 1
58496.134002450 6.2909e-05 1.0245e+00 1.5207e-02 1 1
58496.134065456 6.2909e-05 1.0032e+00 1.2173e-02 1 1
58496.134128461 6.2909e-05 1.0009e+00 1.0857e-02 1 1
58496.134191467 6.2909e-05 1.0045e+00 1.4984e-02 1 1
58496.134254473 6.2909e-05 9.8851e-01 1.5128e-02 1 1
58496.134317479 6.2909e-05 9.7160e-01 1.8497e-02 1 1
58496.134380484 6.2909e-05 9.7301e-01 1.2767e-02 1 1
58496.134443490 6.2909e-05 9.9273e-01 1.3291e-02 1 1
58496.134506496 6.2909e-05 9.9793e-01 1.2247e-02 1 1
58496.134569501 6.2909e-05 1.0145e+00 1.3601e-02 1 1
58496.134632507 6.2909e-05 9.7947e-01 1.5212e-02 1 1
58496.134695513 6.2909e-05 9.8773e-01 1.5362e-02 1 1
58496.134758519 6.2909e-05 9.9025e-01 1.5552e-02 1 1
58496.134821524 6.2909e-05 9.9713e-01 1.2500e-02 1 1
58496.134884530 6.2909e-05 1.0086e+00 1.2573e-02 1 1
58496.134947536 6.2909e-05 9.9682e-01 1.1504e-02 1 1
58496.135010542 6.2909e-05 1.0223e+00 1.4939e-02 1 1
58496.135073547 6.2909e-05 9.9592e-01 1.4432e-02 1 1
58496.135136553 6.2909e-05 9.8010e-01 1.3879e-02 1 1
58496.135199559 6.2909e-05 1.0049e+00 1.6864e-02 1 1
58496.135262565 6.2909e-05 9.8911e-01 1.7855e-02 1 1
58496.135325570 6.2909e-05 9.9268e-01 1.5907e-02 1 1
58496.135388576 6.2909e-05 1.0118e+00 1.7670e-02 1 1
58496.135451582 6.2909e-05 1.0091e+00 1.4791e-02 1 1
58496.135514588 6.2909e-05 9.6643e-01 1.6425e-02 1 1
58496.135577593 6.2909e-05 9.8286e-01 1.6720e-02 1 1
58496.135640599 6.2909e-05 1.0116e+00 1.4457e-02 1 1
58496.135703605 6.2909e-05 9.9902e-01 1.4103e-02 1 1
58496.135766611 6.2909e-05 1.0025e+00 1.3529e-02 1 1
58496.135829616 6.2909e-05 9.7454e-01 1.3642e-02 1 1
58496.135892622 6.2909e-05 9.7059e-01 1.4122e-02 1 1
58496.135955628 6.2909e-05 9.9758e-01 1.6032e-02 1 1
58496.136018634 6.2909e-05 1.0103e+00 1.3287e-02 1 1
58496.136081639 6.2909e-05 9.8959e-01 1.3066e-02 1 1
58496.136144645 6.2909e-05 1.0283e+00 1.4313e-02 1 1
58496.136207651 6.2909e-05 9.9632e-01 1.5363e-02 1 1
58496.136270657 6.2909e-05 1.0102e+00 1.4479e-02 1 1
58496.136333662 6.2909e-05 9.5368e-01 1.6804e-02 1 1
58496.136396668 6.2909e-05 1.0117e+00 1.6363e-02 1 1
58496.136459674 6.2909e-05 1.0101e+00 1.3525e-02 1 1
58496.136522680 6.2909e-05 9.8734e-01 1.5583e-02 1 1
58496.136585685 6.2909e-05 1.0017e+00 1.4473e-02 1 1
58496.136648691 6.2909e-05 1.0022e+00 1.3563e-02 1 1
58496.136711697 6.2909e-05 1.0077e+00 1.2764e-02 1 1
58496.136774703 6.2909e-05 1.0088e+00 1.4833e-02 1 1
58496.136837708 6.2909e-05 9.9834e-01 1.3833e-02 1 1
58496.136900714 6.2909e-05 1.0196e+00 1.4817e-02 1 1
58496.136963720 6.2909e-05 9.8375e-01 1.3218e-02 1 1
58496.137026726 6.2909e-05 9.9887e-01 1.4170e-02 1 1
58496.137089731 6.2909e-05 9.9055e-01 1.4051e-02 1 1
58496.137152737 6.2909e-05 9.9799e-01 1.3690e-02 1 1
58496.137215743 6.2909e-05 1.0108e+00 1.3917e-02 1 1
58496.137278749 6.2909e-05 1.0056e+00 1.4097e-02 1 1
58496.137341754 6.2909e-05 1.0097e+00 1.7431e-02 1 1
58496.137404760 6.2909e-05 9.6044e-01 2.1444e-02 1 1
58496.137467766 6.2909e-05 1.0089e+00 2.6537e-02 1 1
58496.137530772 6.2909e-05 1.0231e+00 2.6386e-02 1 1
58496.137593777 6.2909e-05 9.9537e-01 2.6571e-02 1 1
58496.137656783 6.2909e-05 1.0054e+00 2.3222e-02 1 1
58496.137719789 6.2909e-05 9.9620e-01 2.3276e-02 1 1
58496.137782795 6.2909e-05 9.9730e-01 1.9488e-02 1 1
58496.137845800 6.2909e-05 1.0111e+00 1.8411e-02 1 1
58496.137908806 6.2909e-05 9.6177e-01 2.4702e-02 1 1
58496.137971812 6.2909e-05 1.0203e+00 2.0449e-02 1 1
58496.138034818 6.2909e-05 1.0134e+00 2.0609e-02 1 1
58496.138097823 6.2909e-05 9.8754e-01 2.6538e-02 1 1
58496.138160829 6.2909e-05 9.9912e-01 1.5411e-02 1 1
58496.138223835 6.2909e-05 1.0121e+00 1.5652e-02 1 1
58496.138286841 6.2909e-05 1.0046e+00 1.5637e-02 1 1
58496.138349846 6.2909e-05 9.9105e-01 1.5343e-02 1 1
58496.138412852 6.2909e-05 9.7297e-01 1.5790e-02 1 1
58496.138475858 6.2909e-05 9.8712e-01 1.7432e-02 1 1
58496.138538864 6.2909e-05 9.9325e-01 1.5735e-02 1 1
58496.138601869 6.2909e-05 9.9959e-01 1.5019e-02 1 1
58496.138664875 6.2909e-05 9.8036e-01 1.3245e-02 1 1
58496.138727881 6.2909e-05 9.9831e-01 1.4252e-02 1 1
58496.138790887 6.2909e-05 1.0055e+00 1.6534e-02 1 1
58496.138853892 6.2909e-05 9.7905e-01 1.4290e-02 1 1
58496.138916898 6.2909e-05 9.9260e-01 1.4478e-02 1 1
58496.138979904 6.2909e-05 1.0227e+00 1.3862e-02 1 1
58496.139042910 6.2909e-05 1.0214e+00 1.5136e-02 1 1
58496.139105915 6.2909e-05 1.0013e+00 1.3529e-02 1 1
58496.139168921 6.2909e-05 1.0004e+00 1.4011e-02 1 1
58496.139231927 6.2909e-05 9.9522e-01 1.4247e-02 1 1
58496.139294933 6.2909e-05 1.0011e+00 1.6797e-02 1 1
58496.139357938 6.2909e-05 1.0101e+00 1.6064e-02 1 1
58496.139420944 6.2909e-05 1.0286e+00 1.4451e-02 1 1
58496.139483950 6.2909e-05 9.8641e-01 1.3557e-02 1 1
58496.139546955 6.2909e-05 1.0066e+00 2.3188e-02 1 1
58496.139609961 6.2909e-05 1.0156e+00 1.6720e-02 1 1
58496.139672967 6.2909e-05 1.0008e+00 1.3758e-02 1 1
58496.139735973 6.2909e-05 9.8676e-01 1.3980e-02 1 1
58496.139798978 6.2909e-05 1.0110e+00 1.2594e-02 1 1
58496.139861984 6.2909e-05 1.0085e+00 1.3941e-02 1 1
58496.139924990 6.2909e-05 9.9600e-01 1.4714e-02 1 1
58496.139987996 6.2909e-05 1.0039e+00 1.4201e-02 1 1
58496.140051001 6.2909e-05 1.0091e+00 1.3285e-02 1 1
58496.140114007 6.2909e-05 1.0073e+00 1.2728e-02 1 1
58496.140177013 6.2909e-05 1.0081e+00 1.2656e-02 1 1
58496.140240019 6.2909e-05 1.0172e+00 1.2845e-02 1 1
58496.140303024 6.2909e-05 1.0096e+00 1.4537e-02 1 1
58496.140366030 6.2909e-05 1.0079e+00 1.3776e-02 1 1
58496.140429036 6.2909e-05 9.9830e-01 1.3986e-02 1 1
58496.140492042 6.2909e-05 1.0382e+00 1.4819e-02 1 1
58496.140555047 6.2909e-05 1.0222e+00 1.4194e-02 1 1
58496.140618053 6.2909e-05 1.0218e+00 1.4183e-02 1 1
58496.140681059 6.2909e-05 1.0031e+00 1.3098e-02 1 1
58496.140744065 6.2909e-05 9.8845e-01 1.4458e-02 1 1
58496.140807070 6.2909e-05 9.9028e-01 1.2896e-02 1 1
58496.140870076 6.2909e-05 1.0020e+00 1.3486e-02 1 1
58496.140933082 6.2909e-05 1.0347e+00 1.3797e-02 1 1
58496.140996088 6.2909e-05 9.9604e-01 1.1713e-02 1 1
58496.141059093 6.2909e-05 1.0014e+00 1.2259e-02 1 1
58496.141122099 6.2909e-05 1.0124e+00 1.3101e-02 1 1
58496.141185105 6.2909e-05 9.9927e-01 1.2922e-02 1 1
58496.141248111 6.2909e-05 1.0050e+00 1.2954e-02 1 1
58496.141311116 6.2909e-05 1.0143e+00 1.2624e-02 1 1
58496.141374122 6.2909e-05 9.9402e-01 1.6513e-02 1 1
58496.141437128 6.2909e-05 1.0233e+00 1.7371e-02 1 1
58496.141500134 6.2909e-05 1.0155e+00 1.3858e-02 1 1
58496.141563139 6.2909e-05 1.0006e+00 1.4147e-02 1 1
58496.141626145 6.2909e-05 1.0199e+00 1.6200e-02 1 1
58496.141689151 6.2909e-05 1.0043e+00 1.4824e-02 1 1
58496.141752157 6.2909e-05 1.0380e+00 1.3465e-02 1 1
58496.141815162 6.2909e-05 9.9320e-01 1.4668e-02 1 1
58496.141878168 6.2909e-05 9.9956e-01 1.5025e-02 1 1
58496.141941174 6.2909e-05 1.0066e+00 1.3939e-02 1 1
58496.142004180 6.2909e-05 1.0250e+00 1.2254e-02 1 1
58496.142067185 6.2909e-05 1.0132e+00 1.2712e-02 1 1
58496.142130191 6.2909e-05 1.0338e+00 1.1764e-02 1 1
58496.142193197 6.2909e-05 1.0084e+00 1.1723e-02 1 1
58496.142256202 6.2909e-05 9.8698e-01 1.1775e-02 1 1
58496.142319208 6.2909e-05 1.0182e+00 1.6386e-02 1 1
58496.142382214 6.2909e-05 1.0018e+00 1.4652e-02 1 1
58496.142445220 6.2909e-05 1.0216e+00 1.4419e-02 1 1
58496.142508225 6.2909e-05 1.0039e+00 1.7498e-02 1 1
58496.142571231 6.2909e-05 1.0104e+00 1.4654e-02 1 1
58496.142634237 6.2909e-05 1.0027e+00 1.4221e-02 1 1
58496.142697243 6.2909e-05 9.8351e-01 2.0343e-02 1 1
58496.142760248 6.2909e-05 9.6755e-01 2.1615e-02 1 1
58496.142823254 6.2909e-05 9.8223e-01 2.0333e-02 1 1
58496.142886260 6.2909e-05 9.5939e-01 1.9723e-02 1 1
58496.142949266 6.2909e-05 1.0273e+00 1.4953e-02 1 1
58496.143012271 6.2909e-05 1.0146e+00 1.3490e-02 1 1
58496.143075277 6.2909e-05 1.0106e+00 1.2629e-02 1 1
58496.143138283 6.2909e-05 1.0003e+00 1.3921e-02 1 1
58496.143201289 6.2909e-05 1.0152e+00 1.3871e-02 1 1
58496.143264294 6.2909e-05 1.0130e+00 1.2325e-02 1 1
58496.143327300 6.2909e-05 1.0023e+00 1.1838e-02 1 1
58496.143390306 6.2909e-05 9.9322e-01 1.4384e-02 1 1
58496.143453312 6.2909e-05 1.0281e+00 1.2980e-02 1 1
58496.143516317 6.2909e-05 1.0060e+00 1.2606e-02 1 1
58496.143579323 6.2909e-05 9.9474e-01 1.0841e-02 1 1
58496.143642329 6.2909e-05 1.0057e+00 1.1336e-02 1 1
58496.143705335 6.2909e-05 1.0035e+00 1.1197e-02 1 1
58496.143768340 6.2909e-05 1.0085e+00 1.1829e-02 1 1
58496.143831346 6.2909e-05 1.0152e+00 1.2108e-02 1 1
58496.143894352 6.2909e-05 1.0185e+00 1.3457e-02 1 1
58496.143957358 6.2909e-05 9.8659e-01 1.2791e-02 1 1
58496.144020363 6.2909e-05 9.9831e-01 1.1868e-02 1 1
58496.144083369 6.2909e-05 1.0121e+00 1.2932e-02 1 1
58496.144146375 6.2909e-05 9.9703e-01 1.2630e-02 1 1
58496.144209381 6.2909e-05 1.0120e+00 1.1692e-02 1 1
58496.144272386 6.2909e-05 1.0079e+00 1.3010e-02 1 1
58496.144335392 6.2909e-05 9.9544e-01 1.3523e-02 1 1
58496.144398398 6.2909e-05 1.0178e+00 1.2243e-02 1 1
58496.144461403 6.2909e-05 9.8513e-01 1.3311e-02 1 1
58496.144524409 6.2909e-05 1.0070e+00 1.3187e-02 1 1
58496.144587415 6.2909e-05 1.0150e+00 1.2792e-02 1 1
58496.144650421 6.2909e-05 9.8046e-01 1.1997e-02 1 1
58496.144713426 6.2909e-05 9.9991e-01 1.2307e-02 1 1
58496.144776432 6.2909e-05 9.8064e-01 1.3455e-02 1 1
58496.144839438 6.2909e-05 1.0121e+00 1.2614e-02 1 1
58496.144902444 6.2909e-05 9.9810e-01 1.1677e-02 1 1
58496.144965449 6.2909e-05 1.0017e+00 1.1631e-02 1 1
58496.145028455 6.2909e-05 9.9255e-01 1.1653e-02 1 1
58496.145091461 6.2909e-05 9.8913e-01 1.3027e-02 1 1
58496.145154467 6.2909e-05 9.7832e-01 1.3341e-02 1 1
58496.145217472 6.2909e-05 1.0253e+00 1.3960e-02 1 1
58496.145280478 6.2909e-05 1.0296e+00 1.4148e-02 1 1
58496.145343484 6.2909e-05 9.8875e-01 1.6460e-02 1 1
58496.145406490 6.2909e-05 1.0142e+00 1.5325e-02 1 1
58496.145469495 6.2909e-05 1.0132e+00 1.3149e-02 1 1
58496.145532501 6.2909e-05 9.8730e-01 1.5138e-02 1 1
58496.145595507 6.2909e-05 1.0620e+00 2.1736e-02 1 1
58496.145658513 6.2909e-05 9.9786e-01 1.4483e-02 1 1
58496.145721518 6.2909e-05 9.8282e-01 1.3803e-02 1 1
58496.145784524 6.2909e-05 9.7808e-01 1.3014e-02 1 1
58496.145847530 6.2909e-05 1.0031e+00 1.7242e-02 1 1
58496.145910536 6.2909e-05 1.0006e+00 1.5198e-02 1 1
58496.145973541 6.2909e-05 1.0359e+00 1.5632e-02 1 1
58496.146036547 6.2909e-05 1.0088e+00 1.4466e-02 1 1
58496.146099553 6.2909e-05 1.0046e+00 1.3303e-02 1 1
58496.146162559 6.2909e-05 9.9148e-01 1.3056e-02 1 1
58496.146225564 6.2909e-05 1.0128e+00 1.6624e-02 1 1
58496.146288570 6.2909e-05 9.8411e-01 1.2922e-02 1 1
58496.146351576 6.2909e-05 9.6801e-01 1.1718e-02 1 1
58496.146414581 6.2909e-05 9.9894e-01 1.2025e-02 1 1
58496.146477587 6.2909e-05 9.9473e-01 1.1813e-02 1 1
58496.146540593 6.2909e-05 9.8418e-01 1.4908e-02 1 1
58496.146603599 6.2909e-05 9.9586e-01 1.2281e-02 1 1
58496.146666604 6.2909e-05 1.0060e+00 1.1791e-02 1 1
58496.146729610 6.2909e-05 9.9071e-01 1.2485e-02 1 1
58496.146792616 6.2909e-05 9.9071e-01 1.4968e-02 1 1
58496.146855622 6.2909e-05 1.0144e+00 1.5957e-02 1 1
58496.146918627 6.2909e-05 1.0131e+00 1.3544e-02 1 1
58496.146981633 6.2909e-05 1.0016e+00 1.2795e-02 1 1
58496.147044639 6.2909e-05 9.8375e-01 1.4538e-02 1 1
58496.147107645 6.2909e-05 1.0071e+00 1.3092e-02 1 1
58496.147170650 6.2909e-05 9.9305e-01 1.3492e-02 1 1
58496.147233656 6.2909e-05 1.0001e+00 1.1721e-02 1 1
58496.147296662 6.2909e-05 9.9945e-01 1.2640e-02 1 1
58496.147359668 6.2909e-05 1.0041e+00 2.0349e-02 1 1
58496.147422673 6.2909e-05 9.9639e-01 2.0676e-02 1 1
58496.147485679 6.2909e-05 1.0197e+00 1.6615e-02 1 1
58496.147548685 6.2909e-05 1.0085e+00 1.6036e-02 1 1
58496.147611691 6.2909e-05 1.0259e+00 1.4467e-02 1 1
58496.147674696 6.2909e-05 9.6331e-01 1.5485e-02 1 1
58496.147737702 6.2909e-05 9.9789e-01 1.6243e-02 1 1
58496.147800708 6.2909e-05 1.0053e+00 1.7296e-02 1 1
58496.147863714 6.2909e-05 9.8864e-01 1.4232e-02 1 1
58496.147926719 6.2909e-05 9.9506e-01 1.3142e-02 1 1
58496.147989725 6.2909e-05 1.0091e+00 1.1724e-02 1 1
58496.148052731 6.2909e-05 9.8910e-01 1.2042e-02 1 1
58496.148115737 6.2909e-05 1.0161e+00 1.2059e-02 1 1
58496.148178742 6.2909e-05 1.0210e+00 1.3975e-02 1 1
58496.148241748 6.2909e-05 1.0075e+00 1.1992e-02 1 1
58496.148304754 6.2909e-05 9.7987e-01 1.4473e-02 1 1
58496.148367759 6.2909e-05 1.0025e+00 1.2550e-02 1 1
58496.148430765 6.2909e-05 9.9181e-01 1.2002e-02 1 1
58496.148493771 6.2909e-05 1.0189e+00 1.2235e-02 1 1
58496.148556777 6.2909e-05 1.0048e+00 1.1632e-02 1 1
58496.148619782 6.2909e-05 1.0035e+00 1.2602e-02 1 1
58496.148682788 6.2909e-05 9.8282e-01 1.1892e-02 1 1
58496.148745794 6.2909e-05 9.7881e-01 1.1785e-02 1 1
58496.148808800 6.2909e-05 9.9969e-01 1.1515e-02 1 1
58496.148871805 6.2909e-05 1.0099e+00 1.2466e-02 1 1
58496.148934811 6.2909e-05 9.7955e-01 1.2805e-02 1 1
58496.148997817 6.2909e-05 9.5904e-01 1.2426e-02 1 1
58496.149060823 6.2909e-05 1.0044e+00 1.2404e-02 1 1
58496.149123828 6.2909e-05 9.9832e-01 1.3259e-02 1 1
58496.149186834 6.2909e-05 1.0082e+00 1.5513e-02 1 1
58496.149249840 6.2909e-05 9.9869e-01 1.3602e-02 1 1
58496.149312846 6.2909e-05 9.8669e-01 1.3232e-02 1 1
58496.149375851 6.2909e-05 1.0060e+00 1.3065e-02 1 1
58496.149438857 6.2909e-05 9.9850e-01 1.5523e-02 1 1
58496.149501863 6.2909e-05 9.9665e-01 1.2646e-02 1 1
58496.149564869 6.2909e-05 9.8939e-01 1.2354e-02 1 1
58496.149627874 6.2909e-05 1.0066e+00 1.2793e-02 1 1
58496.149690880 6.2909e-05 9.8108e-01 1.3451e-02 1 1
58496.149753886 6.2909e-05 1.0031e+00 1.3657e-02 1 1
58496.149816891 6.2909e-05 1.0002e+00 1.2866e-02 1 1
58496.149879897 6.2909e-05 9.9639e-01 1.3055e-02 1 1
58496.149942903 6.2909e-05 9.8638e-01 1.1788e-02 1 1
58496.150005909 6.2909e-05 9.7244e-01 1.4921e-02 1 1
58496.150068914 6.2909e-05 1.0032e+00 1.3995e-02 1 1
58496.150131920 6.2909e-05 1.0026e+00 1.4157e-02 1 1
58496.150194926 6.2909e-05 9.9655e-01 1.3301e-02 1 1
58496.150257932 6.2909e-05 9.7380e-01 1.3507e-02 1 1
58496.150320937 6.2909e-05 9.9351e-01 1.3327e-02 1 1
58496.150383943 6.2909e-05 1.0212e+00 1.3113e-02 1 1
58496.150446949 6.2909e-05 1.0003e+00 1.4149e-02 1 1
58496.150509955 6.2909e-05 9.7242e-01 1.1781e-02 1 1
58496.150572960 6.2909e-05 1.0006e+00 1.3896e-02 1 1
58496.150635966 6.2909e-05 1.0158e+00 1.3911e-02 1 1
58496.150698972 6.2909e-05 9.8593e-01 1.3198e-02 1 1
58496.150761978 6.2909e-05 1.0046e+00 1.3936e-02 1 1
58496.150824983 6.2909e-05 9.7173e-01 1.8653e-02 1 1
58496.150950995 6.2909e-05 1.0161e+00 1.8752e-02 1 1
58496.151014001 6.2909e-05 9.7904e-01 1.5823e-02 1 1
58496.151077006 6.2909e-05 1.0002e+00 1.8635e-02 1 1
58496.151140012 6.2909e-05 1.0094e+00 2.6120e-02 1 1
58496.151203018 6.2909e-05 1.0423e+00 1.9418e-02 1 1
58496.151266024 6.2909e-05 9.9180e-01 1.3548e-02 1 1
58496.151329029 6.2909e-05 9.7662e-01 1.8587e-02 1 1
58496.151392035 6.2909e-05 9.8288e-01 1.6986e-02 1 1
58496.151455041 6.2909e-05 1.0086e+00 1.7519e-02 1 1
58496.151518046 6.2909e-05 9.8917e-01 1.5563e-02 1 1
58496.151581052 6.2909e-05 9.7326e-01 1.3933e-02 1 1
58496.151644058 6.2909e-05 1.0074e+00 1.3996e-02 1 1
58496.151707064 6.2909e-05 9.8588e-01 1.3652e-02 1 1
58496.151770069 6.2909e-05 9.7194e-01 1.4243e-02 1 1
58496.151833075 6.2909e-05 9.8977e-01 1.3313e-02 1 1
58496.151896081 6.2909e-05 1.0025e+00 1.8654e-02 1 1
58496.151959087 6.2909e-05 1.0195e+00 1.3024e-02 1 1
58496.152022092 6.2909e-05 9.9845e-01 1.5183e-02 1 1
58496.152085098 6.2909e-05 9.7713e-01 1.4981e-02 1 1
58496.152148104 6.2909e-05 9.7842e-01 1.1835e-02 1 1
58496.152211110 6.2909e-05 9.6744e-01 1.4060e-02 1 1
58496.152274115 6.2909e-05 1.0204e+00 2.6706e-02 1 1
58496.152337121 6.2909e-05 9.6726e-01 2.4417e-02 1 1
58496.152400127 6.2909e-05 1.0075e+00 2.4726e-02 1 1
58496.152463133 6.2909e-05 9.9864e-01 2.2221e-02 1 1
58496.152526138 6.2909e-05 9.7862e-01 1.5242e-02 1 1
58496.152589144 6.2909e-05 9.8074e-01 1.3523e-02 1 1
58496.152652150 6.2909e-05 1.0120e+00 1.6477e-02 1 1
58496.152715156 6.2909e-05 1.0186e+00 1.7914e-02 1 1
58496.152778161 6.2909e-05 1.0102e+00 1.5411e-02 1 1
58496.152841167 6.2909e-05 9.8271e-01 1.5713e-02 1 1
58496.152904173 6.2909e-05 1.0117e+00 1.4404e-02 1 1
58496.152967178 6.2909e-05 9.9459e-01 1.4235e-02 1 1
58496.153030184 6.2909e-05 9.9053e-01 1.5142e-02 1 1
58496.153093190 6.2909e-05 1.0225e+00 1.5796e-02 1 1
58496.153156196 6.2909e-05 9.8564e-01 1.6707e-02 1 1
58496.153219201 6.2909e-05 9.6683e-01 1.6894e-02 1 1
58496.153282207 6.2909e-05 9.8680e-01 1.6741e-02 1 1
58496.153345213 6.2909e-05 9.1986e-01 1.5962e-02 1 1
58496.153408219 6.2909e-05 8.7016e-01 1.7855e-02 1 1
58496.153471224 6.2909e-05 8.5730e-01 1.6385e-02 1 1
58496.153534230 6.2909e-05 7.9557e-01 1.9622e-02 1 1
58496.153597236 6.2909e-05 7.0848e-01 1.6040e-02 1 1
58496.153660242 6.2909e-05 6.6948e-01 1.6569e-02 1 1
58496.153723247 6.2909e-05 6.2683e-01 2.0466e-02 1 1
58496.153786253 6.2909e-05 5.4602e-01 1.8040e-02 1 1
58496.153849259 6.2909e-05 5.1024e-01 1.6663e-02 1 1
58496.153912265 6.2909e-05 4.6505e-01 1.4939e-02 1 1
58496.153975270 6.2909e-05 5.0112e-01 1.7342e-02 1 1
58496.154038276 6.2909e-05 4.7645e-01 1.4698e-02 1 1
58496.154101282 6.2909e-05 5.4321e-01 1.1547e-02 1 1
58496.154164287 6.2909e-05 5.9404e-01 1.5710e-02 1 1
58496.154227293 6.2909e-05 6.6331e-01 2.0003e-02 1 1
58496.154290299 6.2909e-05 7.0998e-01 1.4095e-02 1 1
58496.154353305 6.2909e-05 7.4347e-01 1.2479e-02 1 1
58496.154416310 6.2909e-05 8.2913e-01 1.7022e-02 1 1
58496.154479316 6.2909e-05 8.8039e-01 1.6129e-02 1 1
58496.154542322 6.2909e-05 9.2145e-01 1.3412e-02 1 1
58496.154605328 6.2909e-05 9.3476e-01 1.6527e-02 1 1
58496.154668333 6.2909e-05 9.7565e-01 1.6089e-02 1 1
58496.154731339 6.2909e-05 1.0226e+00 1.3547e-02 1 1
58496.154794345 6.2909e-05 1.0045e+00 1.3766e-02 1 1
58496.154857351 6.2909e-05 1.0335e+00 1.6322e-02 1 1
58496.154920356 6.2909e-05 1.0155e+00 2.1665e-02 1 1
58496.154983362 6.2909e-05 1.0142e+00 1.7307e-02 1 1
58496.155046368 6.2909e-05 9.8315e-01 2.1768e-02 1 1
58496.155109374 6.2909e-05 9.8714e-01 2.1487e-02 1 1
58496.155172379 6.2909e-05 1.0201e+00 1.6633e-02 1 1
58496.155235385 6.2909e-05 1.0187e+00 1.7207e-02 1 1
58496.155298391 6.2909e-05 1.0130e+00 2.0524e-02 1 1
58496.155361397 6.2909e-05 9.7388e-01 2.6083e-02 1 1
58496.155424402 6.2909e-05 1.0050e+00 2.6748e-02 1 1
58496.155487408 6.2909e-05 1.0187e+00 2.0921e-02 1 1
58496.155550414 6.2909e-05 9.8638e-01 1.6235e-02 1 1
58496.155613419 6.2909e-05 1.0066e+00 1.4328e-02 1 1
58496.155676425 6.2909e-05 1.0182e+00 1.7861e-02 1 1
58496.155739431 6.2909e-05 1.0448e+00 1.6285e-02 1 1
58496.155802437 6.2909e-05 9.9450e-01 1.7019e-02 1 1
58496.155865442 6.2909e-05 1.0254e+00 1.5352e-02 1 1
58496.155928448 6.2909e-05 1.0220e+00 1.6921e-02 1 1
58496.155991454 6.2909e-05 9.9227e-01 2.0807e-02 1 1
58496.156054460 6.2909e-05 9.9349e-01 1.5770e-02 1 1
58496.156117465 6.2909e-05 1.0231e+00 1.5438e-02 1 1
58496.156180471 6.2909e-05 1.0181e+00 1.3343e-02 1 1
58496.156243477 6.2909e-05 1.0183e+00 1.5640e-02 1 1
58496.156306483 6.2909e-05 9.7699e-01 1.5232e-02 1 1
58496.156369488 6.2909e-05 1.0394e+00 1.9001e-02 1 1
58496.156432494 6.2909e-05 1.0272e+00 1.6443e-02 1 1
58496.156495500 6.2909e-05 1.0282e+00 1.6419e-02 1 1
58496.156558505 6.2909e-05 1.0146e+00 1.5881e-02 1 1
58496.156621511 6.2909e-05 9.9215e-01 1.4173e-02 1 1
58496.156684517 6.2909e-05 9.6815e-01 1.5081e-02 1 1
58496.156747523 6.2909e-05 1.0131e+00 1.4803e-02 1 1
58496.156810528 6.2909e-05 9.9407e-01 1.8055e-02 1 1
58496.156873534 6.2909e-05 9.8966e-01 1.8894e-02 1 1
58496.156936540 6.2909e-05 9.9067e-01 1.8453e-02 1 1
58496.156999546 6.2909e-05 1.0034e+00 1.4779e-02 1 1
58496.157062551 6.2909e-05 9.9457e-01 1.6335e-02 1 1
58496.157125557 6.2909e-05 1.0046e+00 1.5585e-02 1 1
58496.157188563 6.2909e-05 1.0022e+00 1.3180e-02 1 1
58496.157251569 6.2909e-05 9.9744e-01 1.4630e-02 1 1
58496.157314574 6.2909e-05 9.9891e-01 1.6264e-02 1 1
58496.157377580 6.2909e-05 1.0221e+00 1.8360e-02 1 1
58496.157440586 6.2909e-05 1.0141e+00 1.6085e-02 1 1
58496.157503592 6.2909e-05 1.0174e+00 1.7235e-02 1 1
58496.157566597 6.2909e-05 1.0131e+00 1.5923e-02 1 1
58496.157629603 6.2909e-05 1.0065e+00 1.5770e-02 1 1
58496.157692609 6.2909e-05 9.6710e-01 2.5181e-02 1 1
58496.157755614 6.2909e-05 1.0342e+00 2.3738e-02 1 1
58496.157818620 6.2909e-05 9.7357e-01 2.5088e-02 1 1
58496.157881626 6.2909e-05 9.6600e-01 1.7976e-02 1 1
58496.157944632 6.2909e-05 9.9933e-01 2.1329e-02 1 1
58496.158007637 6.2909e-05 1.0201e+00 2.1177e-02 1 1
58496.158070643 6.2909e-05 1.0093e+00 1.6498e-02 1 1
58496.158133649 6.2909e-05 9.9323e-01 1.4904e-02 1 1
58496.158196655 6.2909e-05 9.9106e-01 1.7248e-02 1 1
58496.158259660 6.2909e-05 9.9953e-01 2.4372e-02 1 1
58496.158322666 6.2909e-05 9.8254e-01 2.7128e-02 1 1
58496.158385672 6.2909e-05 9.8004e-01 2.0620e-02 1 1
58496.158448678 6.2909e-05 9.9923e-01 1.4155e-02 1 1
58496.158511683 6.2909e-05 1.0003e+00 1.6062e-02 1 1
58496.158574689 6.2909e-05 9.9929e-01 1.4524e-02 1 1
58496.158637695 6.2909e-05 9.9159e-01 1.7087e-02 1 1
58496.158700701 6.2909e-05 9.9160e-01 1.4099e-02 1 1
58496.158763706 6.2909e-05 9.9626e-01 1.5006e-02 1 1
58496.158826712 6.2909e-05 1.0078e+00 1.5302e-02 1 1
58496.158889718 6.2909e-05 9.9059e-01 1.3806e-02 1 1
58496.158952723 6.2909e-05 1.0153e+00 1.2720e-02 1 1
58496.159015729 6.2909e-05 1.0102e+00 1.5807e-02 1 1
58496.159078735 6.2909e-05 1.0047e+00 1.4756e-02 1 1
58496.159141741 6.2909e-05 1.0121e+00 1.1755e-02 1 1
58496.159204746 6.2909e-05 9.7452e-01 1.2726e-02 1 1
58496.159267752 6.2909e-05 9.9408e-01 1.5510e-02 1 1
58496.159330758 6.2909e-05 1.0086e+00 1.4043e-02 1 1
58496.159393764 6.2909e-05 9.9886e-01 1.2704e-02 1 1
58496.159456769 6.2909e-05 1.0193e+00 1.6804e-02 1 1
58496.159519775 6.2909e-05 1.0013e+00 1.6973e-02 1 1
58496.159582781 6.2909e-05 1.0149e+00 1.5523e-02 1 1
58496.159645787 6.2909e-05 1.0183e+00 1.3765e-02 1 1
58496.159708792 6.2909e-05 9.9493e-01 1.4690e-02 1 1
58496.159771798 6.2909e-05 9.9741e-01 1.4788e-02 1 1
58496.159834804 6.2909e-05 1.0301e+00 1.8013e-02 1 1
58496.159897809 6.2909e-05 1.0035e+00 1.3224e-02 1 1
58496.159960815 6.2909e-05 1.0072e+00 1.3462e-02 1 1
58496.160023821 6.2909e-05 1.0010e+00 1.3242e-02 1 1
58496.160086827 6.2909e-05 1.0035e+00 1.4022e-02 1 1
58496.160149832 6.2909e-05 1.0046e+00 1.6838e-02 1 1
58496.160212838 6.2909e-05 9.8450e-01 1.2270e-02 1 1
58496.160275844 6.2909e-05 1.0177e+00 1.2729e-02 1 1
58496.160338850 6.2909e-05 9.9882e-01 1.1694e-02 1 1
58496.160401855 6.2909e-05 9.7906e-01 1.4200e-02 1 1
58496.160464861 6.2909e-05 1.0212e+00 1.4375e-02 1 1
58496.160527867 6.2909e-05 1.0025e+00 1.2632e-02 1 1
58496.160590873 6.2909e-05 9.9867e-01 1.2645e-02 1 1
58496.160653878 6.2909e-05 9.8606e-01 1.2179e-02 1 1
58496.160716884 6.2909e-05 9.7893e-01 1.1997e-02 1 1
58496.160779890 6.2909e-05 1.0014e+00 1.4542e-02 1 1
58496.160842896 6.2909e-05 9.9335e-01 1.4503e-02 1 1
58496.160905901 6.2909e-05 1.0004e+00 1.2212e-02 1 1
58496.160968907 6.2909e-05 1.0040e+00 1.2934e-02 1 1
58496.161031913 6.2909e-05 1.0105e+00 1.2772e-02 1 1
58496.161094918 6.2909e-05 1.0140e+00 1.3576e-02 1 1
58496.161157924 6.2909e-05 9.8233e-01 1.3617e-02 1 1
58496.161220930 6.2909e-05 1.0025e+00 1.2124e-02 1 1
58496.161283936 6.2909e-05 9.8816e-01 1.3141e-02 1 1
58496.161346941 6.2909e-05 1.0096e+00 1.2352e-02 1 1
58496.161409947 6.2909e-05 1.0104e+00 1.3786e-02 1 1
58496.161472953 6.2909e-05 9.8840e-01 1.2457e-02 1 1
58496.161535959 6.2909e-05 9.9043e-01 1.5100e-02 1 1
58496.161598964 6.2909e-05 1.0083e+00 1.3556e-02 1 1
58496.161661970 6.2909e-05 1.0175e+00 1.3275e-02 1 1
58496.161724976 6.2909e-05 9.8456e-01 1.2765e-02 1 1
58496.161787982 6.2909e-05 9.8063e-01 1.9123e-02 1 1
58496.161850987 6.2909e-05 1.0055e+00 1.2508e-02 1 1
58496.161913993 6.2909e-05 9.7682e-01 1.6162e-02 1 1
58496.161976999 6.2909e-05 1.0180e+00 1.6971e-02 1 1
58496.162040004 6.2909e-05 1.0325e+00 1.7686e-02 1 1
58496.162103010 6.2909e-05 9.6950e-01 1.4420e-02 1 1
58496.162166016 6.2909e-05 9.9380e-01 1.3545e-02 1 1
58496.162229022 6.2909e-05 9.9226e-01 1.3606e-02 1 1
58496.162292027 6.2909e-05 9.7871e-01 1.4616e-02 1 1
58496.162355033 6.2909e-05 9.8422e-01 1.7965e-02 1 1
58496.162418039 6.2909e-05 9.9679e-01 1.8335e-02 1 1
58496.162481045 6.2909e-05 1.0025e+00 1.4365e-02 1 1
58496.162544050 6.2909e-05 9.7342e-01 1.3902e-02 1 1
58496.162607056 6.2909e-05 9.9877e-01 1.3853e-02 1 1
58496.162670062 6.2909e-05 1.0027e+00 1.3128e-02 1 1
58496.162733068 6.2909e-05 9.6067e-01 1.2948e-02 1 1
58496.162796073 6.2909e-05 1.0015e+00 1.3217e-02 1 1
58496.162859079 6.2909e-05 9.9469e-01 1.7682e-02 1 1
58496.162922085 6.2909e-05 9.8106e-01 1.5021e-02 1 1
58496.162985090 6.2909e-05 9.9462e-01 1.5442e-02 1 1
58496.163048096 6.2909e-05 9.9905e-01 1.9879e-02 1 1
58496.163111102 6.2909e-05 9.5440e-01 2.4144e-02 1 1
58496.163174108 6.2909e-05 1.0041e+00 1.9487e-02 1 1
58496.163237113 6.2909e-05 9.9701e-01 1.6691e-02 1 1
58496.163300119 6.2909e-05 9.9194e-01 1.9434e-02 1 1
58496.163363125 6.2909e-05 1.0161e+00 1.5342e-02 1 1
58496.163426131 6.2909e-05 9.5592e-01 1.7903e-02 1 1
58496.163489136 6.2909e-05 9.9622e-01 2.5484e-02 1 1
58496.163552142 6.2909e-05 1.0118e+00 2.3813e-02 1 1
58496.163615148 6.2909e-05 9.8704e-01 2.0492e-02 1 1
58496.163678154 6.2909e-05 1.0018e+00 1.6495e-02 1 1
58496.163741159 6.2909e-05 9.8696e-01 1.6779e-02 1 1
58496.163804165 6.2909e-05 1.0138e+00 1.6026e-02 1 1
58496.163867171 6.2909e-05 1.0054e+00 1.4401e-02 1 1
58496.163930176 6.2909e-05 9.9525e-01 1.8606e-02 1 1
58496.163993182 6.2909e-05 9.6473e-01 2.5860e-02 1 1
58496.164056188 6.2909e-05 9.8718e-01 2.5972e-02 1 1
58496.164119194 6.2909e-05 9.7872e-01 2.2651e-02 1 1
58496.164182199 6.2909e-05 1.0035e+00 2.2219e-02 1 1
58496.164245205 6.2909e-05 1.0198e+00 1.6842e-02 1 1
58496.164308211 6.2909e-05 9.8342e-01 2.4464e-02 1 1
58496.164371217 6.2909e-05 1.0365e+00 2.4184e-02 1 1
58496.164434222 6.2909e-05 9.8941e-01 1.4095e-02 1 1
58496.164497228 6.2909e-05 1.0077e+00 2.0250e-02 1 1
58496.164560234 6.2909e-05 1.0021e+00 1.6620e-02 1 1
58496.164623240 6.2909e-05 1.0225e+00 2.0252e-02 1 1
58496.164686245 6.2909e-05 9.7670e-01 1.5447e-02 1 1
58496.164749251 6.2909e-05 9.8326e-01 1.7276e-02 1 1
58496.164812257 6.2909e-05 1.0063e+00 1.8038e-02 1 1
58496.164875262 6.2909e-05 1.0132e+00 2.1047e-02 1 1
58496.164938268 6.2909e-05 9.9520e-01 1.6822e-02 1 1
58496.165001274 6.2909e-05 9.7095e-01 1.9453e-02 1 1
58496.165064280 6.2909e-05 9.9852e-01 1.6298e-02 1 1
58496.165127285 6.2909e-05 1.0026e+00 1.9476e-02 1 1
58496.165190291 6.2909e-05 9.8401e-01 1.3946e-02 1 1
58496.165253297 6.2909e-05 9.7048e-01 1.3849e-02 1 1
58496.165316303 6.2909e-05 9.8519e-01 1.5343e-02 1 1
58496.165379308 6.2909e-05 9.8274e-01 2.4984e-02 1 1
58496.165442314 6.2909e-05 1.0171e+00 2.6392e-02 1 1
58496.165505320 6.2909e-05 9.9411e-01 1.7705e-02 1 1
58496.165568325 6.2909e-05 1.0040e+00 1.8471e-02 1 1
58496.165631331 6.2909e-05 1.0112e+00 1.4497e-02 1 1
58496.165694337 6.2909e-05 1.0168e+00 1.5634e-02 1 1
58496.165757343 6.2909e-05 9.8821e-01 1.4280e-02 1 1
58496.165820348 6.2909e-05 9.9450e-01 1.2973e-02 1 1
58496.165883354 6.2909e-05 9.9151e-01 1.7238e-02 1 1
58496.165946360 6.2909e-05 9.9884e-01 2.1019e-02 1 1
58496.166009366 6.2909e-05 9.7767e-01 2.3184e-02 1 1
58496.166072371 6.2909e-05 9.8408e-01 2.3783e-02 1 1
58496.166135377 6.2909e-05 9.7365e-01 2.5571e-02 1 1
58496.166198383 6.2909e-05 1.0063e+00 1.8660e-02 1 1
58496.166261389 6.2909e-05 1.0040e+00 1.4767e-02 1 1
58496.166324394 6.2909e-05 9.9531e-01 1.3657e-02 1 1
58496.166387400 6.2909e-05 9.7635e-01 1.5193e-02 1 1
58496.166450406 6.2909e-05 1.0022e+00 1.2652e-02 1 1
58496.166513411 6.2909e-05 1.0187e+00 1.3329e-02 1 1
58496.166576417 6.2909e-05 9.8877e-01 1.9550e-02 1 1
58496.166639423 6.2909e-05 9.6877e-01 1.9618e-02 1 1
58496.166702429 6.2909e-05 1.0242e+00 1.8316e-02 1 1
58496.166765434 6.2909e-05 9.7195e-01 1.5455e-02 1 1
58496.166828440 6.2909e-05 9.7287e-01 1.8414e-02 1 1
58496.166891446 6.2909e-05 9.8530e-01 1.5840e-02 1 1
58496.166954452 6.2909e-05 1.0054e+00 1.3371e-02 1 1
58496.167017457 6.2909e-05 1.0046e+00 1.3421e-02 1 1
58496.167080463 6.2909e-05 1.0006e+00 1.6585e-02 1 1
58496.167143469 6.2909e-05 9.8720e-01 1.4502e-02 1 1
58496.167206475 6.2909e-05 9.9854e-01 2.5731e-02 1 1
58496.167269480 6.2909e-05 1.0072e+00 1.7985e-02 1 1
58496.167332486 6.2909e-05 9.9180e-01 2.0046e-02 1 1
58496.167395492 6.2909e-05 9.9274e-01 1.8982e-02 1 1
58496.167458497 6.2909e-05 9.7092e-01 2.6648e-02 1 1
58496.167521503 6.2909e-05 9.8527e-01 1.5867e-02 1 1
58496.167584509 6.2909e-05 9.9734e-01 1.6223e-02 1 1
58496.167647515 6.2909e-05 9.7736e-01 1.7656e-02 1 1
58496.167710520 6.2909e-05 1.0349e+00 1.7978e-02 1 1
58496.167773526 6.2909e-05 1.0320e+00 1.4589e-02 1 1
58496.167836532 6.2909e-05 1.0132e+00 1.6092e-02 1 1
58496.167899538 6.2909e-05 9.9709e-01 1.8020e-02 1 1
58496.167962543 6.2909e-05 1.0288e+00 1.8252e-02 1 1
58496.168025549 6.2909e-05 1.0013e+00 1.4623e-02 1 1
58496.168088555 6.2909e-05 9.8198e-01 1.7870e-02 1 1
58496.168151560 6.2909e-05 9.9936e-01 1.4349e-02 1 1
58496.168214566 6.2909e-05 1.0062e+00 1.6550e-02 1 1
58496.168277572 6.2909e-05 9.8743e-01 1.6371e-02 1 1
58496.168340578 6.2909e-05 1.0162e+00 1.2177e-02 1 1
58496.168403583 6.2909e-05 1.0151e+00 1.8089e-02 1 1
58496.168466589 6.2909e-05 1.0054e+00 1.6326e-02 1 1
58496.168529595 6.2909e-05 1.0562e+00 2.1943e-02 1 1
58496.168592601 6.2909e-05 1.0092e+00 1.4959e-02 1 1
58496.168655606 6.2909e-05 1.0190e+00 1.2753e-02 1 1
58496.168718612 6.2909e-05 1.0012e+00 1.3565e-02 1 1
58496.168781618 6.2909e-05 1.0044e+00 1.3513e-02 1 1
58496.168844624 6.2909e-05 1.0032e+00 1.2545e-02 1 1
58496.168907629 6.2909e-05 1.0189e+00 1.3589e-02 1 1
58496.168970635 6.2909e-05 9.9361e-01 1.5501e-02 1 1
58496.169033641 6.2909e-05 9.9796e-01 1.4747e-02 1 1
58496.169096646 6.2909e-05 1.0089e+00 1.9249e-02 1 1
58496.169159652 6.2909e-05 1.0014e+00 2.3309e-02 1 1
58496.169222658 6.2909e-05 9.9446e-01 1.4672e-02 1 1
58496.169285664 6.2909e-05 1.0106e+00 1.5599e-02 1 1
58496.169348669 6.2909e-05 1.0064e+00 1.5466e-02 1 1
58496.169411675 6.2909e-05 1.0150e+00 1.8406e-02 1 1
58496.169474681 6.2909e-05 1.0114e+00 1.4252e-02 1 1
58496.169537687 6.2909e-05 1.0266e+00 1.3657e-02 1 1
58496.169600692 6.2909e-05 1.0188e+00 1.6737e-02 1 1
