58496.094436071 6.0435e-05 1.0182e+00 1.9376e-02 1 1
58496.094497840 6.2909e-05 1.0374e+00 2.0735e-02 1 1
58496.094560845 6.2909e-05 1.0315e+00 1.9878e-02 1 1
58496.094623851 6.2909e-05 9.7158e-01 1.8610e-02 1 1
58496.094686857 6.2909e-05 1.0382e+00 2.0247e-02 1 1
58496.094749863 6.2909e-05 1.0329e+00 1.9992e-02 1 1
58496.094812868 6.2909e-05 9.8794e-01 2.0659e-02 1 1
58496.094875874 6.2909e-05 1.0261e+00 1.9826e-02 1 1
58496.094938880 6.2909e-05 1.0393e+00 2.0668e-02 1 1
58496.095001886 6.2909e-05 1.0037e+00 1.9974e-02 1 1
58496.095064891 6.2909e-05 9.9610e-01 1.9134e-02 1 1
58496.095127897 6.2909e-05 1.0498e+00 2.0990e-02 1 1
58496.095190903 6.2909e-05 1.0027e+00 1.9388e-02 1 1
58496.095253909 6.2909e-05 1.0063e+00 1.9891e-02 1 1
58496.095316915 6.2909e-05 9.8806e-01 1.9699e-02 1 1
58496.095379920 6.2909e-05 1.0069e+00 2.0294e-02 1 1
58496.095442926 6.2909e-05 1.0387e+00 2.0228e-02 1 1
58496.095505932 6.2909e-05 1.0104e+00 1.9785e-02 1 1
58496.095568938 6.2909e-05 1.0232e+00 1.9701e-02 1 1
58496.095631943 6.2909e-05 9.7729e-01 1.9547e-02 1 1
58496.095694949 6.2909e-05 1.0052e+00 1.9317e-02 1 1
58496.095757955 6.2909e-05 1.0113e+00 2.0585e-02 1 1
58496.095820961 6.2909e-05 9.8532e-01 1.9216e-02 1 1
58496.095883966 6.2909e-05 1.0093e+00 1.9990e-02 1 1
58496.095946972 6.2909e-05 9.9078e-01 1.9373e-02 1 1
58496.096009978 6.2909e-05 1.0138e+00 2.0403e-02 1 1
58496.096072984 6.2909e-05 1.0402e+00 2.0617e-02 1 1
58496.096135989 6.2909e-05 9.9297e-01 1.9824e-02 1 1
58496.096198995 6.2909e-05 1.0003e+00 2.0573e-02 1 1
58496.096262001 6.2909e-05 1.0039e+00 1.9888e-02 1 1
58496.096325007 6.2909e-05 9.9296e-01 1.9643e-02 1 1
58496.096388013 6.2909e-05 9.7497e-01 1.9674e-02 1 1
58496.096451018 6.2909e-05 1.0249e+00 2.0043e-02 1 1
58496.096514024 6.2909e-05 1.0188e+00 2.0033e-02 1 1
58496.096577030 6.2909e-05 1.0310e+00 2.1425e-02 1 1
58496.096640036 6.2909e-05 1.0135e+00 2.0906e-02 1 1
58496.096703041 6.2909e-05 1.0482e+00 2.0328e-02 1 1
58496.096766047 6.2909e-05 9.8575e-01 1.9942e-02 1 1
58496.096829053 6.2909e-05 1.0007e+00 1.9548e-02 1 1
58496.096892059 6.2909e-05 9.9967e-01 1.9897e-02 1 1
58496.096955064 6.2909e-05 9.9460e-01 1.9166e-02 1 1
58496.097018070 6.2909e-05 1.0144e+00 1.8862e-02 1 1
58496.097081076 6.2909e-05 1.0241e+00 1.9436e-02 1 1
58496.097144082 6.2909e-05 1.0162e+00 1.8318e-02 1 1
58496.097207088 6.2909e-05 1.0052e+00 1.8143e-02 1 1
58496.097270093 6.2909e-05 1.0037e+00 1.9709e-02 1 1
58496.097333099 6.2909e-05 9.8337e-01 1.8951e-02 1 1
58496.097396105 6.2909e-05 1.0083e+00 1.9630e-02 1 1
58496.097459111 6.2909e-05 1.0377e+00 2.0949e-02 1 1
58496.097522116 6.2909e-05 1.0242e+00 1.8514e-02 1 1
58496.097585122 6.2909e-05 1.0276e+00 2.0837e-02 1 1
58496.097648128 6.2909e-05 1.0554e+00 2.0934e-02 1 1
58496.097711134 6.2909e-05 1.0376e+00 2.0797e-02 1 1
58496.097774139 6.2909e-05 9.8346e-01 1.8410e-02 1 1
58496.097837145 6.2909e-05 1.0068e+00 1.7992e-02 1 1
58496.097900151 6.2909e-05 9.9158e-01 1.8190e-02 1 1
58496.097963157 6.2909e-05 1.0437e+00 1.9873e-02 1 1
58496.098026162 6.2909e-05 9.8228e-01 1.8799e-02 1 1
58496.098089168 6.2909e-05 1.0097e+00 1.9229e-02 1 1
58496.098152174 6.2909e-05 1.0244e+00 2.0421e-02 1 1
58496.098215180 6.2909e-05 1.0139e+00 1.9401e-02 1 1
58496.098278186 6.2909e-05 9.6311e-01 1.8279e-02 1 1
58496.098341191 6.2909e-05 1.0057e+00 1.9271e-02 1 1
58496.098404197 6.2909e-05 9.9597e-01 1.9159e-02 1 1
58496.098467203 6.2909e-05 1.0050e+00 1.9013e-02 1 1
58496.098530209 6.2909e-05 1.0041e+00 1.9085e-02 1 1
58496.098593214 6.2909e-05 9.8915e-01 1.9457e-02 1 1
58496.098656220 6.2909e-05 1.0083e+00 1.9639e-02 1 1
58496.098719226 6.2909e-05 1.0332e+00 1.9757e-02 1 1
58496.098782232 6.2909e-05 1.0232e+00 1.8208e-02 1 1
58496.098845237 6.2909e-05 1.0079e+00 1.8988e-02 1 1
58496.098908243 6.2909e-05 1.0287e+00 2.0287e-02 1 1
58496.098971249 6.2909e-05 9.9191e-01 1.8558e-02 1 1
58496.099034255 6.2909e-05 1.0135e+00 1.8555e-02 1 1
58496.099097260 6.2909e-05 9.8601e-01 1.7649e-02 1 1
58496.099160266 6.2909e-05 1.0023e+00 1.7635e-02 1 1
58496.099223272 6.2909e-05 9.8273e-01 1.8913e-02 1 1
58496.099286278 6.2909e-05 1.0024e+00 1.9200e-02 1 1
58496.099349284 6.2909e-05 9.9558e-01 1.8903e-02 1 1
58496.099412289 6.2909e-05 1.0130e+00 1.9720e-02 1 1
58496.099475295 6.2909e-05 1.0173e+00 1.9126e-02 1 1
58496.099538301 6.2909e-05 1.0008e+00 1.9335e-02 1 1
58496.099601307 6.2909e-05 1.0017e+00 1.9302e-02 1 1
58496.099664312 6.2909e-05 1.0034e+00 1.8674e-02 1 1
58496.099727318 6.2909e-05 1.0137e+00 1.8768e-02 1 1
58496.099790324 6.2909e-05 9.8160e-01 1.8935e-02 1 1
58496.099853330 6.2909e-05 9.9055e-01 1.9438e-02 1 1
58496.099916335 6.2909e-05 1.0067e+00 1.9495e-02 1 1
58496.099979341 6.2909e-05 1.0257e+00 1.9955e-02 1 1
58496.100042347 6.2909e-05 9.9019e-01 1.8944e-02 1 1
58496.100105353 6.2909e-05 9.8308e-01 1.8959e-02 1 1
58496.100168358 6.2909e-05 1.0191e+00 1.9347e-02 1 1
58496.100231364 6.2909e-05 1.0230e+00 1.9074e-02 1 1
58496.100294370 6.2909e-05 1.0004e+00 1.9430e-02 1 1
58496.100357376 6.2909e-05 9.8804e-01 1.8323e-02 1 1
58496.100420382 6.2909e-05 1.0073e+00 1.8469e-02 1 1
58496.100483387 6.2909e-05 1.0182e+00 1.8971e-02 1 1
58496.100546393 6.2909e-05 9.5657e-01 1.8544e-02 1 1
58496.100609399 6.2909e-05 9.9371e-01 1.9857e-02 1 1
58496.100672405 6.2909e-05 1.0016e+00 1.7495e-02 1 1
58496.100735410 6.2909e-05 9.8288e-01 1.6645e-02 1 1
58496.100798416 6.2909e-05 1.0244e+00 2.0200e-02 1 1
58496.100861422 6.2909e-05 9.9676e-01 1.7585e-02 1 1
58496.100924428 6.2909e-05 1.0099e+00 1.8034e-02 1 1
58496.100987433 6.2909e-05 9.7970e-01 1.8257e-02 1 1
58496.101050439 6.2909e-05 9.9682e-01 1.9118e-02 1 1
58496.101113445 6.2909e-05 9.9556e-01 1.9394e-02 1 1
58496.101176451 6.2909e-05 9.6959e-01 1.8932e-02 1 1
58496.101239456 6.2909e-05 1.0086e+00 1.8930e-02 1 1
58496.101302462 6.2909e-05 1.0079e+00 1.9739e-02 1 1
58496.101365468 6.2909e-05 9.6536e-01 1.8453e-02 1 1
58496.101428474 6.2909e-05 9.9175e-01 1.9156e-02 1 1
58496.101491480 6.2909e-05 9.9344e-01 1.9336e-02 1 1
58496.101554485 6.2909e-05 1.0081e+00 1.9153e-02 1 1
58496.101617491 6.2909e-05 9.9550e-01 1.9124e-02 1 1
58496.101680497 6.2909e-05 1.0181e+00 1.9477e-02 1 1
58496.101743503 6.2909e-05 9.9621e-01 1.9644e-02 1 1
58496.101806508 6.2909e-05 1.0156e+00 1.7530e-02 1 1
58496.101869514 6.2909e-05 9.8051e-01 1.8597e-02 1 1
58496.101932520 6.2909e-05 9.9438e-01 1.7888e-02 1 1
58496.101995526 6.2909e-05 1.0164e+00 2.0291e-02 1 1
58496.102058531 6.2909e-05 1.0647e+00 2.0133e-02 1 1
58496.102121537 6.2909e-05 1.0017e+00 1.8639e-02 1 1
58496.102184543 6.2909e-05 9.8264e-01 1.8989e-02 1 1
58496.102247549 6.2909e-05 9.7407e-01 1.8048e-02 1 1
58496.102310554 6.2909e-05 1.0035e+00 1.7682e-02 1 1
58496.102373560 6.2909e-05 9.9734e-01 1.4987e-02 1 1
58496.102436566 6.2909e-05 9.9390e-01 1.6059e-02 1 1
58496.102499572 6.2909e-05 9.8910e-01 1.5536e-02 1 1
58496.102562578 6.2909e-05 1.0126e+00 1.6743e-02 1 1
58496.102625583 6.2909e-05 9.9382e-01 1.6657e-02 1 1
58496.102688589 6.2909e-05 1.0092e+00 1.5985e-02 1 1
58496.102751595 6.2909e-05 9.7625e-01 1.7649e-02 1 1
58496.102814601 6.2909e-05 9.9867e-01 1.7466e-02 1 1
58496.102877606 6.2909e-05 9.9085e-01 1.8116e-02 1 1
58496.102940612 6.2909e-05 1.0056e+00 1.8278e-02 1 1
58496.103003618 6.2909e-05 9.9892e-01 1.8928e-02 1 1
58496.103066624 6.2909e-05 9.9331e-01 1.8375e-02 1 1
58496.103129629 6.2909e-05 1.0171e+00 1.8571e-02 1 1
58496.103192635 6.2909e-05 1.0063e+00 1.8735e-02 1 1
58496.103255641 6.2909e-05 9.7559e-01 1.8812e-02 1 1
58496.103318647 6.2909e-05 9.8610e-01 1.8607e-02 1 1
58496.103381652 6.2909e-05 1.0070e+00 1.8871e-02 1 1
58496.103444658 6.2909e-05 9.8689e-01 1.7835e-02 1 1
58496.103507664 6.2909e-05 9.9067e-01 1.9317e-02 1 1
58496.103570670 6.2909e-05 9.7188e-01 1.7922e-02 1 1
58496.103633675 6.2909e-05 9.6160e-01 1.8788e-02 1 1
58496.103696681 6.2909e-05 9.3598e-01 1.8139e-02 1 1
58496.103759687 6.2909e-05 9.2907e-01 1.7996e-02 1 1
58496.103822693 6.2909e-05 9.0001e-01 1.7436e-02 1 1
58496.103885699 6.2909e-05 9.0001e-01 1.7523e-02 1 1
58496.103948704 6.2909e-05 8.6874e-01 1.7177e-02 1 1
58496.104011710 6.2909e-05 8.8473e-01 1.8053e-02 1 1
58496.104074716 6.2909e-05 9.1294e-01 1.7162e-02 1 1
58496.104137722 6.2909e-05 8.7167e-01 1.5334e-02 1 1
58496.104200727 6.2909e-05 9.2646e-01 1.8558e-02 1 1
58496.104263733 6.2909e-05 9.2507e-01 1.8038e-02 1 1
58496.104326739 6.2909e-05 9.2329e-01 1.7287e-02 1 1
58496.104389745 6.2909e-05 9.4347e-01 1.6738e-02 1 1
58496.104452750 6.2909e-05 9.6825e-01 1.7919e-02 1 1
58496.104515756 6.2909e-05 9.5770e-01 1.7770e-02 1 1
58496.104578762 6.2909e-05 9.8524e-01 1.9097e-02 1 1
58496.104641768 6.2909e-05 9.6847e-01 1.7764e-02 1 1
58496.104704773 6.2909e-05 9.7168e-01 1.8981e-02 1 1
58496.104767779 6.2909e-05 1.0131e+00 1.9204e-02 1 1
58496.104830785 6.2909e-05 9.5237e-01 1.8699e-02 1 1
58496.104893791 6.2909e-05 9.7568e-01 1.8995e-02 1 1
58496.104956797 6.2909e-05 1.0464e+00 2.0767e-02 1 1
58496.105019802 6.2909e-05 9.8430e-01 1.7729e-02 1 1
58496.105082808 6.2909e-05 9.9933e-01 1.8579e-02 1 1
58496.105145814 6.2909e-05 1.0053e+00 1.8328e-02 1 1
58496.105208820 6.2909e-05 9.7949e-01 1.8227e-02 1 1
58496.105271825 6.2909e-05 9.8762e-01 1.8710e-02 1 1
58496.105334831 6.2909e-05 1.0042e+00 1.9275e-02 1 1
58496.105397837 6.2909e-05 9.9967e-01 1.8813e-02 1 1
58496.105460843 6.2909e-05 9.6820e-01 2.0251e-02 1 1
58496.105523848 6.2909e-05 1.0010e+00 1.8954e-02 1 1
58496.105586854 6.2909e-05 1.0074e+00 1.9796e-02 1 1
58496.105649860 6.2909e-05 1.0145e+00 2.0054e-02 1 1
58496.105712866 6.2909e-05 9.9804e-01 1.8277e-02 1 1
58496.105775871 6.2909e-05 9.8486e-01 1.8332e-02 1 1
58496.105838877 6.2909e-05 9.6874e-01 1.7657e-02 1 1
58496.105901883 6.2909e-05 9.8947e-01 1.7737e-02 1 1
58496.105964889 6.2909e-05 1.0148e+00 1.9181e-02 1 1
58496.106027894 6.2909e-05 1.0095e+00 1.5977e-02 1 1
58496.106090900 6.2909e-05 1.0196e+00 1.6354e-02 1 1
58496.106153906 6.2909e-05 9.8130e-01 1.5009e-02 1 1
58496.106216912 6.2909e-05 1.0211e+00 1.6057e-02 1 1
58496.106279918 6.2909e-05 1.0039e+00 1.9356e-02 1 1
58496.106342923 6.2909e-05 1.0050e+00 1.8623e-02 1 1
58496.106405929 6.2909e-05 1.0266e+00 1.8355e-02 1 1
58496.106468935 6.2909e-05 9.8098e-01 1.8410e-02 1 1
58496.106531941 6.2909e-05 9.9434e-01 1.8171e-02 1 1
58496.106594946 6.2909e-05 1.0251e+00 1.9082e-02 1 1
58496.106657952 6.2909e-05 9.9764e-01 1.8141e-02 1 1
58496.106720958 6.2909e-05 9.9838e-01 1.7968e-02 1 1
58496.106783964 6.2909e-05 9.9399e-01 1.5598e-02 1 1
58496.106846969 6.2909e-05 9.8927e-01 1.5714e-02 1 1
58496.106909975 6.2909e-05 1.0091e+00 1.6345e-02 1 1
58496.106972981 6.2909e-05 1.0124e+00 1.5699e-02 1 1
58496.107035987 6.2909e-05 9.9350e-01 1.5273e-02 1 1
58496.107098992 6.2909e-05 1.0091e+00 1.7393e-02 1 1
58496.107161998 6.2909e-05 1.0064e+00 1.6604e-02 1 1
58496.107225004 6.2909e-05 9.9215e-01 1.7469e-02 1 1
58496.107288010 6.2909e-05 1.0106e+00 1.8964e-02 1 1
58496.107351015 6.2909e-05 9.8416e-01 1.6155e-02 1 1
58496.107414021 6.2909e-05 9.9330e-01 1.5397e-02 1 1
58496.107477027 6.2909e-05 9.9175e-01 1.6279e-02 1 1
58496.107540033 6.2909e-05 1.0158e+00 1.8268e-02 1 1
58496.107603039 6.2909e-05 1.0266e+00 1.8115e-02 1 1
58496.107666044 6.2909e-05 1.0041e+00 1.8443e-02 1 1
58496.107729050 6.2909e-05 9.9376e-01 1.5947e-02 1 1
58496.107792056 6.2909e-05 9.9348e-01 1.6148e-02 1 1
58496.107855062 6.2909e-05 9.8864e-01 1.8002e-02 1 1
58496.107918067 6.2909e-05 1.0034e+00 1.8010e-02 1 1
58496.107981073 6.2909e-05 1.0190e+00 1.8168e-02 1 1
58496.108044079 6.2909e-05 1.0082e+00 1.8486e-02 1 1
58496.108107085 6.2909e-05 1.0069e+00 1.9209e-02 1 1
58496.108170090 6.2909e-05 1.0355e+00 1.8360e-02 1 1
58496.108233096 6.2909e-05 1.0231e+00 1.9014e-02 1 1
58496.108296102 6.2909e-05 9.9099e-01 1.7536e-02 1 1
58496.108359108 6.2909e-05 1.0072e+00 1.9215e-02 1 1
58496.108422113 6.2909e-05 1.0059e+00 1.5364e-02 1 1
58496.108485119 6.2909e-05 1.0095e+00 1.6029e-02 1 1
58496.108548125 6.2909e-05 9.9500e-01 1.6382e-02 1 1
58496.108611131 6.2909e-05 1.0029e+00 1.6662e-02 1 1
58496.108674136 6.2909e-05 9.8752e-01 1.5312e-02 1 1
58496.108737142 6.2909e-05 1.0077e+00 1.4953e-02 1 1
58496.108800148 6.2909e-05 1.0447e+00 1.6073e-02 1 1
58496.108863154 6.2909e-05 1.0019e+00 1.5309e-02 1 1
58496.108926159 6.2909e-05 9.9900e-01 1.5333e-02 1 1
58496.108989165 6.2909e-05 1.0132e+00 1.6518e-02 1 1
58496.109052171 6.2909e-05 9.2015e-01 1.4899e-02 1 1
58496.109115177 6.2909e-05 9.8390e-01 1.6312e-02 1 1
58496.109178183 6.2909e-05 1.0183e+00 1.8285e-02 1 1
58496.109241188 6.2909e-05 9.8388e-01 1.8270e-02 1 1
58496.109304194 6.2909e-05 1.0341e+00 2.0266e-02 1 1
58496.109367200 6.2909e-05 9.9927e-01 1.7635e-02 1 1
58496.109430206 6.2909e-05 9.9204e-01 1.6576e-02 1 1
58496.109493211 6.2909e-05 9.7834e-01 1.4705e-02 1 1
58496.109556217 6.2909e-05 1.0022e+00 1.6265e-02 1 1
58496.109619223 6.2909e-05 1.0549e+00 1.9935e-02 1 1
58496.109682229 6.2909e-05 1.0258e+00 1.8747e-02 1 1
58496.109745234 6.2909e-05 1.0035e+00 1.8947e-02 1 1
58496.109808240 6.2909e-05 1.0591e+00 1.9331e-02 1 1
58496.109871246 6.2909e-05 1.0158e+00 1.8360e-02 1 1
58496.109934252 6.2909e-05 1.0091e+00 1.8154e-02 1 1
58496.109997257 6.2909e-05 9.9256e-01 1.7798e-02 1 1
58496.110060263 6.2909e-05 1.0620e+00 1.9192e-02 1 1
58496.110123269 6.2909e-05 9.8551e-01 1.7791e-02 1 1
58496.110186275 6.2909e-05 9.9451e-01 1.7427e-02 1 1
58496.110249280 6.2909e-05 9.7982e-01 1.7996e-02 1 1
58496.110312286 6.2909e-05 1.0229e+00 1.9006e-02 1 1
58496.110375292 6.2909e-05 9.9074e-01 1.8719e-02 1 1
58496.110438298 6.2909e-05 1.0076e+00 1.8904e-02 1 1
58496.110501303 6.2909e-05 1.0289e+00 1.8416e-02 1 1
58496.110564309 6.2909e-05 9.8654e-01 1.8108e-02 1 1
58496.110627315 6.2909e-05 1.0238e+00 2.0236e-02 1 1
58496.110690321 6.2909e-05 1.0183e+00 2.0367e-02 1 1
58496.110753327 6.2909e-05 1.0493e+00 2.2282e-02 1 1
58496.110816332 6.2909e-05 1.0203e+00 2.0111e-02 1 1
58496.110879338 6.2909e-05 1.0029e+00 2.0553e-02 1 1
58496.110942344 6.2909e-05 9.8388e-01 1.7408e-02 1 1
58496.111005350 6.2909e-05 9.7431e-01 1.7345e-02 1 1
58496.111068355 6.2909e-05 1.0172e+00 1.8512e-02 1 1
58496.111131361 6.2909e-05 9.7121e-01 1.7234e-02 1 1
58496.111194367 6.2909e-05 1.0071e+00 1.9605e-02 1 1
58496.111257373 6.2909e-05 1.0103e+00 2.0392e-02 1 1
58496.111320378 6.2909e-05 9.9095e-01 1.7792e-02 1 1
58496.111383384 6.2909e-05 1.0075e+00 1.8964e-02 1 1
58496.111446390 6.2909e-05 1.0005e+00 1.8033e-02 1 1
58496.111509396 6.2909e-05 9.9238e-01 1.7701e-02 1 1
58496.111572401 6.2909e-05 1.0011e+00 1.4739e-02 1 1
58496.111635407 6.2909e-05 9.8061e-01 1.4456e-02 1 1
58496.111698413 6.2909e-05 1.0229e+00 1.8024e-02 1 1
58496.111761419 6.2909e-05 1.0070e+00 1.8641e-02 1 1
58496.111824424 6.2909e-05 9.8038e-01 1.8054e-02 1 1
58496.111887430 6.2909e-05 1.0134e+00 1.7997e-02 1 1
58496.111950436 6.2909e-05 1.0292e+00 1.8751e-02 1 1
58496.112013442 6.2909e-05 9.9662e-01 1.6396e-02 1 1
58496.112076447 6.2909e-05 1.0249e+00 1.8803e-02 1 1
58496.112139453 6.2909e-05 9.9749e-01 1.5986e-02 1 1
58496.112202459 6.2909e-05 1.0080e+00 1.7720e-02 1 1
58496.112265465 6.2909e-05 1.0031e+00 1.9535e-02 1 1
58496.112328471 6.2909e-05 1.0128e+00 1.9248e-02 1 1
58496.112391476 6.2909e-05 1.0157e+00 1.9809e-02 1 1
58496.112454482 6.2909e-05 9.8307e-01 1.8301e-02 1 1
58496.112517488 6.2909e-05 9.9168e-01 1.8843e-02 1 1
58496.112580494 6.2909e-05 1.0082e+00 1.8528e-02 1 1
58496.112643499 6.2909e-05 1.0254e+00 1.9709e-02 1 1
58496.112706505 6.2909e-05 9.8825e-01 1.8176e-02 1 1
58496.112769511 6.2909e-05 1.0217e+00 1.9318e-02 1 1
58496.112832517 6.2909e-05 9.7349e-01 1.6427e-02 1 1
58496.112895522 6.2909e-05 9.9639e-01 1.8927e-02 1 1
58496.112958528 6.2909e-05 9.9354e-01 1.8125e-02 1 1
58496.113021534 6.2909e-05 9.9789e-01 1.8939e-02 1 1
58496.113084540 6.2909e-05 1.0426e+00 1.9256e-02 1 1
58496.113147545 6.2909e-05 1.0060e+00 1.8693e-02 1 1
58496.113210551 6.2909e-05 1.0189e+00 1.8484e-02 1 1
58496.113273557 6.2909e-05 1.0062e+00 1.7760e-02 1 1
58496.113336563 6.2909e-05 9.8797e-01 1.7633e-02 1 1
58496.113399568 6.2909e-05 9.8875e-01 1.8211e-02 1 1
58496.113462574 6.2909e-05 9.8480e-01 1.7763e-02 1 1
58496.113525580 6.2909e-05 1.0007e+00 1.8750e-02 1 1
58496.113588586 6.2909e-05 1.0125e+00 1.9392e-02 1 1
58496.113651591 6.2909e-05 9.8963e-01 1.5562e-02 1 1
58496.113714597 6.2909e-05 1.0028e+00 1.7844e-02 1 1
58496.113777603 6.2909e-05 9.7034e-01 1.8293e-02 1 1
58496.113840609 6.2909e-05 1.0150e+00 1.8045e-02 1 1
58496.113903614 6.2909e-05 1.0010e+00 1.5014e-02 1 1
58496.113966620 6.2909e-05 9.9466e-01 1.4213e-02 1 1
58496.114029626 6.2909e-05 9.9231e-01 1.7350e-02 1 1
58496.114092632 6.2909e-05 9.7949e-01 1.6927e-02 1 1
58496.114155637 6.2909e-05 1.0448e+00 1.7492e-02 1 1
58496.114218643 6.2909e-05 1.0063e+00 1.5930e-02 1 1
58496.114281649 6.2909e-05 1.0151e+00 1.5675e-02 1 1
58496.114344655 6.2909e-05 1.0370e+00 1.9383e-02 1 1
58496.114407661 6.2909e-05 9.9062e-01 1.7230e-02 1 1
58496.114470666 6.2909e-05 1.0100e+00 1.8306e-02 1 1
58496.114533672 6.2909e-05 9.6215e-01 1.6945e-02 1 1
58496.114596678 6.2909e-05 9.8143e-01 1.7033e-02 1 1
58496.114659684 6.2909e-05 1.0198e+00 1.7988e-02 1 1
58496.114722689 6.2909e-05 1.0106e+00 1.8297e-02 1 1
58496.114785695 6.2909e-05 1.0074e+00 1.8497e-02 1 1
58496.114848701 6.2909e-05 9.8784e-01 1.7311e-02 1 1
58496.114911707 6.2909e-05 1.0225e+00 1.8069e-02 1 1
58496.114974712 6.2909e-05 1.0342e+00 1.7134e-02 1 1
58496.115037718 6.2909e-05 9.6564e-01 1.7044e-02 1 1
58496.115100724 6.2909e-05 1.0106e+00 1.8297e-02 1 1
58496.115163730 6.2909e-05 9.7039e-01 1.7075e-02 1 1
58496.115226735 6.2909e-05 1.0163e+00 1.7769e-02 1 1
58496.115289741 6.2909e-05 9.7868e-01 1.7406e-02 1 1
58496.115352747 6.2909e-05 1.0062e+00 1.8231e-02 1 1
58496.115415753 6.2909e-05 9.6792e-01 1.6861e-02 1 1
58496.115478758 6.2909e-05 9.9469e-01 1.6970e-02 1 1
58496.115541764 6.2909e-05 9.7986e-01 1.7688e-02 1 1
58496.115604770 6.2909e-05 1.0327e+00 1.8243e-02 1 1
58496.115667776 6.2909e-05 9.8574e-01 1.7768e-02 1 1
58496.115730781 6.2909e-05 9.7040e-01 1.7731e-02 1 1
58496.115793787 6.2909e-05 9.9069e-01 1.8190e-02 1 1
58496.115856793 6.2909e-05 1.0216e+00 1.8508e-02 1 1
58496.115919799 6.2909e-05 1.0223e+00 1.8628e-02 1 1
58496.115982804 6.2909e-05 9.8991e-01 1.7167e-02 1 1
58496.116045810 6.2909e-05 9.9542e-01 1.6863e-02 1 1
58496.116108816 6.2909e-05 9.8675e-01 1.7747e-02 1 1
58496.116171822 6.2909e-05 9.8830e-01 1.7135e-02 1 1
58496.116234827 6.2909e-05 9.9069e-01 1.5668e-02 1 1
58496.116297833 6.2909e-05 9.9681e-01 1.5356e-02 1 1
58496.116360839 6.2909e-05 9.9685e-01 1.4857e-02 1 1
58496.116423845 6.2909e-05 9.8422e-01 1.6337e-02 1 1
58496.116486851 6.2909e-05 9.9675e-01 1.6499e-02 1 1
58496.116549856 6.2909e-05 1.0011e+00 1.7066e-02 1 1
58496.116612862 6.2909e-05 9.9250e-01 1.7595e-02 1 1
58496.116675868 6.2909e-05 9.9300e-01 1.8004e-02 1 1
58496.116738874 6.2909e-05 9.7189e-01 1.7436e-02 1 1
58496.116801879 6.2909e-05 9.8929e-01 1.6797e-02 1 1
58496.116864885 6.2909e-05 9.9490e-01 1.7393e-02 1 1
58496.116927891 6.2909e-05 9.6671e-01 1.4485e-02 1 1
58496.116990897 6.2909e-05 9.9176e-01 1.6064e-02 1 1
58496.117053902 6.2909e-05 9.8063e-01 1.3985e-02 1 1
58496.117116908 6.2909e-05 1.0015e+00 1.5116e-02 1 1
58496.117179914 6.2909e-05 9.9793e-01 1.4061e-02 1 1
58496.117242920 6.2909e-05 9.9320e-01 1.5648e-02 1 1
58496.117305925 6.2909e-05 1.0243e+00 1.6565e-02 1 1
58496.117368931 6.2909e-05 9.7915e-01 1.7724e-02 1 1
58496.117431937 6.2909e-05 1.0179e+00 1.9392e-02 1 1
58496.117494943 6.2909e-05 9.7654e-01 1.4486e-02 1 1
58496.117557948 6.2909e-05 1.0105e+00 1.5464e-02 1 1
58496.117620954 6.2909e-05 1.0027e+00 1.5959e-02 1 1
58496.117683960 6.2909e-05 9.9513e-01 1.5863e-02 1 1
58496.117746966 6.2909e-05 9.9597e-01 1.5740e-02 1 1
58496.117809971 6.2909e-05 9.8828e-01 1.4120e-02 1 1
58496.117872977 6.2909e-05 9.9633e-01 1.4779e-02 1 1
58496.117935983 6.2909e-05 1.0024e+00 1.6018e-02 1 1
58496.117998989 6.2909e-05 1.0033e+00 1.6103e-02 1 1
58496.118061994 6.2909e-05 9.9306e-01 1.4728e-02 1 1
58496.118125000 6.2909e-05 9.8360e-01 1.4858e-02 1 1
58496.118188006 6.2909e-05 9.8816e-01 1.5630e-02 1 1
58496.118251012 6.2909e-05 9.7571e-01 1.4070e-02 1 1
58496.118314017 6.2909e-05 9.6549e-01 1.4355e-02 1 1
58496.118377023 6.2909e-05 1.0014e+00 1.4422e-02 1 1
58496.118440029 6.2909e-05 9.9448e-01 1.7034e-02 1 1
58496.118503035 6.2909e-05 9.9852e-01 1.7034e-02 1 1
58496.118566040 6.2909e-05 9.8013e-01 1.7467e-02 1 1
58496.118629046 6.2909e-05 1.0121e+00 1.7913e-02 1 1
58496.118692052 6.2909e-05 9.9870e-01 1.6920e-02 1 1
58496.118755058 6.2909e-05 9.7570e-01 1.8170e-02 1 1
58496.118818064 6.2909e-05 1.0006e+00 1.8616e-02 1 1
58496.118881069 6.2909e-05 1.0229e+00 1.8005e-02 1 1
58496.118944075 6.2909e-05 9.9257e-01 1.7318e-02 1 1
58496.119007081 6.2909e-05 1.0096e+00 1.8554e-02 1 1
58496.119070087 6.2909e-05 1.0165e+00 1.8550e-02 1 1
58496.119133092 6.2909e-05 9.9416e-01 1.8235e-02 1 1
58496.119196098 6.2909e-05 9.8702e-01 1.7057e-02 1 1
58496.119259104 6.2909e-05 9.7751e-01 1.7293e-02 1 1
58496.119322110 6.2909e-05 1.0016e+00 1.8280e-02 1 1
58496.119385115 6.2909e-05 9.7407e-01 1.7733e-02 1 1
58496.119448121 6.2909e-05 9.8497e-01 1.7370e-02 1 1
58496.119511127 6.2909e-05 9.8777e-01 1.7183e-02 1 1
58496.119574133 6.2909e-05 9.8693e-01 1.7130e-02 1 1
58496.119637138 6.2909e-05 9.9785e-01 1.6665e-02 1 1
58496.119700144 6.2909e-05 9.9442e-01 1.7562e-02 1 1
58496.119763150 6.2909e-05 1.0059e+00 1.7859e-02 1 1
58496.119826156 6.2909e-05 1.0031e+00 1.6072e-02 1 1
58496.119889161 6.2909e-05 9.7312e-01 1.4009e-02 1 1
58496.119952167 6.2909e-05 1.0137e+00 1.8700e-02 1 1
58496.120015173 6.2909e-05 9.6933e-01 1.7454e-02 1 1
58496.120078179 6.2909e-05 9.8841e-01 1.7632e-02 1 1
58496.120141184 6.2909e-05 9.9554e-01 1.6532e-02 1 1
58496.120204190 6.2909e-05 1.0029e+00 1.6498e-02 1 1
58496.120267196 6.2909e-05 9.9274e-01 1.7881e-02 1 1
58496.120330202 6.2909e-05 9.9056e-01 1.6750e-02 1 1
58496.120393207 6.2909e-05 9.8174e-01 1.5638e-02 1 1
58496.120456213 6.2909e-05 1.0188e+00 1.5496e-02 1 1
58496.120519219 6.2909e-05 1.0092e+00 1.7699e-02 1 1
58496.120582225 6.2909e-05 1.0161e+00 1.5753e-02 1 1
58496.120645230 6.2909e-05 9.8801e-01 1.4625e-02 1 1
58496.120708236 6.2909e-05 1.0025e+00 1.6884e-02 1 1
58496.120771242 6.2909e-05 9.7664e-01 1.7195e-02 1 1
58496.120834248 6.2909e-05 9.9193e-01 1.5556e-02 1 1
58496.120897253 6.2909e-05 9.9823e-01 1.6862e-02 1 1
58496.120960259 6.2909e-05 1.0151e+00 1.7943e-02 1 1
58496.121023265 6.2909e-05 9.9771e-01 1.7744e-02 1 1
58496.121086271 6.2909e-05 1.0285e+00 1.8060e-02 1 1
58496.121149276 6.2909e-05 9.9501e-01 1.6530e-02 1 1
58496.121212282 6.2909e-05 9.9292e-01 1.7013e-02 1 1
58496.121275288 6.2909e-05 1.0113e+00 1.7515e-02 1 1
58496.121338294 6.2909e-05 1.0486e+00 1.8972e-02 1 1
58496.121401299 6.2909e-05 1.0072e+00 1.8035e-02 1 1
58496.121464305 6.2909e-05 9.7462e-01 1.6463e-02 1 1
58496.121527311 6.2909e-05 1.0190e+00 1.7510e-02 1 1
58496.121590317 6.2909e-05 9.9268e-01 1.7575e-02 1 1
58496.121653323 6.2909e-05 1.0002e+00 1.7555e-02 1 1
58496.121716328 6.2909e-05 9.8373e-01 1.5121e-02 1 1
58496.121779334 6.2909e-05 9.7448e-01 1.4838e-02 1 1
58496.121842340 6.2909e-05 9.9622e-01 1.3860e-02 1 1
58496.121905346 6.2909e-05 9.8038e-01 1.4190e-02 1 1
58496.121968351 6.2909e-05 9.9460e-01 1.4923e-02 1 1
58496.122031357 6.2909e-05 1.0040e+00 1.5239e-02 1 1
58496.122094363 6.2909e-05 1.0213e+00 1.7855e-02 1 1
58496.122157369 6.2909e-05 1.0146e+00 1.7669e-02 1 1
58496.122220374 6.2909e-05 1.0013e+00 1.7373e-02 1 1
58496.122283380 6.2909e-05 9.7397e-01 1.6236e-02 1 1
58496.122346386 6.2909e-05 9.7673e-01 1.4238e-02 1 1
58496.122409392 6.2909e-05 1.0165e+00 1.6344e-02 1 1
58496.122472397 6.2909e-05 1.0073e+00 1.7922e-02 1 1
58496.122535403 6.2909e-05 9.8911e-01 1.4802e-02 1 1
58496.122598409 6.2909e-05 1.0000e+00 1.4434e-02 1 1
58496.122661415 6.2909e-05 9.9543e-01 1.7147e-02 1 1
58496.122724420 6.2909e-05 1.0240e+00 1.7854e-02 1 1
58496.122787426 6.2909e-05 9.7046e-01 1.6163e-02 1 1
58496.122850432 6.2909e-05 1.0169e+00 1.5971e-02 1 1
58496.122913438 6.2909e-05 1.0117e+00 1.5648e-02 1 1
58496.122976443 6.2909e-05 9.9172e-01 1.4459e-02 1 1
58496.123039449 6.2909e-05 9.8661e-01 1.4931e-02 1 1
58496.123102455 6.2909e-05 9.6974e-01 1.5014e-02 1 1
58496.123165461 6.2909e-05 1.0018e+00 1.8358e-02 1 1
58496.123228466 6.2909e-05 1.0006e+00 1.7647e-02 1 1
58496.123291472 6.2909e-05 1.0234e+00 1.7032e-02 1 1
58496.123354478 6.2909e-05 1.0109e+00 1.8245e-02 1 1
58496.123417484 6.2909e-05 1.0376e+00 1.9012e-02 1 1
58496.123480489 6.2909e-05 1.0072e+00 1.5757e-02 1 1
58496.123543495 6.2909e-05 1.0219e+00 1.4932e-02 1 1
58496.123606501 6.2909e-05 9.9201e-01 1.3574e-02 1 1
58496.123669507 6.2909e-05 1.0141e+00 1.3776e-02 1 1
58496.123732512 6.2909e-05 9.8382e-01 1.4114e-02 1 1
58496.123795518 6.2909e-05 1.0092e+00 1.4717e-02 1 1
58496.123858524 6.2909e-05 1.0308e+00 1.4918e-02 1 1
58496.123921530 6.2909e-05 9.9146e-01 1.3997e-02 1 1
58496.123984535 6.2909e-05 1.0126e+00 1.3651e-02 1 1
58496.124047541 6.2909e-05 1.0244e+00 1.6125e-02 1 1
58496.124110547 6.2909e-05 9.7733e-01 1.3409e-02 1 1
58496.124173553 6.2909e-05 1.0122e+00 1.5370e-02 1 1
58496.124236558 6.2909e-05 1.0150e+00 1.5011e-02 1 1
58496.124299564 6.2909e-05 9.9427e-01 1.4201e-02 1 1
58496.124362570 6.2909e-05 1.0245e+00 1.4114e-02 1 1
58496.124425576 6.2909e-05 9.9529e-01 1.3378e-02 1 1
58496.124488581 6.2909e-05 9.8690e-01 1.3350e-02 1 1
58496.124551587 6.2909e-05 9.8475e-01 1.3888e-02 1 1
58496.124614593 6.2909e-05 1.0187e+00 1.6197e-02 1 1
58496.124677599 6.2909e-05 9.7811e-01 1.6418e-02 1 1
58496.124740604 6.2909e-05 1.0063e+00 1.7140e-02 1 1
58496.124803610 6.2909e-05 9.9311e-01 1.7229e-02 1 1
58496.124866616 6.2909e-05 1.0032e+00 1.7163e-02 1 1
58496.124929622 6.2909e-05 9.8942e-01 1.5886e-02 1 1
58496.124992627 6.2909e-05 1.0082e+00 1.7687e-02 1 1
58496.125055633 6.2909e-05 1.0093e+00 1.7769e-02 1 1
58496.125118639 6.2909e-05 1.0141e+00 1.4590e-02 1 1
58496.125181645 6.2909e-05 1.0161e+00 1.6060e-02 1 1
58496.125244650 6.2909e-05 9.8314e-01 1.4855e-02 1 1
58496.125307656 6.2909e-05 9.9168e-01 1.3499e-02 1 1
58496.125370662 6.2909e-05 1.0287e+00 1.4772e-02 1 1
58496.125433668 6.2909e-05 9.9669e-01 1.5234e-02 1 1
58496.125496673 6.2909e-05 1.0034e+00 1.4697e-02 1 1
58496.125559679 6.2909e-05 1.0361e+00 1.5872e-02 1 1
58496.125622685 6.2909e-05 9.7925e-01 1.7586e-02 1 1
58496.125685691 6.2909e-05 9.8718e-01 1.4621e-02 1 1
58496.125748696 6.2909e-05 9.7350e-01 1.6575e-02 1 1
58496.125811702 6.2909e-05 1.0211e+00 1.7494e-02 1 1
58496.125874708 6.2909e-05 1.0047e+00 1.7090e-02 1 1
58496.125937714 6.2909e-05 1.0017e+00 1.4724e-02 1 1
58496.126000719 6.2909e-05 9.8594e-01 1.6124e-02 1 1
58496.126063725 6.2909e-05 9.8731e-01 1.6383e-02 1 1
58496.126126731 6.2909e-05 9.8751e-01 1.4445e-02 1 1
58496.126189737 6.2909e-05 1.0215e+00 1.5216e-02 1 1
58496.126252743 6.2909e-05 9.9970e-01 1.4046e-02 1 1
58496.126315748 6.2909e-05 1.0057e+00 1.4064e-02 1 1
58496.126378754 6.2909e-05 9.9015e-01 1.3195e-02 1 1
58496.126441760 6.2909e-05 1.0118e+00 1.3932e-02 1 1
58496.126504766 6.2909e-05 9.9770e-01 1.4363e-02 1 1
58496.126567771 6.2909e-05 9.8051e-01 1.4819e-02 1 1
58496.126630777 6.2909e-05 1.0216e+00 1.7122e-02 1 1
58496.126693783 6.2909e-05 9.9437e-01 1.6814e-02 1 1
58496.126756789 6.2909e-05 1.0225e+00 1.7572e-02 1 1
58496.126819794 6.2909e-05 1.0283e+00 1.5008e-02 1 1
58496.126882800 6.2909e-05 1.0185e+00 1.5512e-02 1 1
58496.126945806 6.2909e-05 1.0131e+00 1.4832e-02 1 1
58496.127008812 6.2909e-05 1.0206e+00 1.5217e-02 1 1
58496.127071817 6.2909e-05 9.9357e-01 1.5648e-02 1 1
58496.127134823 6.2909e-05 9.9717e-01 1.5288e-02 1 1
58496.127197829 6.2909e-05 1.0295e+00 1.4754e-02 1 1
58496.127260835 6.2909e-05 1.0277e+00 1.7600e-02 1 1
58496.127323840 6.2909e-05 1.0010e+00 1.6904e-02 1 1
58496.127386846 6.2909e-05 1.0412e+00 1.7613e-02 1 1
58496.127449852 6.2909e-05 9.7632e-01 1.6631e-02 1 1
58496.127512858 6.2909e-05 1.0092e+00 1.7694e-02 1 1
58496.127575863 6.2909e-05 1.0014e+00 1.7897e-02 1 1
58496.127638869 6.2909e-05 9.9106e-01 1.7950e-02 1 1
58496.127701875 6.2909e-05 1.0378e+00 1.7182e-02 1 1
58496.127764881 6.2909e-05 9.8221e-01 1.6743e-02 1 1
58496.127827886 6.2909e-05 1.0175e+00 1.5633e-02 1 1
58496.127890892 6.2909e-05 1.0116e+00 1.5485e-02 1 1
58496.127953898 6.2909e-05 9.6615e-01 1.6118e-02 1 1
58496.128016904 6.2909e-05 1.0174e+00 1.7063e-02 1 1
58496.128079909 6.2909e-05 9.9976e-01 1.4556e-02 1 1
58496.128142915 6.2909e-05 1.0046e+00 1.3356e-02 1 1
58496.128205921 6.2909e-05 1.0059e+00 1.4302e-02 1 1
58496.128268927 6.2909e-05 9.7134e-01 1.4754e-02 1 1
58496.128331932 6.2909e-05 1.0036e+00 1.5673e-02 1 1
58496.128394938 6.2909e-05 9.9696e-01 1.7036e-02 1 1
58496.128457944 6.2909e-05 9.9244e-01 1.5352e-02 1 1
58496.128520950 6.2909e-05 1.0061e+00 1.7362e-02 1 1
58496.128583955 6.2909e-05 9.7288e-01 1.7281e-02 1 1
58496.128646961 6.2909e-05 1.0184e+00 1.7123e-02 1 1
58496.128709967 6.2909e-05 1.0253e+00 1.7036e-02 1 1
58496.128772973 6.2909e-05 1.0158e+00 1.7253e-02 1 1
58496.128835978 6.2909e-05 1.0137e+00 1.6731e-02 1 1
58496.128898984 6.2909e-05 1.0021e+00 1.7598e-02 1 1
58496.128961990 6.2909e-05 1.0256e+00 1.5599e-02 1 1
58496.129024996 6.2909e-05 1.0369e+00 1.5747e-02 1 1
58496.129088001 6.2909e-05 1.0093e+00 1.4160e-02 1 1
58496.129151007 6.2909e-05 9.9709e-01 1.2827e-02 1 1
58496.129214013 6.2909e-05 1.0068e+00 1.3382e-02 1 1
58496.129277019 6.2909e-05 1.0244e+00 1.4986e-02 1 1
58496.129340024 6.2909e-05 1.0041e+00 1.4997e-02 1 1
58496.129403030 6.2909e-05 1.0249e+00 1.5355e-02 1 1
58496.129466036 6.2909e-05 1.0196e+00 1.6981e-02 1 1
58496.129529042 6.2909e-05 1.0024e+00 1.7777e-02 1 1
58496.129592047 6.2909e-05 1.0123e+00 1.5415e-02 1 1
58496.129655053 6.2909e-05 9.6852e-01 1.6850e-02 1 1
58496.129718059 6.2909e-05 1.0022e+00 1.4160e-02 1 1
58496.129781065 6.2909e-05 9.9815e-01 1.4076e-02 1 1
58496.129844070 6.2909e-05 9.7413e-01 1.6375e-02 1 1
58496.129907076 6.2909e-05 1.0251e+00 1.6022e-02 1 1
58496.129970082 6.2909e-05 9.9403e-01 1.3417e-02 1 1
58496.130033088 6.2909e-05 9.9339e-01 1.3251e-02 1 1
58496.130096093 6.2909e-05 9.8346e-01 1.3454e-02 1 1
58496.130159099 6.2909e-05 9.7566e-01 1.3848e-02 1 1
58496.130222105 6.2909e-05 9.9226e-01 1.3236e-02 1 1
58496.130285111 6.2909e-05 9.9796e-01 1.3343e-02 1 1
58496.130348116 6.2909e-05 9.8835e-01 1.2962e-02 1 1
58496.130411122 6.2909e-05 1.0159e+00 1.3254e-02 1 1
58496.130474128 6.2909e-05 1.0131e+00 1.3767e-02 1 1
58496.130537134 6.2909e-05 9.7621e-01 1.4005e-02 1 1
58496.130600139 6.2909e-05 9.9624e-01 1.3585e-02 1 1
58496.130663145 6.2909e-05 9.8429e-01 1.4789e-02 1 1
58496.130726151 6.2909e-05 9.8669e-01 1.3611e-02 1 1
58496.130789157 6.2909e-05 1.0028e+00 1.3261e-02 1 1
58496.130852162 6.2909e-05 9.8749e-01 1.3301e-02 1 1
58496.130915168 6.2909e-05 9.9694e-01 1.3412e-02 1 1
58496.130978174 6.2909e-05 9.7430e-01 1.2842e-02 1 1
58496.131041180 6.2909e-05 1.0013e+00 1.2667e-02 1 1
58496.131104185 6.2909e-05 9.8681e-01 1.3095e-02 1 1
58496.131167191 6.2909e-05 9.8882e-01 1.4125e-02 1 1
58496.131230197 6.2909e-05 9.8810e-01 1.3891e-02 1 1
58496.131293203 6.2909e-05 9.9374e-01 1.4771e-02 1 1
58496.131356208 6.2909e-05 1.0027e+00 1.2860e-02 1 1
58496.131419214 6.2909e-05 1.0130e+00 1.3460e-02 1 1
58496.131482220 6.2909e-05 9.8945e-01 1.2764e-02 1 1
58496.131545226 6.2909e-05 9.8369e-01 1.2284e-02 1 1
58496.131608231 6.2909e-05 1.0221e+00 1.2894e-02 1 1
58496.131671237 6.2909e-05 1.0041e+00 1.3313e-02 1 1
58496.131734243 6.2909e-05 9.9258e-01 1.3467e-02 1 1
58496.131797249 6.2909e-05 9.9668e-01 1.3560e-02 1 1
58496.131860254 6.2909e-05 9.7050e-01 1.2420e-02 1 1
58496.131923260 6.2909e-05 1.0117e+00 1.3126e-02 1 1
58496.131986266 6.2909e-05 1.0069e+00 1.3095e-02 1 1
58496.132049272 6.2909e-05 9.9102e-01 1.2256e-02 1 1
58496.132112277 6.2909e-05 9.7671e-01 1.3018e-02 1 1
58496.132175283 6.2909e-05 9.9416e-01 1.2806e-02 1 1
58496.132238289 6.2909e-05 1.0073e+00 1.3381e-02 1 1
58496.132301295 6.2909e-05 9.9186e-01 1.2815e-02 1 1
58496.132364300 6.2909e-05 9.8132e-01 1.2813e-02 1 1
58496.132427306 6.2909e-05 1.0249e+00 1.3895e-02 1 1
58496.132490312 6.2909e-05 9.9948e-01 1.2828e-02 1 1
58496.132553318 6.2909e-05 1.0153e+00 1.3222e-02 1 1
58496.132616323 6.2909e-05 9.8467e-01 1.3394e-02 1 1
58496.132679329 6.2909e-05 9.9623e-01 1.3771e-02 1 1
58496.132742335 6.2909e-05 9.9402e-01 1.3423e-02 1 1
58496.132805341 6.2909e-05 9.7492e-01 1.5059e-02 1 1
58496.132868346 6.2909e-05 1.0109e+00 1.3941e-02 1 1
58496.132931352 6.2909e-05 1.0206e+00 1.4399e-02 1 1
58496.132994358 6.2909e-05 9.9857e-01 1.4737e-02 1 1
58496.133057364 6.2909e-05 1.0012e+00 1.4190e-02 1 1
58496.133120369 6.2909e-05 1.0224e+00 1.4502e-02 1 1
58496.133183375 6.2909e-05 9.6957e-01 1.4828e-02 1 1
58496.133246381 6.2909e-05 9.9015e-01 1.3777e-02 1 1
58496.133309387 6.2909e-05 9.9963e-01 1.3634e-02 1 1
58496.133372392 6.2909e-05 1.0040e+00 1.2752e-02 1 1
58496.133435398 6.2909e-05 1.0126e+00 1.3907e-02 1 1
58496.133498404 6.2909e-05 1.0021e+00 1.6107e-02 1 1
58496.133561410 6.2909e-05 1.0040e+00 1.3879e-02 1 1
58496.133624415 6.2909e-05 1.0148e+00 1.3371e-02 1 1
58496.133687421 6.2909e-05 9.9853e-01 1.2300e-02 1 1
58496.133750427 6.2909e-05 9.8779e-01 1.2385e-02 1 1
58496.133813433 6.2909e-05 9.9887e-01 1.2174e-02 1 1
58496.133876438 6.2909e-05 1.0025e+00 1.2624e-02 1 1
58496.133939444 6.2909e-05 9.9176e-01 1.2935e-02 1 1
58496.134002450 6.2909e-05 9.9286e-01 1.4665e-02 1 1
58496.134065456 6.2909e-05 9.7142e-01 1.2110e-02 1 1
58496.134128461 6.2909e-05 1.0063e+00 1.2542e-02 1 1
58496.134191467 6.2909e-05 9.9382e-01 1.3492e-02 1 1
58496.134254473 6.2909e-05 9.9107e-01 1.3778e-02 1 1
58496.134317479 6.2909e-05 9.8779e-01 1.6881e-02 1 1
58496.134380484 6.2909e-05 1.0176e+00 1.4080e-02 1 1
58496.134443490 6.2909e-05 1.0026e+00 1.3204e-02 1 1
58496.134506496 6.2909e-05 9.9417e-01 1.2808e-02 1 1
58496.134569501 6.2909e-05 1.0084e+00 1.3534e-02 1 1
58496.134632507 6.2909e-05 9.9701e-01 1.4255e-02 1 1
58496.134695513 6.2909e-05 9.9787e-01 1.4667e-02 1 1
58496.134758519 6.2909e-05 9.8964e-01 1.3811e-02 1 1
58496.134821524 6.2909e-05 1.0234e+00 1.3461e-02 1 1
58496.134884530 6.2909e-05 9.9059e-01 1.2921e-02 1 1
58496.134947536 6.2909e-05 9.9608e-01 1.2709e-02 1 1
58496.135010542 6.2909e-05 9.9908e-01 1.3358e-02 1 1
58496.135073547 6.2909e-05 1.0068e+00 1.3623e-02 1 1
58496.135136553 6.2909e-05 9.7647e-01 1.3540e-02 1 1
58496.135199559 6.2909e-05 1.0043e+00 1.7058e-02 1 1
58496.135262565 6.2909e-05 1.0064e+00 1.7024e-02 1 1
58496.135325570 6.2909e-05 1.0146e+00 1.5747e-02 1 1
58496.135388576 6.2909e-05 1.0107e+00 1.7722e-02 1 1
58496.135451582 6.2909e-05 9.9747e-01 1.3756e-02 1 1
58496.135514588 6.2909e-05 1.0275e+00 1.5990e-02 1 1
58496.135577593 6.2909e-05 9.8180e-01 1.5678e-02 1 1
58496.135640599 6.2909e-05 9.9700e-01 1.3660e-02 1 1
58496.135703605 6.2909e-05 1.0003e+00 1.3788e-02 1 1
58496.135766611 6.2909e-05 1.0000e+00 1.3330e-02 1 1
58496.135829616 6.2909e-05 1.0100e+00 1.3531e-02 1 1
58496.135892622 6.2909e-05 1.0169e+00 1.4209e-02 1 1
58496.135955628 6.2909e-05 1.0035e+00 1.4676e-02 1 1
58496.136018634 6.2909e-05 9.7636e-01 1.2691e-02 1 1
58496.136081639 6.2909e-05 9.9875e-01 1.3335e-02 1 1
58496.136144645 6.2909e-05 1.0086e+00 1.4242e-02 1 1
58496.136207651 6.2909e-05 9.7782e-01 1.5157e-02 1 1
58496.136270657 6.2909e-05 9.9196e-01 1.4363e-02 1 1
58496.136333662 6.2909e-05 1.0080e+00 1.4531e-02 1 1
58496.136396668 6.2909e-05 9.9939e-01 1.5052e-02 1 1
58496.136459674 6.2909e-05 1.0120e+00 1.3814e-02 1 1
58496.136522680 6.2909e-05 9.7809e-01 1.3923e-02 1 1
58496.136585685 6.2909e-05 1.0006e+00 1.3808e-02 1 1
58496.136648691 6.2909e-05 9.8217e-01 1.3122e-02 1 1
58496.136711697 6.2909e-05 1.0184e+00 1.3470e-02 1 1
58496.136774703 6.2909e-05 9.9238e-01 1.3971e-02 1 1
58496.136837708 6.2909e-05 9.8299e-01 1.3106e-02 1 1
58496.136900714 6.2909e-05 1.0153e+00 1.4143e-02 1 1
58496.136963720 6.2909e-05 1.0046e+00 1.3291e-02 1 1
58496.137026726 6.2909e-05 9.9808e-01 1.3887e-02 1 1
58496.137089731 6.2909e-05 9.8699e-01 1.3637e-02 1 1
58496.137152737 6.2909e-05 1.0224e+00 1.3946e-02 1 1
58496.137215743 6.2909e-05 1.0107e+00 1.3530e-02 1 1
58496.137278749 6.2909e-05 9.9006e-01 1.3481e-02 1 1
58496.137341754 6.2909e-05 9.7219e-01 1.7060e-02 1 1
58496.137404760 6.2909e-05 1.0030e+00 1.6603e-02 1 1
58496.137467766 6.2909e-05 9.7422e-01 1.6393e-02 1 1
58496.137530772 6.2909e-05 9.7388e-01 1.6991e-02 1 1
58496.137593777 6.2909e-05 9.6608e-01 1.6166e-02 1 1
58496.137656783 6.2909e-05 9.9700e-01 1.6955e-02 1 1
58496.137719789 6.2909e-05 1.0340e+00 1.7374e-02 1 1
58496.137782795 6.2909e-05 1.0232e+00 1.8051e-02 1 1
58496.137845800 6.2909e-05 1.0064e+00 1.7173e-02 1 1
58496.137908806 6.2909e-05 1.0317e+00 1.8056e-02 1 1
58496.137971812 6.2909e-05 1.0281e+00 1.7536e-02 1 1
58496.138034818 6.2909e-05 1.0094e+00 1.6903e-02 1 1
58496.138097823 6.2909e-05 9.8081e-01 1.5897e-02 1 1
58496.138160829 6.2909e-05 1.0062e+00 1.5122e-02 1 1
58496.138223835 6.2909e-05 9.9671e-01 1.4617e-02 1 1
58496.138286841 6.2909e-05 1.0039e+00 1.4037e-02 1 1
58496.138349846 6.2909e-05 9.8292e-01 1.4791e-02 1 1
58496.138412852 6.2909e-05 9.9736e-01 1.6007e-02 1 1
58496.138475858 6.2909e-05 1.0047e+00 1.6480e-02 1 1
58496.138538864 6.2909e-05 1.0164e+00 1.5312e-02 1 1
58496.138601869 6.2909e-05 9.9785e-01 1.3672e-02 1 1
58496.138664875 6.2909e-05 1.0132e+00 1.3101e-02 1 1
58496.138727881 6.2909e-05 1.0197e+00 1.3832e-02 1 1
58496.138790887 6.2909e-05 9.9545e-01 1.5227e-02 1 1
58496.138853892 6.2909e-05 1.0237e+00 1.5030e-02 1 1
58496.138916898 6.2909e-05 1.0114e+00 1.4426e-02 1 1
58496.138979904 6.2909e-05 1.0003e+00 1.3981e-02 1 1
58496.139042910 6.2909e-05 9.8342e-01 1.3519e-02 1 1
58496.139105915 6.2909e-05 1.0083e+00 1.3502e-02 1 1
58496.139168921 6.2909e-05 9.9290e-01 1.3309e-02 1 1
58496.139231927 6.2909e-05 9.9704e-01 1.5176e-02 1 1
58496.139294933 6.2909e-05 1.0052e+00 1.4883e-02 1 1
58496.139357938 6.2909e-05 1.0072e+00 1.4678e-02 1 1
58496.139420944 6.2909e-05 1.0004e+00 1.3549e-02 1 1
58496.139483950 6.2909e-05 1.0025e+00 1.4154e-02 1 1
58496.139546955 6.2909e-05 1.0243e+00 1.7049e-02 1 1
58496.139609961 6.2909e-05 9.8571e-01 1.5828e-02 1 1
58496.139672967 6.2909e-05 9.8216e-01 1.4993e-02 1 1
58496.139735973 6.2909e-05 1.0029e+00 1.3659e-02 1 1
58496.139798978 6.2909e-05 1.0075e+00 1.3266e-02 1 1
58496.139861984 6.2909e-05 9.9435e-01 1.3589e-02 1 1
58496.139924990 6.2909e-05 1.0120e+00 1.4546e-02 1 1
58496.139987996 6.2909e-05 1.0027e+00 1.5547e-02 1 1
58496.140051001 6.2909e-05 9.8979e-01 1.2918e-02 1 1
58496.140114007 6.2909e-05 9.9738e-01 1.2835e-02 1 1
58496.140177013 6.2909e-05 1.0098e+00 1.3013e-02 1 1
58496.140240019 6.2909e-05 1.0079e+00 1.3054e-02 1 1
58496.140303024 6.2909e-05 1.0037e+00 1.3914e-02 1 1
58496.140366030 6.2909e-05 1.0032e+00 1.3859e-02 1 1
58496.140429036 6.2909e-05 9.9135e-01 1.3654e-02 1 1
58496.140492042 6.2909e-05 1.0112e+00 1.4114e-02 1 1
58496.140555047 6.2909e-05 1.0042e+00 1.3444e-02 1 1
58496.140618053 6.2909e-05 1.0091e+00 1.3152e-02 1 1
58496.140681059 6.2909e-05 1.0155e+00 1.3648e-02 1 1
58496.140744065 6.2909e-05 1.0049e+00 1.3514e-02 1 1
58496.140807070 6.2909e-05 1.0147e+00 1.3801e-02 1 1
58496.140870076 6.2909e-05 9.7414e-01 1.3382e-02 1 1
58496.140933082 6.2909e-05 9.8555e-01 1.3144e-02 1 1
58496.140996088 6.2909e-05 9.9194e-01 1.2148e-02 1 1
58496.141059093 6.2909e-05 1.0082e+00 1.2557e-02 1 1
58496.141122099 6.2909e-05 1.0055e+00 1.2794e-02 1 1
58496.141185105 6.2909e-05 1.0024e+00 1.2983e-02 1 1
58496.141248111 6.2909e-05 1.0014e+00 1.2921e-02 1 1
58496.141311116 6.2909e-05 1.0140e+00 1.3341e-02 1 1
58496.141374122 6.2909e-05 1.0204e+00 1.5342e-02 1 1
58496.141437128 6.2909e-05 1.0145e+00 1.4786e-02 1 1
58496.141500134 6.2909e-05 1.0092e+00 1.3487e-02 1 1
58496.141563139 6.2909e-05 1.0140e+00 1.3932e-02 1 1
58496.141626145 6.2909e-05 1.0071e+00 1.6437e-02 1 1
58496.141689151 6.2909e-05 1.0216e+00 1.4049e-02 1 1
58496.141752157 6.2909e-05 1.0014e+00 1.3214e-02 1 1
58496.141815162 6.2909e-05 1.0034e+00 1.3392e-02 1 1
58496.141878168 6.2909e-05 1.0142e+00 1.5234e-02 1 1
58496.141941174 6.2909e-05 9.9408e-01 1.3432e-02 1 1
58496.142004180 6.2909e-05 1.0054e+00 1.2619e-02 1 1
58496.142067185 6.2909e-05 1.0093e+00 1.2518e-02 1 1
58496.142130191 6.2909e-05 1.0177e+00 1.2429e-02 1 1
58496.142193197 6.2909e-05 9.9638e-01 1.2080e-02 1 1
58496.142256202 6.2909e-05 1.0072e+00 1.2765e-02 1 1
58496.142319208 6.2909e-05 1.0051e+00 1.4800e-02 1 1
58496.142382214 6.2909e-05 9.9192e-01 1.4115e-02 1 1
58496.142445220 6.2909e-05 1.0030e+00 1.3565e-02 1 1
58496.142508225 6.2909e-05 1.0183e+00 1.5981e-02 1 1
58496.142571231 6.2909e-05 9.8084e-01 1.4205e-02 1 1
58496.142634237 6.2909e-05 1.0137e+00 1.3818e-02 1 1
58496.142697243 6.2909e-05 1.0043e+00 1.7319e-02 1 1
58496.142760248 6.2909e-05 1.0004e+00 1.6995e-02 1 1
58496.142823254 6.2909e-05 9.9285e-01 1.6452e-02 1 1
58496.142886260 6.2909e-05 9.9998e-01 1.7618e-02 1 1
58496.142949266 6.2909e-05 9.7956e-01 1.4664e-02 1 1
58496.143012271 6.2909e-05 1.0120e+00 1.3281e-02 1 1
58496.143075277 6.2909e-05 1.0017e+00 1.2573e-02 1 1
58496.143138283 6.2909e-05 9.8508e-01 1.2865e-02 1 1
58496.143201289 6.2909e-05 1.0057e+00 1.3265e-02 1 1
58496.143264294 6.2909e-05 1.0039e+00 1.2364e-02 1 1
58496.143327300 6.2909e-05 1.0124e+00 1.2605e-02 1 1
58496.143390306 6.2909e-05 9.9801e-01 1.3317e-02 1 1
58496.143453312 6.2909e-05 1.0068e+00 1.3133e-02 1 1
58496.143516317 6.2909e-05 1.0153e+00 1.2880e-02 1 1
58496.143579323 6.2909e-05 1.0033e+00 1.2004e-02 1 1
58496.143642329 6.2909e-05 1.0196e+00 1.2233e-02 1 1
58496.143705335 6.2909e-05 9.8669e-01 1.1858e-02 1 1
58496.143768340 6.2909e-05 1.0126e+00 1.2120e-02 1 1
58496.143831346 6.2909e-05 9.9638e-01 1.2004e-02 1 1
58496.143894352 6.2909e-05 9.8785e-01 1.2731e-02 1 1
58496.143957358 6.2909e-05 1.0038e+00 1.2938e-02 1 1
58496.144020363 6.2909e-05 1.0377e+00 1.2913e-02 1 1
58496.144083369 6.2909e-05 1.0106e+00 1.2853e-02 1 1
58496.144146375 6.2909e-05 1.0115e+00 1.2381e-02 1 1
58496.144209381 6.2909e-05 1.0094e+00 1.2246e-02 1 1
58496.144272386 6.2909e-05 1.0076e+00 1.2692e-02 1 1
58496.144335392 6.2909e-05 9.8274e-01 1.2293e-02 1 1
58496.144398398 6.2909e-05 1.0096e+00 1.2685e-02 1 1
58496.144461403 6.2909e-05 1.0026e+00 1.2535e-02 1 1
58496.144524409 6.2909e-05 1.0079e+00 1.3050e-02 1 1
58496.144587415 6.2909e-05 1.0219e+00 1.2844e-02 1 1
58496.144650421 6.2909e-05 9.9455e-01 1.2538e-02 1 1
58496.144713426 6.2909e-05 9.8965e-01 1.2581e-02 1 1
58496.144776432 6.2909e-05 1.0205e+00 1.2883e-02 1 1
58496.144839438 6.2909e-05 1.0153e+00 1.2699e-02 1 1
58496.144902444 6.2909e-05 1.0082e+00 1.2137e-02 1 1
58496.144965449 6.2909e-05 1.0146e+00 1.2487e-02 1 1
58496.145028455 6.2909e-05 1.0119e+00 1.2486e-02 1 1
58496.145091461 6.2909e-05 1.0151e+00 1.2746e-02 1 1
58496.145154467 6.2909e-05 1.0223e+00 1.3583e-02 1 1
58496.145217472 6.2909e-05 9.9451e-01 1.3303e-02 1 1
58496.145280478 6.2909e-05 9.9740e-01 1.3228e-02 1 1
58496.145343484 6.2909e-05 1.0045e+00 1.5338e-02 1 1
58496.145406490 6.2909e-05 1.0147e+00 1.4750e-02 1 1
58496.145469495 6.2909e-05 9.8641e-01 1.2986e-02 1 1
58496.145532501 6.2909e-05 9.8506e-01 1.5015e-02 1 1
58496.145595507 6.2909e-05 1.0003e+00 1.6551e-02 1 1
58496.145658513 6.2909e-05 1.0023e+00 1.4131e-02 1 1
58496.145721518 6.2909e-05 1.0198e+00 1.3726e-02 1 1
58496.145784524 6.2909e-05 1.0109e+00 1.3114e-02 1 1
58496.145847530 6.2909e-05 9.9781e-01 1.4628e-02 1 1
58496.145910536 6.2909e-05 9.9610e-01 1.4031e-02 1 1
58496.145973541 6.2909e-05 9.8892e-01 1.4196e-02 1 1
58496.146036547 6.2909e-05 9.7856e-01 1.3363e-02 1 1
58496.146099553 6.2909e-05 1.0115e+00 1.3226e-02 1 1
58496.146162559 6.2909e-05 9.9118e-01 1.2724e-02 1 1
58496.146225564 6.2909e-05 9.8317e-01 1.4778e-02 1 1
58496.146288570 6.2909e-05 9.9969e-01 1.3174e-02 1 1
58496.146351576 6.2909e-05 9.9591e-01 1.2513e-02 1 1
58496.146414581 6.2909e-05 9.9658e-01 1.2213e-02 1 1
58496.146477587 6.2909e-05 9.9908e-01 1.2122e-02 1 1
58496.146540593 6.2909e-05 9.8880e-01 1.3825e-02 1 1
58496.146603599 6.2909e-05 1.0054e+00 1.2389e-02 1 1
58496.146666604 6.2909e-05 9.8480e-01 1.1853e-02 1 1
58496.146729610 6.2909e-05 1.0006e+00 1.2812e-02 1 1
58496.146792616 6.2909e-05 1.0117e+00 1.4201e-02 1 1
58496.146855622 6.2909e-05 9.9199e-01 1.4750e-02 1 1
58496.146918627 6.2909e-05 9.9078e-01 1.3679e-02 1 1
58496.146981633 6.2909e-05 1.0240e+00 1.3344e-02 1 1
58496.147044639 6.2909e-05 1.0076e+00 1.4115e-02 1 1
58496.147107645 6.2909e-05 1.0142e+00 1.3220e-02 1 1
58496.147170650 6.2909e-05 9.8101e-01 1.2844e-02 1 1
58496.147233656 6.2909e-05 1.0030e+00 1.2448e-02 1 1
58496.147296662 6.2909e-05 9.9544e-01 1.2701e-02 1 1
58496.147359668 6.2909e-05 9.7727e-01 1.5790e-02 1 1
58496.147422673 6.2909e-05 9.8710e-01 1.6816e-02 1 1
58496.147485679 6.2909e-05 9.8339e-01 1.4361e-02 1 1
58496.147548685 6.2909e-05 9.9866e-01 1.4865e-02 1 1
58496.147611691 6.2909e-05 1.0026e+00 1.4099e-02 1 1
58496.147674696 6.2909e-05 1.0121e+00 1.5302e-02 1 1
58496.147737702 6.2909e-05 1.0001e+00 1.5309e-02 1 1
58496.147800708 6.2909e-05 9.9401e-01 1.6202e-02 1 1
58496.147863714 6.2909e-05 1.0261e+00 1.3791e-02 1 1
58496.147926719 6.2909e-05 1.0007e+00 1.2507e-02 1 1
58496.147989725 6.2909e-05 9.8274e-01 1.1979e-02 1 1
58496.148052731 6.2909e-05 1.0128e+00 1.2276e-02 1 1
58496.148115737 6.2909e-05 9.9353e-01 1.2228e-02 1 1
58496.148178742 6.2909e-05 1.0008e+00 1.2943e-02 1 1
58496.148241748 6.2909e-05 1.0018e+00 1.2547e-02 1 1
58496.148304754 6.2909e-05 9.8889e-01 1.3728e-02 1 1
58496.148367759 6.2909e-05 1.0032e+00 1.2964e-02 1 1
58496.148430765 6.2909e-05 1.0066e+00 1.2236e-02 1 1
58496.148493771 6.2909e-05 1.0171e+00 1.2388e-02 1 1
58496.148556777 6.2909e-05 1.0183e+00 1.2321e-02 1 1
58496.148619782 6.2909e-05 1.0095e+00 1.2949e-02 1 1
58496.148682788 6.2909e-05 1.0081e+00 1.2302e-02 1 1
58496.148745794 6.2909e-05 9.8505e-01 1.2083e-02 1 1
58496.148808800 6.2909e-05 9.9476e-01 1.2126e-02 1 1
58496.148871805 6.2909e-05 1.0148e+00 1.2453e-02 1 1
58496.148934811 6.2909e-05 9.9563e-01 1.2619e-02 1 1
58496.148997817 6.2909e-05 1.0004e+00 1.2412e-02 1 1
58496.149060823 6.2909e-05 1.0030e+00 1.2708e-02 1 1
58496.149123828 6.2909e-05 1.0098e+00 1.3137e-02 1 1
58496.149186834 6.2909e-05 9.9227e-01 1.4005e-02 1 1
58496.149249840 6.2909e-05 9.9690e-01 1.3228e-02 1 1
58496.149312846 6.2909e-05 1.0173e+00 1.2762e-02 1 1
58496.149375851 6.2909e-05 1.0140e+00 1.3227e-02 1 1
58496.149438857 6.2909e-05 9.8851e-01 1.4011e-02 1 1
58496.149501863 6.2909e-05 9.7104e-01 1.1978e-02 1 1
58496.149564869 6.2909e-05 9.9159e-01 1.2400e-02 1 1
58496.149627874 6.2909e-05 1.0059e+00 1.3021e-02 1 1
58496.149690880 6.2909e-05 9.9689e-01 1.2986e-02 1 1
58496.149753886 6.2909e-05 1.0025e+00 1.3587e-02 1 1
58496.149816891 6.2909e-05 9.9600e-01 1.2426e-02 1 1
58496.149879897 6.2909e-05 9.9918e-01 1.2279e-02 1 1
58496.149942903 6.2909e-05 9.8416e-01 1.1998e-02 1 1
58496.150005909 6.2909e-05 1.0193e+00 1.5054e-02 1 1
58496.150068914 6.2909e-05 1.0056e+00 1.3503e-02 1 1
58496.150131920 6.2909e-05 9.9992e-01 1.3874e-02 1 1
58496.150194926 6.2909e-05 1.0013e+00 1.3003e-02 1 1
58496.150257932 6.2909e-05 1.0068e+00 1.3191e-02 1 1
58496.150320937 6.2909e-05 1.0028e+00 1.3047e-02 1 1
58496.150383943 6.2909e-05 1.0007e+00 1.3123e-02 1 1
58496.150446949 6.2909e-05 1.0261e+00 1.4400e-02 1 1
58496.150509955 6.2909e-05 9.9970e-01 1.2164e-02 1 1
58496.150572960 6.2909e-05 1.0154e+00 1.3281e-02 1 1
58496.150635966 6.2909e-05 1.0024e+00 1.3714e-02 1 1
58496.150698972 6.2909e-05 1.0066e+00 1.2681e-02 1 1
58496.150761978 6.2909e-05 9.9171e-01 1.2841e-02 1 1
58496.150824983 6.2909e-05 1.0073e+00 1.6582e-02 1 1
58496.150887989 6.2909e-05 1.0017e+00 1.6694e-02 1 1
58496.150950995 6.2909e-05 9.7669e-01 1.6340e-02 1 1
58496.151014001 6.2909e-05 9.8231e-01 1.4981e-02 1 1
58496.151077006 6.2909e-05 9.8288e-01 1.6145e-02 1 1
58496.151140012 6.2909e-05 1.0058e+00 1.6857e-02 1 1
58496.151203018 6.2909e-05 9.6933e-01 1.6108e-02 1 1
58496.151266024 6.2909e-05 9.9952e-01 1.3210e-02 1 1
58496.151329029 6.2909e-05 9.9231e-01 1.6188e-02 1 1
58496.151392035 6.2909e-05 9.9161e-01 1.6045e-02 1 1
58496.151455041 6.2909e-05 9.8429e-01 1.6183e-02 1 1
58496.151518046 6.2909e-05 9.9609e-01 1.3898e-02 1 1
58496.151581052 6.2909e-05 1.0038e+00 1.3738e-02 1 1
58496.151644058 6.2909e-05 9.9695e-01 1.3125e-02 1 1
58496.151707064 6.2909e-05 1.0227e+00 1.3479e-02 1 1
58496.151770069 6.2909e-05 9.9365e-01 1.3510e-02 1 1
58496.151833075 6.2909e-05 1.0093e+00 1.2864e-02 1 1
58496.151896081 6.2909e-05 9.6551e-01 1.5774e-02 1 1
58496.151959087 6.2909e-05 9.9057e-01 1.2718e-02 1 1
58496.152022092 6.2909e-05 1.0130e+00 1.4284e-02 1 1
58496.152085098 6.2909e-05 1.0186e+00 1.5011e-02 1 1
58496.152148104 6.2909e-05 1.0130e+00 1.2541e-02 1 1
58496.152211110 6.2909e-05 9.8298e-01 1.3389e-02 1 1
58496.152274115 6.2909e-05 1.0030e+00 1.6716e-02 1 1
58496.152337121 6.2909e-05 9.8343e-01 1.6261e-02 1 1
58496.152400127 6.2909e-05 9.7797e-01 1.6127e-02 1 1
58496.152463133 6.2909e-05 1.0105e+00 1.6163e-02 1 1
58496.152526138 6.2909e-05 9.9152e-01 1.5473e-02 1 1
58496.152589144 6.2909e-05 9.8870e-01 1.3129e-02 1 1
58496.152652150 6.2909e-05 9.9413e-01 1.3798e-02 1 1
58496.152715156 6.2909e-05 1.0108e+00 1.5717e-02 1 1
58496.152778161 6.2909e-05 9.9640e-01 1.4314e-02 1 1
58496.152841167 6.2909e-05 1.0174e+00 1.6640e-02 1 1
58496.152904173 6.2909e-05 1.0185e+00 1.3872e-02 1 1
58496.152967178 6.2909e-05 1.0256e+00 1.4206e-02 1 1
58496.153030184 6.2909e-05 1.0008e+00 1.4890e-02 1 1
58496.153093190 6.2909e-05 1.0031e+00 1.4683e-02 1 1
58496.153156196 6.2909e-05 1.0065e+00 1.4844e-02 1 1
58496.153219201 6.2909e-05 9.9196e-01 1.7083e-02 1 1
58496.153282207 6.2909e-05 9.5700e-01 1.6186e-02 1 1
58496.153345213 6.2909e-05 9.1802e-01 1.4471e-02 1 1
58496.153408219 6.2909e-05 8.6230e-01 1.4725e-02 1 1
58496.153471224 6.2909e-05 7.8758e-01 1.3831e-02 1 1
58496.153534230 6.2909e-05 7.6052e-01 1.3652e-02 1 1
58496.153597236 6.2909e-05 6.9293e-01 1.2925e-02 1 1
58496.153660242 6.2909e-05 6.1887e-01 1.1479e-02 1 1
58496.153723247 6.2909e-05 5.4841e-01 1.1606e-02 1 1
58496.153786253 6.2909e-05 4.4825e-01 1.0354e-02 1 1
58496.153849259 6.2909e-05 4.3857e-01 1.0235e-02 1 1
58496.153912265 6.2909e-05 3.9299e-01 9.5769e-03 1 1
58496.153975270 6.2909e-05 3.9746e-01 1.0205e-02 1 1
58496.154038276 6.2909e-05 4.0260e-01 8.3687e-03 1 1
58496.154101282 6.2909e-05 4.7201e-01 8.0873e-03 1 1
58496.154164287 6.2909e-05 5.2318e-01 1.1003e-02 1 1
58496.154227293 6.2909e-05 5.7363e-01 1.2313e-02 1 1
58496.154290299 6.2909e-05 6.4686e-01 1.0320e-02 1 1
58496.154353305 6.2909e-05 7.2036e-01 1.0531e-02 1 1
58496.154416310 6.2909e-05 8.1257e-01 1.4658e-02 1 1
58496.154479316 6.2909e-05 8.6278e-01 1.4528e-02 1 1
58496.154542322 6.2909e-05 8.9478e-01 1.2599e-02 1 1
58496.154605328 6.2909e-05 9.4684e-01 1.4501e-02 1 1
58496.154668333 6.2909e-05 9.9982e-01 1.5497e-02 1 1
58496.154731339 6.2909e-05 1.0074e+00 1.3230e-02 1 1
58496.154794345 6.2909e-05 1.0037e+00 1.3158e-02 1 1
58496.154857351 6.2909e-05 1.0142e+00 1.5254e-02 1 1
58496.154920356 6.2909e-05 9.8581e-01 1.5310e-02 1 1
58496.154983362 6.2909e-05 1.0127e+00 1.5085e-02 1 1
58496.155046368 6.2909e-05 9.9393e-01 1.6283e-02 1 1
58496.155109374 6.2909e-05 9.9106e-01 1.6093e-02 1 1
58496.155172379 6.2909e-05 1.0216e+00 1.5784e-02 1 1
58496.155235385 6.2909e-05 1.0361e+00 1.8140e-02 1 1
58496.155298391 6.2909e-05 1.0118e+00 1.6286e-02 1 1
58496.155361397 6.2909e-05 1.0142e+00 1.6885e-02 1 1
58496.155424402 6.2909e-05 1.0200e+00 1.6454e-02 1 1
58496.155487408 6.2909e-05 1.0108e+00 1.6516e-02 1 1
58496.155550414 6.2909e-05 1.0025e+00 1.4805e-02 1 1
58496.155613419 6.2909e-05 1.0066e+00 1.4605e-02 1 1
58496.155676425 6.2909e-05 1.0035e+00 1.6800e-02 1 1
58496.155739431 6.2909e-05 1.0272e+00 1.5970e-02 1 1
58496.155802437 6.2909e-05 1.0189e+00 1.5124e-02 1 1
58496.155865442 6.2909e-05 9.9190e-01 1.3637e-02 1 1
58496.155928448 6.2909e-05 1.0070e+00 1.5678e-02 1 1
58496.155991454 6.2909e-05 1.0331e+00 1.6806e-02 1 1
58496.156054460 6.2909e-05 1.0241e+00 1.4730e-02 1 1
58496.156117465 6.2909e-05 1.0111e+00 1.4131e-02 1 1
58496.156180471 6.2909e-05 1.0121e+00 1.3043e-02 1 1
58496.156243477 6.2909e-05 1.0015e+00 1.4115e-02 1 1
58496.156306483 6.2909e-05 1.0154e+00 1.4875e-02 1 1
58496.156369488 6.2909e-05 1.0055e+00 1.6500e-02 1 1
58496.156432494 6.2909e-05 9.6907e-01 1.4781e-02 1 1
58496.156495500 6.2909e-05 9.9235e-01 1.4425e-02 1 1
58496.156558505 6.2909e-05 9.6083e-01 1.4047e-02 1 1
58496.156621511 6.2909e-05 1.0102e+00 1.3320e-02 1 1
58496.156684517 6.2909e-05 9.9458e-01 1.4224e-02 1 1
58496.156747523 6.2909e-05 9.9802e-01 1.4000e-02 1 1
58496.156810528 6.2909e-05 9.9543e-01 1.5545e-02 1 1
58496.156873534 6.2909e-05 1.0032e+00 1.6350e-02 1 1
58496.156936540 6.2909e-05 9.9181e-01 1.5755e-02 1 1
58496.156999546 6.2909e-05 1.0084e+00 1.5056e-02 1 1
58496.157062551 6.2909e-05 1.0167e+00 1.5853e-02 1 1
58496.157125557 6.2909e-05 1.0283e+00 1.5367e-02 1 1
58496.157188563 6.2909e-05 9.9998e-01 1.3068e-02 1 1
58496.157251569 6.2909e-05 9.6777e-01 1.3374e-02 1 1
58496.157314574 6.2909e-05 9.9997e-01 1.3810e-02 1 1
58496.157377580 6.2909e-05 1.0200e+00 1.6237e-02 1 1
58496.157440586 6.2909e-05 9.8357e-01 1.4869e-02 1 1
58496.157503592 6.2909e-05 1.0056e+00 1.6374e-02 1 1
58496.157566597 6.2909e-05 1.0334e+00 1.6022e-02 1 1
58496.157629603 6.2909e-05 1.0068e+00 1.6117e-02 1 1
58496.157692609 6.2909e-05 9.7974e-01 1.5869e-02 1 1
58496.157755614 6.2909e-05 1.0207e+00 1.7905e-02 1 1
58496.157818620 6.2909e-05 9.7389e-01 1.6153e-02 1 1
58496.157881626 6.2909e-05 9.9415e-01 1.6453e-02 1 1
58496.157944632 6.2909e-05 9.8768e-01 1.5837e-02 1 1
58496.158007637 6.2909e-05 1.0233e+00 1.7204e-02 1 1
58496.158070643 6.2909e-05 1.0099e+00 1.6574e-02 1 1
58496.158133649 6.2909e-05 9.9140e-01 1.4723e-02 1 1
58496.158196655 6.2909e-05 1.0105e+00 1.7042e-02 1 1
58496.158259660 6.2909e-05 9.8799e-01 1.6621e-02 1 1
58496.158322666 6.2909e-05 1.0148e+00 1.7017e-02 1 1
58496.158385672 6.2909e-05 1.0123e+00 1.6834e-02 1 1
58496.158448678 6.2909e-05 9.9311e-01 1.3606e-02 1 1
58496.158511683 6.2909e-05 1.0085e+00 1.5002e-02 1 1
58496.158574689 6.2909e-05 1.0148e+00 1.3732e-02 1 1
58496.158637695 6.2909e-05 1.0090e+00 1.5282e-02 1 1
58496.158700701 6.2909e-05 1.0003e+00 1.3905e-02 1 1
58496.158763706 6.2909e-05 9.7971e-01 1.3193e-02 1 1
58496.158826712 6.2909e-05 9.9417e-01 1.4392e-02 1 1
58496.158889718 6.2909e-05 1.0097e+00 1.3234e-02 1 1
58496.158952723 6.2909e-05 9.8540e-01 1.2571e-02 1 1
58496.159015729 6.2909e-05 1.0255e+00 1.5352e-02 1 1
58496.159078735 6.2909e-05 1.0098e+00 1.3752e-02 1 1
58496.159141741 6.2909e-05 1.0041e+00 1.2005e-02 1 1
58496.159204746 6.2909e-05 9.7543e-01 1.2149e-02 1 1
58496.159267752 6.2909e-05 1.0031e+00 1.4143e-02 1 1
58496.159330758 6.2909e-05 9.8148e-01 1.3273e-02 1 1
58496.159393764 6.2909e-05 1.0003e+00 1.2806e-02 1 1
58496.159456769 6.2909e-05 1.0207e+00 1.6931e-02 1 1
58496.159519775 6.2909e-05 1.0058e+00 1.5705e-02 1 1
58496.159582781 6.2909e-05 1.0129e+00 1.3727e-02 1 1
58496.159645787 6.2909e-05 1.0061e+00 1.3109e-02 1 1
58496.159708792 6.2909e-05 1.0152e+00 1.3806e-02 1 1
58496.159771798 6.2909e-05 1.0234e+00 1.4623e-02 1 1
58496.159834804 6.2909e-05 9.7440e-01 1.5965e-02 1 1
58496.159897809 6.2909e-05 9.9085e-01 1.2858e-02 1 1
58496.159960815 6.2909e-05 9.8914e-01 1.3614e-02 1 1
58496.160023821 6.2909e-05 9.9031e-01 1.3072e-02 1 1
58496.160086827 6.2909e-05 1.0050e+00 1.3653e-02 1 1
58496.160149832 6.2909e-05 9.7686e-01 1.4855e-02 1 1
58496.160212838 6.2909e-05 9.9676e-01 1.2334e-02 1 1
58496.160275844 6.2909e-05 9.9409e-01 1.2509e-02 1 1
58496.160338850 6.2909e-05 9.8151e-01 1.2216e-02 1 1
58496.160401855 6.2909e-05 1.0048e+00 1.3375e-02 1 1
58496.160464861 6.2909e-05 9.9082e-01 1.3532e-02 1 1
58496.160527867 6.2909e-05 9.7777e-01 1.2311e-02 1 1
58496.160590873 6.2909e-05 1.0053e+00 1.2955e-02 1 1
58496.160653878 6.2909e-05 9.9817e-01 1.2685e-02 1 1
58496.160716884 6.2909e-05 9.8947e-01 1.2545e-02 1 1
58496.160779890 6.2909e-05 9.9174e-01 1.3293e-02 1 1
58496.160842896 6.2909e-05 9.9475e-01 1.3146e-02 1 1
58496.160905901 6.2909e-05 9.8186e-01 1.2399e-02 1 1
58496.160968907 6.2909e-05 9.9617e-01 1.2725e-02 1 1
58496.161031913 6.2909e-05 1.0068e+00 1.2421e-02 1 1
58496.161094918 6.2909e-05 9.7486e-01 1.2534e-02 1 1
58496.161157924 6.2909e-05 1.0073e+00 1.3407e-02 1 1
58496.161220930 6.2909e-05 9.8974e-01 1.2213e-02 1 1
58496.161283936 6.2909e-05 9.9977e-01 1.2420e-02 1 1
58496.161346941 6.2909e-05 9.7885e-01 1.1989e-02 1 1
58496.161409947 6.2909e-05 9.9898e-01 1.2752e-02 1 1
58496.161472953 6.2909e-05 9.8803e-01 1.2294e-02 1 1
58496.161535959 6.2909e-05 1.0122e+00 1.4647e-02 1 1
58496.161598964 6.2909e-05 9.8645e-01 1.3332e-02 1 1
58496.161661970 6.2909e-05 9.9169e-01 1.2842e-02 1 1
58496.161724976 6.2909e-05 1.0087e+00 1.3512e-02 1 1
58496.161787982 6.2909e-05 1.0103e+00 1.6286e-02 1 1
58496.161850987 6.2909e-05 9.9320e-01 1.3086e-02 1 1
58496.161913993 6.2909e-05 9.9264e-01 1.4303e-02 1 1
58496.161976999 6.2909e-05 9.8969e-01 1.5001e-02 1 1
58496.162040004 6.2909e-05 9.7830e-01 1.6029e-02 1 1
58496.162103010 6.2909e-05 1.0110e+00 1.3912e-02 1 1
58496.162166016 6.2909e-05 1.0190e+00 1.3378e-02 1 1
58496.162229022 6.2909e-05 1.0026e+00 1.3485e-02 1 1
58496.162292027 6.2909e-05 1.0203e+00 1.4008e-02 1 1
58496.162355033 6.2909e-05 1.0075e+00 1.6400e-02 1 1
58496.162418039 6.2909e-05 1.0071e+00 1.6353e-02 1 1
58496.162481045 6.2909e-05 9.9928e-01 1.3571e-02 1 1
58496.162544050 6.2909e-05 9.9777e-01 1.3113e-02 1 1
58496.162607056 6.2909e-05 9.9914e-01 1.3443e-02 1 1
58496.162670062 6.2909e-05 1.0127e+00 1.3182e-02 1 1
58496.162733068 6.2909e-05 1.0070e+00 1.2826e-02 1 1
58496.162796073 6.2909e-05 9.9935e-01 1.3037e-02 1 1
58496.162859079 6.2909e-05 9.9479e-01 1.5731e-02 1 1
58496.162922085 6.2909e-05 1.0012e+00 1.4726e-02 1 1
58496.162985090 6.2909e-05 9.8295e-01 1.3893e-02 1 1
58496.163048096 6.2909e-05 1.0118e+00 1.6269e-02 1 1
58496.163111102 6.2909e-05 9.9403e-01 1.5533e-02 1 1
58496.163174108 6.2909e-05 1.0064e+00 1.6186e-02 1 1
58496.163237113 6.2909e-05 1.0215e+00 1.5132e-02 1 1
58496.163300119 6.2909e-05 9.8624e-01 1.5958e-02 1 1
58496.163363125 6.2909e-05 9.8948e-01 1.3666e-02 1 1
58496.163426131 6.2909e-05 1.0038e+00 1.6284e-02 1 1
58496.163489136 6.2909e-05 9.9962e-01 1.6283e-02 1 1
58496.163552142 6.2909e-05 9.6676e-01 1.5079e-02 1 1
58496.163615148 6.2909e-05 9.8100e-01 1.5035e-02 1 1
58496.163678154 6.2909e-05 9.9616e-01 1.5398e-02 1 1
58496.163741159 6.2909e-05 9.9187e-01 1.5838e-02 1 1
58496.163804165 6.2909e-05 1.0323e+00 1.5297e-02 1 1
58496.163867171 6.2909e-05 9.8748e-01 1.3552e-02 1 1
58496.163930176 6.2909e-05 9.8605e-01 1.6162e-02 1 1
58496.163993182 6.2909e-05 1.0060e+00 1.6062e-02 1 1
58496.164056188 6.2909e-05 9.8384e-01 1.6685e-02 1 1
58496.164119194 6.2909e-05 9.5977e-01 1.5862e-02 1 1
58496.164182199 6.2909e-05 9.7176e-01 1.5468e-02 1 1
58496.164245205 6.2909e-05 9.7938e-01 1.6070e-02 1 1
58496.164308211 6.2909e-05 9.8893e-01 1.5778e-02 1 1
58496.164371217 6.2909e-05 9.9091e-01 1.5776e-02 1 1
58496.164434222 6.2909e-05 1.0066e+00 1.4272e-02 1 1
58496.164497228 6.2909e-05 9.8859e-01 1.6258e-02 1 1
58496.164560234 6.2909e-05 9.9461e-01 1.5165e-02 1 1
58496.164623240 6.2909e-05 1.0158e+00 1.6934e-02 1 1
58496.164686245 6.2909e-05 9.9985e-01 1.4213e-02 1 1
58496.164749251 6.2909e-05 9.9058e-01 1.4295e-02 1 1
58496.164812257 6.2909e-05 1.0222e+00 1.6972e-02 1 1
58496.164875262 6.2909e-05 9.9835e-01 1.6135e-02 1 1
58496.164938268 6.2909e-05 1.0091e+00 1.6812e-02 1 1
58496.165001274 6.2909e-05 9.9461e-01 1.6929e-02 1 1
58496.165064280 6.2909e-05 1.0313e+00 1.5915e-02 1 1
58496.165127285 6.2909e-05 9.7784e-01 1.6194e-02 1 1
58496.165190291 6.2909e-05 9.7802e-01 1.3509e-02 1 1
58496.165253297 6.2909e-05 1.0000e+00 1.3335e-02 1 1
58496.165316303 6.2909e-05 9.9830e-01 1.4735e-02 1 1
58496.165379308 6.2909e-05 9.8831e-01 1.5685e-02 1 1
58496.165442314 6.2909e-05 9.9831e-01 1.5939e-02 1 1
58496.165505320 6.2909e-05 9.8764e-01 1.6547e-02 1 1
58496.165568325 6.2909e-05 9.7073e-01 1.6297e-02 1 1
58496.165631331 6.2909e-05 9.6010e-01 1.3418e-02 1 1
58496.165694337 6.2909e-05 1.0051e+00 1.4823e-02 1 1
58496.165757343 6.2909e-05 1.0038e+00 1.3413e-02 1 1
58496.165820348 6.2909e-05 9.8726e-01 1.2911e-02 1 1
58496.165883354 6.2909e-05 1.0117e+00 1.5649e-02 1 1
58496.165946360 6.2909e-05 9.8828e-01 1.6082e-02 1 1
58496.166009366 6.2909e-05 9.7684e-01 1.5256e-02 1 1
58496.166072371 6.2909e-05 9.6257e-01 1.5952e-02 1 1
58496.166135377 6.2909e-05 9.7925e-01 1.6453e-02 1 1
58496.166198383 6.2909e-05 9.7633e-01 1.5668e-02 1 1
58496.166261389 6.2909e-05 1.0173e+00 1.3445e-02 1 1
58496.166324394 6.2909e-05 9.9620e-01 1.2949e-02 1 1
58496.166387400 6.2909e-05 1.0062e+00 1.4892e-02 1 1
58496.166450406 6.2909e-05 1.0065e+00 1.2814e-02 1 1
58496.166513411 6.2909e-05 9.9541e-01 1.2638e-02 1 1
58496.166576417 6.2909e-05 9.8745e-01 1.5830e-02 1 1
58496.166639423 6.2909e-05 1.0128e+00 1.6899e-02 1 1
58496.166702429 6.2909e-05 1.0181e+00 1.6320e-02 1 1
58496.166765434 6.2909e-05 9.6501e-01 1.4500e-02 1 1
58496.166828440 6.2909e-05 9.7637e-01 1.5544e-02 1 1
58496.166891446 6.2909e-05 1.0182e+00 1.4905e-02 1 1
58496.166954452 6.2909e-05 9.9931e-01 1.3000e-02 1 1
58496.167017457 6.2909e-05 9.9725e-01 1.3523e-02 1 1
58496.167080463 6.2909e-05 9.7029e-01 1.4510e-02 1 1
58496.167143469 6.2909e-05 9.9026e-01 1.3748e-02 1 1
58496.167206475 6.2909e-05 9.9986e-01 1.6203e-02 1 1
58496.167269480 6.2909e-05 1.0040e+00 1.6549e-02 1 1
58496.167332486 6.2909e-05 1.0157e+00 1.6311e-02 1 1
58496.167395492 6.2909e-05 1.0194e+00 1.7141e-02 1 1
58496.167458497 6.2909e-05 9.8670e-01 1.6296e-02 1 1
58496.167521503 6.2909e-05 1.0061e+00 1.5659e-02 1 1
58496.167584509 6.2909e-05 9.9497e-01 1.5206e-02 1 1
58496.167647515 6.2909e-05 1.0037e+00 1.5840e-02 1 1
58496.167710520 6.2909e-05 9.7449e-01 1.6052e-02 1 1
58496.167773526 6.2909e-05 9.8202e-01 1.4043e-02 1 1
58496.167836532 6.2909e-05 1.0345e+00 1.6484e-02 1 1
58496.167899538 6.2909e-05 1.0162e+00 1.6902e-02 1 1
58496.167962543 6.2909e-05 9.9297e-01 1.5967e-02 1 1
58496.168025549 6.2909e-05 9.9392e-01 1.3620e-02 1 1
58496.168088555 6.2909e-05 1.0218e+00 1.6936e-02 1 1
58496.168151560 6.2909e-05 1.0048e+00 1.3443e-02 1 1
58496.168214566 6.2909e-05 1.0007e+00 1.4602e-02 1 1
58496.168277572 6.2909e-05 9.8326e-01 1.4672e-02 1 1
58496.168340578 6.2909e-05 1.0265e+00 1.3001e-02 1 1
58496.168403583 6.2909e-05 1.0016e+00 1.6109e-02 1 1
58496.168466589 6.2909e-05 9.9103e-01 1.5568e-02 1 1
58496.168529595 6.2909e-05 1.0008e+00 1.6108e-02 1 1
58496.168592601 6.2909e-05 1.0196e+00 1.4230e-02 1 1
58496.168655606 6.2909e-05 1.0040e+00 1.2272e-02 1 1
58496.168718612 6.2909e-05 1.0037e+00 1.2651e-02 1 1
58496.168781618 6.2909e-05 1.0098e+00 1.3121e-02 1 1
58496.168844624 6.2909e-05 1.0092e+00 1.2820e-02 1 1
58496.168907629 6.2909e-05 1.0148e+00 1.3318e-02 1 1
58496.168970635 6.2909e-05 1.0380e+00 1.5105e-02 1 1
58496.169033641 6.2909e-05 1.0008e+00 1.3897e-02 1 1
58496.169096646 6.2909e-05 1.0454e+00 1.7773e-02 1 1
58496.169159652 6.2909e-05 1.0053e+00 1.6295e-02 1 1
58496.169222658 6.2909e-05 1.0253e+00 1.4274e-02 1 1
58496.169285664 6.2909e-05 1.0090e+00 1.5458e-02 1 1
58496.169348669 6.2909e-05 1.0099e+00 1.4862e-02 1 1
58496.169411675 6.2909e-05 1.0352e+00 1.6822e-02 1 1
58496.169474681 6.2909e-05 1.0015e+00 1.3267e-02 1 1
58496.169537687 6.2909e-05 1.0177e+00 1.3599e-02 1 1
58496.169600692 6.2909e-05 1.0165e+00 1.5301e-02 1 1
