M/Ms  Teff     L/Ls   g    R/Rs   Li/Li0    Mj     Mh     Mk
 0.060  1716.   -4.15  5.25  0.096    0.000  13.66  12.48  11.67  
 0.070  2136.   -3.75  5.31  0.097    0.000  12.00  11.32  11.04  
 0.072  2212.   -3.69  5.31  0.098    0.000  11.92  11.24  10.93  
 0.075  2294.   -3.61  5.32  0.100    0.000  11.52  10.96  10.69  
 0.080  2436.   -3.47  5.31  0.104    0.000  11.26  10.64  10.37  
 0.090  2656.   -3.24  5.28  0.114    0.000  10.73  10.15   9.87  
 0.100  2812.   -3.06  5.25  0.125    0.000  10.36   9.76   9.48  
 0.110  2915.   -2.92  5.22  0.135    0.000  10.05   9.46   9.19  
 0.130  3045.   -2.73  5.17  0.156    0.000   9.61   9.02   8.76  
 0.150  3130.   -2.58  5.13  0.174    0.000   9.29   8.70   8.44  
 0.170  3191.   -2.46  5.10  0.192    0.000   9.02   8.43   8.17  
 0.200  3260.   -2.32  5.07  0.217    0.000   8.69   8.09   7.84  
 0.300  3415.   -1.99  4.99  0.290    0.000   7.91   7.31   7.07  
 0.400  3521.   -1.72  4.90  0.371    0.000   7.28   6.67   6.43  
 0.500  3680.   -1.46  4.81  0.459    0.000   6.68   6.03   5.81  
 0.600  3968.   -1.17  4.73  0.553    0.000   6.05   5.37   5.18  
 0.700  4386.   -0.87  4.68  0.636    0.000   5.43   4.77   4.64  
 0.800  4823.   -0.60  4.63  0.718    0.003   4.88   4.35   4.24  
 0.900  5216.   -0.36  4.57  0.813    0.079   4.39   3.96   3.87  
 1.000  5586.   -0.13  4.51  0.920    0.306   3.94   3.59   3.51  
 1.100  5910.    0.08  4.44  1.046    0.574   3.52   3.23   3.16  
 1.200  6184.    0.27  4.36  1.193    0.770   3.13   2.88   2.82  
 1.300  6442.    0.45  4.29  1.345    0.880   2.78   2.57   2.51  
 1.400  6705.    0.61  4.24  1.491    0.938   2.47   2.30   2.24  