M/Ms  Teff     L/Ls   g    R/Rs   Li/Li0    Mj     Mh     Mk
 0.070  1720.   -4.19  5.37  0.091    0.000  13.69  12.57  11.81  
 0.072  1811.   -4.09  5.38  0.091    0.000  13.15  12.22  11.64  
 0.075  2083.   -3.84  5.38  0.093    0.000  12.14  11.47  11.22  
 0.080  2348.   -3.57  5.35  0.099    0.000  11.45  10.87  10.61  
 0.090  2643.   -3.25  5.29  0.113    0.000  10.78  10.19   9.91  
 0.100  2810.   -3.06  5.25  0.124    0.000  10.36   9.77   9.48  
 0.110  2915.   -2.92  5.22  0.135    0.000  10.05   9.47   9.19  
 0.130  3045.   -2.73  5.17  0.156    0.000   9.61   9.02   8.76  
 0.150  3130.   -2.58  5.13  0.174    0.000   9.29   8.70   8.43  
 0.170  3191.   -2.46  5.10  0.192    0.000   9.02   8.43   8.17  
 0.200  3261.   -2.32  5.07  0.217    0.000   8.69   8.09   7.84  
 0.300  3415.   -1.98  4.98  0.293    0.000   7.89   7.29   7.05  
 0.400  3519.   -1.71  4.89  0.374    0.000   7.27   6.65   6.41  
 0.500  3679.   -1.45  4.81  0.462    0.000   6.66   6.02   5.79  
 0.600  3969.   -1.16  4.72  0.557    0.000   6.03   5.35   5.16  
 0.700  4396.   -0.86  4.67  0.640    0.000   5.41   4.75   4.62  
 0.800  4842.   -0.59  4.62  0.725    0.001   4.84   4.32   4.21  
 0.900  5244.   -0.33  4.56  0.827    0.073   4.34   3.91   3.83  
 1.000  5627.   -0.10  4.49  0.944    0.306   3.87   3.52   3.45  
 1.100  5945.    0.13  4.40  1.093    0.574   3.42   3.13   3.06  
 1.200  6202.    0.33  4.31  1.274    0.770   2.99   2.74   2.68  
 1.300  6403.    0.52  4.21  1.481    0.880   2.59   2.37   2.31  
 1.400  6464.    0.68  4.10  1.751    0.938   2.20   2.00   1.94 