M/Ms  Teff     L/Ls   g    R/Rs   Li/Li0    Mj     Mh     Mk
 0.040  1667.   -4.09  4.97  0.108    1.000  13.76  12.44  11.51  
 0.050  2063.   -3.72  5.07  0.109    0.970  12.00  11.21  10.84  
 0.060  2331.   -3.48  5.12  0.112    0.084  11.25  10.65  10.35  
 0.070  2519.   -3.31  5.15  0.117    0.000  10.88  10.28   9.98  
 0.072  2552.   -3.28  5.15  0.118    0.000  10.82  10.22   9.92  
 0.075  2594.   -3.24  5.16  0.119    0.000  10.73  10.13   9.84  
 0.080  2660.   -3.17  5.16  0.122    0.000  10.58  10.00   9.70  
 0.090  2782.   -3.04  5.17  0.129    0.000  10.31   9.72   9.43  
 0.100  2874.   -2.94  5.17  0.137    0.000  10.08   9.50   9.21  
 0.110  2946.   -2.85  5.16  0.144    0.000   9.88   9.29   9.02  
 0.130  3055.   -2.69  5.14  0.161    0.000   9.52   8.94   8.67  
 0.150  3134.   -2.56  5.11  0.178    0.000   9.24   8.65   8.39  
 0.170  3192.   -2.45  5.09  0.194    0.000   8.99   8.40   8.14  
 0.200  3261.   -2.32  5.06  0.218    0.000   8.67   8.08   7.82  
 0.300  3415.   -1.99  4.99  0.290    0.000   7.91   7.31   7.07  
 0.400  3528.   -1.73  4.92  0.364    0.000   7.32   6.70   6.46  
 0.500  3689.   -1.46  4.82  0.455    0.000   6.69   6.04   5.82  
 0.600  3971.   -1.17  4.74  0.550    0.000   6.06   5.38   5.19  
 0.700  4388.   -0.88  4.68  0.632    0.000   5.44   4.78   4.65  
 0.800  4822.   -0.61  4.63  0.713    0.004   4.89   4.36   4.26  
 0.900  5209.   -0.37  4.58  0.806    0.081   4.41   3.98   3.89  
 1.000  5572.   -0.14  4.52  0.909    0.307   3.97   3.62   3.54  
 1.100  5898.    0.06  4.46  1.027    0.574   3.57   3.27   3.20  
 1.200  6179.    0.25  4.39  1.164    0.770   3.19   2.94   2.88  
 1.300  6456.    0.42  4.32  1.300    0.880   2.85   2.64   2.58  
 1.400  6761.    0.58  4.28  1.417    0.938   2.57   2.40   2.34  