M/Ms  Teff     L/Ls   g    R/Rs   Li/Li0    Mj     Mh     Mk
 0.070  1631.   -4.29  5.38  0.090    0.000  14.15  12.91  12.08  
 0.072  1790.   -4.12  5.38  0.091    0.000  13.27  12.30  11.68  
 0.075  2041.   -3.88  5.39  0.092    0.000  12.34  11.61  11.31  
 0.080  2343.   -3.58  5.35  0.099    0.000  11.46  10.89  10.63  
 0.090  2644.   -3.25  5.29  0.113    0.000  10.78  10.19   9.90  
 0.100  2811.   -3.06  5.25  0.124    0.000  10.36   9.77   9.48  
 0.110  2916.   -2.92  5.22  0.135    0.000  10.05   9.46   9.19  
 0.130  3046.   -2.73  5.17  0.156    0.000   9.61   9.02   8.75  
 0.150  3131.   -2.58  5.13  0.174    0.000   9.29   8.70   8.43  
 0.170  3192.   -2.46  5.10  0.192    0.000   9.02   8.43   8.17  
 0.200  3262.   -2.32  5.06  0.217    0.000   8.68   8.09   7.83  
 0.300  3416.   -1.97  4.97  0.297    0.000   7.86   7.26   7.01  
 0.400  3520.   -1.71  4.89  0.376    0.000   7.25   6.63   6.40  
 0.500  3680.   -1.45  4.80  0.465    0.000   6.65   6.00   5.78  
 0.600  3979.   -1.15  4.72  0.561    0.000   6.01   5.33   5.14  
 0.700  4418.   -0.85  4.66  0.646    0.000   5.37   4.72   4.59  
 0.800  4878.   -0.56  4.61  0.736    0.000   4.79   4.27   4.17  
 0.900  5297.   -0.29  4.53  0.850    0.068   4.25   3.84   3.75  
 1.000  5697.   -0.03  4.44  0.994    0.306   3.72   3.39   3.32  
 1.100  5996.    0.23  4.32  1.204    0.574   3.19   2.91   2.84  
 1.200  6053.    0.43  4.17  1.491    0.770   2.70   2.43   2.37  