M/Ms  Teff     L/Ls   g    R/Rs   Li/Li0    Mj     Mh     Mk
 0.040  1940.   -3.78  4.93  0.114    1.000  12.28  11.35  10.89  
 0.050  2268.   -3.48  5.00  0.118    0.986  11.33  10.66  10.32  
 0.060  2488.   -3.28  5.03  0.123    0.466  10.81  10.22   9.91  
 0.070  2639.   -3.14  5.06  0.129    0.000  10.49   9.91   9.61  
 0.072  2664.   -3.11  5.06  0.131    0.000  10.44   9.86   9.55  
 0.075  2698.   -3.08  5.07  0.132    0.000  10.37   9.79   9.49  
 0.080  2756.   -3.02  5.08  0.136    0.000  10.24   9.66   9.36  
 0.090  2853.   -2.91  5.08  0.143    0.000  10.01   9.42   9.13  
 0.100  2926.   -2.83  5.08  0.151    0.000   9.81   9.23   8.95  
 0.110  2982.   -2.75  5.08  0.158    0.000   9.64   9.06   8.79  
 0.130  3076.   -2.62  5.07  0.173    0.000   9.35   8.76   8.50  
 0.150  3144.   -2.51  5.07  0.188    0.000   9.11   8.52   8.26  
 0.170  3198.   -2.41  5.05  0.203    0.000   8.89   8.30   8.04  
 0.200  3264.   -2.28  5.03  0.226    0.000   8.60   8.00   7.75  
 0.300  3414.   -1.98  4.98  0.294    0.000   7.88   7.28   7.04  
 0.400  3537.   -1.73  4.92  0.365    0.000   7.30   6.69   6.45  
 0.500  3701.   -1.46  4.82  0.453    0.000   6.69   6.04   5.82  
 0.600  3981.   -1.17  4.74  0.547    0.000   6.06   5.38   5.19  
 0.700  4390.   -0.88  4.68  0.630    0.000   5.45   4.79   4.66  
 0.800  4824.   -0.61  4.64  0.711    0.004   4.90   4.37   4.26  
 0.900  5207.   -0.37  4.58  0.804    0.082   4.42   3.98   3.89  
 1.000  5567.   -0.15  4.52  0.907    0.307   3.98   3.62   3.55  
 1.100  5895.    0.06  4.46  1.024    0.574   3.58   3.28   3.21  
 1.200  6177.    0.24  4.39  1.158    0.770   3.20   2.95   2.89  
 1.300  6456.    0.42  4.33  1.291    0.880   2.87   2.66   2.60  
 1.400  6766.    0.57  4.29  1.405    0.938   2.58   2.41   2.36  