M/Ms  Teff     L/Ls   g    R/Rs   Li/Li0    Mj     Mh     Mk
 0.050  1836.   -3.96  5.10  0.104    0.957  12.86  11.81  11.24  
 0.060  2207.   -3.62  5.17  0.106    0.011  11.74  11.03  10.70  
 0.070  2419.   -3.43  5.20  0.110    0.000  11.17  10.56  10.27  
 0.072  2457.   -3.40  5.21  0.111    0.000  11.09  10.48  10.19  
 0.075  2508.   -3.35  5.21  0.112    0.000  10.99  10.38  10.09  
 0.080  2594.   -3.27  5.22  0.115    0.000  10.81  10.21   9.92  
 0.090  2726.   -3.13  5.22  0.122    0.000  10.49   9.92   9.63  
 0.100  2844.   -3.00  5.21  0.130    0.000  10.22   9.63   9.34  
 0.110  2929.   -2.89  5.19  0.139    0.000   9.98   9.39   9.11  
 0.130  3048.   -2.72  5.16  0.157    0.000   9.58   8.99   8.73  
 0.150  3131.   -2.58  5.13  0.175    0.000   9.28   8.69   8.42  
 0.170  3191.   -2.46  5.10  0.192    0.000   9.02   8.43   8.16  
 0.200  3260.   -2.32  5.07  0.217    0.000   8.68   8.09   7.84  
 0.300  3415.   -1.99  4.99  0.290    0.000   7.92   7.31   7.07  
 0.400  3526.   -1.73  4.91  0.366    0.000   7.31   6.69   6.45  
 0.500  3685.   -1.46  4.82  0.457    0.000   6.68   6.04   5.82  
 0.600  3969.   -1.17  4.73  0.551    0.000   6.06   5.38   5.19  
 0.700  4387.   -0.87  4.68  0.633    0.000   5.44   4.78   4.65  
 0.800  4821.   -0.61  4.63  0.714    0.004   4.89   4.36   4.25  
 0.900  5210.   -0.36  4.58  0.808    0.081   4.40   3.97   3.88  
 1.000  5574.   -0.14  4.52  0.911    0.307   3.97   3.61   3.54  
 1.100  5901.    0.06  4.45  1.032    0.574   3.56   3.26   3.19  
 1.200  6181.    0.25  4.38  1.171    0.770   3.18   2.93   2.86  
 1.300  6453.    0.43  4.32  1.308    0.880   2.84   2.63   2.57  
 1.400  6750.    0.58  4.27  1.430    0.938   2.55   2.38   2.32  