M/Ms  Teff     L/Ls   g    R/Rs   Li/Li0    Mj     Mh     Mk
 0.070  1627.   -4.30  5.38  0.090    0.000  14.17  12.93  12.09  
 0.072  1790.   -4.12  5.38  0.091    0.000  13.28  12.31  11.69  
 0.075  2038.   -3.89  5.39  0.091    0.000  12.36  11.63  11.32  
 0.080  2343.   -3.58  5.35  0.099    0.000  11.46  10.89  10.63  
 0.090  2644.   -3.25  5.29  0.113    0.000  10.78  10.19   9.90  
 0.100  2811.   -3.06  5.25  0.124    0.000  10.36   9.77   9.48  
 0.110  2916.   -2.92  5.22  0.135    0.000  10.05   9.46   9.19  
 0.130  3046.   -2.73  5.17  0.156    0.000   9.61   9.02   8.75  
 0.150  3131.   -2.58  5.13  0.175    0.000   9.29   8.70   8.43  
 0.170  3192.   -2.46  5.10  0.192    0.000   9.02   8.43   8.17  
 0.200  3262.   -2.32  5.06  0.218    0.000   8.68   8.08   7.83  
 0.300  3416.   -1.96  4.96  0.299    0.000   7.85   7.24   7.00  
 0.400  3521.   -1.71  4.89  0.377    0.000   7.25   6.63   6.39  
 0.500  3682.   -1.44  4.80  0.467    0.000   6.64   6.00   5.77  
 0.600  3984.   -1.15  4.72  0.562    0.000   6.00   5.31   5.13  
 0.700  4430.   -0.84  4.66  0.648    0.000   5.35   4.71   4.58  
 0.800  4896.   -0.55  4.60  0.742    0.000   4.76   4.25   4.15  
 0.900  5325.   -0.27  4.52  0.863    0.066   4.20   3.80   3.71  
 1.000  5732.    0.01  4.41  1.028    0.306   3.64   3.31   3.24  
 1.100  5971.    0.27  4.26  1.281    0.574   3.06   2.78   2.71  