M/Ms  Teff     L/Ls   g    R/Rs   Li/Li0    Mj     Mh     Mk
 0.050  1555.   -4.29  5.14  0.099    0.938  14.23  12.91  12.02  
 0.060  1908.   -3.94  5.23  0.098    0.000  12.61  11.75  11.31  
 0.070  2248.   -3.63  5.28  0.101    0.000  11.70  11.07  10.77  
 0.072  2301.   -3.58  5.28  0.102    0.000  11.45  10.89  10.62  
 0.075  2370.   -3.52  5.28  0.103    0.000  11.35  10.75  10.48  
 0.080  2485.   -3.41  5.28  0.107    0.000  11.12  10.52  10.23  
 0.090  2671.   -3.21  5.27  0.115    0.000  10.68  10.10   9.81  
 0.100  2817.   -3.05  5.24  0.126    0.000  10.33   9.74   9.45  
 0.110  2917.   -2.92  5.21  0.136    0.000  10.04   9.46   9.18  
 0.130  3045.   -2.73  5.17  0.156    0.000   9.61   9.02   8.75  
 0.150  3130.   -2.58  5.13  0.174    0.000   9.29   8.70   8.43  
 0.170  3191.   -2.46  5.10  0.192    0.000   9.02   8.43   8.17  
 0.200  3260.   -2.32  5.07  0.217    0.000   8.69   8.09   7.84  
 0.300  3415.   -1.99  4.99  0.290    0.000   7.91   7.31   7.07  
 0.400  3522.   -1.72  4.91  0.369    0.000   7.29   6.68   6.44  
 0.500  3681.   -1.46  4.81  0.458    0.000   6.68   6.04   5.81  
 0.600  3969.   -1.17  4.73  0.552    0.000   6.05   5.37   5.18  
 0.700  4385.   -0.87  4.68  0.635    0.000   5.43   4.77   4.64  
 0.800  4821.   -0.60  4.63  0.716    0.003   4.88   4.35   4.24  
 0.900  5213.   -0.36  4.57  0.811    0.080   4.39   3.96   3.87  
 1.000  5580.   -0.14  4.51  0.916    0.307   3.95   3.60   3.52  
 1.100  5907.    0.07  4.44  1.040    0.574   3.54   3.24   3.18  
 1.200  6183.    0.26  4.37  1.183    0.770   3.15   2.90   2.84  
 1.300  6446.    0.44  4.31  1.327    0.880   2.81   2.60   2.54  
 1.400  6727.    0.59  4.25  1.462    0.938   2.51   2.34   2.28  