M/Ms  Teff     L/Ls   g    R/Rs   Li/Li0    Mj     Mh     Mk
 0.030  1912.   -3.74  4.73  0.124    1.000  12.13  11.21  10.73  
 0.040  2311.   -3.36  4.81  0.130    1.000  10.96  10.36  10.02  
 0.050  2525.   -3.15  4.85  0.139    0.999  10.50   9.92   9.59  
 0.060  2670.   -3.00  4.88  0.148    0.953  10.16   9.58   9.27  
 0.070  2794.   -2.87  4.89  0.158    0.587   9.87   9.29   8.99  
 0.072  2813.   -2.84  4.89  0.160    0.447   9.82   9.24   8.94  
 0.075  2839.   -2.81  4.89  0.162    0.233   9.75   9.18   8.88  
 0.080  2879.   -2.76  4.89  0.167    0.028   9.64   9.07   8.77  
 0.090  2942.   -2.68  4.90  0.176    0.000   9.45   8.87   8.59  
 0.100  2993.   -2.61  4.90  0.185    0.000   9.28   8.71   8.43  
 0.110  3038.   -2.54  4.91  0.194    0.000   9.14   8.56   8.29  
 0.130  3112.   -2.43  4.90  0.211    0.000   8.89   8.31   8.04  
 0.150  3167.   -2.33  4.90  0.227    0.000   8.68   8.09   7.82  
 0.170  3214.   -2.25  4.90  0.243    0.000   8.49   7.89   7.63  
 0.200  3272.   -2.14  4.89  0.265    0.000   8.24   7.64   7.39  
 0.300  3409.   -1.87  4.87  0.333    0.000   7.62   7.01   6.76  
 0.400  3529.   -1.65  4.84  0.399    0.000   7.12   6.49   6.26  
 0.500  3705.   -1.41  4.77  0.480    0.000   6.56   5.91   5.69  
 0.600  4100.   -1.09  4.71  0.564    0.000   5.90   5.21   5.04  
 0.700  4402.   -0.88  4.69  0.624    0.000   5.46   4.80   4.67  
 0.800  4826.   -0.61  4.64  0.707    0.005   4.91   4.38   4.27  
 0.900  5209.   -0.37  4.58  0.801    0.082   4.42   3.99   3.90  
 1.000  5541.   -0.16  4.53  0.903    0.307   4.00   3.64   3.56  
 1.100  5886.    0.05  4.46  1.020    0.574   3.59   3.29   3.22  
 1.200  6170.    0.24  4.39  1.153    0.770   3.21   2.96   2.90  
 1.300  6453.    0.41  4.33  1.284    0.880   2.88   2.67   2.61  
 1.400  6766.    0.56  4.30  1.393    0.938   2.60   2.43   2.38  