M/Ms  Teff     L/Ls   g    R/Rs   Li/Li0    Mj     Mh     Mk
 0.070  1650.   -4.27  5.38  0.090    0.000  14.06  12.85  12.03  
 0.072  1793.   -4.11  5.38  0.091    0.000  13.25  12.29  11.68  
 0.075  2052.   -3.87  5.39  0.092    0.000  12.29  11.58  11.29  
 0.080  2343.   -3.58  5.35  0.099    0.000  11.46  10.89  10.62  
 0.090  2644.   -3.25  5.29  0.113    0.000  10.78  10.19   9.90  
 0.100  2810.   -3.06  5.25  0.124    0.000  10.36   9.77   9.48  
 0.110  2915.   -2.92  5.22  0.135    0.000  10.05   9.47   9.19  
 0.130  3046.   -2.73  5.17  0.156    0.000   9.61   9.02   8.76  
 0.150  3131.   -2.58  5.13  0.174    0.000   9.29   8.70   8.43  
 0.170  3191.   -2.46  5.10  0.192    0.000   9.02   8.43   8.17  
 0.200  3261.   -2.32  5.07  0.217    0.000   8.68   8.09   7.83  
 0.300  3416.   -1.97  4.97  0.295    0.000   7.88   7.27   7.03  
 0.400  3520.   -1.71  4.89  0.375    0.000   7.26   6.64   6.40  
 0.500  3679.   -1.45  4.80  0.464    0.000   6.65   6.01   5.79  
 0.600  3974.   -1.15  4.72  0.559    0.000   6.02   5.34   5.15  
 0.700  4407.   -0.85  4.67  0.643    0.000   5.39   4.74   4.60  
 0.800  4859.   -0.57  4.61  0.731    0.001   4.82   4.30   4.19  
 0.900  5270.   -0.31  4.55  0.838    0.070   4.29   3.88   3.79  
 1.000  5661.   -0.06  4.47  0.966    0.306   3.80   3.46   3.39  
 1.100  5974.    0.17  4.36  1.143    0.574   3.31   3.03   2.96  
 1.200  6191.    0.39  4.25  1.366    0.770   2.84   2.59   2.53  
 1.300  6177.    0.56  4.11  1.671    0.880   2.41   2.16   2.09  