M/Ms  Teff     L/Ls   g    R/Rs   Li/Li0    Mj     Mh     Mk
 0.070  1626.   -4.30  5.38  0.090    0.000  14.17  12.93  12.09  
 0.072  1789.   -4.12  5.38  0.091    0.000  13.28  12.31  11.69  
 0.075  2036.   -3.89  5.39  0.091    0.000  12.36  11.63  11.32  
 0.080  2344.   -3.58  5.35  0.099    0.000  11.46  10.88  10.62  
 0.090  2645.   -3.25  5.29  0.113    0.000  10.77  10.19   9.90  
 0.100  2812.   -3.06  5.25  0.124    0.000  10.36   9.77   9.48  
 0.110  2917.   -2.92  5.22  0.135    0.000  10.05   9.46   9.19  
 0.130  3047.   -2.73  5.17  0.156    0.000   9.61   9.02   8.75  
 0.150  3132.   -2.58  5.13  0.175    0.000   9.28   8.69   8.43  
 0.170  3193.   -2.46  5.10  0.193    0.000   9.01   8.42   8.16  
 0.200  3264.   -2.31  5.06  0.219    0.000   8.66   8.07   7.81  
 0.300  3416.   -1.95  4.95  0.303    0.000   7.82   7.22   6.97  
 0.400  3522.   -1.70  4.88  0.379    0.000   7.23   6.61   6.38  
 0.500  3686.   -1.44  4.79  0.469    0.000   6.62   5.98   5.76  
 0.600  4001.   -1.13  4.71  0.566    0.000   5.97   5.28   5.10  
 0.700  4467.   -0.81  4.65  0.656    0.000   5.30   4.67   4.54  
 0.800  4958.   -0.50  4.58  0.761    0.000   4.67   4.18   4.08  
 0.900  5420.   -0.19  4.47  0.914    0.063   4.03   3.65   3.57  
 1.000  5772.    0.15  4.29  1.186    0.306   3.31   2.99   2.92 