M/Ms  Teff     L/Ls   g    R/Rs   Li/Li0    Mj     Mh     Mk
 0.060  1584.   -4.30  5.27  0.094    0.000  14.26  12.97  12.08  
 0.070  2047.   -3.85  5.33  0.094    0.000  12.27  11.54  11.22  
 0.072  2109.   -3.79  5.34  0.095    0.000  12.03  11.37  11.12  
 0.075  2243.   -3.67  5.34  0.097    0.000  11.80  11.16  10.87  
 0.080  2400.   -3.51  5.33  0.102    0.000  11.35  10.74  10.47  
 0.090  2648.   -3.25  5.29  0.113    0.000  10.76  10.18   9.89  
 0.100  2810.   -3.06  5.25  0.124    0.000  10.36   9.77   9.48  
 0.110  2915.   -2.92  5.22  0.135    0.000  10.05   9.47   9.19  
 0.130  3045.   -2.73  5.17  0.156    0.000   9.61   9.02   8.76  
 0.150  3130.   -2.58  5.13  0.174    0.000   9.29   8.70   8.44  
 0.170  3191.   -2.46  5.10  0.192    0.000   9.02   8.43   8.17  
 0.200  3261.   -2.32  5.07  0.217    0.000   8.69   8.09   7.84  
 0.300  3415.   -1.99  4.99  0.291    0.000   7.91   7.31   7.06  
 0.400  3520.   -1.72  4.90  0.372    0.000   7.28   6.66   6.42  
 0.500  3680.   -1.46  4.81  0.460    0.000   6.67   6.03   5.81  
 0.600  3967.   -1.16  4.73  0.554    0.000   6.04   5.36   5.18  
 0.700  4387.   -0.87  4.67  0.637    0.000   5.42   4.77   4.63  
 0.800  4826.   -0.60  4.63  0.719    0.002   4.87   4.34   4.23  
 0.900  5220.   -0.35  4.57  0.816    0.078   4.38   3.95   3.86  
 1.000  5592.   -0.13  4.51  0.923    0.306   3.93   3.58   3.50  
 1.100  5916.    0.09  4.43  1.054    0.574   3.51   3.21   3.15  
 1.200  6187.    0.28  4.36  1.204    0.770   3.11   2.86   2.80  
 1.300  6438.    0.46  4.28  1.363    0.880   2.75   2.54   2.48  
 1.400  6684.    0.62  4.22  1.521    0.938   2.44   2.26   2.20  