1.062000000000000000e+04 0.000000000000000000e+00
1.066000000000000000e+04 3.818649219056169386e-08
1.070000000000000000e+04 1.441990633566092583e-07
1.075000000000000000e+04 2.483841967659827787e-07
1.078000000000000000e+04 5.108005325382691808e-07
1.082000000000000000e+04 1.132458351094101090e-06
1.084000000000000000e+04 1.872029542937525548e-06
1.087000000000000000e+04 2.819411292875884101e-06
1.089000000000000000e+04 3.720248059835284948e-06
1.093000000000000000e+04 4.714766419056104496e-06
1.096000000000000000e+04 5.141687779541825876e-06
1.102000000000000000e+04 6.516089342767372727e-06
1.105000000000000000e+04 2.476045119692571461e-05
1.107000000000000000e+04 3.080370515817776322e-05
1.109000000000000000e+04 3.232154995203018188e-05
1.112000000000000000e+04 3.418471169425174594e-05
1.116000000000000000e+04 2.962974940601270646e-05
1.117000000000000000e+04 2.144565769413020462e-05
1.120000000000000000e+04 2.232696351711638272e-05
1.123000000000000000e+04 2.522715840314049274e-05
1.128000000000000000e+04 2.289299663971178234e-05
1.129000000000000000e+04 2.227404729637783021e-05
1.132000000000000000e+04 4.753701432491652668e-05
1.134000000000000000e+04 1.967971729754935950e-05
1.138000000000000000e+04 4.717864794656634331e-05
1.140000000000000000e+04 9.666930054663680494e-06
1.143000000000000000e+04 4.629982504411600530e-05
1.147000000000000000e+04 2.283696630911435932e-05
1.154000000000000000e+04 2.774306631181389093e-05
1.159000000000000000e+04 1.503882685938151553e-05
1.164000000000000000e+04 5.215042983763851225e-05
1.167000000000000000e+04 5.295055598253384233e-05
1.170000000000000000e+04 5.780248102382756770e-05
1.173000000000000000e+04 6.205797399161383510e-05
1.175000000000000000e+04 6.353455682983621955e-05
1.179000000000000000e+04 7.043290679575875401e-05
1.182000000000000000e+04 6.686184497084468603e-05
1.186000000000000000e+04 6.826349272159859538e-05
1.188000000000000000e+04 7.044511585263535380e-05
1.192000000000000000e+04 7.013288268353790045e-05
1.195000000000000000e+04 6.275614578044041991e-05
1.199000000000000000e+04 5.905029320274479687e-05
1.202000000000000000e+04 5.813303141621872783e-05
1.209000000000000000e+04 5.830057853017933667e-05
1.216000000000000000e+04 5.759720443165861070e-05
1.221000000000000000e+04 6.001351357554085553e-05
1.227000000000000000e+04 5.751629942096769810e-05
1.231000000000000000e+04 6.843468872830271721e-05
1.236000000000000000e+04 7.458519394276663661e-05
1.240000000000000000e+04 7.681491842959076166e-05
1.244000000000000000e+04 7.778014696668833494e-05
1.247000000000000000e+04 7.694531086599454284e-05
1.253000000000000000e+04 7.363902841461822391e-05
1.255000000000000000e+04 7.115362677723169327e-05
1.258000000000000000e+04 6.780151306884363294e-05
1.260000000000000000e+04 6.367523747030645609e-05
1.265000000000000000e+04 5.929470353294163942e-05
1.270000000000000000e+04 5.339149356586858630e-05
1.275000000000000000e+04 5.116996180731803179e-05
1.279000000000000000e+04 4.994167466065846384e-05
1.286000000000000000e+04 4.995435665477998555e-05
1.292000000000000000e+04 5.019814125262200832e-05
1.297000000000000000e+04 5.261218393570743501e-05
1.302000000000000000e+04 5.782665175502188504e-05
1.305000000000000000e+04 5.945915836491622031e-05
1.307000000000000000e+04 6.211385334609076381e-05
1.310000000000000000e+04 5.931358828092925251e-05
1.313000000000000000e+04 5.491470074048265815e-05
1.316000000000000000e+04 7.237530371639877558e-05
1.319000000000000000e+04 6.483222387032583356e-05
1.323000000000000000e+04 6.359795952448621392e-05
1.326000000000000000e+04 7.541478407802060246e-05
1.330000000000000000e+04 6.727338040946051478e-05
1.333000000000000000e+04 6.413443043129518628e-05
1.334000000000000000e+04 4.032189099234528840e-05
1.336000000000000000e+04 2.094805495289620012e-05
1.339000000000000000e+04 6.770216714357957244e-05
1.343000000000000000e+04 5.132874139235354960e-05
1.346000000000000000e+04 4.110899317311123013e-05
1.349000000000000000e+04 1.802646329451818019e-05
1.353000000000000000e+04 1.062527644535293803e-06
1.355000000000000000e+04 1.396974180778443042e-08
1.360000000000000000e+04 2.946992481156485155e-06
1.363000000000000000e+04 3.327916147100040689e-07
1.370000000000000000e+04 2.335532833797060448e-08
1.373000000000000000e+04 2.710619128265534528e-06
1.377000000000000000e+04 3.910210466528951656e-08
1.383000000000000000e+04 0.000000000000000000e+00
1.388000000000000000e+04 1.040655561723724531e-08
1.392000000000000000e+04 2.369066010032838676e-07
1.395000000000000000e+04 2.254035713633584237e-08
1.396000000000000000e+04 6.072621658859134186e-07
1.397000000000000000e+04 1.816256258280191105e-06
1.398000000000000000e+04 8.472532499581575394e-06
1.400000000000000000e+04 9.694857361353115266e-09
1.401000000000000000e+04 4.357159077983396855e-09
1.402000000000000000e+04 3.718444986589020118e-06
1.404000000000000000e+04 7.390883070002018940e-07
1.406000000000000000e+04 3.400071136638871394e-06
1.407000000000000000e+04 2.983134450573743379e-08
1.410000000000000000e+04 1.678305068253393983e-07
1.412000000000000000e+04 3.725977251178846927e-07
1.416000000000000000e+04 6.107097192398214247e-07
1.421000000000000000e+04 5.129261282377228781e-08
1.426000000000000000e+04 2.443190716405752028e-08
1.442000000000000000e+04 2.622364725368697691e-08
1.450000000000000000e+04 0.000000000000000000e+00
