1.289000000000000000e+04 0.000000000000000000e+00
1.315000000000000000e+04 4.499125464546560593e-12
1.341000000000000000e+04 9.478000849438839026e-12
1.368000000000000000e+04 0.000000000000000000e+00
1.397000000000000000e+04 0.000000000000000000e+00
1.418000000000000000e+04 1.206382216345502911e-09
1.440000000000000000e+04 3.549124727442176663e-08
1.462000000000000000e+04 1.891805680998004391e-07
1.478000000000000000e+04 5.472442694554047193e-07
1.486000000000000000e+04 1.933755129357450642e-06
1.493000000000000000e+04 5.834875992150045931e-06
1.504000000000000000e+04 1.339421578450128436e-05
1.515000000000000000e+04 2.892138581955805421e-05
1.528000000000000000e+04 4.491865183808840811e-05
1.539000000000000000e+04 5.315633461577817798e-05
1.546000000000000000e+04 5.705517469323240221e-05
1.551000000000000000e+04 5.878949014004319906e-05
1.556000000000000000e+04 5.956761015113443136e-05
1.565000000000000000e+04 5.937942842137999833e-05
1.572000000000000000e+04 5.551825597649440169e-05
1.577000000000000000e+04 5.431953104562126100e-05
1.583000000000000000e+04 5.575211616815067828e-05
1.592000000000000000e+04 5.766859612776897848e-05
1.597000000000000000e+04 5.802467057947069407e-05
1.602000000000000000e+04 5.665381104336120188e-05
1.613000000000000000e+04 5.740694541600532830e-05
1.619000000000000000e+04 5.685583528247661889e-05
1.628000000000000000e+04 5.676891669281758368e-05
1.633000000000000000e+04 5.655438144458457828e-05
1.642000000000000000e+04 5.735615195590071380e-05
1.648000000000000000e+04 5.759308260167017579e-05
1.657000000000000000e+04 5.918274109717458487e-05
1.659000000000000000e+04 5.990018325974233449e-05
1.671000000000000000e+04 5.984440576867200434e-05
1.684000000000000000e+04 5.677268563886173069e-05
1.701000000000000000e+04 5.432780744740739465e-05
1.715000000000000000e+04 5.726647214032709599e-05
1.727000000000000000e+04 5.741685163229703903e-05
1.739000000000000000e+04 5.685353607987053692e-05
1.746000000000000000e+04 5.608064020634628832e-05
1.751000000000000000e+04 5.529320333153009415e-05
1.753000000000000000e+04 5.345350655261427164e-05
1.756000000000000000e+04 5.233473711996339262e-05
1.764000000000000000e+04 4.774739136337302625e-05
1.775000000000000000e+04 3.758371894946321845e-05
1.785000000000000000e+04 1.509254889242583886e-05
1.790000000000000000e+04 2.523072544136084616e-05
1.796000000000000000e+04 9.635969036025926471e-06
1.803000000000000000e+04 5.974819941911846399e-06
1.810000000000000000e+04 3.906094207195565104e-06
1.813000000000000000e+04 2.818229347667511320e-07
1.818000000000000000e+04 1.098487359740829561e-06
1.828000000000000000e+04 2.144059152442423510e-08
1.835000000000000000e+04 8.340762802649948071e-11
1.850000000000000000e+04 3.213951327296626914e-09
1.871000000000000000e+04 0.000000000000000000e+00
1.893000000000000000e+04 1.611664024459003031e-09
1.914000000000000000e+04 0.000000000000000000e+00
