1.900000000000000000e+04 0.000000000000000000e+00
1.915000000000000000e+04 4.261357933188492098e-10
1.927000000000000000e+04 8.355059977205314681e-10
1.934000000000000000e+04 8.223164371656821459e-09
1.939000000000000000e+04 2.552821065648913645e-08
1.948000000000000000e+04 2.759804829111089930e-07
1.957000000000000000e+04 6.061727617634460330e-07
1.962000000000000000e+04 1.004235400614561513e-06
1.969000000000000000e+04 2.141909590136492625e-06
1.976000000000000000e+04 4.418340267875464633e-06
1.981000000000000000e+04 7.711206308158580214e-06
1.989000000000000000e+04 1.247727504960494116e-05
1.990000000000000000e+04 9.560050784784834832e-06
1.998000000000000000e+04 1.170590621768496931e-05
2.008000000000000000e+04 1.466887533752014861e-05
2.014000000000000000e+04 1.977244210138451308e-05
2.019000000000000000e+04 1.667176729824859649e-05
2.028000000000000000e+04 3.060877861571498215e-05
2.037000000000000000e+04 3.755453872145153582e-05
2.045000000000000000e+04 3.649936479632742703e-05
2.061000000000000000e+04 3.032814129255712032e-05
2.072000000000000000e+04 3.501409446471370757e-05
2.075000000000000000e+04 3.322737393318675458e-05
2.082000000000000000e+04 3.784370710491202772e-05
2.089000000000000000e+04 3.916395507985725999e-05
2.099000000000000000e+04 3.920118979294784367e-05
2.106000000000000000e+04 4.099211946595460176e-05
2.113000000000000000e+04 4.154420457780361176e-05
2.120000000000000000e+04 4.032523429486900568e-05
2.124000000000000000e+04 4.215296576148830354e-05
2.138000000000000000e+04 4.297764098737388849e-05
2.145000000000000000e+04 4.320601510698907077e-05
2.155000000000000000e+04 4.300032742321491241e-05
2.169000000000000000e+04 4.153725240030325949e-05
2.176000000000000000e+04 4.240896305418573320e-05
2.185000000000000000e+04 3.857002229779027402e-05
2.197000000000000000e+04 4.305207039578817785e-05
2.208000000000000000e+04 4.440049815457314253e-05
2.213000000000000000e+04 4.464193261810578406e-05
2.218000000000000000e+04 4.439982149051502347e-05
2.232000000000000000e+04 4.321948654251173139e-05
2.237000000000000000e+04 4.388167144497856498e-05
2.248000000000000000e+04 4.374773197923786938e-05
2.256000000000000000e+04 4.261152571416459978e-05
2.260000000000000000e+04 4.332858225097879767e-05
2.263000000000000000e+04 4.418912794790230691e-05
2.265000000000000000e+04 4.252397411619313061e-05
2.270000000000000000e+04 4.322436143411323428e-05
2.272000000000000000e+04 4.260862624505534768e-05
2.276000000000000000e+04 4.002161585958674550e-05
2.277000000000000000e+04 4.313289537094533443e-05
2.281000000000000000e+04 3.900070078088901937e-05
2.284000000000000000e+04 3.904404729837551713e-05
2.286000000000000000e+04 4.122397149330936372e-05
2.291000000000000000e+04 3.668371937237679958e-05
2.293000000000000000e+04 3.507365909172222018e-05
2.295000000000000000e+04 3.083529372815974057e-05
2.297000000000000000e+04 2.862947258108761162e-05
2.299000000000000000e+04 2.439043055346701294e-05
2.306000000000000000e+04 1.923907075251918286e-05
2.311000000000000000e+04 1.506875833001686260e-05
2.316000000000000000e+04 9.940759809978771955e-06
2.320000000000000000e+04 7.008491593296639621e-06
2.325000000000000000e+04 5.848043201694963500e-06
2.328000000000000000e+04 3.956276032113237306e-06
2.335000000000000000e+04 2.671952870514360256e-06
2.339000000000000000e+04 1.842351480263459962e-06
2.344000000000000000e+04 1.449718524781928863e-06
2.346000000000000000e+04 1.319462853643926792e-06
2.352000000000000000e+04 5.021768743063148577e-07
2.361000000000000000e+04 2.893943360504636075e-07
2.363000000000000000e+04 3.167659556879698357e-08
2.370000000000000000e+04 1.263936724171799142e-07
2.375000000000000000e+04 8.828884290323912865e-08
2.384000000000000000e+04 1.704303720373445685e-08
2.399000000000000000e+04 0.000000000000000000e+00
