3.200000000000000000e+03 0.000000000000000000e+00
3.210000000000000000e+03 0.000000000000000000e+00
3.220000000000000000e+03 0.000000000000000000e+00
3.230000000000000000e+03 0.000000000000000000e+00
3.240000000000000000e+03 0.000000000000000000e+00
3.250000000000000000e+03 3.870541159999999679e-05
3.260000000000000000e+03 1.757719839999999931e-04
3.270000000000000000e+03 6.494854159999999569e-04
3.280000000000000000e+03 1.966908199999999919e-03
3.290000000000000000e+03 5.010830840000000085e-03
3.300000000000000000e+03 1.094580690000000051e-02
3.310000000000000000e+03 2.070354250000000160e-02
3.320000000000000000e+03 3.469678710000000110e-02
3.330000000000000000e+03 5.253193030000000152e-02
3.340000000000000000e+03 7.353884380000000331e-02
3.350000000000000000e+03 9.603523120000000135e-02
3.360000000000000000e+03 1.187757740000000006e-01
3.370000000000000000e+03 1.422785789999999884e-01
3.380000000000000000e+03 1.655576480000000017e-01
3.390000000000000000e+03 1.885691389999999967e-01
3.400000000000000000e+03 2.097770419999999969e-01
3.410000000000000000e+03 2.288161529999999944e-01
3.420000000000000000e+03 2.438767619999999969e-01
3.430000000000000000e+03 2.516830019999999890e-01
3.440000000000000000e+03 2.520280549999999731e-01
3.450000000000000000e+03 2.462371100000000090e-01
3.460000000000000000e+03 2.366070560000000100e-01
3.470000000000000000e+03 2.241771919999999974e-01
3.480000000000000000e+03 2.092278579999999888e-01
3.490000000000000000e+03 1.945302879999999957e-01
3.500000000000000000e+03 1.846486179999999866e-01
3.510000000000000000e+03 1.793057550000000111e-01
3.520000000000000000e+03 1.782713109999999879e-01
3.530000000000000000e+03 1.813906240000000003e-01
3.540000000000000000e+03 1.878157119999999958e-01
3.550000000000000000e+03 1.969885640000000049e-01
3.560000000000000000e+03 2.083689270000000093e-01
3.570000000000000000e+03 2.188167609999999985e-01
3.580000000000000000e+03 2.273931499999999883e-01
3.590000000000000000e+03 2.326956799999999881e-01
3.600000000000000000e+03 2.352623729999999969e-01
3.610000000000000000e+03 2.352367790000000070e-01
3.620000000000000000e+03 2.326222199999999907e-01
3.630000000000000000e+03 2.301191959999999981e-01
3.640000000000000000e+03 2.269633020000000057e-01
3.650000000000000000e+03 2.239651290000000128e-01
3.660000000000000000e+03 2.208519519999999903e-01
3.670000000000000000e+03 2.171412600000000026e-01
3.680000000000000000e+03 2.133441540000000081e-01
3.690000000000000000e+03 2.092054770000000008e-01
3.700000000000000000e+03 2.043516160000000137e-01
3.710000000000000000e+03 1.996627179999999890e-01
3.720000000000000000e+03 1.940475449999999880e-01
3.730000000000000000e+03 1.884834940000000014e-01
3.740000000000000000e+03 1.832084760000000090e-01
3.750000000000000000e+03 1.783182090000000053e-01
3.760000000000000000e+03 1.738903129999999908e-01
3.770000000000000000e+03 1.696352869999999957e-01
3.780000000000000000e+03 1.657926929999999910e-01
3.790000000000000000e+03 1.631499919999999937e-01
3.800000000000000000e+03 1.621439179999999980e-01
3.810000000000000000e+03 1.629706210000000099e-01
3.820000000000000000e+03 1.657109559999999926e-01
3.830000000000000000e+03 1.699612389999999862e-01
3.840000000000000000e+03 1.760987999999999998e-01
3.850000000000000000e+03 1.840591580000000005e-01
3.860000000000000000e+03 1.942382950000000053e-01
3.870000000000000000e+03 2.063560060000000085e-01
3.880000000000000000e+03 2.206571019999999939e-01
3.890000000000000000e+03 2.371167190000000036e-01
3.900000000000000000e+03 2.543521930000000042e-01
3.910000000000000000e+03 2.721908840000000218e-01
3.920000000000000000e+03 2.909028819999999738e-01
3.930000000000000000e+03 3.097205820000000220e-01
3.940000000000000000e+03 3.289572139999999978e-01
3.950000000000000000e+03 3.476173900000000261e-01
3.960000000000000000e+03 3.661154240000000226e-01
3.970000000000000000e+03 3.838149189999999766e-01
3.980000000000000000e+03 4.005774730000000172e-01
3.990000000000000000e+03 4.170333090000000187e-01
4.000000000000000000e+03 4.321758159999999904e-01
4.010000000000000000e+03 4.457246739999999874e-01
4.020000000000000000e+03 4.585773539999999926e-01
4.030000000000000000e+03 4.711650729999999898e-01
4.040000000000000000e+03 4.821972299999999767e-01
4.050000000000000000e+03 4.924691560000000190e-01
4.060000000000000000e+03 5.024133960000000121e-01
4.070000000000000000e+03 5.110970310000000350e-01
4.080000000000000000e+03 5.191439479999999662e-01
4.090000000000000000e+03 5.266823290000000046e-01
4.100000000000000000e+03 5.334658530000000454e-01
4.110000000000000000e+03 5.402228399999999819e-01
4.120000000000000000e+03 5.464300760000000423e-01
4.130000000000000000e+03 5.515284780000000442e-01
4.140000000000000000e+03 5.559958489999999864e-01
4.150000000000000000e+03 5.605695520000000265e-01
4.160000000000000000e+03 5.647780869999999842e-01
4.170000000000000000e+03 5.686224149999999922e-01
4.180000000000000000e+03 5.723120560000000134e-01
4.190000000000000000e+03 5.754141980000000434e-01
4.200000000000000000e+03 5.783026989999999756e-01
4.210000000000000000e+03 5.811142519999999978e-01
4.220000000000000000e+03 5.835095080000000101e-01
4.230000000000000000e+03 5.863044729999999927e-01
4.240000000000000000e+03 5.883675440000000201e-01
4.250000000000000000e+03 5.899041619999999542e-01
4.260000000000000000e+03 5.918690439999999553e-01
4.270000000000000000e+03 5.940470939999999977e-01
4.280000000000000000e+03 5.958561719999999617e-01
4.290000000000000000e+03 5.973585380000000500e-01
4.300000000000000000e+03 5.990220800000000123e-01
4.310000000000000000e+03 6.004802989999999951e-01
4.320000000000000000e+03 6.019474860000000316e-01
4.330000000000000000e+03 6.037844390000000061e-01
4.340000000000000000e+03 6.056196510000000366e-01
4.350000000000000000e+03 6.075785550000000201e-01
4.360000000000000000e+03 6.093162610000000257e-01
4.370000000000000000e+03 6.103833300000000017e-01
4.380000000000000000e+03 6.118730020000000547e-01
4.390000000000000000e+03 6.134714209999999612e-01
4.400000000000000000e+03 6.153014909999999782e-01
4.410000000000000000e+03 6.170519159999999781e-01
4.420000000000000000e+03 6.187702619999999598e-01
4.430000000000000000e+03 6.204918480000000125e-01
4.440000000000000000e+03 6.218308249999999759e-01
4.450000000000000000e+03 6.232135239999999632e-01
4.460000000000000000e+03 6.241247279999999620e-01
4.470000000000000000e+03 6.246770539999999539e-01
4.480000000000000000e+03 6.257003899999999952e-01
4.490000000000000000e+03 6.267541389999999879e-01
4.500000000000000000e+03 6.269925840000000195e-01
4.510000000000000000e+03 6.270450180000000096e-01
4.520000000000000000e+03 6.277760420000000341e-01
4.530000000000000000e+03 6.280249589999999937e-01
4.540000000000000000e+03 6.278300489999999456e-01
4.550000000000000000e+03 6.278638840000000387e-01
4.560000000000000000e+03 6.277688009999999874e-01
4.570000000000000000e+03 6.272507339999999765e-01
4.580000000000000000e+03 6.270027519999999965e-01
4.590000000000000000e+03 6.271262440000000549e-01
4.600000000000000000e+03 6.270280710000000202e-01
4.610000000000000000e+03 6.270381499999999608e-01
4.620000000000000000e+03 6.269888559999999833e-01
4.630000000000000000e+03 6.268073610000000073e-01
4.640000000000000000e+03 6.269666950000000183e-01
4.650000000000000000e+03 6.275748939999999942e-01
4.660000000000000000e+03 6.280318070000000530e-01
4.670000000000000000e+03 6.279693929999999868e-01
4.680000000000000000e+03 6.280345170000000143e-01
4.690000000000000000e+03 6.288152339999999452e-01
4.700000000000000000e+03 6.291954349999999696e-01
4.710000000000000000e+03 6.294058160000000068e-01
4.720000000000000000e+03 6.304367749999999493e-01
4.730000000000000000e+03 6.312272490000000458e-01
4.740000000000000000e+03 6.316476989999999514e-01
4.750000000000000000e+03 6.322066450000000115e-01
4.760000000000000000e+03 6.330489099999999647e-01
4.770000000000000000e+03 6.339724669999999840e-01
4.780000000000000000e+03 6.344965500000000480e-01
4.790000000000000000e+03 6.345871669999999520e-01
4.800000000000000000e+03 6.346367819999999549e-01
4.810000000000000000e+03 6.355586410000000352e-01
4.820000000000000000e+03 6.354863269999999620e-01
4.830000000000000000e+03 6.350591669999999800e-01
4.840000000000000000e+03 6.350315600000000504e-01
4.850000000000000000e+03 6.353417260000000510e-01
4.860000000000000000e+03 6.355981109999999656e-01
4.870000000000000000e+03 6.358006320000000322e-01
4.880000000000000000e+03 6.356496980000000407e-01
4.890000000000000000e+03 6.354496739999999644e-01
4.900000000000000000e+03 6.352858540000000387e-01
4.910000000000000000e+03 6.349439580000000305e-01
4.920000000000000000e+03 6.342673239999999657e-01
4.930000000000000000e+03 6.338815890000000230e-01
4.940000000000000000e+03 6.338172749999999578e-01
4.950000000000000000e+03 6.340647310000000481e-01
4.960000000000000000e+03 6.337545959999999479e-01
4.970000000000000000e+03 6.333523730000000240e-01
4.980000000000000000e+03 6.329402429999999580e-01
4.990000000000000000e+03 6.320481009999999733e-01
5.000000000000000000e+03 6.314627950000000212e-01
5.010000000000000000e+03 6.313008740000000119e-01
5.020000000000000000e+03 6.317361160000000142e-01
5.030000000000000000e+03 6.312788080000000246e-01
5.040000000000000000e+03 6.308280670000000478e-01
5.050000000000000000e+03 6.307881899999999709e-01
5.060000000000000000e+03 6.306271319999999792e-01
5.070000000000000000e+03 6.308608420000000327e-01
5.080000000000000000e+03 6.305198859999999739e-01
5.090000000000000000e+03 6.298585869999999698e-01
5.100000000000000000e+03 6.301240670000000099e-01
5.110000000000000000e+03 6.304438159999999902e-01
5.120000000000000000e+03 6.301888570000000467e-01
5.130000000000000000e+03 6.295172810000000396e-01
5.140000000000000000e+03 6.301276919999999615e-01
5.150000000000000000e+03 6.301798320000000508e-01
5.160000000000000000e+03 6.298845819999999707e-01
5.170000000000000000e+03 6.297822929999999930e-01
5.180000000000000000e+03 6.294918579999999597e-01
5.190000000000000000e+03 6.295981840000000052e-01
5.200000000000000000e+03 6.300077229999999640e-01
5.210000000000000000e+03 6.299044259999999618e-01
5.220000000000000000e+03 6.293126390000000070e-01
5.230000000000000000e+03 6.285299090000000533e-01
5.240000000000000000e+03 6.280058280000000437e-01
5.250000000000000000e+03 6.276644620000000341e-01
5.260000000000000000e+03 6.269935519999999540e-01
5.270000000000000000e+03 6.262747140000000101e-01
5.280000000000000000e+03 6.254184170000000043e-01
5.290000000000000000e+03 6.243741010000000147e-01
5.300000000000000000e+03 6.233479469999999578e-01
5.310000000000000000e+03 6.229994949999999587e-01
5.320000000000000000e+03 6.225924849999999733e-01
5.330000000000000000e+03 6.222596759999999838e-01
5.340000000000000000e+03 6.220617210000000119e-01
5.350000000000000000e+03 6.212213920000000389e-01
5.360000000000000000e+03 6.207344280000000047e-01
5.370000000000000000e+03 6.202546500000000185e-01
5.380000000000000000e+03 6.199494490000000413e-01
5.390000000000000000e+03 6.200243300000000124e-01
5.400000000000000000e+03 6.201687510000000181e-01
5.410000000000000000e+03 6.201564059999999934e-01
5.420000000000000000e+03 6.200946849999999788e-01
5.430000000000000000e+03 6.197485120000000292e-01
5.440000000000000000e+03 6.195943710000000326e-01
5.450000000000000000e+03 6.199554819999999467e-01
5.460000000000000000e+03 6.208002209999999854e-01
5.470000000000000000e+03 6.216964320000000210e-01
5.480000000000000000e+03 6.219030199999999731e-01
5.490000000000000000e+03 6.222913580000000167e-01
5.500000000000000000e+03 6.226886369999999893e-01
5.510000000000000000e+03 6.226739359999999834e-01
5.520000000000000000e+03 6.224886539999999746e-01
5.530000000000000000e+03 6.233518430000000166e-01
5.540000000000000000e+03 6.234394399999999559e-01
5.550000000000000000e+03 6.229514269999999465e-01
5.560000000000000000e+03 6.225248340000000269e-01
5.570000000000000000e+03 6.219302220000000325e-01
5.580000000000000000e+03 6.210159870000000470e-01
5.590000000000000000e+03 6.199446410000000185e-01
5.600000000000000000e+03 6.193273719999999871e-01
5.610000000000000000e+03 6.180555060000000323e-01
5.620000000000000000e+03 6.174199059999999628e-01
5.630000000000000000e+03 6.162472890000000314e-01
5.640000000000000000e+03 6.153697310000000309e-01
5.650000000000000000e+03 6.142793260000000144e-01
5.660000000000000000e+03 6.130457289999999837e-01
5.670000000000000000e+03 6.123203959999999890e-01
5.680000000000000000e+03 6.112004810000000177e-01
5.690000000000000000e+03 6.094214749999999903e-01
5.700000000000000000e+03 6.085872740000000114e-01
5.710000000000000000e+03 6.070491199999999976e-01
5.720000000000000000e+03 6.058845919999999996e-01
5.730000000000000000e+03 6.051872740000000528e-01
5.740000000000000000e+03 6.053130690000000369e-01
5.750000000000000000e+03 6.052685899999999952e-01
5.760000000000000000e+03 6.058947310000000197e-01
5.770000000000000000e+03 6.070651310000000356e-01
5.780000000000000000e+03 6.091511929999999797e-01
5.790000000000000000e+03 6.108636469999999541e-01
5.800000000000000000e+03 6.132877490000000487e-01
5.810000000000000000e+03 6.164856100000000172e-01
5.820000000000000000e+03 6.193563890000000072e-01
5.830000000000000000e+03 6.234663740000000454e-01
5.840000000000000000e+03 6.272656479999999535e-01
5.850000000000000000e+03 6.307664800000000183e-01
5.860000000000000000e+03 6.335463140000000548e-01
5.870000000000000000e+03 6.371321509999999799e-01
5.880000000000000000e+03 6.395121660000000485e-01
5.890000000000000000e+03 6.417220150000000345e-01
5.900000000000000000e+03 6.432026920000000203e-01
5.910000000000000000e+03 6.433063169999999609e-01
5.920000000000000000e+03 6.426373090000000454e-01
5.930000000000000000e+03 6.430437399999999748e-01
5.940000000000000000e+03 6.423417249999999745e-01
5.950000000000000000e+03 6.412178469999999519e-01
5.960000000000000000e+03 6.403083259999999832e-01
5.970000000000000000e+03 6.373719839999999470e-01
5.980000000000000000e+03 6.347149500000000000e-01
5.990000000000000000e+03 6.312531179999999464e-01
6.000000000000000000e+03 6.278560789999999558e-01
6.010000000000000000e+03 6.251305670000000259e-01
6.020000000000000000e+03 6.208185099999999901e-01
6.030000000000000000e+03 6.178067369999999947e-01
6.040000000000000000e+03 6.158265560000000249e-01
6.050000000000000000e+03 6.136254060000000399e-01
6.060000000000000000e+03 6.125032099999999646e-01
6.070000000000000000e+03 6.115503450000000507e-01
6.080000000000000000e+03 6.118001730000000027e-01
6.090000000000000000e+03 6.124042880000000189e-01
6.100000000000000000e+03 6.131691609999999626e-01
6.110000000000000000e+03 6.150320310000000346e-01
6.120000000000000000e+03 6.164586779999999822e-01
6.130000000000000000e+03 6.190598050000000185e-01
6.140000000000000000e+03 6.219301980000000452e-01
6.150000000000000000e+03 6.255796510000000143e-01
6.160000000000000000e+03 6.295192240000000439e-01
6.170000000000000000e+03 6.336822669999999658e-01
6.180000000000000000e+03 6.379039279999999534e-01
6.190000000000000000e+03 6.436451130000000465e-01
6.200000000000000000e+03 6.495303820000000172e-01
6.210000000000000000e+03 6.544578100000000287e-01
6.220000000000000000e+03 6.593209540000000146e-01
6.230000000000000000e+03 6.621727480000000332e-01
6.240000000000000000e+03 6.642368330000000265e-01
6.250000000000000000e+03 6.665349790000000274e-01
6.260000000000000000e+03 6.680109929999999974e-01
6.270000000000000000e+03 6.690639430000000498e-01
6.280000000000000000e+03 6.689475360000000093e-01
6.290000000000000000e+03 6.685288029999999493e-01
6.300000000000000000e+03 6.668664570000000236e-01
6.310000000000000000e+03 6.651853070000000034e-01
6.320000000000000000e+03 6.631926630000000156e-01
6.330000000000000000e+03 6.596498290000000209e-01
6.340000000000000000e+03 6.557417850000000215e-01
6.350000000000000000e+03 6.509291270000000518e-01
6.360000000000000000e+03 6.464279929999999785e-01
6.370000000000000000e+03 6.408213050000000077e-01
6.380000000000000000e+03 6.351570119999999653e-01
6.390000000000000000e+03 6.279502179999999489e-01
6.400000000000000000e+03 6.206676110000000079e-01
6.410000000000000000e+03 6.130587859999999667e-01
6.420000000000000000e+03 6.054653730000000289e-01
6.430000000000000000e+03 5.972278399999999543e-01
6.440000000000000000e+03 5.882722430000000280e-01
6.450000000000000000e+03 5.786998330000000523e-01
6.460000000000000000e+03 5.692152360000000133e-01
6.470000000000000000e+03 5.601345300000000194e-01
6.480000000000000000e+03 5.498462109999999736e-01
6.490000000000000000e+03 5.388920590000000344e-01
6.500000000000000000e+03 5.283815330000000143e-01
6.510000000000000000e+03 5.172265280000000187e-01
6.520000000000000000e+03 5.052957620000000372e-01
6.530000000000000000e+03 4.925933960000000167e-01
6.540000000000000000e+03 4.783966969999999819e-01
6.550000000000000000e+03 4.623665900000000217e-01
6.560000000000000000e+03 4.444573390000000068e-01
6.570000000000000000e+03 4.235178980000000037e-01
6.580000000000000000e+03 3.998106819999999728e-01
6.590000000000000000e+03 3.720122180000000056e-01
6.600000000000000000e+03 3.412045639999999880e-01
6.610000000000000000e+03 3.068425379999999980e-01
6.620000000000000000e+03 2.702313109999999741e-01
6.630000000000000000e+03 2.321921190000000024e-01
6.640000000000000000e+03 1.945586659999999912e-01
6.650000000000000000e+03 1.584843720000000122e-01
6.660000000000000000e+03 1.252933479999999988e-01
6.670000000000000000e+03 9.593041139999999856e-02
6.680000000000000000e+03 7.102247679999999785e-02
6.690000000000000000e+03 5.082245760000000251e-02
6.700000000000000000e+03 3.515593389999999846e-02
6.710000000000000000e+03 2.355479200000000148e-02
6.720000000000000000e+03 1.527467440000000037e-02
6.730000000000000000e+03 9.666526640000000850e-03
6.740000000000000000e+03 5.996672940000000347e-03
6.750000000000000000e+03 3.705224170000000206e-03
6.760000000000000000e+03 2.332090810000000004e-03
6.770000000000000000e+03 1.541973780000000004e-03
6.780000000000000000e+03 1.101594760000000010e-03
6.790000000000000000e+03 8.609985560000000268e-04
6.800000000000000000e+03 7.289102639999999605e-04
6.810000000000000000e+03 6.537557959999999680e-04
6.820000000000000000e+03 6.068713169999999640e-04
6.830000000000000000e+03 5.738654000000000368e-04
6.840000000000000000e+03 5.473228349999999590e-04
6.850000000000000000e+03 5.240173619999999571e-04
6.860000000000000000e+03 4.411044840000000146e-04
6.870000000000000000e+03 3.784730080000000153e-04
6.880000000000000000e+03 3.383601799999999917e-04
6.890000000000000000e+03 3.108273380000000155e-04
6.900000000000000000e+03 2.849465530000000186e-04
6.910000000000000000e+03 2.582295469999999933e-04
6.920000000000000000e+03 2.321197520000000086e-04
6.930000000000000000e+03 1.936931040000000083e-04
6.940000000000000000e+03 1.513011539999999881e-04
6.950000000000000000e+03 1.136104219999999992e-04
6.960000000000000000e+03 7.829498340000000162e-05
6.970000000000000000e+03 5.445033020000000139e-05
6.980000000000000000e+03 3.959097060000000184e-05
6.990000000000000000e+03 2.814331090000000055e-05
7.000000000000000000e+03 2.025569200000000136e-05
7.010000000000000000e+03 1.561642019999999969e-05
7.020000000000000000e+03 1.196239649999999961e-05
7.030000000000000000e+03 9.691694359999999760e-06
7.040000000000000000e+03 8.309222339999999297e-06
7.050000000000000000e+03 6.088994929999999670e-06
7.060000000000000000e+03 5.129046880000000163e-06
7.070000000000000000e+03 5.260210579999999891e-06
7.080000000000000000e+03 4.178187699999999929e-06
7.090000000000000000e+03 4.096185650000000096e-06
7.100000000000000000e+03 4.255335460000000035e-06
7.110000000000000000e+03 4.149912730000000084e-06
7.120000000000000000e+03 3.891518040000000145e-06
7.130000000000000000e+03 3.739731139999999838e-06
7.140000000000000000e+03 3.528091720000000187e-06
7.150000000000000000e+03 2.887920240000000065e-06
7.160000000000000000e+03 2.755857120000000044e-06
7.170000000000000000e+03 2.258632189999999946e-06
7.180000000000000000e+03 1.766279250000000043e-06
7.190000000000000000e+03 1.344402890000000102e-06
7.200000000000000000e+03 9.896807130000000506e-07
7.210000000000000000e+03 8.914214819999999472e-07
7.220000000000000000e+03 8.070183989999999987e-07
7.230000000000000000e+03 6.250884050000000319e-07
7.240000000000000000e+03 5.303013650000000055e-07
7.250000000000000000e+03 4.249007269999999899e-07
7.260000000000000000e+03 3.411099369999999983e-07
7.270000000000000000e+03 2.401185489999999863e-07
7.280000000000000000e+03 1.965770100000000104e-07
7.290000000000000000e+03 2.634703279999999882e-07
7.300000000000000000e+03 1.270162249999999995e-07
7.310000000000000000e+03 1.605117869999999965e-07
7.320000000000000000e+03 9.680933500000000110e-08
7.330000000000000000e+03 1.293842709999999928e-07
7.340000000000000000e+03 9.381867619999999394e-08
7.350000000000000000e+03 1.168313860000000063e-07
7.360000000000000000e+03 8.160352280000000077e-09
7.370000000000000000e+03 6.903627719999999927e-08
7.380000000000000000e+03 7.366570240000000375e-08
7.390000000000000000e+03 4.225414790000000153e-08
7.400000000000000000e+03 7.938845179999999767e-09
7.410000000000000000e+03 6.428879799999999598e-08
7.420000000000000000e+03 9.945670960000000187e-09
7.430000000000000000e+03 2.330085369999999936e-08
7.440000000000000000e+03 3.435827820000000168e-08
7.450000000000000000e+03 1.275550360000000045e-07
7.460000000000000000e+03 8.345182250000000307e-08
7.470000000000000000e+03 4.044281690000000308e-08
7.480000000000000000e+03 3.051358380000000080e-08
7.490000000000000000e+03 4.886018729999999727e-08
7.500000000000000000e+03 2.171674119999999874e-08
7.510000000000000000e+03 0.000000000000000000e+00
7.520000000000000000e+03 0.000000000000000000e+00
7.530000000000000000e+03 0.000000000000000000e+00
7.540000000000000000e+03 0.000000000000000000e+00
7.550000000000000000e+03 0.000000000000000000e+00
7.560000000000000000e+03 0.000000000000000000e+00
7.570000000000000000e+03 0.000000000000000000e+00
7.580000000000000000e+03 0.000000000000000000e+00
7.590000000000000000e+03 0.000000000000000000e+00
7.600000000000000000e+03 0.000000000000000000e+00
7.610000000000000000e+03 0.000000000000000000e+00
7.620000000000000000e+03 0.000000000000000000e+00
7.630000000000000000e+03 0.000000000000000000e+00
7.640000000000000000e+03 0.000000000000000000e+00
7.650000000000000000e+03 0.000000000000000000e+00
7.660000000000000000e+03 0.000000000000000000e+00
7.670000000000000000e+03 0.000000000000000000e+00
7.680000000000000000e+03 0.000000000000000000e+00
7.690000000000000000e+03 0.000000000000000000e+00
7.700000000000000000e+03 0.000000000000000000e+00
7.710000000000000000e+03 0.000000000000000000e+00
7.720000000000000000e+03 0.000000000000000000e+00
7.730000000000000000e+03 0.000000000000000000e+00
7.740000000000000000e+03 0.000000000000000000e+00
7.750000000000000000e+03 0.000000000000000000e+00
7.760000000000000000e+03 0.000000000000000000e+00
7.770000000000000000e+03 0.000000000000000000e+00
7.780000000000000000e+03 0.000000000000000000e+00
7.790000000000000000e+03 0.000000000000000000e+00
7.800000000000000000e+03 0.000000000000000000e+00
7.810000000000000000e+03 0.000000000000000000e+00
7.820000000000000000e+03 0.000000000000000000e+00
7.830000000000000000e+03 0.000000000000000000e+00
7.840000000000000000e+03 0.000000000000000000e+00
7.850000000000000000e+03 0.000000000000000000e+00
7.860000000000000000e+03 0.000000000000000000e+00
7.870000000000000000e+03 0.000000000000000000e+00
7.880000000000000000e+03 0.000000000000000000e+00
7.890000000000000000e+03 0.000000000000000000e+00
7.900000000000000000e+03 0.000000000000000000e+00
7.910000000000000000e+03 0.000000000000000000e+00
7.920000000000000000e+03 0.000000000000000000e+00
7.930000000000000000e+03 0.000000000000000000e+00
7.940000000000000000e+03 0.000000000000000000e+00
7.950000000000000000e+03 0.000000000000000000e+00
7.960000000000000000e+03 0.000000000000000000e+00
7.970000000000000000e+03 0.000000000000000000e+00
7.980000000000000000e+03 0.000000000000000000e+00
7.990000000000000000e+03 0.000000000000000000e+00
8.000000000000000000e+03 0.000000000000000000e+00
8.010000000000000000e+03 0.000000000000000000e+00
8.020000000000000000e+03 0.000000000000000000e+00
8.030000000000000000e+03 0.000000000000000000e+00
8.040000000000000000e+03 0.000000000000000000e+00
8.050000000000000000e+03 0.000000000000000000e+00
8.060000000000000000e+03 0.000000000000000000e+00
8.070000000000000000e+03 0.000000000000000000e+00
8.080000000000000000e+03 0.000000000000000000e+00
8.090000000000000000e+03 0.000000000000000000e+00
8.100000000000000000e+03 0.000000000000000000e+00
8.110000000000000000e+03 0.000000000000000000e+00
8.120000000000000000e+03 0.000000000000000000e+00
8.130000000000000000e+03 0.000000000000000000e+00
8.140000000000000000e+03 0.000000000000000000e+00
8.150000000000000000e+03 0.000000000000000000e+00
8.160000000000000000e+03 0.000000000000000000e+00
8.170000000000000000e+03 0.000000000000000000e+00
8.180000000000000000e+03 0.000000000000000000e+00
8.190000000000000000e+03 0.000000000000000000e+00
8.200000000000000000e+03 0.000000000000000000e+00
8.210000000000000000e+03 0.000000000000000000e+00
8.220000000000000000e+03 0.000000000000000000e+00
8.230000000000000000e+03 0.000000000000000000e+00
8.240000000000000000e+03 0.000000000000000000e+00
8.250000000000000000e+03 0.000000000000000000e+00
8.260000000000000000e+03 0.000000000000000000e+00
8.270000000000000000e+03 0.000000000000000000e+00
8.280000000000000000e+03 0.000000000000000000e+00
8.290000000000000000e+03 0.000000000000000000e+00
8.300000000000000000e+03 0.000000000000000000e+00
8.310000000000000000e+03 0.000000000000000000e+00
8.320000000000000000e+03 0.000000000000000000e+00
8.330000000000000000e+03 0.000000000000000000e+00
8.340000000000000000e+03 0.000000000000000000e+00
8.350000000000000000e+03 0.000000000000000000e+00
8.360000000000000000e+03 0.000000000000000000e+00
8.370000000000000000e+03 0.000000000000000000e+00
8.380000000000000000e+03 0.000000000000000000e+00
8.390000000000000000e+03 0.000000000000000000e+00
8.400000000000000000e+03 0.000000000000000000e+00
8.410000000000000000e+03 0.000000000000000000e+00
8.420000000000000000e+03 0.000000000000000000e+00
8.430000000000000000e+03 0.000000000000000000e+00
8.440000000000000000e+03 0.000000000000000000e+00
8.450000000000000000e+03 0.000000000000000000e+00
8.460000000000000000e+03 0.000000000000000000e+00
8.470000000000000000e+03 0.000000000000000000e+00
8.480000000000000000e+03 0.000000000000000000e+00
8.490000000000000000e+03 0.000000000000000000e+00
8.500000000000000000e+03 0.000000000000000000e+00
8.510000000000000000e+03 0.000000000000000000e+00
8.520000000000000000e+03 0.000000000000000000e+00
8.530000000000000000e+03 0.000000000000000000e+00
8.540000000000000000e+03 0.000000000000000000e+00
8.550000000000000000e+03 0.000000000000000000e+00
8.560000000000000000e+03 0.000000000000000000e+00
8.570000000000000000e+03 0.000000000000000000e+00
8.580000000000000000e+03 0.000000000000000000e+00
8.590000000000000000e+03 0.000000000000000000e+00
8.600000000000000000e+03 0.000000000000000000e+00
8.610000000000000000e+03 0.000000000000000000e+00
8.620000000000000000e+03 0.000000000000000000e+00
8.630000000000000000e+03 0.000000000000000000e+00
8.640000000000000000e+03 0.000000000000000000e+00
8.650000000000000000e+03 0.000000000000000000e+00
8.660000000000000000e+03 0.000000000000000000e+00
8.670000000000000000e+03 0.000000000000000000e+00
8.680000000000000000e+03 0.000000000000000000e+00
8.690000000000000000e+03 0.000000000000000000e+00
8.700000000000000000e+03 0.000000000000000000e+00
8.710000000000000000e+03 0.000000000000000000e+00
8.720000000000000000e+03 0.000000000000000000e+00
8.730000000000000000e+03 0.000000000000000000e+00
8.740000000000000000e+03 0.000000000000000000e+00
8.750000000000000000e+03 0.000000000000000000e+00
8.760000000000000000e+03 0.000000000000000000e+00
8.770000000000000000e+03 0.000000000000000000e+00
8.780000000000000000e+03 0.000000000000000000e+00
8.790000000000000000e+03 0.000000000000000000e+00
8.800000000000000000e+03 0.000000000000000000e+00
8.810000000000000000e+03 0.000000000000000000e+00
8.820000000000000000e+03 0.000000000000000000e+00
8.830000000000000000e+03 0.000000000000000000e+00
8.840000000000000000e+03 0.000000000000000000e+00
8.850000000000000000e+03 0.000000000000000000e+00
8.860000000000000000e+03 0.000000000000000000e+00
8.870000000000000000e+03 0.000000000000000000e+00
8.880000000000000000e+03 0.000000000000000000e+00
8.890000000000000000e+03 0.000000000000000000e+00
8.900000000000000000e+03 0.000000000000000000e+00
8.910000000000000000e+03 0.000000000000000000e+00
8.920000000000000000e+03 0.000000000000000000e+00
8.930000000000000000e+03 0.000000000000000000e+00
8.940000000000000000e+03 0.000000000000000000e+00
8.950000000000000000e+03 0.000000000000000000e+00
8.960000000000000000e+03 0.000000000000000000e+00
8.970000000000000000e+03 0.000000000000000000e+00
8.980000000000000000e+03 0.000000000000000000e+00
8.990000000000000000e+03 0.000000000000000000e+00
9.000000000000000000e+03 0.000000000000000000e+00
9.010000000000000000e+03 0.000000000000000000e+00
9.020000000000000000e+03 0.000000000000000000e+00
9.030000000000000000e+03 0.000000000000000000e+00
9.040000000000000000e+03 0.000000000000000000e+00
9.050000000000000000e+03 0.000000000000000000e+00
9.060000000000000000e+03 0.000000000000000000e+00
9.070000000000000000e+03 0.000000000000000000e+00
9.080000000000000000e+03 0.000000000000000000e+00
9.090000000000000000e+03 0.000000000000000000e+00
9.100000000000000000e+03 0.000000000000000000e+00
9.110000000000000000e+03 0.000000000000000000e+00
9.120000000000000000e+03 0.000000000000000000e+00
9.130000000000000000e+03 0.000000000000000000e+00
9.140000000000000000e+03 0.000000000000000000e+00
9.150000000000000000e+03 0.000000000000000000e+00
9.160000000000000000e+03 0.000000000000000000e+00
9.170000000000000000e+03 0.000000000000000000e+00
9.180000000000000000e+03 0.000000000000000000e+00
9.190000000000000000e+03 0.000000000000000000e+00
9.200000000000000000e+03 0.000000000000000000e+00
9.210000000000000000e+03 0.000000000000000000e+00
9.220000000000000000e+03 0.000000000000000000e+00
9.230000000000000000e+03 0.000000000000000000e+00
9.240000000000000000e+03 0.000000000000000000e+00
9.250000000000000000e+03 0.000000000000000000e+00
9.260000000000000000e+03 0.000000000000000000e+00
9.270000000000000000e+03 0.000000000000000000e+00
9.280000000000000000e+03 0.000000000000000000e+00
9.290000000000000000e+03 0.000000000000000000e+00
9.300000000000000000e+03 0.000000000000000000e+00
9.310000000000000000e+03 0.000000000000000000e+00
9.320000000000000000e+03 0.000000000000000000e+00
9.330000000000000000e+03 0.000000000000000000e+00
9.340000000000000000e+03 0.000000000000000000e+00
9.350000000000000000e+03 0.000000000000000000e+00
9.360000000000000000e+03 0.000000000000000000e+00
9.370000000000000000e+03 0.000000000000000000e+00
9.380000000000000000e+03 0.000000000000000000e+00
9.390000000000000000e+03 0.000000000000000000e+00
9.400000000000000000e+03 0.000000000000000000e+00
9.410000000000000000e+03 0.000000000000000000e+00
9.420000000000000000e+03 0.000000000000000000e+00
9.430000000000000000e+03 0.000000000000000000e+00
9.440000000000000000e+03 0.000000000000000000e+00
9.450000000000000000e+03 0.000000000000000000e+00
9.460000000000000000e+03 0.000000000000000000e+00
9.470000000000000000e+03 0.000000000000000000e+00
9.480000000000000000e+03 0.000000000000000000e+00
9.490000000000000000e+03 0.000000000000000000e+00
9.500000000000000000e+03 0.000000000000000000e+00
9.510000000000000000e+03 0.000000000000000000e+00
9.520000000000000000e+03 0.000000000000000000e+00
9.530000000000000000e+03 0.000000000000000000e+00
9.540000000000000000e+03 0.000000000000000000e+00
9.550000000000000000e+03 0.000000000000000000e+00
9.560000000000000000e+03 0.000000000000000000e+00
9.570000000000000000e+03 0.000000000000000000e+00
9.580000000000000000e+03 0.000000000000000000e+00
9.590000000000000000e+03 0.000000000000000000e+00
9.600000000000000000e+03 0.000000000000000000e+00
9.610000000000000000e+03 0.000000000000000000e+00
9.620000000000000000e+03 0.000000000000000000e+00
9.630000000000000000e+03 0.000000000000000000e+00
9.640000000000000000e+03 0.000000000000000000e+00
9.650000000000000000e+03 0.000000000000000000e+00
9.660000000000000000e+03 0.000000000000000000e+00
9.670000000000000000e+03 0.000000000000000000e+00
9.680000000000000000e+03 0.000000000000000000e+00
9.690000000000000000e+03 0.000000000000000000e+00
9.700000000000000000e+03 0.000000000000000000e+00
9.710000000000000000e+03 0.000000000000000000e+00
9.720000000000000000e+03 0.000000000000000000e+00
9.730000000000000000e+03 0.000000000000000000e+00
9.740000000000000000e+03 0.000000000000000000e+00
9.750000000000000000e+03 0.000000000000000000e+00
9.760000000000000000e+03 0.000000000000000000e+00
9.770000000000000000e+03 0.000000000000000000e+00
9.780000000000000000e+03 0.000000000000000000e+00
9.790000000000000000e+03 0.000000000000000000e+00
9.800000000000000000e+03 0.000000000000000000e+00
9.810000000000000000e+03 0.000000000000000000e+00
9.820000000000000000e+03 0.000000000000000000e+00
9.830000000000000000e+03 0.000000000000000000e+00
9.840000000000000000e+03 0.000000000000000000e+00
9.850000000000000000e+03 0.000000000000000000e+00
9.860000000000000000e+03 0.000000000000000000e+00
9.870000000000000000e+03 0.000000000000000000e+00
9.880000000000000000e+03 0.000000000000000000e+00
9.890000000000000000e+03 0.000000000000000000e+00
9.900000000000000000e+03 0.000000000000000000e+00
9.910000000000000000e+03 0.000000000000000000e+00
9.920000000000000000e+03 0.000000000000000000e+00
9.930000000000000000e+03 0.000000000000000000e+00
9.940000000000000000e+03 0.000000000000000000e+00
9.950000000000000000e+03 0.000000000000000000e+00
9.960000000000000000e+03 0.000000000000000000e+00
9.970000000000000000e+03 0.000000000000000000e+00
9.980000000000000000e+03 0.000000000000000000e+00
9.990000000000000000e+03 0.000000000000000000e+00
1.000000000000000000e+04 0.000000000000000000e+00
1.001000000000000000e+04 0.000000000000000000e+00
1.002000000000000000e+04 0.000000000000000000e+00
1.003000000000000000e+04 0.000000000000000000e+00
1.004000000000000000e+04 0.000000000000000000e+00
1.005000000000000000e+04 0.000000000000000000e+00
1.006000000000000000e+04 0.000000000000000000e+00
1.007000000000000000e+04 0.000000000000000000e+00
1.008000000000000000e+04 0.000000000000000000e+00
1.009000000000000000e+04 0.000000000000000000e+00
1.010000000000000000e+04 0.000000000000000000e+00
1.011000000000000000e+04 0.000000000000000000e+00
1.012000000000000000e+04 0.000000000000000000e+00
1.013000000000000000e+04 0.000000000000000000e+00
1.014000000000000000e+04 0.000000000000000000e+00
1.015000000000000000e+04 0.000000000000000000e+00
1.016000000000000000e+04 0.000000000000000000e+00
1.017000000000000000e+04 0.000000000000000000e+00
1.018000000000000000e+04 0.000000000000000000e+00
1.019000000000000000e+04 0.000000000000000000e+00
1.020000000000000000e+04 0.000000000000000000e+00
1.021000000000000000e+04 0.000000000000000000e+00
1.022000000000000000e+04 0.000000000000000000e+00
1.023000000000000000e+04 0.000000000000000000e+00
1.024000000000000000e+04 0.000000000000000000e+00
1.025000000000000000e+04 0.000000000000000000e+00
1.026000000000000000e+04 0.000000000000000000e+00
1.027000000000000000e+04 0.000000000000000000e+00
1.028000000000000000e+04 0.000000000000000000e+00
1.029000000000000000e+04 0.000000000000000000e+00
1.030000000000000000e+04 0.000000000000000000e+00
1.031000000000000000e+04 0.000000000000000000e+00
1.032000000000000000e+04 0.000000000000000000e+00
1.033000000000000000e+04 0.000000000000000000e+00
1.034000000000000000e+04 0.000000000000000000e+00
1.035000000000000000e+04 0.000000000000000000e+00
1.036000000000000000e+04 0.000000000000000000e+00
1.037000000000000000e+04 0.000000000000000000e+00
1.038000000000000000e+04 0.000000000000000000e+00
1.039000000000000000e+04 0.000000000000000000e+00
1.040000000000000000e+04 0.000000000000000000e+00
1.041000000000000000e+04 0.000000000000000000e+00
1.042000000000000000e+04 0.000000000000000000e+00
1.043000000000000000e+04 0.000000000000000000e+00
1.044000000000000000e+04 0.000000000000000000e+00
1.045000000000000000e+04 0.000000000000000000e+00
1.046000000000000000e+04 0.000000000000000000e+00
1.047000000000000000e+04 0.000000000000000000e+00
1.048000000000000000e+04 0.000000000000000000e+00
1.049000000000000000e+04 0.000000000000000000e+00
1.050000000000000000e+04 0.000000000000000000e+00
1.051000000000000000e+04 0.000000000000000000e+00
1.052000000000000000e+04 0.000000000000000000e+00
1.053000000000000000e+04 0.000000000000000000e+00
1.054000000000000000e+04 0.000000000000000000e+00
1.055000000000000000e+04 0.000000000000000000e+00
1.056000000000000000e+04 0.000000000000000000e+00
1.057000000000000000e+04 0.000000000000000000e+00
1.058000000000000000e+04 0.000000000000000000e+00
1.059000000000000000e+04 0.000000000000000000e+00
1.060000000000000000e+04 0.000000000000000000e+00
1.061000000000000000e+04 0.000000000000000000e+00
1.062000000000000000e+04 0.000000000000000000e+00
1.063000000000000000e+04 0.000000000000000000e+00
1.064000000000000000e+04 0.000000000000000000e+00
1.065000000000000000e+04 0.000000000000000000e+00
1.066000000000000000e+04 0.000000000000000000e+00
1.067000000000000000e+04 0.000000000000000000e+00
1.068000000000000000e+04 0.000000000000000000e+00
1.069000000000000000e+04 0.000000000000000000e+00
1.070000000000000000e+04 0.000000000000000000e+00
1.071000000000000000e+04 0.000000000000000000e+00
1.072000000000000000e+04 0.000000000000000000e+00
1.073000000000000000e+04 0.000000000000000000e+00
1.074000000000000000e+04 0.000000000000000000e+00
1.075000000000000000e+04 0.000000000000000000e+00
1.076000000000000000e+04 0.000000000000000000e+00
1.077000000000000000e+04 0.000000000000000000e+00
1.078000000000000000e+04 0.000000000000000000e+00
1.079000000000000000e+04 0.000000000000000000e+00
1.080000000000000000e+04 0.000000000000000000e+00
1.081000000000000000e+04 0.000000000000000000e+00
1.082000000000000000e+04 0.000000000000000000e+00
1.083000000000000000e+04 0.000000000000000000e+00
1.084000000000000000e+04 0.000000000000000000e+00
1.085000000000000000e+04 0.000000000000000000e+00
1.086000000000000000e+04 0.000000000000000000e+00
1.087000000000000000e+04 0.000000000000000000e+00
1.088000000000000000e+04 0.000000000000000000e+00
1.089000000000000000e+04 0.000000000000000000e+00
1.090000000000000000e+04 0.000000000000000000e+00
1.091000000000000000e+04 0.000000000000000000e+00
1.092000000000000000e+04 0.000000000000000000e+00
1.093000000000000000e+04 0.000000000000000000e+00
1.094000000000000000e+04 0.000000000000000000e+00
1.095000000000000000e+04 0.000000000000000000e+00
1.096000000000000000e+04 0.000000000000000000e+00
1.097000000000000000e+04 0.000000000000000000e+00
1.098000000000000000e+04 0.000000000000000000e+00
1.099000000000000000e+04 0.000000000000000000e+00
1.100000000000000000e+04 0.000000000000000000e+00
