3.200000000000000000e+03 2.373669619999999851e-08
3.210000000000000000e+03 1.577744430000000127e-07
3.220000000000000000e+03 9.085547549999999568e-07
3.230000000000000000e+03 4.780723309999999880e-06
3.240000000000000000e+03 2.394280710000000131e-05
3.250000000000000000e+03 1.036482760000000027e-04
3.260000000000000000e+03 3.722805339999999872e-04
3.270000000000000000e+03 1.093818430000000107e-03
3.280000000000000000e+03 2.651746420000000021e-03
3.290000000000000000e+03 5.450981950000000249e-03
3.300000000000000000e+03 9.768754719999999878e-03
3.310000000000000000e+03 1.562758549999999913e-02
3.320000000000000000e+03 2.277412330000000082e-02
3.330000000000000000e+03 3.076132939999999885e-02
3.340000000000000000e+03 3.936170919999999740e-02
3.350000000000000000e+03 4.810515910000000284e-02
3.360000000000000000e+03 5.659746189999999982e-02
3.370000000000000000e+03 6.486522840000000234e-02
3.380000000000000000e+03 7.259984649999999540e-02
3.390000000000000000e+03 7.997990350000000470e-02
3.400000000000000000e+03 8.688374150000000018e-02
3.410000000000000000e+03 9.348921139999999408e-02
3.420000000000000000e+03 9.950981979999999616e-02
3.430000000000000000e+03 1.048213320000000032e-01
3.440000000000000000e+03 1.095677349999999994e-01
3.450000000000000000e+03 1.138447870000000028e-01
3.460000000000000000e+03 1.173222460000000050e-01
3.470000000000000000e+03 1.202480350000000031e-01
3.480000000000000000e+03 1.226164780000000010e-01
3.490000000000000000e+03 1.244813619999999982e-01
3.500000000000000000e+03 1.259100680000000139e-01
3.510000000000000000e+03 1.268738540000000081e-01
3.520000000000000000e+03 1.273496279999999925e-01
3.530000000000000000e+03 1.274442440000000121e-01
3.540000000000000000e+03 1.274271590000000121e-01
3.550000000000000000e+03 1.269916490000000120e-01
3.560000000000000000e+03 1.262940509999999905e-01
3.570000000000000000e+03 1.252459969999999978e-01
3.580000000000000000e+03 1.242298119999999950e-01
3.590000000000000000e+03 1.228478219999999954e-01
3.600000000000000000e+03 1.214425110000000030e-01
3.610000000000000000e+03 1.200780609999999998e-01
3.620000000000000000e+03 1.184158960000000066e-01
3.630000000000000000e+03 1.170820520000000059e-01
3.640000000000000000e+03 1.156027439999999934e-01
3.650000000000000000e+03 1.143200179999999955e-01
3.660000000000000000e+03 1.130986799999999931e-01
3.670000000000000000e+03 1.118373480000000031e-01
3.680000000000000000e+03 1.108971660000000053e-01
3.690000000000000000e+03 1.101376339999999981e-01
3.700000000000000000e+03 1.093490450000000058e-01
3.710000000000000000e+03 1.089930100000000013e-01
3.720000000000000000e+03 1.085283600000000043e-01
3.730000000000000000e+03 1.082295380000000001e-01
3.740000000000000000e+03 1.081802300000000022e-01
3.750000000000000000e+03 1.084509619999999980e-01
3.760000000000000000e+03 1.091080579999999939e-01
3.770000000000000000e+03 1.099895320000000010e-01
3.780000000000000000e+03 1.112626580000000004e-01
3.790000000000000000e+03 1.134094969999999980e-01
3.800000000000000000e+03 1.162931950000000020e-01
3.810000000000000000e+03 1.200580720000000018e-01
3.820000000000000000e+03 1.250047589999999931e-01
3.830000000000000000e+03 1.309010859999999998e-01
3.840000000000000000e+03 1.380264989999999969e-01
3.850000000000000000e+03 1.462901139999999989e-01
3.860000000000000000e+03 1.559294790000000097e-01
3.870000000000000000e+03 1.666060219999999925e-01
3.880000000000000000e+03 1.783628740000000046e-01
3.890000000000000000e+03 1.911680050000000020e-01
3.900000000000000000e+03 2.046182870000000098e-01
3.910000000000000000e+03 2.186429410000000073e-01
3.920000000000000000e+03 2.332418810000000120e-01
3.930000000000000000e+03 2.477573690000000051e-01
3.940000000000000000e+03 2.624497809999999931e-01
3.950000000000000000e+03 2.765615949999999934e-01
3.960000000000000000e+03 2.904844690000000229e-01
3.970000000000000000e+03 3.037868440000000003e-01
3.980000000000000000e+03 3.164443399999999906e-01
3.990000000000000000e+03 3.290363199999999932e-01
4.000000000000000000e+03 3.408477699999999944e-01
4.010000000000000000e+03 3.517275599999999947e-01
4.020000000000000000e+03 3.625233740000000093e-01
4.030000000000000000e+03 3.733952930000000170e-01
4.040000000000000000e+03 3.831686999999999732e-01
4.050000000000000000e+03 3.924873460000000147e-01
4.060000000000000000e+03 4.017062470000000163e-01
4.070000000000000000e+03 4.100804940000000176e-01
4.080000000000000000e+03 4.181113830000000031e-01
4.090000000000000000e+03 4.258977509999999911e-01
4.100000000000000000e+03 4.332358889999999851e-01
4.110000000000000000e+03 4.407136660000000039e-01
4.120000000000000000e+03 4.478976080000000026e-01
4.130000000000000000e+03 4.543247109999999922e-01
4.140000000000000000e+03 4.603131580000000000e-01
4.150000000000000000e+03 4.664195449999999910e-01
4.160000000000000000e+03 4.722454680000000016e-01
4.170000000000000000e+03 4.777865669999999954e-01
4.180000000000000000e+03 4.832128849999999809e-01
4.190000000000000000e+03 4.881546840000000054e-01
4.200000000000000000e+03 4.929151860000000052e-01
4.210000000000000000e+03 4.976079620000000148e-01
4.220000000000000000e+03 5.019414610000000332e-01
4.230000000000000000e+03 5.066158979999999534e-01
4.240000000000000000e+03 5.106554039999999794e-01
4.250000000000000000e+03 5.142303580000000540e-01
4.260000000000000000e+03 5.181675989999999787e-01
4.270000000000000000e+03 5.222318510000000247e-01
4.280000000000000000e+03 5.258840219999999510e-01
4.290000000000000000e+03 5.291725919999999972e-01
4.300000000000000000e+03 5.325060550000000337e-01
4.310000000000000000e+03 5.355577120000000191e-01
4.320000000000000000e+03 5.385169250000000352e-01
4.330000000000000000e+03 5.417102000000000306e-01
4.340000000000000000e+03 5.448068430000000406e-01
4.350000000000000000e+03 5.479202990000000550e-01
4.360000000000000000e+03 5.507378130000000205e-01
4.370000000000000000e+03 5.528492790000000268e-01
4.380000000000000000e+03 5.552403059999999613e-01
4.390000000000000000e+03 5.576255549999999950e-01
4.400000000000000000e+03 5.601210420000000134e-01
4.410000000000000000e+03 5.625175580000000286e-01
4.420000000000000000e+03 5.649556500000000314e-01
4.430000000000000000e+03 5.674675230000000292e-01
4.440000000000000000e+03 5.696985190000000143e-01
4.450000000000000000e+03 5.720387980000000150e-01
4.460000000000000000e+03 5.740153569999999483e-01
4.470000000000000000e+03 5.757285109999999984e-01
4.480000000000000000e+03 5.779407760000000449e-01
4.490000000000000000e+03 5.802493349999999772e-01
4.500000000000000000e+03 5.818716699999999520e-01
4.510000000000000000e+03 5.833936889999999931e-01
4.520000000000000000e+03 5.856279549999999778e-01
4.530000000000000000e+03 5.874935000000000018e-01
4.540000000000000000e+03 5.890251290000000362e-01
4.550000000000000000e+03 5.908518209999999993e-01
4.560000000000000000e+03 5.926393779999999945e-01
4.570000000000000000e+03 5.940159000000000411e-01
4.580000000000000000e+03 5.955688470000000123e-01
4.590000000000000000e+03 5.973922600000000083e-01
4.600000000000000000e+03 5.989213559999999603e-01
4.610000000000000000e+03 6.004671120000000251e-01
4.620000000000000000e+03 6.018727750000000265e-01
4.630000000000000000e+03 6.030668310000000254e-01
4.640000000000000000e+03 6.045048309999999647e-01
4.650000000000000000e+03 6.062938190000000116e-01
4.660000000000000000e+03 6.078594609999999898e-01
4.670000000000000000e+03 6.088469349999999780e-01
4.680000000000000000e+03 6.098853690000000105e-01
4.690000000000000000e+03 6.115452670000000035e-01
4.700000000000000000e+03 6.127434010000000209e-01
4.710000000000000000e+03 6.137003180000000224e-01
4.720000000000000000e+03 6.153809869999999904e-01
4.730000000000000000e+03 6.167490110000000136e-01
4.740000000000000000e+03 6.176888560000000084e-01
4.750000000000000000e+03 6.187850599999999979e-01
4.760000000000000000e+03 6.201926850000000213e-01
4.770000000000000000e+03 6.217169540000000438e-01
4.780000000000000000e+03 6.228866299999999967e-01
4.790000000000000000e+03 6.236704339999999958e-01
4.800000000000000000e+03 6.244562729999999506e-01
4.810000000000000000e+03 6.261432409999999615e-01
4.820000000000000000e+03 6.268928969999999490e-01
4.830000000000000000e+03 6.273269339999999472e-01
4.840000000000000000e+03 6.281873719999999661e-01
4.850000000000000000e+03 6.294163940000000457e-01
4.860000000000000000e+03 6.306289280000000330e-01
4.870000000000000000e+03 6.318281350000000129e-01
4.880000000000000000e+03 6.327229100000000273e-01
4.890000000000000000e+03 6.336162509999999637e-01
4.900000000000000000e+03 6.345920539999999610e-01
4.910000000000000000e+03 6.354348589999999630e-01
4.920000000000000000e+03 6.359839670000000389e-01
4.930000000000000000e+03 6.368654409999999766e-01
4.940000000000000000e+03 6.380963990000000363e-01
4.950000000000000000e+03 6.396168829999999694e-01
4.960000000000000000e+03 6.405458360000000351e-01
4.970000000000000000e+03 6.413484090000000082e-01
4.980000000000000000e+03 6.421082150000000377e-01
4.990000000000000000e+03 6.423512529999999554e-01
5.000000000000000000e+03 6.428768679999999902e-01
5.010000000000000000e+03 6.438086280000000494e-01
5.020000000000000000e+03 6.453255540000000234e-01
5.030000000000000000e+03 6.459056260000000105e-01
5.040000000000000000e+03 6.464673610000000181e-01
5.050000000000000000e+03 6.474280679999999677e-01
5.060000000000000000e+03 6.482420740000000015e-01
5.070000000000000000e+03 6.494377510000000076e-01
5.080000000000000000e+03 6.500167040000000007e-01
5.090000000000000000e+03 6.502374939999999715e-01
5.100000000000000000e+03 6.513842739999999853e-01
5.110000000000000000e+03 6.525584869999999649e-01
5.120000000000000000e+03 6.531077180000000038e-01
5.130000000000000000e+03 6.531930919999999752e-01
5.140000000000000000e+03 6.545769510000000180e-01
5.150000000000000000e+03 6.553530770000000061e-01
5.160000000000000000e+03 6.557400289999999465e-01
5.170000000000000000e+03 6.563664590000000132e-01
5.180000000000000000e+03 6.568677539999999704e-01
5.190000000000000000e+03 6.578564999999999552e-01
5.200000000000000000e+03 6.592342850000000309e-01
5.210000000000000000e+03 6.601482410000000245e-01
5.220000000000000000e+03 6.606199999999999850e-01
5.230000000000000000e+03 6.609552819999999773e-01
5.240000000000000000e+03 6.616228790000000526e-01
5.250000000000000000e+03 6.625403460000000022e-01
5.260000000000000000e+03 6.631655239999999507e-01
5.270000000000000000e+03 6.637955290000000508e-01
5.280000000000000000e+03 6.643356780000000406e-01
5.290000000000000000e+03 6.647348939999999651e-01
5.300000000000000000e+03 6.651808529999999609e-01
5.310000000000000000e+03 6.662681230000000454e-01
5.320000000000000000e+03 6.672085570000000354e-01
5.330000000000000000e+03 6.681461720000000382e-01
5.340000000000000000e+03 6.691454770000000440e-01
5.350000000000000000e+03 6.693708699999999512e-01
5.360000000000000000e+03 6.698932869999999484e-01
5.370000000000000000e+03 6.703370339999999983e-01
5.380000000000000000e+03 6.708845940000000008e-01
5.390000000000000000e+03 6.717599170000000397e-01
5.400000000000000000e+03 6.726241750000000463e-01
5.410000000000000000e+03 6.732338070000000174e-01
5.420000000000000000e+03 6.736991060000000475e-01
5.430000000000000000e+03 6.737625459999999622e-01
5.440000000000000000e+03 6.739457519999999535e-01
5.450000000000000000e+03 6.746010860000000164e-01
5.460000000000000000e+03 6.756951420000000263e-01
5.470000000000000000e+03 6.767610739999999625e-01
5.480000000000000000e+03 6.769938559999999494e-01
5.490000000000000000e+03 6.773748459999999749e-01
5.500000000000000000e+03 6.778926859999999666e-01
5.510000000000000000e+03 6.781165930000000452e-01
5.520000000000000000e+03 6.783099940000000272e-01
5.530000000000000000e+03 6.797983189999999842e-01
5.540000000000000000e+03 6.805934780000000295e-01
5.550000000000000000e+03 6.809121999999999675e-01
5.560000000000000000e+03 6.814467939999999668e-01
5.570000000000000000e+03 6.819450510000000243e-01
5.580000000000000000e+03 6.822345029999999921e-01
5.590000000000000000e+03 6.824894529999999682e-01
5.600000000000000000e+03 6.833728300000000422e-01
5.610000000000000000e+03 6.835726699999999934e-01
5.620000000000000000e+03 6.844909420000000466e-01
5.630000000000000000e+03 6.848285299999999909e-01
5.640000000000000000e+03 6.855095329999999487e-01
5.650000000000000000e+03 6.859671619999999637e-01
5.660000000000000000e+03 6.862766810000000550e-01
5.670000000000000000e+03 6.871715889999999716e-01
5.680000000000000000e+03 6.876401349999999857e-01
5.690000000000000000e+03 6.873858299999999755e-01
5.700000000000000000e+03 6.882185880000000200e-01
5.710000000000000000e+03 6.882761109999999682e-01
5.720000000000000000e+03 6.886609259999999511e-01
5.730000000000000000e+03 6.890918639999999984e-01
5.740000000000000000e+03 6.899514410000000542e-01
5.750000000000000000e+03 6.901156170000000145e-01
5.760000000000000000e+03 6.905451040000000207e-01
5.770000000000000000e+03 6.911009649999999560e-01
5.780000000000000000e+03 6.922069060000000107e-01
5.790000000000000000e+03 6.923985559999999984e-01
5.800000000000000000e+03 6.929092439999999797e-01
5.810000000000000000e+03 6.938088759999999633e-01
5.820000000000000000e+03 6.938565429999999923e-01
5.830000000000000000e+03 6.948106120000000496e-01
5.840000000000000000e+03 6.949636139999999518e-01
5.850000000000000000e+03 6.950486209999999776e-01
5.860000000000000000e+03 6.949079460000000541e-01
5.870000000000000000e+03 6.962124079999999493e-01
5.880000000000000000e+03 6.967588390000000187e-01
5.890000000000000000e+03 6.976784940000000379e-01
5.900000000000000000e+03 6.983603139999999820e-01
5.910000000000000000e+03 6.980971550000000247e-01
5.920000000000000000e+03 6.975357349999999901e-01
5.930000000000000000e+03 6.986711730000000342e-01
5.940000000000000000e+03 6.991296820000000301e-01
5.950000000000000000e+03 6.996488039999999575e-01
5.960000000000000000e+03 7.009197959999999838e-01
5.970000000000000000e+03 7.004759390000000474e-01
5.980000000000000000e+03 7.008331599999999550e-01
5.990000000000000000e+03 7.007853290000000124e-01
6.000000000000000000e+03 7.012813639999999626e-01
6.010000000000000000e+03 7.029787629999999510e-01
6.020000000000000000e+03 7.025614230000000182e-01
6.030000000000000000e+03 7.029037190000000379e-01
6.040000000000000000e+03 7.037306319999999671e-01
6.050000000000000000e+03 7.036299809999999599e-01
6.060000000000000000e+03 7.041147100000000325e-01
6.070000000000000000e+03 7.041797579999999890e-01
6.080000000000000000e+03 7.050224109999999600e-01
6.090000000000000000e+03 7.056770100000000490e-01
6.100000000000000000e+03 7.059263919999999581e-01
6.110000000000000000e+03 7.068556339999999549e-01
6.120000000000000000e+03 7.067063070000000335e-01
6.130000000000000000e+03 7.073296999999999501e-01
6.140000000000000000e+03 7.076922220000000374e-01
6.150000000000000000e+03 7.083720719999999638e-01
6.160000000000000000e+03 7.088073350000000383e-01
6.170000000000000000e+03 7.089178130000000078e-01
6.180000000000000000e+03 7.085204259999999810e-01
6.190000000000000000e+03 7.092311820000000155e-01
6.200000000000000000e+03 7.099457609999999530e-01
6.210000000000000000e+03 7.103132330000000438e-01
6.220000000000000000e+03 7.113361320000000099e-01
6.230000000000000000e+03 7.109195139999999746e-01
6.240000000000000000e+03 7.104000409999999821e-01
6.250000000000000000e+03 7.108697040000000467e-01
6.260000000000000000e+03 7.111968910000000532e-01
6.270000000000000000e+03 7.118078129999999559e-01
6.280000000000000000e+03 7.119046740000000151e-01
6.290000000000000000e+03 7.124011279999999946e-01
6.300000000000000000e+03 7.122865569999999869e-01
6.310000000000000000e+03 7.128518799999999933e-01
6.320000000000000000e+03 7.137713180000000435e-01
6.330000000000000000e+03 7.136916450000000411e-01
6.340000000000000000e+03 7.138683460000000425e-01
6.350000000000000000e+03 7.136977450000000500e-01
6.360000000000000000e+03 7.144929989999999620e-01
6.370000000000000000e+03 7.146780769999999672e-01
6.380000000000000000e+03 7.153887540000000156e-01
6.390000000000000000e+03 7.149214560000000107e-01
6.400000000000000000e+03 7.149002150000000055e-01
6.410000000000000000e+03 7.150246550000000090e-01
6.420000000000000000e+03 7.156729969999999774e-01
6.430000000000000000e+03 7.160501409999999733e-01
6.440000000000000000e+03 7.160296729999999776e-01
6.450000000000000000e+03 7.156919670000000400e-01
6.460000000000000000e+03 7.158763849999999485e-01
6.470000000000000000e+03 7.169602259999999783e-01
6.480000000000000000e+03 7.168855899999999615e-01
6.490000000000000000e+03 7.163355860000000241e-01
6.500000000000000000e+03 7.168521960000000526e-01
6.510000000000000000e+03 7.171330439999999973e-01
6.520000000000000000e+03 7.172181930000000039e-01
6.530000000000000000e+03 7.174763370000000196e-01
6.540000000000000000e+03 7.173781449999999671e-01
6.550000000000000000e+03 7.170743189999999601e-01
6.560000000000000000e+03 7.173153399999999680e-01
6.570000000000000000e+03 7.171417879999999467e-01
6.580000000000000000e+03 7.177888040000000025e-01
6.590000000000000000e+03 7.174262780000000284e-01
6.600000000000000000e+03 7.180620229999999937e-01
6.610000000000000000e+03 7.178630609999999690e-01
6.620000000000000000e+03 7.179049990000000436e-01
6.630000000000000000e+03 7.173493359999999486e-01
6.640000000000000000e+03 7.175721830000000301e-01
6.650000000000000000e+03 7.178554750000000206e-01
6.660000000000000000e+03 7.183319190000000409e-01
6.670000000000000000e+03 7.185912570000000388e-01
6.680000000000000000e+03 7.183704340000000022e-01
6.690000000000000000e+03 7.179048190000000274e-01
6.700000000000000000e+03 7.174240170000000250e-01
6.710000000000000000e+03 7.178431600000000357e-01
6.720000000000000000e+03 7.171326559999999795e-01
6.730000000000000000e+03 7.180530569999999946e-01
6.740000000000000000e+03 7.178163159999999543e-01
6.750000000000000000e+03 7.174549829999999906e-01
6.760000000000000000e+03 7.168107630000000174e-01
6.770000000000000000e+03 7.166137299999999488e-01
6.780000000000000000e+03 7.167036799999999541e-01
6.790000000000000000e+03 7.168075470000000449e-01
6.800000000000000000e+03 7.164046990000000337e-01
6.810000000000000000e+03 7.160268159999999549e-01
6.820000000000000000e+03 7.154996019999999568e-01
6.830000000000000000e+03 7.151946380000000492e-01
6.840000000000000000e+03 7.148792640000000143e-01
6.850000000000000000e+03 7.147216079999999527e-01
6.860000000000000000e+03 7.144508750000000408e-01
6.870000000000000000e+03 7.140949399999999558e-01
6.880000000000000000e+03 7.137268439999999714e-01
6.890000000000000000e+03 7.139233189999999452e-01
6.900000000000000000e+03 7.130257420000000179e-01
6.910000000000000000e+03 7.130367229999999834e-01
6.920000000000000000e+03 7.135852539999999467e-01
6.930000000000000000e+03 7.117556219999999767e-01
6.940000000000000000e+03 7.120431170000000032e-01
6.950000000000000000e+03 7.111602289999999771e-01
6.960000000000000000e+03 7.110205769999999870e-01
6.970000000000000000e+03 7.105213479999999970e-01
6.980000000000000000e+03 7.099374059999999931e-01
6.990000000000000000e+03 7.100556599999999774e-01
7.000000000000000000e+03 7.094958580000000348e-01
7.010000000000000000e+03 7.090430399999999578e-01
7.020000000000000000e+03 7.071675160000000515e-01
7.030000000000000000e+03 7.064644549999999912e-01
7.040000000000000000e+03 7.067532189999999881e-01
7.050000000000000000e+03 7.063257849999999838e-01
7.060000000000000000e+03 7.059404419999999458e-01
7.070000000000000000e+03 7.047399290000000427e-01
7.080000000000000000e+03 7.035795089999999918e-01
7.090000000000000000e+03 7.027173119999999829e-01
7.100000000000000000e+03 7.023444760000000509e-01
7.110000000000000000e+03 7.018303059999999594e-01
7.120000000000000000e+03 7.011716700000000246e-01
7.130000000000000000e+03 7.003939179999999487e-01
7.140000000000000000e+03 6.998310570000000341e-01
7.150000000000000000e+03 6.984608270000000063e-01
7.160000000000000000e+03 6.978186429999999607e-01
7.170000000000000000e+03 6.971536160000000315e-01
7.180000000000000000e+03 6.957428879999999483e-01
7.190000000000000000e+03 6.947123109999999713e-01
7.200000000000000000e+03 6.948850810000000155e-01
7.210000000000000000e+03 6.928855729999999769e-01
7.220000000000000000e+03 6.917111040000000211e-01
7.230000000000000000e+03 6.903531950000000306e-01
7.240000000000000000e+03 6.904064450000000353e-01
7.250000000000000000e+03 6.887490130000000210e-01
7.260000000000000000e+03 6.889449130000000476e-01
7.270000000000000000e+03 6.874075720000000222e-01
7.280000000000000000e+03 6.854889010000000393e-01
7.290000000000000000e+03 6.843780640000000082e-01
7.300000000000000000e+03 6.828632310000000150e-01
7.310000000000000000e+03 6.825076410000000537e-01
7.320000000000000000e+03 6.811271829999999694e-01
7.330000000000000000e+03 6.802266099999999538e-01
7.340000000000000000e+03 6.790594389999999869e-01
7.350000000000000000e+03 6.777567599999999581e-01
7.360000000000000000e+03 6.757397769999999859e-01
7.370000000000000000e+03 6.741268360000000071e-01
7.380000000000000000e+03 6.733321110000000109e-01
7.390000000000000000e+03 6.723892449999999688e-01
7.400000000000000000e+03 6.708808229999999595e-01
7.410000000000000000e+03 6.689805199999999674e-01
7.420000000000000000e+03 6.672435319999999725e-01
7.430000000000000000e+03 6.659839570000000153e-01
7.440000000000000000e+03 6.640465429999999891e-01
7.450000000000000000e+03 6.628673059999999895e-01
7.460000000000000000e+03 6.606933050000000085e-01
7.470000000000000000e+03 6.590141510000000480e-01
7.480000000000000000e+03 6.581983240000000013e-01
7.490000000000000000e+03 6.564077600000000068e-01
7.500000000000000000e+03 6.543755359999999799e-01
7.510000000000000000e+03 6.529569189999999690e-01
7.520000000000000000e+03 6.516262699999999519e-01
7.530000000000000000e+03 6.490322929999999824e-01
7.540000000000000000e+03 6.471505440000000497e-01
7.550000000000000000e+03 6.462316649999999552e-01
7.560000000000000000e+03 6.443011610000000111e-01
7.570000000000000000e+03 6.425919009999999654e-01
7.580000000000000000e+03 6.405252689999999527e-01
7.590000000000000000e+03 6.388598810000000183e-01
7.600000000000000000e+03 6.361059550000000007e-01
7.610000000000000000e+03 6.343439020000000150e-01
7.620000000000000000e+03 6.328960959999999636e-01
7.630000000000000000e+03 6.309766839999999544e-01
7.640000000000000000e+03 6.292964210000000502e-01
7.650000000000000000e+03 6.273037439999999965e-01
7.660000000000000000e+03 6.250306799999999496e-01
7.670000000000000000e+03 6.222272909999999602e-01
7.680000000000000000e+03 6.209118609999999538e-01
7.690000000000000000e+03 6.178739549999999747e-01
7.700000000000000000e+03 6.155014570000000296e-01
7.710000000000000000e+03 6.138408260000000061e-01
7.720000000000000000e+03 6.113546439999999471e-01
7.730000000000000000e+03 6.090685230000000283e-01
7.740000000000000000e+03 6.074798099999999534e-01
7.750000000000000000e+03 6.050894559999999700e-01
7.760000000000000000e+03 6.026363959999999631e-01
7.770000000000000000e+03 5.994574870000000111e-01
7.780000000000000000e+03 5.975414449999999489e-01
7.790000000000000000e+03 5.959294480000000283e-01
7.800000000000000000e+03 5.923999760000000503e-01
7.810000000000000000e+03 5.899229280000000131e-01
7.820000000000000000e+03 5.884989320000000301e-01
7.830000000000000000e+03 5.861778669999999636e-01
7.840000000000000000e+03 5.827393830000000552e-01
7.850000000000000000e+03 5.799415380000000342e-01
7.860000000000000000e+03 5.775154409999999627e-01
7.870000000000000000e+03 5.749418689999999943e-01
7.880000000000000000e+03 5.725731899999999541e-01
7.890000000000000000e+03 5.702671590000000235e-01
7.900000000000000000e+03 5.674025529999999762e-01
7.910000000000000000e+03 5.648467369999999876e-01
7.920000000000000000e+03 5.625910100000000025e-01
7.930000000000000000e+03 5.601257630000000542e-01
7.940000000000000000e+03 5.571000289999999966e-01
7.950000000000000000e+03 5.539108130000000019e-01
7.960000000000000000e+03 5.511997499999999883e-01
7.970000000000000000e+03 5.484557140000000386e-01
7.980000000000000000e+03 5.459326110000000121e-01
7.990000000000000000e+03 5.427216489999999727e-01
8.000000000000000000e+03 5.395836160000000437e-01
8.010000000000000000e+03 5.364767599999999970e-01
8.020000000000000000e+03 5.338627889999999487e-01
8.030000000000000000e+03 5.314363260000000144e-01
8.040000000000000000e+03 5.284038800000000480e-01
8.050000000000000000e+03 5.251229120000000528e-01
8.060000000000000000e+03 5.217780730000000089e-01
8.070000000000000000e+03 5.190677519999999934e-01
8.080000000000000000e+03 5.158401129999999890e-01
8.090000000000000000e+03 5.131866409999999989e-01
8.100000000000000000e+03 5.100922279999999809e-01
8.110000000000000000e+03 5.073823870000000458e-01
8.120000000000000000e+03 5.038855559999999567e-01
8.130000000000000000e+03 5.021155899999999450e-01
8.140000000000000000e+03 4.992241069999999725e-01
8.150000000000000000e+03 4.959715100000000043e-01
8.160000000000000000e+03 4.919964290000000129e-01
8.170000000000000000e+03 4.888237679999999918e-01
8.180000000000000000e+03 4.860457670000000174e-01
8.190000000000000000e+03 4.826889919999999834e-01
8.200000000000000000e+03 4.791253999999999791e-01
8.210000000000000000e+03 4.758973380000000031e-01
8.220000000000000000e+03 4.731426539999999958e-01
8.230000000000000000e+03 4.699075930000000123e-01
8.240000000000000000e+03 4.669193229999999972e-01
8.250000000000000000e+03 4.632327019999999962e-01
8.260000000000000000e+03 4.598846309999999882e-01
8.270000000000000000e+03 4.568891130000000134e-01
8.280000000000000000e+03 4.533469509999999980e-01
8.290000000000000000e+03 4.500457800000000064e-01
8.300000000000000000e+03 4.473938330000000185e-01
8.310000000000000000e+03 4.443098070000000011e-01
8.320000000000000000e+03 4.410859389999999824e-01
8.330000000000000000e+03 4.380008830000000075e-01
8.340000000000000000e+03 4.351055369999999867e-01
8.350000000000000000e+03 4.321218090000000234e-01
8.360000000000000000e+03 4.286208610000000196e-01
8.370000000000000000e+03 4.244826529999999876e-01
8.380000000000000000e+03 4.210665789999999964e-01
8.390000000000000000e+03 4.180411660000000196e-01
8.400000000000000000e+03 4.147849049999999815e-01
8.410000000000000000e+03 4.109855090000000266e-01
8.420000000000000000e+03 4.076264669999999923e-01
8.430000000000000000e+03 4.046487260000000141e-01
8.440000000000000000e+03 4.025252870000000094e-01
8.450000000000000000e+03 3.985215650000000220e-01
8.460000000000000000e+03 3.944183350000000088e-01
8.470000000000000000e+03 3.907563270000000144e-01
8.480000000000000000e+03 3.873209690000000149e-01
8.490000000000000000e+03 3.841825750000000261e-01
8.500000000000000000e+03 3.803519100000000153e-01
8.510000000000000000e+03 3.771770899999999926e-01
8.520000000000000000e+03 3.740201269999999800e-01
8.530000000000000000e+03 3.701485829999999755e-01
8.540000000000000000e+03 3.669963179999999880e-01
8.550000000000000000e+03 3.641352660000000130e-01
8.560000000000000000e+03 3.608499310000000126e-01
8.570000000000000000e+03 3.578841730000000276e-01
8.580000000000000000e+03 3.539108759999999854e-01
8.590000000000000000e+03 3.498878009999999983e-01
8.600000000000000000e+03 3.472637470000000115e-01
8.610000000000000000e+03 3.435701509999999903e-01
8.620000000000000000e+03 3.410205159999999958e-01
8.630000000000000000e+03 3.378725040000000179e-01
8.640000000000000000e+03 3.341471919999999818e-01
8.650000000000000000e+03 3.301354080000000191e-01
8.660000000000000000e+03 3.274890429999999797e-01
8.670000000000000000e+03 3.236444769999999860e-01
8.680000000000000000e+03 3.189442730000000004e-01
8.690000000000000000e+03 3.168433909999999742e-01
8.700000000000000000e+03 3.139950719999999862e-01
8.710000000000000000e+03 3.101842850000000040e-01
8.720000000000000000e+03 3.067936740000000162e-01
8.730000000000000000e+03 3.047392580000000128e-01
8.740000000000000000e+03 3.015088369999999740e-01
8.750000000000000000e+03 2.978234000000000159e-01
8.760000000000000000e+03 2.947446630000000178e-01
8.770000000000000000e+03 2.912363110000000255e-01
8.780000000000000000e+03 2.877491079999999757e-01
8.790000000000000000e+03 2.838984419999999731e-01
8.800000000000000000e+03 2.804916840000000189e-01
8.810000000000000000e+03 2.777530349999999815e-01
8.820000000000000000e+03 2.748838310000000229e-01
8.830000000000000000e+03 2.714229859999999772e-01
8.840000000000000000e+03 2.678566270000000138e-01
8.850000000000000000e+03 2.646067520000000006e-01
8.860000000000000000e+03 2.614556740000000268e-01
8.870000000000000000e+03 2.586012670000000235e-01
8.880000000000000000e+03 2.560503900000000166e-01
8.890000000000000000e+03 2.527644680000000199e-01
8.900000000000000000e+03 2.494709410000000016e-01
8.910000000000000000e+03 2.461645779999999950e-01
8.920000000000000000e+03 2.426958110000000113e-01
8.930000000000000000e+03 2.394750170000000122e-01
8.940000000000000000e+03 2.369286519999999896e-01
8.950000000000000000e+03 2.336267130000000136e-01
8.960000000000000000e+03 2.306195540000000044e-01
8.970000000000000000e+03 2.278960489999999894e-01
8.980000000000000000e+03 2.245875999999999983e-01
8.990000000000000000e+03 2.211767590000000006e-01
9.000000000000000000e+03 2.183148769999999905e-01
9.010000000000000000e+03 2.154863949999999972e-01
9.020000000000000000e+03 2.124625529999999984e-01
9.030000000000000000e+03 2.093510580000000065e-01
9.040000000000000000e+03 2.065260220000000035e-01
9.050000000000000000e+03 2.036209569999999913e-01
9.060000000000000000e+03 2.009062249999999938e-01
9.070000000000000000e+03 1.978645330000000091e-01
9.080000000000000000e+03 1.950532209999999989e-01
9.090000000000000000e+03 1.925525899999999957e-01
9.100000000000000000e+03 1.895781089999999947e-01
9.110000000000000000e+03 1.864092220000000133e-01
9.120000000000000000e+03 1.834060180000000040e-01
9.130000000000000000e+03 1.806976399999999927e-01
9.140000000000000000e+03 1.782734970000000030e-01
9.150000000000000000e+03 1.756772219999999940e-01
9.160000000000000000e+03 1.729969550000000078e-01
9.170000000000000000e+03 1.703469039999999934e-01
9.180000000000000000e+03 1.673752089999999970e-01
9.190000000000000000e+03 1.645136150000000019e-01
9.200000000000000000e+03 1.620720870000000036e-01
9.210000000000000000e+03 1.595803889999999892e-01
9.220000000000000000e+03 1.568517279999999958e-01
9.230000000000000000e+03 1.542591289999999948e-01
9.240000000000000000e+03 1.516708190000000123e-01
9.250000000000000000e+03 1.490219819999999973e-01
9.260000000000000000e+03 1.463660870000000058e-01
9.270000000000000000e+03 1.439853769999999977e-01
9.280000000000000000e+03 1.416308259999999875e-01
9.290000000000000000e+03 1.393684309999999871e-01
9.300000000000000000e+03 1.371192960000000016e-01
9.310000000000000000e+03 1.345316229999999891e-01
9.320000000000000000e+03 1.321452379999999982e-01
9.330000000000000000e+03 1.298185239999999907e-01
9.340000000000000000e+03 1.274754369999999970e-01
9.350000000000000000e+03 1.251254760000000132e-01
9.360000000000000000e+03 1.229375679999999971e-01
9.370000000000000000e+03 1.207117979999999952e-01
9.380000000000000000e+03 1.183143450000000013e-01
9.390000000000000000e+03 1.160187970000000068e-01
9.400000000000000000e+03 1.137586220000000037e-01
9.410000000000000000e+03 1.116935319999999981e-01
9.420000000000000000e+03 1.096159059999999991e-01
9.430000000000000000e+03 1.074026559999999991e-01
9.440000000000000000e+03 1.053746470000000018e-01
9.450000000000000000e+03 1.032394559999999933e-01
9.460000000000000000e+03 1.010619299999999943e-01
9.470000000000000000e+03 9.901794580000000678e-02
9.480000000000000000e+03 9.708767229999999693e-02
9.490000000000000000e+03 9.509855820000000237e-02
9.500000000000000000e+03 9.318913819999999348e-02
9.510000000000000000e+03 9.129314560000000023e-02
9.520000000000000000e+03 8.953653740000000472e-02
9.530000000000000000e+03 8.764068680000000611e-02
9.540000000000000000e+03 8.582600890000000038e-02
9.550000000000000000e+03 8.389643099999999354e-02
9.560000000000000000e+03 8.180115799999999882e-02
9.570000000000000000e+03 8.012607219999999530e-02
9.580000000000000000e+03 7.849050759999999516e-02
9.590000000000000000e+03 7.675712410000000430e-02
9.600000000000000000e+03 7.498328499999999674e-02
9.610000000000000000e+03 7.320333660000000187e-02
9.620000000000000000e+03 7.142719259999999459e-02
9.630000000000000000e+03 6.973842980000000136e-02
9.640000000000000000e+03 6.810548180000000618e-02
9.650000000000000000e+03 6.656210780000000604e-02
9.660000000000000000e+03 6.505667739999999866e-02
9.670000000000000000e+03 6.353665490000000304e-02
9.680000000000000000e+03 6.194145160000000261e-02
9.690000000000000000e+03 6.034441339999999793e-02
9.700000000000000000e+03 5.881949699999999837e-02
9.710000000000000000e+03 5.728424909999999676e-02
9.720000000000000000e+03 5.583200869999999788e-02
9.730000000000000000e+03 5.447312559999999831e-02
9.740000000000000000e+03 5.318924340000000250e-02
9.750000000000000000e+03 5.188192760000000237e-02
9.760000000000000000e+03 5.049600130000000270e-02
9.770000000000000000e+03 4.910435180000000122e-02
9.780000000000000000e+03 4.773972419999999994e-02
9.790000000000000000e+03 4.642904070000000022e-02
9.800000000000000000e+03 4.515231859999999792e-02
9.810000000000000000e+03 4.395379359999999902e-02
9.820000000000000000e+03 4.278428640000000310e-02
9.830000000000000000e+03 4.160599759999999980e-02
9.840000000000000000e+03 4.044912839999999926e-02
9.850000000000000000e+03 3.931752649999999821e-02
9.860000000000000000e+03 3.812286720000000045e-02
9.870000000000000000e+03 3.700171549999999726e-02
9.880000000000000000e+03 3.588921199999999673e-02
9.890000000000000000e+03 3.486945040000000162e-02
9.900000000000000000e+03 3.386778029999999717e-02
9.910000000000000000e+03 3.285450250000000044e-02
9.920000000000000000e+03 3.186352239999999669e-02
9.930000000000000000e+03 3.085059579999999829e-02
9.940000000000000000e+03 2.984222619999999868e-02
9.950000000000000000e+03 2.886983140000000045e-02
9.960000000000000000e+03 2.790961670000000061e-02
9.970000000000000000e+03 2.701559120000000119e-02
9.980000000000000000e+03 2.618263800000000113e-02
9.990000000000000000e+03 2.537611890000000120e-02
1.000000000000000000e+04 2.453818829999999951e-02
1.001000000000000000e+04 2.369019169999999827e-02
1.002000000000000000e+04 2.286540410000000023e-02
1.003000000000000000e+04 2.206168769999999890e-02
1.004000000000000000e+04 2.127503819999999879e-02
1.005000000000000000e+04 2.053937299999999966e-02
1.006000000000000000e+04 1.982528169999999909e-02
1.007000000000000000e+04 1.913924649999999839e-02
1.008000000000000000e+04 1.846348869999999906e-02
1.009000000000000000e+04 1.779403469999999918e-02
1.010000000000000000e+04 1.710452989999999840e-02
1.011000000000000000e+04 1.644088850000000046e-02
1.012000000000000000e+04 1.579927940000000128e-02
1.013000000000000000e+04 1.518900840000000051e-02
1.014000000000000000e+04 1.460008320000000075e-02
1.015000000000000000e+04 1.404389909999999991e-02
1.016000000000000000e+04 1.351520600000000009e-02
1.017000000000000000e+04 1.298900780000000060e-02
1.018000000000000000e+04 1.243262669999999938e-02
1.019000000000000000e+04 1.191802699999999944e-02
1.020000000000000000e+04 1.139589230000000002e-02
1.021000000000000000e+04 1.091153899999999961e-02
1.022000000000000000e+04 1.045211069999999950e-02
1.023000000000000000e+04 1.001290179999999967e-02
1.024000000000000000e+04 9.590840919999999575e-03
1.025000000000000000e+04 9.193481220000000731e-03
1.026000000000000000e+04 8.790473519999999694e-03
1.027000000000000000e+04 8.381722960000000805e-03
1.028000000000000000e+04 7.988088429999999976e-03
1.029000000000000000e+04 7.615807770000000004e-03
1.030000000000000000e+04 7.251570560000000082e-03
1.031000000000000000e+04 6.916410329999999988e-03
1.032000000000000000e+04 6.590501480000000162e-03
1.033000000000000000e+04 6.281987769999999686e-03
1.034000000000000000e+04 5.978958559999999860e-03
1.035000000000000000e+04 5.686050689999999630e-03
1.036000000000000000e+04 5.406031940000000091e-03
1.037000000000000000e+04 5.128601489999999770e-03
1.038000000000000000e+04 4.863067250000000299e-03
1.039000000000000000e+04 4.607374659999999983e-03
1.040000000000000000e+04 4.367006219999999654e-03
1.041000000000000000e+04 4.136842309999999578e-03
1.042000000000000000e+04 3.914097769999999588e-03
1.043000000000000000e+04 3.704265329999999971e-03
1.044000000000000000e+04 3.497689280000000189e-03
1.045000000000000000e+04 3.297872419999999926e-03
1.046000000000000000e+04 3.101144619999999814e-03
1.047000000000000000e+04 2.911663619999999789e-03
1.048000000000000000e+04 2.737153630000000067e-03
1.049000000000000000e+04 2.571630059999999857e-03
1.050000000000000000e+04 2.412510479999999905e-03
1.051000000000000000e+04 0.000000000000000000e+00
1.052000000000000000e+04 0.000000000000000000e+00
1.053000000000000000e+04 0.000000000000000000e+00
1.054000000000000000e+04 0.000000000000000000e+00
1.055000000000000000e+04 0.000000000000000000e+00
1.056000000000000000e+04 0.000000000000000000e+00
1.057000000000000000e+04 0.000000000000000000e+00
1.058000000000000000e+04 0.000000000000000000e+00
1.059000000000000000e+04 0.000000000000000000e+00
1.060000000000000000e+04 0.000000000000000000e+00
1.061000000000000000e+04 0.000000000000000000e+00
1.062000000000000000e+04 0.000000000000000000e+00
1.063000000000000000e+04 0.000000000000000000e+00
1.064000000000000000e+04 0.000000000000000000e+00
1.065000000000000000e+04 0.000000000000000000e+00
1.066000000000000000e+04 0.000000000000000000e+00
1.067000000000000000e+04 0.000000000000000000e+00
1.068000000000000000e+04 0.000000000000000000e+00
1.069000000000000000e+04 0.000000000000000000e+00
1.070000000000000000e+04 0.000000000000000000e+00
1.071000000000000000e+04 0.000000000000000000e+00
1.072000000000000000e+04 0.000000000000000000e+00
1.073000000000000000e+04 0.000000000000000000e+00
1.074000000000000000e+04 0.000000000000000000e+00
1.075000000000000000e+04 0.000000000000000000e+00
1.076000000000000000e+04 0.000000000000000000e+00
1.077000000000000000e+04 0.000000000000000000e+00
1.078000000000000000e+04 0.000000000000000000e+00
1.079000000000000000e+04 0.000000000000000000e+00
1.080000000000000000e+04 0.000000000000000000e+00
1.081000000000000000e+04 0.000000000000000000e+00
1.082000000000000000e+04 0.000000000000000000e+00
1.083000000000000000e+04 0.000000000000000000e+00
1.084000000000000000e+04 0.000000000000000000e+00
1.085000000000000000e+04 0.000000000000000000e+00
1.086000000000000000e+04 0.000000000000000000e+00
1.087000000000000000e+04 0.000000000000000000e+00
1.088000000000000000e+04 0.000000000000000000e+00
1.089000000000000000e+04 0.000000000000000000e+00
1.090000000000000000e+04 0.000000000000000000e+00
1.091000000000000000e+04 0.000000000000000000e+00
1.092000000000000000e+04 0.000000000000000000e+00
1.093000000000000000e+04 0.000000000000000000e+00
1.094000000000000000e+04 0.000000000000000000e+00
1.095000000000000000e+04 0.000000000000000000e+00
1.096000000000000000e+04 0.000000000000000000e+00
1.097000000000000000e+04 0.000000000000000000e+00
1.098000000000000000e+04 0.000000000000000000e+00
1.099000000000000000e+04 0.000000000000000000e+00
1.100000000000000000e+04 0.000000000000000000e+00
