3.200000000000000000e+03 0.000000000000000000e+00
3.210000000000000000e+03 0.000000000000000000e+00
3.220000000000000000e+03 0.000000000000000000e+00
3.230000000000000000e+03 0.000000000000000000e+00
3.240000000000000000e+03 0.000000000000000000e+00
3.250000000000000000e+03 0.000000000000000000e+00
3.260000000000000000e+03 0.000000000000000000e+00
3.270000000000000000e+03 0.000000000000000000e+00
3.280000000000000000e+03 0.000000000000000000e+00
3.290000000000000000e+03 0.000000000000000000e+00
3.300000000000000000e+03 0.000000000000000000e+00
3.310000000000000000e+03 0.000000000000000000e+00
3.320000000000000000e+03 0.000000000000000000e+00
3.330000000000000000e+03 0.000000000000000000e+00
3.340000000000000000e+03 0.000000000000000000e+00
3.350000000000000000e+03 0.000000000000000000e+00
3.360000000000000000e+03 0.000000000000000000e+00
3.370000000000000000e+03 0.000000000000000000e+00
3.380000000000000000e+03 0.000000000000000000e+00
3.390000000000000000e+03 0.000000000000000000e+00
3.400000000000000000e+03 0.000000000000000000e+00
3.410000000000000000e+03 0.000000000000000000e+00
3.420000000000000000e+03 0.000000000000000000e+00
3.430000000000000000e+03 0.000000000000000000e+00
3.440000000000000000e+03 0.000000000000000000e+00
3.450000000000000000e+03 0.000000000000000000e+00
3.460000000000000000e+03 0.000000000000000000e+00
3.470000000000000000e+03 0.000000000000000000e+00
3.480000000000000000e+03 0.000000000000000000e+00
3.490000000000000000e+03 0.000000000000000000e+00
3.500000000000000000e+03 0.000000000000000000e+00
3.510000000000000000e+03 0.000000000000000000e+00
3.520000000000000000e+03 0.000000000000000000e+00
3.530000000000000000e+03 0.000000000000000000e+00
3.540000000000000000e+03 0.000000000000000000e+00
3.550000000000000000e+03 0.000000000000000000e+00
3.560000000000000000e+03 0.000000000000000000e+00
3.570000000000000000e+03 0.000000000000000000e+00
3.580000000000000000e+03 0.000000000000000000e+00
3.590000000000000000e+03 0.000000000000000000e+00
3.600000000000000000e+03 0.000000000000000000e+00
3.610000000000000000e+03 0.000000000000000000e+00
3.620000000000000000e+03 0.000000000000000000e+00
3.630000000000000000e+03 0.000000000000000000e+00
3.640000000000000000e+03 0.000000000000000000e+00
3.650000000000000000e+03 0.000000000000000000e+00
3.660000000000000000e+03 0.000000000000000000e+00
3.670000000000000000e+03 0.000000000000000000e+00
3.680000000000000000e+03 0.000000000000000000e+00
3.690000000000000000e+03 0.000000000000000000e+00
3.700000000000000000e+03 0.000000000000000000e+00
3.710000000000000000e+03 0.000000000000000000e+00
3.720000000000000000e+03 0.000000000000000000e+00
3.730000000000000000e+03 0.000000000000000000e+00
3.740000000000000000e+03 0.000000000000000000e+00
3.750000000000000000e+03 0.000000000000000000e+00
3.760000000000000000e+03 0.000000000000000000e+00
3.770000000000000000e+03 0.000000000000000000e+00
3.780000000000000000e+03 0.000000000000000000e+00
3.790000000000000000e+03 0.000000000000000000e+00
3.800000000000000000e+03 0.000000000000000000e+00
3.810000000000000000e+03 0.000000000000000000e+00
3.820000000000000000e+03 0.000000000000000000e+00
3.830000000000000000e+03 0.000000000000000000e+00
3.840000000000000000e+03 0.000000000000000000e+00
3.850000000000000000e+03 0.000000000000000000e+00
3.860000000000000000e+03 0.000000000000000000e+00
3.870000000000000000e+03 0.000000000000000000e+00
3.880000000000000000e+03 0.000000000000000000e+00
3.890000000000000000e+03 0.000000000000000000e+00
3.900000000000000000e+03 0.000000000000000000e+00
3.910000000000000000e+03 0.000000000000000000e+00
3.920000000000000000e+03 0.000000000000000000e+00
3.930000000000000000e+03 0.000000000000000000e+00
3.940000000000000000e+03 0.000000000000000000e+00
3.950000000000000000e+03 0.000000000000000000e+00
3.960000000000000000e+03 0.000000000000000000e+00
3.970000000000000000e+03 0.000000000000000000e+00
3.980000000000000000e+03 0.000000000000000000e+00
3.990000000000000000e+03 0.000000000000000000e+00
4.000000000000000000e+03 0.000000000000000000e+00
4.010000000000000000e+03 0.000000000000000000e+00
4.020000000000000000e+03 0.000000000000000000e+00
4.030000000000000000e+03 0.000000000000000000e+00
4.040000000000000000e+03 0.000000000000000000e+00
4.050000000000000000e+03 0.000000000000000000e+00
4.060000000000000000e+03 0.000000000000000000e+00
4.070000000000000000e+03 0.000000000000000000e+00
4.080000000000000000e+03 0.000000000000000000e+00
4.090000000000000000e+03 0.000000000000000000e+00
4.100000000000000000e+03 0.000000000000000000e+00
4.110000000000000000e+03 0.000000000000000000e+00
4.120000000000000000e+03 0.000000000000000000e+00
4.130000000000000000e+03 0.000000000000000000e+00
4.140000000000000000e+03 0.000000000000000000e+00
4.150000000000000000e+03 0.000000000000000000e+00
4.160000000000000000e+03 0.000000000000000000e+00
4.170000000000000000e+03 0.000000000000000000e+00
4.180000000000000000e+03 0.000000000000000000e+00
4.190000000000000000e+03 0.000000000000000000e+00
4.200000000000000000e+03 0.000000000000000000e+00
4.210000000000000000e+03 0.000000000000000000e+00
4.220000000000000000e+03 0.000000000000000000e+00
4.230000000000000000e+03 0.000000000000000000e+00
4.240000000000000000e+03 0.000000000000000000e+00
4.250000000000000000e+03 0.000000000000000000e+00
4.260000000000000000e+03 0.000000000000000000e+00
4.270000000000000000e+03 0.000000000000000000e+00
4.280000000000000000e+03 0.000000000000000000e+00
4.290000000000000000e+03 0.000000000000000000e+00
4.300000000000000000e+03 0.000000000000000000e+00
4.310000000000000000e+03 0.000000000000000000e+00
4.320000000000000000e+03 0.000000000000000000e+00
4.330000000000000000e+03 0.000000000000000000e+00
4.340000000000000000e+03 0.000000000000000000e+00
4.350000000000000000e+03 0.000000000000000000e+00
4.360000000000000000e+03 0.000000000000000000e+00
4.370000000000000000e+03 0.000000000000000000e+00
4.380000000000000000e+03 0.000000000000000000e+00
4.390000000000000000e+03 0.000000000000000000e+00
4.400000000000000000e+03 0.000000000000000000e+00
4.410000000000000000e+03 0.000000000000000000e+00
4.420000000000000000e+03 0.000000000000000000e+00
4.430000000000000000e+03 0.000000000000000000e+00
4.440000000000000000e+03 0.000000000000000000e+00
4.450000000000000000e+03 0.000000000000000000e+00
4.460000000000000000e+03 0.000000000000000000e+00
4.470000000000000000e+03 0.000000000000000000e+00
4.480000000000000000e+03 0.000000000000000000e+00
4.490000000000000000e+03 0.000000000000000000e+00
4.500000000000000000e+03 0.000000000000000000e+00
4.510000000000000000e+03 0.000000000000000000e+00
4.520000000000000000e+03 0.000000000000000000e+00
4.530000000000000000e+03 0.000000000000000000e+00
4.540000000000000000e+03 0.000000000000000000e+00
4.550000000000000000e+03 0.000000000000000000e+00
4.560000000000000000e+03 0.000000000000000000e+00
4.570000000000000000e+03 0.000000000000000000e+00
4.580000000000000000e+03 0.000000000000000000e+00
4.590000000000000000e+03 0.000000000000000000e+00
4.600000000000000000e+03 0.000000000000000000e+00
4.610000000000000000e+03 0.000000000000000000e+00
4.620000000000000000e+03 0.000000000000000000e+00
4.630000000000000000e+03 0.000000000000000000e+00
4.640000000000000000e+03 0.000000000000000000e+00
4.650000000000000000e+03 0.000000000000000000e+00
4.660000000000000000e+03 0.000000000000000000e+00
4.670000000000000000e+03 0.000000000000000000e+00
4.680000000000000000e+03 0.000000000000000000e+00
4.690000000000000000e+03 0.000000000000000000e+00
4.700000000000000000e+03 0.000000000000000000e+00
4.710000000000000000e+03 0.000000000000000000e+00
4.720000000000000000e+03 0.000000000000000000e+00
4.730000000000000000e+03 0.000000000000000000e+00
4.740000000000000000e+03 0.000000000000000000e+00
4.750000000000000000e+03 0.000000000000000000e+00
4.760000000000000000e+03 0.000000000000000000e+00
4.770000000000000000e+03 0.000000000000000000e+00
4.780000000000000000e+03 0.000000000000000000e+00
4.790000000000000000e+03 0.000000000000000000e+00
4.800000000000000000e+03 0.000000000000000000e+00
4.810000000000000000e+03 0.000000000000000000e+00
4.820000000000000000e+03 0.000000000000000000e+00
4.830000000000000000e+03 0.000000000000000000e+00
4.840000000000000000e+03 0.000000000000000000e+00
4.850000000000000000e+03 0.000000000000000000e+00
4.860000000000000000e+03 0.000000000000000000e+00
4.870000000000000000e+03 0.000000000000000000e+00
4.880000000000000000e+03 0.000000000000000000e+00
4.890000000000000000e+03 0.000000000000000000e+00
4.900000000000000000e+03 0.000000000000000000e+00
4.910000000000000000e+03 0.000000000000000000e+00
4.920000000000000000e+03 0.000000000000000000e+00
4.930000000000000000e+03 0.000000000000000000e+00
4.940000000000000000e+03 0.000000000000000000e+00
4.950000000000000000e+03 0.000000000000000000e+00
4.960000000000000000e+03 0.000000000000000000e+00
4.970000000000000000e+03 0.000000000000000000e+00
4.980000000000000000e+03 0.000000000000000000e+00
4.990000000000000000e+03 0.000000000000000000e+00
5.000000000000000000e+03 0.000000000000000000e+00
5.010000000000000000e+03 0.000000000000000000e+00
5.020000000000000000e+03 0.000000000000000000e+00
5.030000000000000000e+03 0.000000000000000000e+00
5.040000000000000000e+03 0.000000000000000000e+00
5.050000000000000000e+03 0.000000000000000000e+00
5.060000000000000000e+03 0.000000000000000000e+00
5.070000000000000000e+03 0.000000000000000000e+00
5.080000000000000000e+03 0.000000000000000000e+00
5.090000000000000000e+03 0.000000000000000000e+00
5.100000000000000000e+03 0.000000000000000000e+00
5.110000000000000000e+03 0.000000000000000000e+00
5.120000000000000000e+03 0.000000000000000000e+00
5.130000000000000000e+03 0.000000000000000000e+00
5.140000000000000000e+03 0.000000000000000000e+00
5.150000000000000000e+03 0.000000000000000000e+00
5.160000000000000000e+03 0.000000000000000000e+00
5.170000000000000000e+03 0.000000000000000000e+00
5.180000000000000000e+03 0.000000000000000000e+00
5.190000000000000000e+03 0.000000000000000000e+00
5.200000000000000000e+03 0.000000000000000000e+00
5.210000000000000000e+03 0.000000000000000000e+00
5.220000000000000000e+03 0.000000000000000000e+00
5.230000000000000000e+03 0.000000000000000000e+00
5.240000000000000000e+03 0.000000000000000000e+00
5.250000000000000000e+03 0.000000000000000000e+00
5.260000000000000000e+03 0.000000000000000000e+00
5.270000000000000000e+03 0.000000000000000000e+00
5.280000000000000000e+03 0.000000000000000000e+00
5.290000000000000000e+03 0.000000000000000000e+00
5.300000000000000000e+03 0.000000000000000000e+00
5.310000000000000000e+03 0.000000000000000000e+00
5.320000000000000000e+03 0.000000000000000000e+00
5.330000000000000000e+03 0.000000000000000000e+00
5.340000000000000000e+03 0.000000000000000000e+00
5.350000000000000000e+03 0.000000000000000000e+00
5.360000000000000000e+03 0.000000000000000000e+00
5.370000000000000000e+03 0.000000000000000000e+00
5.380000000000000000e+03 0.000000000000000000e+00
5.390000000000000000e+03 0.000000000000000000e+00
5.400000000000000000e+03 0.000000000000000000e+00
5.410000000000000000e+03 0.000000000000000000e+00
5.420000000000000000e+03 0.000000000000000000e+00
5.430000000000000000e+03 0.000000000000000000e+00
5.440000000000000000e+03 0.000000000000000000e+00
5.450000000000000000e+03 0.000000000000000000e+00
5.460000000000000000e+03 0.000000000000000000e+00
5.470000000000000000e+03 0.000000000000000000e+00
5.480000000000000000e+03 0.000000000000000000e+00
5.490000000000000000e+03 0.000000000000000000e+00
5.500000000000000000e+03 0.000000000000000000e+00
5.510000000000000000e+03 0.000000000000000000e+00
5.520000000000000000e+03 0.000000000000000000e+00
5.530000000000000000e+03 0.000000000000000000e+00
5.540000000000000000e+03 0.000000000000000000e+00
5.550000000000000000e+03 0.000000000000000000e+00
5.560000000000000000e+03 0.000000000000000000e+00
5.570000000000000000e+03 0.000000000000000000e+00
5.580000000000000000e+03 0.000000000000000000e+00
5.590000000000000000e+03 0.000000000000000000e+00
5.600000000000000000e+03 0.000000000000000000e+00
5.610000000000000000e+03 0.000000000000000000e+00
5.620000000000000000e+03 0.000000000000000000e+00
5.630000000000000000e+03 0.000000000000000000e+00
5.640000000000000000e+03 0.000000000000000000e+00
5.650000000000000000e+03 0.000000000000000000e+00
5.660000000000000000e+03 0.000000000000000000e+00
5.670000000000000000e+03 0.000000000000000000e+00
5.680000000000000000e+03 0.000000000000000000e+00
5.690000000000000000e+03 0.000000000000000000e+00
5.700000000000000000e+03 0.000000000000000000e+00
5.710000000000000000e+03 0.000000000000000000e+00
5.720000000000000000e+03 0.000000000000000000e+00
5.730000000000000000e+03 0.000000000000000000e+00
5.740000000000000000e+03 0.000000000000000000e+00
5.750000000000000000e+03 0.000000000000000000e+00
5.760000000000000000e+03 0.000000000000000000e+00
5.770000000000000000e+03 0.000000000000000000e+00
5.780000000000000000e+03 0.000000000000000000e+00
5.790000000000000000e+03 0.000000000000000000e+00
5.800000000000000000e+03 0.000000000000000000e+00
5.810000000000000000e+03 0.000000000000000000e+00
5.820000000000000000e+03 0.000000000000000000e+00
5.830000000000000000e+03 0.000000000000000000e+00
5.840000000000000000e+03 0.000000000000000000e+00
5.850000000000000000e+03 0.000000000000000000e+00
5.860000000000000000e+03 0.000000000000000000e+00
5.870000000000000000e+03 0.000000000000000000e+00
5.880000000000000000e+03 0.000000000000000000e+00
5.890000000000000000e+03 0.000000000000000000e+00
5.900000000000000000e+03 0.000000000000000000e+00
5.910000000000000000e+03 0.000000000000000000e+00
5.920000000000000000e+03 0.000000000000000000e+00
5.930000000000000000e+03 0.000000000000000000e+00
5.940000000000000000e+03 0.000000000000000000e+00
5.950000000000000000e+03 0.000000000000000000e+00
5.960000000000000000e+03 0.000000000000000000e+00
5.970000000000000000e+03 0.000000000000000000e+00
5.980000000000000000e+03 0.000000000000000000e+00
5.990000000000000000e+03 0.000000000000000000e+00
6.000000000000000000e+03 0.000000000000000000e+00
6.010000000000000000e+03 0.000000000000000000e+00
6.020000000000000000e+03 0.000000000000000000e+00
6.030000000000000000e+03 0.000000000000000000e+00
6.040000000000000000e+03 0.000000000000000000e+00
6.050000000000000000e+03 0.000000000000000000e+00
6.060000000000000000e+03 0.000000000000000000e+00
6.070000000000000000e+03 0.000000000000000000e+00
6.080000000000000000e+03 0.000000000000000000e+00
6.090000000000000000e+03 0.000000000000000000e+00
6.100000000000000000e+03 1.066812210000000019e-04
6.110000000000000000e+03 1.498279319999999898e-04
6.120000000000000000e+03 2.164891509999999865e-04
6.130000000000000000e+03 3.100122009999999820e-04
6.140000000000000000e+03 4.593180920000000211e-04
6.150000000000000000e+03 7.050410530000000061e-04
6.160000000000000000e+03 1.088254070000000025e-03
6.170000000000000000e+03 1.756527809999999931e-03
6.180000000000000000e+03 2.967477120000000003e-03
6.190000000000000000e+03 5.110958890000000428e-03
6.200000000000000000e+03 8.959073090000000197e-03
6.210000000000000000e+03 1.402382530000000072e-02
6.220000000000000000e+03 2.271677919999999865e-02
6.230000000000000000e+03 3.678328160000000208e-02
6.240000000000000000e+03 5.831096219999999664e-02
6.250000000000000000e+03 8.941859309999999894e-02
6.260000000000000000e+03 1.314996579999999915e-01
6.270000000000000000e+03 1.850140329999999944e-01
6.280000000000000000e+03 2.486420410000000081e-01
6.290000000000000000e+03 3.199509200000000275e-01
6.300000000000000000e+03 3.945348000000000188e-01
6.310000000000000000e+03 4.684843630000000148e-01
6.320000000000000000e+03 5.374194860000000018e-01
6.330000000000000000e+03 5.969091239999999576e-01
6.340000000000000000e+03 6.458597200000000260e-01
6.350000000000000000e+03 6.832151330000000300e-01
6.360000000000000000e+03 7.108774730000000375e-01
6.370000000000000000e+03 7.286697909999999556e-01
6.380000000000000000e+03 7.390301550000000219e-01
6.390000000000000000e+03 7.382728429999999564e-01
6.400000000000000000e+03 7.284574280000000179e-01
6.410000000000000000e+03 7.106086849999999622e-01
6.420000000000000000e+03 6.939500339999999934e-01
6.430000000000000000e+03 6.834281500000000120e-01
6.440000000000000000e+03 6.787298809999999794e-01
6.450000000000000000e+03 6.783742189999999450e-01
6.460000000000000000e+03 6.799057269999999598e-01
6.470000000000000000e+03 6.835732770000000347e-01
6.480000000000000000e+03 6.872458670000000103e-01
6.490000000000000000e+03 6.900839170000000466e-01
6.500000000000000000e+03 6.932457229999999804e-01
6.510000000000000000e+03 6.954782919999999979e-01
6.520000000000000000e+03 6.968186729999999995e-01
6.530000000000000000e+03 6.978079560000000070e-01
6.540000000000000000e+03 6.985262660000000068e-01
6.550000000000000000e+03 6.991652560000000127e-01
6.560000000000000000e+03 7.004509429999999925e-01
6.570000000000000000e+03 7.014551669999999906e-01
6.580000000000000000e+03 7.034172279999999500e-01
6.590000000000000000e+03 7.045534039999999942e-01
6.600000000000000000e+03 7.068344979999999778e-01
6.610000000000000000e+03 7.084591449999999568e-01
6.620000000000000000e+03 7.104903590000000158e-01
6.630000000000000000e+03 7.120964130000000392e-01
6.640000000000000000e+03 7.144859070000000312e-01
6.650000000000000000e+03 7.168661050000000312e-01
6.660000000000000000e+03 7.193727260000000179e-01
6.670000000000000000e+03 7.215978130000000323e-01
6.680000000000000000e+03 7.232692240000000439e-01
6.690000000000000000e+03 7.246184500000000250e-01
6.700000000000000000e+03 7.258579309999999563e-01
6.710000000000000000e+03 7.278083560000000451e-01
6.720000000000000000e+03 7.283969869999999958e-01
6.730000000000000000e+03 7.304366089999999589e-01
6.740000000000000000e+03 7.310977330000000274e-01
6.750000000000000000e+03 7.314581669999999924e-01
6.760000000000000000e+03 7.313763129999999446e-01
6.770000000000000000e+03 7.316058560000000544e-01
6.780000000000000000e+03 7.319752189999999548e-01
6.790000000000000000e+03 7.322033839999999572e-01
6.800000000000000000e+03 7.317729210000000206e-01
6.810000000000000000e+03 7.312232109999999841e-01
6.820000000000000000e+03 7.304333090000000306e-01
6.830000000000000000e+03 7.299384110000000092e-01
6.840000000000000000e+03 7.295746810000000027e-01
6.850000000000000000e+03 7.295529549999999475e-01
6.860000000000000000e+03 7.295986009999999578e-01
6.870000000000000000e+03 7.297434280000000273e-01
6.880000000000000000e+03 7.300466349999999993e-01
6.890000000000000000e+03 7.310999719999999868e-01
6.900000000000000000e+03 7.311262360000000404e-01
6.910000000000000000e+03 7.320949190000000106e-01
6.920000000000000000e+03 7.336334970000000233e-01
6.930000000000000000e+03 7.327556480000000372e-01
6.940000000000000000e+03 7.340720090000000253e-01
6.950000000000000000e+03 7.341996600000000317e-01
6.960000000000000000e+03 7.351209950000000548e-01
6.970000000000000000e+03 7.356805309999999709e-01
6.980000000000000000e+03 7.361462439999999496e-01
6.990000000000000000e+03 7.372648299999999821e-01
7.000000000000000000e+03 7.375911339999999816e-01
7.010000000000000000e+03 7.379639059999999473e-01
7.020000000000000000e+03 7.367824210000000207e-01
7.030000000000000000e+03 7.367416660000000173e-01
7.040000000000000000e+03 7.376644930000000322e-01
7.050000000000000000e+03 7.377587140000000376e-01
7.060000000000000000e+03 7.378281309999999982e-01
7.070000000000000000e+03 7.369723110000000466e-01
7.080000000000000000e+03 7.360694970000000170e-01
7.090000000000000000e+03 7.354132709999999795e-01
7.100000000000000000e+03 7.351913300000000318e-01
7.110000000000000000e+03 7.347276649999999742e-01
7.120000000000000000e+03 7.340452090000000318e-01
7.130000000000000000e+03 7.332587310000000524e-01
7.140000000000000000e+03 7.328627030000000042e-01
7.150000000000000000e+03 7.317704870000000250e-01
7.160000000000000000e+03 7.316074299999999475e-01
7.170000000000000000e+03 7.316006510000000462e-01
7.180000000000000000e+03 7.309548839999999714e-01
7.190000000000000000e+03 7.308768319999999763e-01
7.200000000000000000e+03 7.322348250000000336e-01
7.210000000000000000e+03 7.314705110000000454e-01
7.220000000000000000e+03 7.317397310000000044e-01
7.230000000000000000e+03 7.319698669999999963e-01
7.240000000000000000e+03 7.338755359999999950e-01
7.250000000000000000e+03 7.341152290000000358e-01
7.260000000000000000e+03 7.364945720000000140e-01
7.270000000000000000e+03 7.371778479999999689e-01
7.280000000000000000e+03 7.375961090000000553e-01
7.290000000000000000e+03 7.388652589999999964e-01
7.300000000000000000e+03 7.395557600000000065e-01
7.310000000000000000e+03 7.413872569999999662e-01
7.320000000000000000e+03 7.419934649999999632e-01
7.330000000000000000e+03 7.430238350000000214e-01
7.340000000000000000e+03 7.436270659999999477e-01
7.350000000000000000e+03 7.439522610000000036e-01
7.360000000000000000e+03 7.433965089999999831e-01
7.370000000000000000e+03 7.431393630000000528e-01
7.380000000000000000e+03 7.436883530000000242e-01
7.390000000000000000e+03 7.439129159999999796e-01
7.400000000000000000e+03 7.434368089999999762e-01
7.410000000000000000e+03 7.424846920000000017e-01
7.420000000000000000e+03 7.416956820000000228e-01
7.430000000000000000e+03 7.414005139999999550e-01
7.440000000000000000e+03 7.403442460000000391e-01
7.450000000000000000e+03 7.401881799999999734e-01
7.460000000000000000e+03 7.390312610000000504e-01
7.470000000000000000e+03 7.385767159999999665e-01
7.480000000000000000e+03 7.391725009999999818e-01
7.490000000000000000e+03 7.388874549999999708e-01
7.500000000000000000e+03 7.383857470000000367e-01
7.510000000000000000e+03 7.387547850000000249e-01
7.520000000000000000e+03 7.392910510000000324e-01
7.530000000000000000e+03 7.386021339999999658e-01
7.540000000000000000e+03 7.387874810000000236e-01
7.550000000000000000e+03 7.400737120000000502e-01
7.560000000000000000e+03 7.400900849999999531e-01
7.570000000000000000e+03 7.403438420000000297e-01
7.580000000000000000e+03 7.401362660000000426e-01
7.590000000000000000e+03 7.403115770000000539e-01
7.600000000000000000e+03 7.391916029999999749e-01
7.610000000000000000e+03 7.390998029999999996e-01
7.620000000000000000e+03 7.394201940000000306e-01
7.630000000000000000e+03 7.389368309999999607e-01
7.640000000000000000e+03 7.387167999999999513e-01
7.650000000000000000e+03 7.378261659999999500e-01
7.660000000000000000e+03 7.366390440000000206e-01
7.670000000000000000e+03 7.345440130000000512e-01
7.680000000000000000e+03 7.342129870000000391e-01
7.690000000000000000e+03 7.316278379999999748e-01
7.700000000000000000e+03 7.299905070000000107e-01
7.710000000000000000e+03 7.290978919999999697e-01
7.720000000000000000e+03 7.273820439999999499e-01
7.730000000000000000e+03 7.257715319999999970e-01
7.740000000000000000e+03 7.251378910000000344e-01
7.750000000000000000e+03 7.234387359999999711e-01
7.760000000000000000e+03 7.218501969999999712e-01
7.770000000000000000e+03 7.192613479999999671e-01
7.780000000000000000e+03 7.183297589999999566e-01
7.790000000000000000e+03 7.176421509999999504e-01
7.800000000000000000e+03 7.148352529999999483e-01
7.810000000000000000e+03 7.132754350000000132e-01
7.820000000000000000e+03 7.131813479999999927e-01
7.830000000000000000e+03 7.119704620000000261e-01
7.840000000000000000e+03 7.096055510000000011e-01
7.850000000000000000e+03 7.081057960000000095e-01
7.860000000000000000e+03 7.072769039999999841e-01
7.870000000000000000e+03 7.062741649999999538e-01
7.880000000000000000e+03 7.057802410000000304e-01
7.890000000000000000e+03 7.053225760000000344e-01
7.900000000000000000e+03 7.045417729999999823e-01
7.910000000000000000e+03 7.040162119999999746e-01
7.920000000000000000e+03 7.042928960000000016e-01
7.930000000000000000e+03 7.041050049999999505e-01
7.940000000000000000e+03 7.037266189999999977e-01
7.950000000000000000e+03 7.029044039999999827e-01
7.960000000000000000e+03 7.032174279999999778e-01
7.970000000000000000e+03 7.032179109999999733e-01
7.980000000000000000e+03 7.040363010000000310e-01
7.990000000000000000e+03 7.036887269999999583e-01
8.000000000000000000e+03 7.037629680000000443e-01
8.010000000000000000e+03 7.034954620000000158e-01
8.020000000000000000e+03 7.040431329999999877e-01
8.030000000000000000e+03 7.046095359999999808e-01
8.040000000000000000e+03 7.043595990000000029e-01
8.050000000000000000e+03 7.037787890000000157e-01
8.060000000000000000e+03 7.028274909999999709e-01
8.070000000000000000e+03 7.030530820000000514e-01
8.080000000000000000e+03 7.020036139999999980e-01
8.090000000000000000e+03 7.021591969999999572e-01
8.100000000000000000e+03 7.012269439999999632e-01
8.110000000000000000e+03 7.009717789999999615e-01
8.120000000000000000e+03 6.997185219999999539e-01
8.130000000000000000e+03 7.003217000000000469e-01
8.140000000000000000e+03 7.000798040000000277e-01
8.150000000000000000e+03 6.983289550000000290e-01
8.160000000000000000e+03 6.964037370000000227e-01
8.170000000000000000e+03 6.949310330000000313e-01
8.180000000000000000e+03 6.942174190000000022e-01
8.190000000000000000e+03 6.928148589999999496e-01
8.200000000000000000e+03 6.904644149999999980e-01
8.210000000000000000e+03 6.893738449999999851e-01
8.220000000000000000e+03 6.882447350000000519e-01
8.230000000000000000e+03 6.868259669999999817e-01
8.240000000000000000e+03 6.857785180000000036e-01
8.250000000000000000e+03 6.830178959999999577e-01
8.260000000000000000e+03 6.817214259999999637e-01
8.270000000000000000e+03 6.798519600000000329e-01
8.280000000000000000e+03 6.781076959999999820e-01
8.290000000000000000e+03 6.762099379999999549e-01
8.300000000000000000e+03 6.750184959999999679e-01
8.310000000000000000e+03 6.737103509999999851e-01
8.320000000000000000e+03 6.713975699999999991e-01
8.330000000000000000e+03 6.699668930000000078e-01
8.340000000000000000e+03 6.688953269999999840e-01
8.350000000000000000e+03 6.668831060000000033e-01
8.360000000000000000e+03 6.653599780000000186e-01
8.370000000000000000e+03 6.610036830000000085e-01
8.380000000000000000e+03 6.592877320000000152e-01
8.390000000000000000e+03 6.574437509999999651e-01
8.400000000000000000e+03 6.552453019999999739e-01
8.410000000000000000e+03 6.528791059999999868e-01
8.420000000000000000e+03 6.499108449999999593e-01
8.430000000000000000e+03 6.481828509999999488e-01
8.440000000000000000e+03 6.477671699999999477e-01
8.450000000000000000e+03 6.437497129999999457e-01
8.460000000000000000e+03 6.408269130000000535e-01
8.470000000000000000e+03 6.375014230000000115e-01
8.480000000000000000e+03 6.343899670000000546e-01
8.490000000000000000e+03 6.326502210000000126e-01
8.500000000000000000e+03 6.278625799999999479e-01
8.510000000000000000e+03 6.264144750000000261e-01
8.520000000000000000e+03 6.236078189999999521e-01
8.530000000000000000e+03 6.195510680000000381e-01
8.540000000000000000e+03 6.178688260000000376e-01
8.550000000000000000e+03 6.142203019999999958e-01
8.560000000000000000e+03 6.119644859999999742e-01
8.570000000000000000e+03 6.092893050000000033e-01
8.580000000000000000e+03 6.046687339999999855e-01
8.590000000000000000e+03 6.014393759999999700e-01
8.600000000000000000e+03 5.984865910000000122e-01
8.610000000000000000e+03 5.946496180000000464e-01
8.620000000000000000e+03 5.927964420000000345e-01
8.630000000000000000e+03 5.892776250000000271e-01
8.640000000000000000e+03 5.859867770000000142e-01
8.650000000000000000e+03 5.817456829999999579e-01
8.660000000000000000e+03 5.793664920000000107e-01
8.670000000000000000e+03 5.755408890000000000e-01
8.680000000000000000e+03 5.694903169999999681e-01
8.690000000000000000e+03 5.677928939999999924e-01
8.700000000000000000e+03 5.664293289999999814e-01
8.710000000000000000e+03 5.619239050000000013e-01
8.720000000000000000e+03 5.586181980000000102e-01
8.730000000000000000e+03 5.583540620000000398e-01
8.740000000000000000e+03 5.536405450000000394e-01
8.750000000000000000e+03 5.505743279999999462e-01
8.760000000000000000e+03 5.475613590000000253e-01
8.770000000000000000e+03 5.430628299999999964e-01
8.780000000000000000e+03 5.413219059999999638e-01
8.790000000000000000e+03 5.355533179999999449e-01
8.800000000000000000e+03 5.320554299999999959e-01
8.810000000000000000e+03 5.303944430000000487e-01
8.820000000000000000e+03 5.259466050000000115e-01
8.830000000000000000e+03 5.240294549999999774e-01
8.840000000000000000e+03 5.198294110000000190e-01
8.850000000000000000e+03 5.156897529999999730e-01
8.860000000000000000e+03 5.141964060000000503e-01
8.870000000000000000e+03 5.095920419999999673e-01
8.880000000000000000e+03 5.075311789999999990e-01
8.890000000000000000e+03 5.048653370000000251e-01
8.900000000000000000e+03 4.998403759999999751e-01
8.910000000000000000e+03 4.974843199999999799e-01
8.920000000000000000e+03 4.931489649999999947e-01
8.930000000000000000e+03 4.883568790000000215e-01
8.940000000000000000e+03 4.867824110000000259e-01
8.950000000000000000e+03 4.817144890000000235e-01
8.960000000000000000e+03 4.780854440000000261e-01
8.970000000000000000e+03 4.760874339999999760e-01
8.980000000000000000e+03 4.713493590000000233e-01
8.990000000000000000e+03 4.666692720000000238e-01
9.000000000000000000e+03 4.631830849999999944e-01
9.010000000000000000e+03 4.590595570000000070e-01
9.020000000000000000e+03 4.547371709999999956e-01
9.030000000000000000e+03 4.510970300000000099e-01
9.040000000000000000e+03 4.475861629999999813e-01
9.050000000000000000e+03 4.433149960000000167e-01
9.060000000000000000e+03 4.404792779999999741e-01
9.070000000000000000e+03 4.354721810000000137e-01
9.080000000000000000e+03 4.306843570000000176e-01
9.090000000000000000e+03 4.286691619999999925e-01
9.100000000000000000e+03 4.236544600000000105e-01
9.110000000000000000e+03 4.189159729999999970e-01
9.120000000000000000e+03 4.158909659999999731e-01
9.130000000000000000e+03 4.101436230000000127e-01
9.140000000000000000e+03 4.071330980000000266e-01
9.150000000000000000e+03 4.041978439999999728e-01
9.160000000000000000e+03 3.980435219999999830e-01
9.170000000000000000e+03 3.959398700000000271e-01
9.180000000000000000e+03 3.919055880000000269e-01
9.190000000000000000e+03 3.853723490000000029e-01
9.200000000000000000e+03 3.837304020000000260e-01
9.210000000000000000e+03 3.791151959999999876e-01
9.220000000000000000e+03 3.729560860000000200e-01
9.230000000000000000e+03 3.710902950000000144e-01
9.240000000000000000e+03 3.659531970000000078e-01
9.250000000000000000e+03 3.611221629999999960e-01
9.260000000000000000e+03 3.586642449999999926e-01
9.270000000000000000e+03 3.530804280000000017e-01
9.280000000000000000e+03 3.486464850000000060e-01
9.290000000000000000e+03 3.459851429999999950e-01
9.300000000000000000e+03 3.409581520000000143e-01
9.310000000000000000e+03 3.366785959999999966e-01
9.320000000000000000e+03 3.334843189999999735e-01
9.330000000000000000e+03 3.288553579999999865e-01
9.340000000000000000e+03 3.246701650000000106e-01
9.350000000000000000e+03 3.201129939999999841e-01
9.360000000000000000e+03 3.159731089999999742e-01
9.370000000000000000e+03 3.117910749999999731e-01
9.380000000000000000e+03 3.067996510000000066e-01
9.390000000000000000e+03 3.036681980000000003e-01
9.400000000000000000e+03 2.991975000000000051e-01
9.410000000000000000e+03 2.940280809999999967e-01
9.420000000000000000e+03 2.915042299999999753e-01
9.430000000000000000e+03 2.862489659999999936e-01
9.440000000000000000e+03 2.804461249999999906e-01
9.450000000000000000e+03 2.784119999999999928e-01
9.460000000000000000e+03 2.737208910000000217e-01
9.470000000000000000e+03 2.679947320000000133e-01
9.480000000000000000e+03 2.659718759999999960e-01
9.490000000000000000e+03 2.614260099999999865e-01
9.500000000000000000e+03 2.555402940000000012e-01
9.510000000000000000e+03 2.525652050000000148e-01
9.520000000000000000e+03 2.490107460000000050e-01
9.530000000000000000e+03 2.440030159999999892e-01
9.540000000000000000e+03 2.411500119999999969e-01
9.550000000000000000e+03 2.372075210000000045e-01
9.560000000000000000e+03 2.317474740000000089e-01
9.570000000000000000e+03 2.283237469999999936e-01
9.580000000000000000e+03 2.243699819999999956e-01
9.590000000000000000e+03 2.202331359999999960e-01
9.600000000000000000e+03 2.165386619999999929e-01
9.610000000000000000e+03 2.121794929999999968e-01
9.620000000000000000e+03 2.087839519999999949e-01
9.630000000000000000e+03 2.052854829999999908e-01
9.640000000000000000e+03 2.005355779999999921e-01
9.650000000000000000e+03 1.977314769999999888e-01
9.660000000000000000e+03 1.944249610000000072e-01
9.670000000000000000e+03 1.894478759999999873e-01
9.680000000000000000e+03 1.868519849999999982e-01
9.690000000000000000e+03 1.838163859999999983e-01
9.700000000000000000e+03 1.787908199999999892e-01
9.710000000000000000e+03 1.760445399999999994e-01
9.720000000000000000e+03 1.734264430000000135e-01
9.730000000000000000e+03 1.683328329999999873e-01
9.740000000000000000e+03 1.653603509999999888e-01
9.750000000000000000e+03 1.634732439999999898e-01
9.760000000000000000e+03 1.586442379999999930e-01
9.770000000000000000e+03 1.550690190000000024e-01
9.780000000000000000e+03 1.535469700000000048e-01
9.790000000000000000e+03 1.495238200000000017e-01
9.800000000000000000e+03 1.453902230000000129e-01
9.810000000000000000e+03 1.436406819999999918e-01
9.820000000000000000e+03 1.405158860000000065e-01
9.830000000000000000e+03 1.359593000000000051e-01
9.840000000000000000e+03 1.336975860000000071e-01
9.850000000000000000e+03 1.318571890000000135e-01
9.860000000000000000e+03 1.273149650000000022e-01
9.870000000000000000e+03 1.242154889999999984e-01
9.880000000000000000e+03 1.220905089999999998e-01
9.890000000000000000e+03 1.182226279999999963e-01
9.900000000000000000e+03 1.142639460000000051e-01
9.910000000000000000e+03 1.116856170000000009e-01
9.920000000000000000e+03 1.087297059999999954e-01
9.930000000000000000e+03 1.044372269999999936e-01
9.940000000000000000e+03 1.014891569999999965e-01
9.950000000000000000e+03 9.873329660000000618e-02
9.960000000000000000e+03 9.446850399999999481e-02
9.970000000000000000e+03 9.121830120000000430e-02
9.980000000000000000e+03 8.839807510000000090e-02
9.990000000000000000e+03 8.475384019999999963e-02
1.000000000000000000e+04 8.151652149999999430e-02
1.001000000000000000e+04 7.867322820000000050e-02
1.002000000000000000e+04 7.516055050000000626e-02
1.003000000000000000e+04 7.204965409999999904e-02
1.004000000000000000e+04 6.937477729999999565e-02
1.005000000000000000e+04 6.611727809999999594e-02
1.006000000000000000e+04 6.287120129999999862e-02
1.007000000000000000e+04 6.049794409999999928e-02
1.008000000000000000e+04 5.773206759999999910e-02
1.009000000000000000e+04 5.437831490000000212e-02
1.010000000000000000e+04 5.216486559999999884e-02
1.011000000000000000e+04 4.988189430000000008e-02
1.012000000000000000e+04 4.675191229999999670e-02
1.013000000000000000e+04 4.439543929999999888e-02
1.014000000000000000e+04 4.253831959999999912e-02
1.015000000000000000e+04 4.004576349999999785e-02
1.016000000000000000e+04 3.757254520000000153e-02
1.017000000000000000e+04 3.604262350000000253e-02
1.018000000000000000e+04 3.417088969999999837e-02
1.019000000000000000e+04 3.181191299999999722e-02
1.020000000000000000e+04 3.016902330000000021e-02
1.021000000000000000e+04 2.886353850000000082e-02
1.022000000000000000e+04 2.695781989999999906e-02
1.023000000000000000e+04 2.527109530000000090e-02
1.024000000000000000e+04 2.411697380000000016e-02
1.025000000000000000e+04 2.285530540000000124e-02
1.026000000000000000e+04 2.120258159999999920e-02
1.027000000000000000e+04 2.004231279999999990e-02
1.028000000000000000e+04 1.907709159999999848e-02
1.029000000000000000e+04 1.777315529999999935e-02
1.030000000000000000e+04 1.659184400000000142e-02
1.031000000000000000e+04 1.575591729999999829e-02
1.032000000000000000e+04 1.484861389999999996e-02
1.033000000000000000e+04 1.371825720000000026e-02
1.034000000000000000e+04 1.291411509999999992e-02
1.035000000000000000e+04 1.222176900000000038e-02
1.036000000000000000e+04 1.137073069999999970e-02
1.037000000000000000e+04 1.057113680000000035e-02
1.038000000000000000e+04 9.991049889999999156e-03
1.039000000000000000e+04 9.371617380000000705e-03
1.040000000000000000e+04 8.618908229999999726e-03
1.041000000000000000e+04 8.072366379999999439e-03
1.042000000000000000e+04 7.605176140000000258e-03
1.043000000000000000e+04 7.045767139999999963e-03
1.044000000000000000e+04 6.497088389999999998e-03
1.045000000000000000e+04 6.113953000000000096e-03
1.046000000000000000e+04 5.725358950000000377e-03
1.047000000000000000e+04 5.222176129999999729e-03
1.048000000000000000e+04 4.856079939999999838e-03
1.049000000000000000e+04 4.567617329999999927e-03
1.050000000000000000e+04 4.226771409999999923e-03
1.051000000000000000e+04 3.848299410000000000e-03
1.052000000000000000e+04 3.598459769999999992e-03
1.053000000000000000e+04 3.368102759999999987e-03
1.054000000000000000e+04 3.074502399999999927e-03
1.055000000000000000e+04 2.811293390000000041e-03
1.056000000000000000e+04 2.637463889999999960e-03
1.057000000000000000e+04 2.455535070000000163e-03
1.058000000000000000e+04 2.209080090000000059e-03
1.059000000000000000e+04 2.030739790000000034e-03
1.060000000000000000e+04 1.904989950000000052e-03
1.061000000000000000e+04 1.752922990000000021e-03
1.062000000000000000e+04 1.567990850000000082e-03
1.063000000000000000e+04 1.452832299999999924e-03
1.064000000000000000e+04 1.357105109999999937e-03
1.065000000000000000e+04 1.232358349999999924e-03
1.066000000000000000e+04 1.104516160000000059e-03
1.067000000000000000e+04 1.025174219999999995e-03
1.068000000000000000e+04 9.529470589999999765e-04
1.069000000000000000e+04 8.544066890000000030e-04
1.070000000000000000e+04 7.693389600000000118e-04
1.071000000000000000e+04 7.134936999999999616e-04
1.072000000000000000e+04 6.584623239999999643e-04
1.073000000000000000e+04 5.846325189999999547e-04
1.074000000000000000e+04 5.285030090000000097e-04
1.075000000000000000e+04 4.905317780000000320e-04
1.076000000000000000e+04 4.494619849999999792e-04
1.077000000000000000e+04 3.961504590000000160e-04
1.078000000000000000e+04 3.599925869999999906e-04
1.079000000000000000e+04 3.332176059999999822e-04
1.080000000000000000e+04 3.028372699999999792e-04
1.081000000000000000e+04 0.000000000000000000e+00
1.082000000000000000e+04 0.000000000000000000e+00
1.083000000000000000e+04 0.000000000000000000e+00
1.084000000000000000e+04 0.000000000000000000e+00
1.085000000000000000e+04 0.000000000000000000e+00
1.086000000000000000e+04 0.000000000000000000e+00
1.087000000000000000e+04 0.000000000000000000e+00
1.088000000000000000e+04 0.000000000000000000e+00
1.089000000000000000e+04 0.000000000000000000e+00
1.090000000000000000e+04 0.000000000000000000e+00
1.091000000000000000e+04 0.000000000000000000e+00
1.092000000000000000e+04 0.000000000000000000e+00
1.093000000000000000e+04 0.000000000000000000e+00
1.094000000000000000e+04 0.000000000000000000e+00
1.095000000000000000e+04 0.000000000000000000e+00
1.096000000000000000e+04 0.000000000000000000e+00
1.097000000000000000e+04 0.000000000000000000e+00
1.098000000000000000e+04 0.000000000000000000e+00
1.099000000000000000e+04 0.000000000000000000e+00
1.100000000000000000e+04 0.000000000000000000e+00
