Teff	log(g)	T_BB_us	T_BB_gs	T_BB_rs	T_BB_is	T_BB_zs
2300.0	4.0	2298.11592	2193.36875	1978.03612	2244.52225	2419.80250
2300.0	4.5	2197.53731	2226.95343	2043.79212	2301.99529	2446.34785
2300.0	5.0	2003.41743	2340.66381	2257.69724	2570.80021	2639.25921
2300.0	5.5	2015.35084	2265.17562	2157.67432	2396.38220	2511.32446
2300.0	6.0	1991.65347	2389.49313	2438.34167	2688.69891	2774.11098
2400.0	4.0	2224.85891	2355.54070	2141.77338	2527.52744	2614.74509
2400.0	4.5	2148.72590	2367.98624	2204.42892	2574.59899	2659.62807
2400.0	5.0	2065.42566	2342.24555	2225.68295	2590.11069	2685.93690
2400.0	5.5	2090.52100	2321.65969	2187.63557	2458.89459	2586.58597
2400.0	6.0	2029.09390	2321.20692	2236.53928	2500.48423	2626.88352
2500.0	4.0	2335.90013	2473.33187	2279.03358	2620.85890	2704.40833
2500.0	4.5	2425.57574	2354.81586	2125.25994	2434.86034	2605.27944
2500.0	5.0	2151.52989	2433.33883	2312.24544	2664.50542	2757.72376
2500.0	5.5	2085.96268	2465.77106	2435.57308	2721.15354	2824.77876
2500.0	6.0	2056.79869	2527.61217	2594.06602	2811.93664	2901.97219
2600.0	4.0	2610.16793	2480.82048	2241.04774	2534.50422	2697.19267
2600.0	4.5	2337.36404	2538.50045	2388.56373	2705.05804	2787.09810
2600.0	5.0	2251.02311	2534.00138	2429.14037	2740.04615	2829.36671
2600.0	5.5	2168.67931	2544.79253	2505.77471	2787.21416	2888.45143
2600.0	6.0	2115.79668	2600.27954	2648.66760	2867.74368	2980.75174
2700.0	4.0	2706.38900	2589.95813	2364.61289	2645.14107	2795.10920
2700.0	4.5	2640.60896	2576.17375	2350.50539	2653.44457	2804.58426
2700.0	5.0	2357.26295	2645.88787	2567.71571	2822.87540	2904.63158
2700.0	5.5	2438.65283	2515.82617	2323.22838	2668.41488	2829.60877
2700.0	6.0	2309.70723	2482.29966	2334.90375	2682.13162	2849.76785
2800.0	4.0	2802.86351	2702.17324	2492.64316	2758.22805	2896.28428
2800.0	4.5	2559.29843	2772.70994	2685.38692	2891.35128	2950.73714
2800.0	5.0	2470.09908	2760.13386	2710.83207	2912.83056	2979.38048
2800.0	5.5	2560.12339	2638.31984	2455.07148	2779.22021	2929.14217
2900.0	4.0	2749.89756	2899.65650	2814.83104	2975.73115	3020.30049
2900.0	4.5	2844.24794	2807.09932	2617.45433	2877.04508	3002.79251
2900.0	5.0	2773.09234	2791.05903	2611.52064	2884.69880	3012.81856
2900.0	5.5	2491.30220	2861.19634	2878.97323	3029.74271	3092.03481
2900.0	6.0	2400.93242	2851.23196	2924.82152	3061.49491	3141.67208
3000.0	4.0	2857.13030	3012.44983	2956.14181	3077.67609	3108.30657
3000.0	4.5	2786.40080	2997.43776	2962.07356	3085.60501	3114.76326
3000.0	5.5	2609.29866	2968.63489	2999.19431	3121.20384	3164.50122
3000.0	6.0	2514.20256	2954.51933	3034.37334	3147.85439	3206.86367
3100.0	4.0	2960.98284	3120.47078	3087.18144	3176.77627	3196.91583
3100.0	4.5	3037.04511	3031.77845	2874.23573	3095.83204	3201.18290
3100.0	5.0	2820.49685	3088.09833	3094.48822	3193.44367	3211.13963
3100.0	5.5	2905.84233	3007.24350	2888.23471	3113.20064	3217.09346
3100.0	6.0	2633.95759	3056.82435	3138.43679	3235.88245	3273.95428
3200.0	4.0	3155.17194	3130.16561	2959.48727	3188.14247	3299.10659
3200.0	4.5	3127.95102	3141.49116	2999.09335	3204.32253	3301.92197
3200.0	5.0	2938.39691	3192.16558	3209.51589	3287.62929	3293.92156
3200.0	5.5	2854.57000	3175.78546	3218.63131	3304.13135	3313.70511
3200.0	6.0	2923.42187	3098.05288	3026.87685	3227.21561	3322.28688
3300.0	4.0	3229.49629	3233.28431	3076.69197	3292.88083	3396.01593
3300.0	4.5	3116.94753	3315.06049	3330.94717	3377.32940	3375.43322
3300.0	5.0	3055.42670	3296.03479	3323.19051	3382.88824	3380.29513
3300.0	5.5	3118.66448	3238.50896	3161.23320	3330.45122	3406.26793
3300.0	6.0	3038.18908	3215.60957	3163.78764	3336.03866	3414.36636
3400.0	4.0	3297.91122	3336.58797	3201.63539	3397.39556	3491.65001
3400.0	4.5	3222.76311	3419.46175	3448.71046	3476.24527	3467.44388
3400.0	5.0	3264.31918	3356.23188	3275.69089	3427.82629	3496.80513
3400.0	5.5	3101.98658	3380.87082	3429.85402	3490.17703	3481.40427
3400.0	6.0	3016.81656	3360.54984	3431.41288	3506.70821	3502.80680
3500.0	4.0	3360.15071	3545.14977	3582.51648	3581.28047	3570.48848
3500.0	4.5	3326.70000	3523.50955	3564.04087	3575.39440	3563.15958
3500.0	5.0	3348.14115	3461.89974	3403.66700	3533.38005	3592.49566
3500.0	5.5	3221.24345	3483.30520	3536.11754	3584.14109	3569.80654
3500.0	6.0	3254.02942	3439.20041	3420.44748	3548.10318	3597.49257
3600.0	4.0	3455.86740	3649.33279	3695.77981	3680.90939	3664.30689
3600.0	4.5	3428.44916	3627.04063	3676.16744	3673.80250	3657.54449
3600.0	5.0	3427.64089	3566.38644	3532.39098	3638.29262	3684.32606
3600.0	5.5	3337.10006	3586.30328	3643.69188	3678.99724	3662.80769
3600.0	6.0	3270.92075	3566.74730	3634.22498	3691.58465	3676.64708
3700.0	4.0	3483.58615	3660.57818	3621.28572	3717.01579	3762.80117
3700.0	4.5	3502.09124	3668.15040	3647.47814	3732.46505	3770.41809
3700.0	5.0	3496.78009	3710.22091	3767.95002	3769.60157	3750.69659
3700.0	5.5	3449.47206	3688.83064	3750.37615	3772.97714	3755.84801
3700.0	6.0	3454.20361	3654.90128	3666.44492	3757.89242	3787.85708
3800.0	4.0	3651.76429	3869.36197	3921.82047	3884.90644	3858.68723
3800.0	4.5	3571.31062	3775.86161	3780.36033	3839.27422	3863.69441
3800.0	5.0	3580.32582	3775.31384	3789.18327	3848.42746	3869.14240
3800.0	5.5	3572.10528	3769.16018	3788.80734	3854.07895	3873.56775
3800.0	6.0	3514.93822	3777.95022	3849.91933	3880.52842	3863.86738
3900.0	4.0	3622.25869	3901.98168	3913.71375	3943.29019	3955.63570
3900.0	4.5	3642.39391	3888.41244	3914.64245	3948.96504	3959.95028
3900.0	5.0	3656.94249	3882.01595	3915.60247	3955.43306	3965.44902
3900.0	5.5	3677.58170	3903.66748	3969.28759	3967.17594	3947.39576
3900.0	6.0	3631.63458	3885.66832	3959.27910	3976.80300	3958.90117
4000.0	4.0	3705.78419	4033.43430	4062.05440	4062.46481	4059.58064
4000.0	4.5	3846.99492	4074.78586	4119.44259	4083.97203	4058.51255
4000.0	5.0	3734.20910	3991.71041	4042.18118	4063.71903	4063.57960
4000.0	5.5	3792.65839	4017.03819	4079.62952	4068.85438	4048.85993
4000.0	6.0	3749.36264	3995.54164	4068.47277	4073.82138	4055.41996
4100.0	4.0	3800.48697	4169.31490	4209.57639	4184.04932	4167.37398
4100.0	4.5	3803.13115	4135.78230	4187.41783	4180.56466	4169.64690
4100.0	5.0	3938.84829	4166.14878	4211.25361	4182.35937	4159.85461
4100.0	5.5	3822.84285	4090.69692	4157.81478	4175.41173	4169.27579
4100.0	6.0	3866.07124	4109.92786	4179.81840	4175.56470	4156.94021
4200.0	4.0	3904.74176	4301.58837	4346.87760	4300.55518	4273.56590
4200.0	4.5	4068.85002	4330.46851	4352.89186	4304.43295	4275.57944
4200.0	5.0	3897.46487	4228.00891	4298.81395	4288.90712	4272.40900
4200.0	5.5	4019.10734	4253.74220	4303.34283	4280.38349	4260.02539
4200.0	6.0	3910.03597	4189.40151	4270.38611	4287.94819	4278.61642
4300.0	4.0	4018.70311	4430.44987	4475.26171	4414.77272	4381.64933
4300.0	4.5	4191.99736	4462.60732	4470.65184	4414.17328	4383.22844
4300.0	5.0	3989.83017	4360.61733	4435.14813	4410.69440	4387.23716
4300.0	5.5	4135.70531	4381.80933	4423.78260	4394.04881	4372.29089
4300.0	6.0	4098.73315	4346.29827	4403.47905	4384.81608	4365.67819
4400.0	4.0	4138.49911	4558.57748	4597.92239	4528.25697	4491.99907
4400.0	4.5	4117.20890	4538.64710	4595.41552	4536.36995	4500.45378
4400.0	5.0	4092.61253	4494.98087	4570.00489	4529.71912	4498.88963
4400.0	5.5	4085.57863	4452.52585	4541.19229	4520.15391	4496.10314
4400.0	6.0	4215.75212	4472.08069	4521.77173	4496.79582	4476.58406
4500.0	4.0	4502.14976	4736.03683	4690.30957	4609.01885	4572.56525
4500.0	4.5	4237.94163	4667.25058	4716.82087	4648.62854	4609.85779
4500.0	5.0	4202.40805	4631.11187	4703.27933	4650.42425	4614.57294
4500.0	5.5	4182.96379	4587.40377	4677.20869	4643.67753	4613.99369
4500.0	6.0	4180.16155	4546.49968	4647.58500	4631.78158	4608.89891
4600.0	4.0	4639.88777	4855.12161	4799.11631	4716.89023	4680.83538
4600.0	4.5	4361.27465	4792.09884	4833.70854	4760.19187	4720.49121
4600.0	5.0	4322.99276	4766.09262	4830.92952	4767.09092	4727.26984
4600.0	5.5	4289.38344	4722.41855	4809.51285	4763.41085	4728.56323
4600.0	6.0	4275.73826	4677.30709	4780.06482	4752.86299	4725.12352
4700.0	4.0	4510.39148	4928.65800	4944.30856	4861.77149	4822.72701
4700.0	4.5	4730.05184	4963.32055	4914.02439	4833.48890	4796.53982
4700.0	5.0	4448.19678	4895.16648	4949.89099	4879.24838	4838.03142
4700.0	5.5	4404.42731	4859.84512	4941.75993	4885.01806	4846.16688
4700.0	6.0	4566.59858	4870.01077	4894.68946	4850.31517	4822.78349
4800.0	4.0	4631.89355	5046.62079	5056.49167	4972.30980	4932.98235
4800.0	4.5	4609.94427	5034.41459	5059.57031	4979.59853	4939.18367
4800.0	5.0	4808.06288	5068.00934	5032.31612	4956.73305	4919.42212
4800.0	5.5	4527.01156	4993.66958	5066.40148	5000.70929	4959.10650
4800.0	6.0	4486.85081	4949.61417	5047.52967	4998.45993	4961.70365
4900.0	4.0	4760.67432	5166.08003	5168.26443	5082.79929	5043.32314
4900.0	4.5	5005.19853	5190.38823	5124.29974	5042.88630	5006.97340
4900.0	5.0	4702.50217	5143.49552	5179.24440	5100.91048	5058.70598
4900.0	5.5	4653.49456	5122.00039	5183.78100	5112.40881	5069.49183
4900.0	6.0	4824.82779	5134.67556	5138.05002	5082.53345	5050.38433
5100.0	4.0	5293.33376	5397.03691	5306.64086	5226.13594	5188.92634
5100.0	4.5	5021.58234	5385.38792	5382.14046	5298.25872	5253.10551
5100.0	5.0	5200.99739	5387.64227	5324.83428	5250.33383	5211.91931
5100.0	5.5	4929.60108	5364.27106	5399.08521	5321.96400	5273.97734
5100.0	6.0	4856.77379	5332.11092	5398.76926	5330.39196	5282.82580
5200.0	4.0	5171.78111	5506.93730	5485.22738	5398.65270	5353.46637
5200.0	4.5	5151.75781	5502.29518	5491.10721	5406.58385	5360.87070
5200.0	5.0	5110.26212	5490.97289	5495.35135	5413.38054	5366.72805
5200.0	5.5	5059.89037	5482.90290	5508.45321	5429.69836	5381.32265
5200.0	6.0	4984.30440	5452.26904	5509.35595	5438.09297	5389.91450
5300.0	4.0	5293.88385	5622.16197	5595.61795	5508.89084	5463.05440
5300.0	4.5	5511.93474	5610.30844	5517.46867	5437.82987	5399.54354
5300.0	5.0	5243.17888	5610.31523	5606.83774	5524.12153	5476.87053
5300.0	5.5	5185.06977	5594.62335	5613.91468	5534.95294	5486.81399
5300.0	6.0	5118.37283	5573.99072	5621.31699	5548.34263	5499.90169
5400.0	4.0	5415.03073	5736.34081	5703.06818	5615.88026	5569.21065
5400.0	4.5	5402.60517	5730.67947	5705.95931	5620.76453	5573.59932
5400.0	5.0	5371.76868	5724.92718	5713.71373	5630.61621	5582.67679
5400.0	5.5	5313.89953	5704.27806	5717.21373	5639.61137	5592.36362
5400.0	6.0	5465.76564	5688.66860	5644.57217	5580.23984	5541.64332
5500.0	4.0	5538.99635	5853.18013	5811.19191	5722.75716	5674.96542
5500.0	4.5	5524.13081	5842.00257	5810.30891	5724.57294	5676.38161
5500.0	5.0	5704.76488	5801.10323	5715.31120	5643.04783	5605.51938
5500.0	5.5	5437.42975	5812.67787	5818.60626	5740.81965	5693.25539
5500.0	6.0	5597.05799	5791.78791	5740.61371	5676.73349	5638.70622
5600.0	4.0	5866.44176	5921.19326	5797.19773	5712.30045	5672.78097
5600.0	4.5	5646.72154	5957.66262	5918.87256	5832.12035	5782.57335
5600.0	5.0	5615.81447	5938.63176	5918.36641	5837.63079	5789.93929
5600.0	5.5	5570.02208	5928.50317	5926.97994	5849.07660	5800.97423
5600.0	6.0	5508.31255	5917.04857	5939.35365	5864.31653	5815.18563
5700.0	4.0	5767.16495	6082.61220	6025.89770	5933.98641	5883.18980
5700.0	4.5	5768.65901	6072.90551	6025.48262	5937.20228	5886.03008
5700.0	5.0	5737.72673	6049.18308	6022.43276	5941.34153	5892.66217
5700.0	5.5	5865.18445	5965.41979	5885.70008	5818.64366	5782.13383
5700.0	6.0	5637.61153	6028.63981	6043.28219	5968.01785	5918.43304
5800.0	4.0	5876.08520	6198.49953	6133.68754	6039.17161	5986.32868
5800.0	4.5	5877.49899	6172.56607	6123.76264	6037.79611	5987.20330
5800.0	5.0	5857.75286	6159.52906	6126.03187	6044.37719	5994.45440
5800.0	5.5	5820.75551	6149.07112	6133.58331	6055.27842	6005.51261
5800.0	6.0	5935.00918	6058.13368	5988.90367	5926.25036	5889.51788
5900.0	4.0	6168.16316	6249.59360	6100.57144	6008.58307	5964.22026
5900.0	4.5	5969.55083	6266.30687	6211.56617	6123.83225	6071.48113
5900.0	5.0	5978.03674	6270.73769	6229.67192	6147.06794	6095.47394
5900.0	5.5	5916.84378	6234.28768	6212.79765	6133.93671	6083.04553
5900.0	6.0	5894.15425	6249.32948	6248.36453	6172.76731	6121.56649
6000.0	4.0	6084.36071	6433.04434	6350.24161	6248.93940	6191.01675
6000.0	4.5	6098.04406	6397.00787	6333.81644	6244.46687	6189.88180
6000.0	5.0	6244.13972	6292.24796	6176.00411	6101.59101	6061.88460
6000.0	5.5	6215.62837	6273.00428	6173.83944	6105.50914	6067.29320
6000.0	6.0	6176.99985	6260.63550	6178.43870	6116.01833	6078.78454
6100.0	4.0	6173.93400	6541.55433	6449.59368	6343.76455	6283.06952
6100.0	4.5	6363.10060	6436.10182	6287.54000	6199.66426	6154.35754
6100.0	5.0	6188.30459	6474.89323	6419.27515	6334.28639	6278.77082
6100.0	5.5	6326.47203	6376.05897	6269.75856	6200.68821	6161.48126
6100.0	6.0	6111.88617	6433.58093	6421.59251	6348.24544	6296.98922
6200.0	4.0	6432.84609	6589.36028	6412.60858	6308.17756	6256.00995
6200.0	4.5	6309.77519	6625.87003	6545.27643	6450.77852	6391.10642
6200.0	5.0	6297.01210	6586.54147	6524.39437	6437.79789	6379.86402
6200.0	5.5	6299.20760	6582.48038	6539.51755	6460.66434	6405.92559
6200.0	6.0	6226.55602	6531.90442	6513.41583	6440.95650	6389.17034
6300.0	4.0	6376.67800	6794.69494	6676.00776	6558.36256	6491.04988
6300.0	4.5	6542.46380	6655.22467	6490.69770	6396.30783	6346.04986
6300.0	5.0	6420.35624	6715.13900	6643.06783	6554.25473	6493.24116
6300.0	5.5	6380.94082	6659.77489	6612.80607	6534.52394	6479.02687
6300.0	6.0	6507.54626	6551.91123	6449.83356	6386.34336	6348.56328
6400.0	4.0	6576.05651	6828.23802	6620.59275	6499.61693	6438.74165
6400.0	4.5	6505.50792	6858.77793	6758.93798	6656.74023	6590.73102
6400.0	5.0	6518.99944	6826.37812	6747.10126	6655.71575	6591.68284
6400.0	5.5	6506.48853	6785.35428	6729.86007	6650.39433	6592.31609
6400.0	6.0	6461.33383	6745.05153	6712.21227	6639.39147	6584.56721
6500.0	4.0	6646.66144	6946.19329	6727.62919	6599.25009	6534.64885
6500.0	4.5	6587.22999	6968.68769	6860.87961	6754.03615	6684.25136
6500.0	5.0	6721.30239	6824.55733	6671.44311	6584.71310	6533.81735
6500.0	5.5	6721.07238	6780.61890	6647.49286	6572.42451	6527.60140
6500.0	6.0	6709.51375	6748.65136	6634.63315	6569.00948	6528.69246
6600.0	4.0	6631.40807	7165.70551	7007.82583	6865.59945	6786.93241
6600.0	4.5	6772.49066	6986.00003	6795.93060	6687.97372	6627.09278
6600.0	5.0	6713.77062	7055.01483	6956.90650	6859.02920	6787.16242
6600.0	5.5	6713.63064	7002.52353	6931.62226	6848.72784	6784.89501
6600.0	6.0	6682.60944	6955.33872	6907.29829	6833.21342	6774.05091
6700.0	4.0	6705.54213	7289.05689	7118.54209	6966.38768	6884.24284
6700.0	4.5	6763.11106	7213.47231	7083.68674	6965.00388	6886.37796
6700.0	5.0	6891.28852	7054.57993	6879.08170	6781.20628	6720.25817
6700.0	5.5	6811.21036	7112.08102	7032.86981	6947.95335	6880.53169
6700.0	6.0	6788.09570	7062.00466	7006.80685	6931.71387	6869.82259
6800.0	4.0	6782.52460	7415.57676	7229.65581	7066.72233	6981.12624
6800.0	4.5	6843.24652	7334.81832	7193.62556	7067.49986	6984.20975
6800.0	5.0	6888.62123	7286.67685	7169.58605	7062.30966	6980.58331
6800.0	5.5	6906.03758	7221.92275	7135.10334	7047.38615	6975.91663
6800.0	6.0	6892.27313	7169.51262	7106.09947	7029.91192	6964.81438
6900.0	4.0	6856.33431	7542.50994	7341.06649	7166.33096	7078.09654
6900.0	4.5	6977.36602	7333.32319	7115.88033	6987.91401	6912.67086
6900.0	5.0	6971.51113	7404.14549	7277.11195	7163.96676	7076.70597
6900.0	5.5	6989.29686	7324.32725	7229.85145	7139.07967	7063.21648
6900.0	6.0	6991.33106	7276.37919	7206.24922	7128.39302	7059.61313
7000.0	4.0	6927.37824	7670.27399	7452.33660	7265.03860	7174.07412
7000.0	4.5	6990.24550	7577.07561	7412.15024	7268.26017	7173.95226
7000.0	5.0	7107.71511	7390.72496	7192.55864	7078.99848	7002.01392
7000.0	5.5	7138.76565	7307.13396	7143.53254	7053.84200	6990.74155
7000.0	6.0	7131.21588	7402.46530	7312.68179	7230.07656	7159.83122
7200.0	4.0	7080.36496	7940.98850	7683.89349	7468.04135	7372.45873
7200.0	4.5	7133.79305	7826.84220	7634.64153	7468.93349	7362.93441
7200.0	5.0	7200.29901	7762.10317	7603.80337	7468.32428	7359.89139
7200.0	5.5	7287.76550	7524.59106	7348.94762	7250.47324	7176.12603
7200.0	6.0	7324.84023	7463.78059	7312.30652	7231.24795	7167.89961
7400.0	4.0	7222.07704	8195.75205	7895.78774	7650.62600	7551.71035
7400.0	4.5	7267.85960	8035.90181	7819.87512	7639.41690	7531.32529
7400.0	5.0	7340.77278	8006.50719	7824.84347	7669.43851	7544.57912
7400.0	5.5	7408.52726	7900.52939	7764.31736	7648.04045	7539.15292
7400.0	6.0	7447.12853	7821.21951	7715.96366	7623.69109	7527.49852
7600.0	4.0	7358.65802	8379.44775	8068.82521	7819.34497	7725.84512
7600.0	4.5	7410.75422	8348.29202	8082.65045	7859.03790	7728.85317
7600.0	5.0	7481.33431	8257.58826	8047.07526	7867.87428	7725.44803
7600.0	5.5	7560.97933	7974.38393	7771.28815	7649.48862	7544.35457
7600.0	6.0	7609.49676	8044.27088	7925.44943	7823.84129	7711.70757
7800.0	4.0	7474.83969	8547.59279	8136.35488	7855.55377	7753.50982
7800.0	4.5	7521.92086	8445.39663	8100.40358	7864.30037	7732.77592
7800.0	5.0	7594.86155	8339.73489	8056.73688	7866.53238	7723.80375
7800.0	5.5	7686.63083	8205.16671	7987.05209	7849.19442	7724.99574
7800.0	6.0	7762.17785	8268.90514	8137.21225	8023.86681	7892.99906
8000.0	4.0	7601.83139	8813.61872	8343.98501	8027.41316	7923.83632
8000.0	4.5	7642.91493	8697.01994	8314.86740	8047.27784	7904.48265
8000.0	5.0	7741.33899	8762.54647	8486.49003	8247.34151	8069.07436
8000.0	5.5	7811.00503	8577.12108	8382.65770	8213.68882	8051.41718
8000.0	6.0	7910.61146	8501.42367	8354.26106	8226.80865	8073.87065
8200.0	4.0	7727.87128	9073.09135	8534.29267	8182.33371	8080.12994
8200.0	4.5	7836.07179	9135.02324	8725.11711	8401.33379	8244.84829
8200.0	5.0	7819.77761	8830.96883	8480.94708	8231.39602	8052.91081
8200.0	5.5	7893.87676	8688.03675	8406.83721	8213.48303	8036.48079
8200.0	6.0	8047.16961	8730.52425	8567.72341	8423.60586	8246.33293
8400.0	4.0	7976.01062	9542.23977	8932.53524	8521.84116	8422.06737
8400.0	4.5	7979.10351	9407.59781	8925.07467	8565.81522	8405.10089
8400.0	5.0	7934.83765	9073.30228	8688.29126	8407.26531	8213.30329
8400.0	5.5	8059.31136	9061.54589	8807.65612	8582.05244	8372.19017
8400.0	6.0	8135.24318	8776.71366	8561.34210	8413.03050	8237.75715
8600.0	4.0	7990.75701	9543.72467	8895.12681	8484.34677	8384.69756
8600.0	4.5	8000.88767	9437.81468	8893.11948	8526.55550	8366.15592
8600.0	5.0	8051.01429	9316.25275	8887.09564	8573.22560	8366.25833
8600.0	5.5	8123.46355	9192.24354	8852.95763	8596.09175	8364.96151
8600.0	6.0	8241.38318	8991.30697	8759.63756	8591.10268	8388.19510
8800.0	4.0	8136.98965	9750.53927	9079.14968	8644.53891	8545.93755
8800.0	4.5	8275.59152	9891.41972	9297.65857	8879.28505	8713.10098
8800.0	5.0	8289.27987	9779.67380	9294.93382	8924.82676	8700.21042
8800.0	5.5	8235.02891	9428.84013	9051.71337	8762.39458	8512.26374
8800.0	6.0	8359.20816	9240.44058	8986.06262	8790.84596	8556.45908
9000.0	4.0	8284.27022	9967.84767	9260.71682	8800.20647	8701.89848
9000.0	4.5	8255.61038	9873.04189	9242.67648	8824.52773	8656.16979
9000.0	5.0	8280.13011	9775.17675	9243.11956	8868.99494	8644.11083
9000.0	5.5	8345.70403	9655.68635	9239.27389	8919.59162	8652.93407
9000.0	6.0	8466.33671	9477.53664	9194.52812	8968.80505	8703.33129
9200.0	4.0	8434.58426	10176.45261	9437.50363	8954.19850	8855.91868
9200.0	4.5	8589.03008	10301.25715	9646.88168	9189.20208	9018.56489
9200.0	5.0	8401.50053	9987.08719	9412.94890	9013.47516	8780.66809
9200.0	5.5	8454.90264	9871.19573	9411.49526	9063.90631	8784.81413
9200.0	6.0	8569.79342	9717.58215	9396.52663	9133.31128	8837.94877
9400.0	4.0	8795.24151	10573.63568	9808.15517	9297.78248	9204.54030
9400.0	4.5	8545.26717	10293.17912	9605.81710	9141.22384	8964.38928
9400.0	5.0	8532.89707	10192.48778	9586.96404	9166.02703	8925.02573
9400.0	5.5	8567.14830	10079.74433	9577.08184	9203.55336	8913.27526
9400.0	6.0	8650.12376	9957.23016	9566.88097	9253.43261	8934.20111
9600.0	4.0	8960.41615	10768.07054	9976.04578	9449.46172	9356.25350
9600.0	4.5	8903.53345	10712.06374	9991.19742	9494.13913	9316.80810
9600.0	5.0	8675.94616	10395.77993	9768.11355	9326.32880	9077.05707
9600.0	5.5	8686.70263	10282.01426	9743.43677	9346.88140	9045.23389
9600.0	6.0	8759.58597	10134.73662	9726.82066	9395.39393	9061.54642
9800.0	4.0	8901.30225	10763.10959	9951.71403	9415.21589	9316.00883
9800.0	4.5	9054.03794	10889.67310	10145.01372	9634.48932	9455.70550
9800.0	5.0	8817.64495	10597.66613	9942.48747	9480.24039	9223.45057
9800.0	5.5	9014.04801	10712.15355	10148.37762	9713.75304	9395.76480
9800.0	6.0	8869.27093	10343.40422	9893.72421	9534.37546	9184.38034
10000.0	4.0	9058.75642	10943.24042	10114.35083	9564.83734	9464.98456
10000.0	4.5	9210.72323	11076.64966	10308.02425	9782.97020	9601.42549
10000.0	5.0	8960.76352	10791.26937	10111.18536	9631.07306	9367.57458
10000.0	5.5	8957.87925	10678.22107	10091.51468	9656.43564	9332.42025
10000.0	6.0	8986.18807	10559.33919	10066.31449	9677.67629	9311.01787
10200.0	4.0	9454.45816	11322.36869	10474.13776	9909.20055	9812.15822
10200.0	4.5	9147.86400	11059.49315	10278.10172	9746.83921	9557.74177
10200.0	5.0	9317.01695	11183.67257	10472.30708	9966.18289	9700.92885
10200.0	5.5	9098.86559	10873.99480	10263.16367	9809.64304	9475.63887
10200.0	6.0	9112.57424	10753.53347	10232.68152	9824.01028	9443.94396
10400.0	4.0	9621.39219	11499.74312	10638.70878	10064.25132	9964.52201
10400.0	4.5	9526.48643	11438.20436	10630.79013	10080.76116	9893.64327
10400.0	5.0	9257.45200	11161.18001	10438.26449	9928.87920	9655.47160
10400.0	5.5	9440.78951	11272.39090	10630.06275	10146.53797	9803.99898
10400.0	6.0	9447.45512	11164.73174	10624.42280	10183.28474	9784.04039
10600.0	4.0	9530.14728	11441.75481	10576.42793	9998.90463	9898.08100
10600.0	4.5	9455.77469	11401.66792	10589.26007	10036.59187	9844.79889
10600.0	5.0	9407.58478	11336.42242	10595.40947	10074.03150	9797.17819
10600.0	5.5	9585.58035	11451.71300	10786.58003	10289.49252	9940.02156
10600.0	6.0	9584.97378	11345.26359	10781.10415	10324.55455	9915.19417
10800.0	4.0	9686.31013	11597.88417	10723.77823	10139.42039	10037.50766
10800.0	4.5	9849.38826	11787.62101	10952.01526	10382.21320	10188.93302
10800.0	5.0	9774.49828	11717.16866	10946.44155	10403.74744	10124.88567
10800.0	5.5	9536.07020	11424.52199	10751.45931	10254.74052	9899.35682
10800.0	6.0	9724.02577	11522.68811	10935.83841	10465.17095	10046.51282
11000.0	4.0	9842.22134	11750.20914	10868.47452	10278.27131	10174.46412
11000.0	4.5	9761.35004	11721.61985	10885.68719	10316.43955	10122.57906
11000.0	5.0	9706.46664	11669.09079	10897.38873	10355.81914	10073.84527
11000.0	5.5	9682.28471	11595.03282	10904.50488	10396.49979	10036.16117
11000.0	6.0	9677.01969	11489.15142	10893.27645	10425.27654	10002.62150
11200.0	4.0	10001.77013	11902.17601	11013.59250	10418.93842	10312.35327
11200.0	4.5	9914.00887	11875.91986	11030.35214	10454.22678	10258.92313
11200.0	5.0	9855.05250	11828.22487	11043.49323	10493.35719	10209.16997
11200.0	5.5	9827.71581	11759.97542	11053.48549	10535.18731	10170.61043
11200.0	6.0	10015.49306	11889.34877	11259.54996	10760.77779	10321.13399
11400.0	4.0	10488.60441	12347.38228	11453.99814	10852.66781	10729.42004
11400.0	4.5	10066.98982	12027.21537	11173.18738	10591.03883	10393.86851
11400.0	5.0	10248.98324	12224.60325	11414.13819	10844.75709	10553.96179
11400.0	5.5	10185.20975	12157.16605	11416.40753	10871.54095	10495.22740
11400.0	6.0	9976.47079	11799.44366	11178.07231	10696.79379	10273.45934
11600.0	4.0	10652.70491	12473.63019	11582.72678	10986.48658	10860.05335
11600.0	4.5	10220.80193	12175.36493	11313.86298	10726.80993	10527.57005
11600.0	5.0	10401.99063	12346.39743	11533.93157	10966.00613	10679.03172
11600.0	5.5	10342.01560	12309.08804	11558.26969	11008.45285	10631.69017
11600.0	6.0	10308.83994	12227.16723	11562.73826	11042.75325	10589.40815
11800.0	4.0	10832.95735	12634.76546	11742.62175	11145.26129	11012.24919
11800.0	4.5	10374.71195	12321.22547	11453.14611	10861.75699	10659.85163
11800.0	5.0	10297.18351	12285.05797	11465.99014	10892.43570	10602.12356
11800.0	5.5	10249.97439	12245.53972	11493.17450	10943.06183	10561.10694
11800.0	6.0	10235.68262	12161.91919	11496.90579	10981.42744	10526.26289
12000.0	4.0	11013.18865	12794.69762	11900.79090	11303.26637	11163.28153
12000.0	4.5	10877.50362	12780.33604	11905.33405	11306.64616	11086.86842
12000.0	5.0	10443.23054	12429.70183	11601.67456	11022.22455	10729.68059
12000.0	5.5	10659.84658	12653.14300	11876.17737	11307.67282	10918.32636
12000.0	6.0	10383.67873	12323.97840	11646.08306	11121.58028	10660.86332
