Teff	log(g)	T_BB_us	T_BB_gs	T_BB_rs	T_BB_is	T_BB_zs
1200.0	4.0	1626.29646	1526.90018	1349.49806	1381.89314	1618.82773
1200.0	4.5	1671.70985	1583.15322	1369.22308	1397.35899	1617.68931
1200.0	5.0	1646.08318	1527.11656	1309.55106	1334.86801	1644.24892
1200.0	5.5	1652.67691	1548.09093	1267.68362	1297.56246	1664.76339
1300.0	4.0	1649.41171	1566.20753	1455.14989	1476.24346	1658.27154
1300.0	4.5	1679.86181	1599.34458	1485.12002	1500.41854	1675.28445
1300.0	5.0	1684.49380	1606.96560	1433.83544	1465.70488	1718.79019
1300.0	5.5	1681.53894	1606.25190	1356.90392	1390.04176	1729.53106
1400.0	4.0	1682.15825	1630.27047	1589.67801	1594.42655	1690.38934
1400.0	4.5	1697.81938	1633.97438	1559.21237	1570.94248	1718.00496
1400.0	5.0	1712.77950	1648.87302	1564.06659	1578.01094	1740.67004
1400.0	5.5	1706.79462	1656.69343	1448.24051	1486.23521	1785.92000
1500.0	4.0	1697.17432	1709.98606	1648.53120	1651.43177	1664.25305
1500.0	4.5	1719.09455	1718.04215	1663.31344	1671.60177	1708.99091
1500.0	5.0	1735.82129	1698.25586	1633.53096	1645.50572	1757.10211
1500.0	5.5	1742.58901	1710.94926	1603.51201	1629.39424	1793.30717
1550.0	5.0	1735.82129	1698.25586	1633.53096	1645.50572	1757.10211
1550.0	5.5	1742.58901	1710.94926	1603.51201	1629.39424	1793.30717
1600.0	4.0	1716.72964	1732.23385	1665.21920	1673.23398	1700.87256
1600.0	4.5	1731.83795	1746.66228	1686.50147	1694.96355	1728.56615
1600.0	5.0	1744.07408	1744.79379	1689.46779	1699.27658	1744.43595
1600.0	5.5	1754.73405	1747.47680	1680.40489	1697.94971	1799.18543
1650.0	5.0	1744.07408	1744.79379	1689.46779	1699.27658	1744.43595
1650.0	5.5	1754.73405	1747.47680	1680.40489	1697.94971	1799.18543
1700.0	4.0	1711.56928	1719.93144	1657.19000	1665.97567	1714.78534
1700.0	4.5	1747.71237	1765.63951	1700.11101	1717.11177	1779.31376
1700.0	5.0	1765.78354	1781.71060	1722.93096	1739.70535	1802.72209
1700.0	5.5	1792.84872	1823.52976	1751.81162	1783.99232	1920.15321
1750.0	5.0	1765.78354	1781.71060	1722.93096	1739.70535	1802.72209
1750.0	5.5	1792.84872	1823.52976	1751.81162	1783.99232	1920.15321
1800.0	4.0	1760.33453	1783.91525	1708.20307	1740.76818	1859.05007
1800.0	4.5	1761.89443	1787.85717	1713.08939	1741.91573	1844.70841
1800.0	5.0	1788.83963	1815.27781	1752.63799	1782.12704	1885.67218
1800.0	5.5	1813.66122	1858.15911	1780.08155	1834.97403	2023.71040
1850.0	5.0	1788.83963	1815.27781	1752.63799	1782.12704	1885.67218
1850.0	5.5	1813.66122	1858.15911	1780.08155	1834.97403	2023.71040
1900.0	4.0	1777.13779	1777.20606	1690.24176	1755.69141	1919.24187
1900.0	4.5	1791.76369	1804.63481	1735.20288	1785.84712	1951.91133
1900.0	5.0	1803.60286	1823.37957	1754.37446	1802.31445	1976.01525
1900.0	5.5	1832.41118	1887.82579	1802.87329	1872.17986	2096.13305
1950.0	5.0	1803.60286	1823.37957	1754.37446	1802.31445	1976.01525
1950.0	5.5	1832.41118	1887.82579	1802.87329	1872.17986	2096.13305
2000.0	4.0	1817.90168	1788.06863	1723.11029	1835.56733	2084.78004
2000.0	4.5	1826.37978	1812.47188	1756.14209	1849.36619	2120.68509
2000.0	5.0	1811.85683	1822.48720	1771.15338	1829.04770	2005.98603
2000.0	5.5	1848.38000	1873.98443	1828.45629	1924.56539	2188.85754
2050.0	4.0	1817.90168	1788.06863	1723.11029	1835.56733	2084.78004
2050.0	4.5	1826.37978	1812.47188	1756.14209	1849.36619	2120.68509
2050.0	5.0	1811.85683	1822.48720	1771.15338	1829.04770	2005.98603
2100.0	4.0	1904.15704	1918.67676	1783.26017	1953.65736	2201.25990
2100.0	4.5	1852.55101	1832.42148	1771.58318	1922.25196	2221.49670
2100.0	5.0	1857.86382	1878.09418	1820.19249	1944.45748	2212.02230
2100.0	5.5	1865.84354	1919.99039	1833.31327	1958.35823	2291.14949
2150.0	4.0	1904.15704	1918.67676	1783.26017	1953.65736	2201.25990
2150.0	4.5	1852.55101	1832.42148	1771.58318	1922.25196	2221.49670
2150.0	5.0	1857.86382	1878.09418	1820.19249	1944.45748	2212.02230
2200.0	4.0	2018.77527	1983.86251	1804.15719	2039.54726	2302.69632
2200.0	4.5	1874.01186	1851.96432	1789.59069	1997.34125	2309.31555
2200.0	5.0	1864.66968	1871.42744	1817.43953	2000.40037	2287.47484
2200.0	5.5	1868.28211	1908.90010	1854.31923	1991.75292	2284.23087
2250.0	4.0	2018.77527	1983.86251	1804.15719	2039.54726	2302.69632
2250.0	4.5	1874.01186	1851.96432	1789.59069	1997.34125	2309.31555
2250.0	5.0	1864.66968	1871.42744	1817.43953	2000.40037	2287.47484
2300.0	4.0	2152.52335	2080.36397	1842.37725	2146.47931	2415.98470
2300.0	4.5	2045.13652	2047.38404	1897.13824	2188.33977	2517.60322
2300.0	5.0	2267.84891	2010.97245	1891.82243	2137.48693	2442.14873
2300.0	5.5	1931.71674	1993.44211	1936.74588	2142.71265	2581.98679
2350.0	4.0	2149.77049	2080.49625	1845.61288	2146.14090	2414.39329
2350.0	4.5	2042.85435	2048.86674	1900.24669	2189.30491	2517.09267
2350.0	5.0	2267.72408	2011.91285	1894.63145	2137.79235	2441.70846
2400.0	4.0	2310.04575	2208.99661	1907.91340	2272.14461	2537.35034
2400.0	4.5	2153.11858	2132.10018	1943.77694	2283.74978	2597.60995
2400.0	5.0	2028.97746	2091.87953	1945.67777	2251.01225	2554.51655
2400.0	5.5	1975.29718	2079.40005	1969.90607	2246.62398	2581.06814
2500.0	4.0	2457.28629	2332.26352	1977.15469	2391.69556	2647.63490
2500.0	4.5	2314.33638	2298.56492	1994.22878	2390.07194	2656.42711
2500.0	5.0	2159.86131	2208.36337	2008.96263	2379.97948	2674.23638
2500.0	5.5	2073.16797	2236.14884	2035.50751	2366.50332	2679.10330
2600.0	4.0	2577.93262	2450.38850	2088.75680	2512.31966	2751.55782
2600.0	4.5	2433.65420	2368.32439	2103.43468	2526.06606	2796.37324
2600.0	5.0	2298.54497	2327.25775	2089.33039	2503.21844	2776.17429
2600.0	5.5	2173.61698	2278.30788	2095.75041	2482.00591	2784.77532
2700.0	4.0	2690.66979	2567.69880	2199.95452	2627.73136	2853.72092
2700.0	4.5	2631.08624	2595.22289	2246.19780	2679.10086	2901.98140
2700.0	5.0	2450.66256	2512.67661	2201.86607	2630.43763	2874.34901
2700.0	5.5	2312.59547	2404.27293	2229.90156	2642.70667	2956.46897
2800.0	4.0	2800.22217	2689.40820	2319.63212	2745.52455	2957.73075
2800.0	4.5	2684.63856	2626.09587	2358.70716	2766.98568	2987.45936
2800.0	5.0	2609.21800	2669.02507	2358.05329	2773.71394	2984.97166
2800.0	5.5	2445.52591	2537.85602	2321.74647	2743.47527	2991.20465
2900.0	4.0	2887.71105	2790.52053	2420.19140	2845.36431	3050.42542
2900.0	4.5	2810.11423	2791.08314	2452.82198	2865.17361	3061.21811
2900.0	5.0	2684.93257	2709.73015	2452.13955	2868.25845	3075.48162
2900.0	5.5	2563.13754	2661.13532	2444.45300	2864.64631	3089.82550
3000.0	4.0	2983.46687	2903.68493	2518.99173	2953.75607	3151.96408
3000.0	4.5	2918.53222	2909.02127	2562.89470	2973.62067	3157.14185
3000.0	5.0	2804.52379	2834.46949	2569.27381	2984.59918	3176.85474
3000.0	5.5	2673.15528	2778.03725	2551.47605	2977.31528	3185.66812
3100.0	4.0	3063.34291	3037.21403	2663.41389	3071.28557	3246.00749
3100.0	4.5	3020.26292	3061.09584	2736.32620	3102.95673	3258.38343
3100.0	5.0	2942.75495	3048.80454	2743.68429	3103.98661	3257.21695
3100.0	5.5	2852.28369	3038.07920	2765.38290	3113.32006	3266.38322
3200.0	4.0	3136.31109	3142.14965	2779.30753	3175.57154	3339.37421
3200.0	4.5	3107.94853	3169.90312	2864.48776	3208.21544	3347.55043
3200.0	5.0	3045.40284	3162.52616	2882.59989	3211.72115	3344.45745
3200.0	5.5	2973.67468	3163.27024	2920.97210	3230.54491	3357.80314
3300.0	4.0	3204.85429	3249.26279	2908.29842	3281.20186	3429.80061
3300.0	4.5	3187.98950	3274.24501	2982.45611	3310.37620	3437.34946
3300.0	5.0	3141.63643	3277.63734	3019.79708	3323.86767	3440.19598
3300.0	5.5	3078.98736	3274.88813	3057.60370	3336.39296	3443.05652
3400.0	4.0	3267.76455	3356.70893	3042.68911	3386.91560	3518.23505
3400.0	4.5	3265.08081	3384.27603	3118.93897	3418.55075	3529.00634
3400.0	5.0	3229.21146	3381.17013	3151.46975	3423.59617	3522.39670
3400.0	5.5	3186.03370	3392.90037	3202.71953	3450.21389	3538.10412
3500.0	4.0	3326.56483	3464.29623	3177.78244	3491.52952	3604.22305
3500.0	4.5	3334.55910	3485.76170	3248.25688	3518.52242	3612.97722
3500.0	5.0	3314.05494	3489.21361	3286.27837	3530.05623	3613.29479
3500.0	5.5	3277.88187	3496.23334	3329.95967	3550.60836	3623.04103
3600.0	4.0	3385.02844	3576.26774	3320.04046	3598.48167	3690.94893
3600.0	4.5	3404.19048	3595.63382	3390.29134	3626.50995	3703.11776
3600.0	5.0	3396.50079	3603.55879	3428.55056	3644.05209	3712.10617
3600.0	5.5	3371.05406	3603.64202	3466.50306	3655.73473	3712.20612
3700.0	4.0	3447.55385	3691.58878	3466.13052	3706.77280	3779.45367
3700.0	4.5	3470.89213	3705.29951	3530.81579	3734.01281	3793.86995
3700.0	5.0	3477.37998	3717.01636	3576.85168	3756.71855	3807.65629
3700.0	5.5	3464.20702	3718.12171	3611.38781	3769.76955	3811.07181
3800.0	4.0	3515.27657	3816.22394	3622.65140	3821.85897	3874.60095
3800.0	4.5	3536.02966	3812.77864	3669.01877	3838.13399	3882.00003
3800.0	5.0	3548.64733	3818.06263	3709.71576	3857.13480	3893.45101
3800.0	5.5	3540.97268	3814.71930	3731.69151	3866.38475	3896.93448
3900.0	4.0	3585.80492	3944.86332	3799.72031	3939.51379	3966.34340
3900.0	4.5	3607.13786	3926.88691	3810.75160	3946.58781	3976.43323
3900.0	5.0	3621.36464	3923.03716	3842.01283	3961.01616	3985.12749
3900.0	5.5	3623.38468	3916.18693	3861.81566	3967.48276	3986.26490
4000.0	4.0	3672.08144	4076.27874	3964.52214	4058.53041	4068.05262
4000.0	4.5	3681.69625	4047.43744	3954.51151	4058.76078	4075.56011
4000.0	5.0	3699.70539	4037.93563	3988.13705	4073.13495	4083.52099
4000.0	5.5	3721.34161	4024.25215	4002.46151	4074.94903	4081.68625
4100.0	4.0	3778.03987	4161.67398	4142.83158	4188.19970	4185.06461
4100.0	4.5	3774.48676	4131.22609	4119.85346	4187.04814	4193.03433
4100.0	5.0	3782.93354	4102.08323	4124.34614	4185.47358	4190.06761
4100.0	5.5	3786.24614	4082.97234	4119.92546	4185.28629	4191.19090
4200.0	4.0	3888.44120	4293.10633	4304.39561	4307.47009	4292.33706
4200.0	4.5	3869.52323	4260.20934	4277.89487	4303.77123	4295.28403
4200.0	5.0	3869.29246	4226.32940	4265.91962	4301.19758	4296.78273
4200.0	5.5	3871.46722	4199.00611	4254.03527	4297.27042	4295.71029
4300.0	4.0	4006.37842	4420.13377	4450.72695	4419.42915	4396.31997
4300.0	4.5	3983.58782	4395.39687	4434.30800	4423.04860	4404.10498
4300.0	5.0	3969.26775	4361.23209	4414.86994	4423.29191	4410.30349
4300.0	5.5	3963.48624	4321.53266	4390.34564	4412.96340	4404.66856
4400.0	4.0	4131.68174	4548.01783	4585.17904	4532.05663	4504.36098
4400.0	4.5	4104.38381	4528.76904	4577.59841	4539.55602	4514.00859
4400.0	5.0	4073.30635	4492.23532	4555.29768	4539.34887	4519.23085
4400.0	5.5	4058.76588	4447.76741	4526.77816	4528.87699	4514.33410
4500.0	4.0	4260.72270	4676.38662	4710.92832	4644.51621	4614.01231
4500.0	4.5	4230.42166	4657.88697	4707.13097	4651.55538	4622.04947
4500.0	5.0	4195.29764	4628.35764	4695.71834	4656.19891	4629.81027
4500.0	5.5	4168.68573	4590.50609	4674.90139	4656.78408	4636.03116
4600.0	4.0	4389.74238	4802.60853	4830.57857	4756.26685	4723.73253
4600.0	4.5	4356.30774	4784.10989	4827.97345	4761.84617	4729.72463
4600.0	5.0	4318.67272	4762.68613	4826.91794	4772.81678	4742.59568
4600.0	5.5	4279.36889	4723.77634	4808.78734	4773.51821	4747.67067
4700.0	4.0	4519.47145	4926.71995	4946.73117	4867.30183	4832.94963
4700.0	4.5	4487.65713	4910.89644	4947.51267	4874.81395	4840.80260
4700.0	5.0	4445.62783	4891.90191	4949.01692	4884.63742	4851.60940
4700.0	5.5	4401.14881	4859.24756	4939.85694	4890.74986	4860.86808
4800.0	4.0	4647.25999	5046.47411	5058.68302	4975.95853	4940.11431
4800.0	4.5	4618.60650	5035.21608	5063.18010	4985.92039	4950.29748
4800.0	5.0	4575.12271	5018.86965	5067.08782	4995.84829	4960.70430
4800.0	5.5	4528.12953	4998.39388	5071.21928	5010.38187	4976.73143
4900.0	4.0	4779.60277	5169.23050	5173.45451	5088.19323	5051.04125
4900.0	4.5	4746.90623	5155.37743	5174.43273	5093.83264	5056.77355
4900.0	5.0	4705.30512	5142.74538	5182.00558	5106.53112	5069.70978
4900.0	5.5	4650.99162	5120.11133	5184.50428	5117.33845	5081.53278
5000.0	4.0	4905.17105	5285.93515	5284.14164	5197.93609	5158.96028
5000.0	4.5	4876.06583	5276.11689	5287.46249	5204.41624	5165.23112
5000.0	5.0	4833.73719	5263.49202	5293.86693	5215.23864	5176.45708
5000.0	5.5	4780.14593	5242.34081	5296.42193	5224.86959	5187.15869
5100.0	4.0	5031.77060	5401.68383	5393.90711	5307.31360	5266.56525
5100.0	4.5	5003.66173	5392.86795	5396.37732	5311.83682	5270.85087
5100.0	5.0	4963.93234	5383.40151	5404.76985	5323.87416	5283.27725
5100.0	5.5	4905.49254	5366.18083	5409.88619	5332.82405	5292.05226
5200.0	4.0	5158.07175	5516.88911	5502.46980	5415.06673	5373.07922
5200.0	4.5	5132.45774	5509.74353	5506.12983	5420.61804	5378.09863
5200.0	5.0	5095.67034	5502.18269	5515.41040	5433.28638	5391.35050
5200.0	5.5	5040.33990	5489.41413	5524.76753	5446.15461	5404.15467
5300.0	4.0	5284.86050	5633.89620	5613.43914	5525.45238	5482.02926
5300.0	4.5	5261.01204	5625.64354	5615.11596	5529.10011	5485.29893
5300.0	5.0	5223.77003	5617.19508	5623.16311	5540.31755	5497.12698
5300.0	5.5	5170.53112	5606.21003	5633.28477	5553.75473	5510.75077
5400.0	4.0	5408.67648	5749.20345	5722.02246	5633.50334	5588.64479
5400.0	4.5	5386.61150	5740.53281	5723.30729	5636.70275	5591.67094
5400.0	5.0	5355.50469	5734.50511	5733.22439	5650.01680	5605.53568
5400.0	5.5	5302.77954	5722.08379	5740.62654	5660.80467	5616.89706
5500.0	4.0	5528.64459	5863.97562	5830.46710	5741.38731	5695.22640
5500.0	4.5	5511.95205	5855.59801	5831.09447	5743.90116	5697.06796
5500.0	5.0	5487.58537	5854.33891	5845.77302	5761.60827	5715.29837
5500.0	5.5	5431.10340	5835.12724	5846.55400	5766.56520	5721.46675
5600.0	4.0	5642.82454	5978.51653	5939.51110	5849.50804	5801.21472
5600.0	4.5	5630.68204	5968.70909	5939.32676	5851.84329	5803.45563
5600.0	5.0	5606.11241	5959.27104	5946.70042	5864.16254	5817.43329
5600.0	5.5	5558.59230	5948.80119	5954.10604	5874.31739	5827.96021
5700.0	4.0	5757.12792	6094.93892	6049.83078	5958.95101	5909.37395
5700.0	4.5	5749.86328	6083.96968	6048.40191	5960.39316	5910.23700
5700.0	5.0	5728.83399	6071.71940	6053.35068	5970.93008	5922.81909
5700.0	5.5	5664.31107	6032.23281	6036.02671	5961.12684	5915.84837
5800.0	4.0	5866.83407	6212.06258	6160.14739	6067.88801	6016.13941
5800.0	4.5	5859.89951	6189.74568	6149.45821	6062.54005	6011.83347
5800.0	5.0	5847.10974	6183.57576	6159.58651	6076.76609	6026.86881
5800.0	5.5	5812.77901	6175.49701	6168.90094	6089.81647	6040.70978
5900.0	4.0	5972.83410	6329.66937	6270.22212	6175.47785	6121.90774
5900.0	4.5	5978.18218	6308.54788	6264.28330	6176.97221	6124.42134
5900.0	5.0	5964.47963	6296.02291	6266.25134	6183.34922	6131.53110
5900.0	5.5	5940.96417	6293.03530	6279.44433	6199.77920	6148.68650
6000.0	4.0	6077.08521	6447.50670	6377.28036	6278.07624	6220.56169
6000.0	4.5	6085.09073	6417.84513	6366.61581	6277.82843	6222.95970
6000.0	5.0	6079.02354	6404.45987	6367.94511	6284.54842	6230.75679
6000.0	5.5	6055.99627	6396.74843	6377.52731	6298.44430	6245.75385
6100.0	4.0	6182.62626	6570.08835	6490.52510	6387.87710	6327.53339
6100.0	4.5	6193.26977	6531.58435	6471.84132	6381.29479	6324.01615
6100.0	5.0	6196.01562	6519.46714	6477.31035	6394.05912	6338.17013
6100.0	5.5	6176.76136	6506.98630	6481.61242	6403.13946	6348.81533
6200.0	4.0	6278.20041	6690.51429	6600.96125	6493.38156	6429.52298
6200.0	4.5	6299.02196	6651.09717	6583.93736	6490.93208	6430.35253
6200.0	5.0	6306.31477	6632.09555	6582.23387	6497.61197	6439.01480
6200.0	5.5	6291.10723	6612.93238	6581.29764	6503.47101	6447.56469
6300.0	4.0	6369.50361	6812.20014	6711.78431	6598.44366	6530.39056
6300.0	4.5	6398.67677	6766.88801	6691.01885	6595.28181	6531.45525
6300.0	5.0	6412.37880	6745.42268	6687.94722	6601.51352	6539.84414
6300.0	5.5	6401.82010	6721.95644	6682.90098	6604.44951	6545.89263
6400.0	4.0	6459.07089	6935.61677	6823.85291	6703.85213	6632.02568
6400.0	4.5	6494.20106	6888.30787	6803.39917	6703.09446	6634.83084
6400.0	5.0	6513.83689	6860.55192	6795.65304	6706.53703	6640.77149
6400.0	5.5	6512.52666	6833.81490	6787.35708	6707.59451	6645.86648
6500.0	4.0	6544.63928	7061.21657	6937.23845	6809.33307	6733.25148
6500.0	4.5	6589.36905	7005.46062	6910.21872	6806.35238	6734.70743
6500.0	5.0	6614.84581	6975.39007	6901.94199	6810.20317	6740.62672
6500.0	5.5	6619.46198	6945.64773	6891.90300	6810.52277	6745.22880
6600.0	4.0	6632.17793	7188.90956	7051.30720	6915.02384	6834.54326
6600.0	4.5	6678.67703	7126.34702	7021.04325	6911.53569	6835.16817
6600.0	5.0	6712.62894	7091.98501	7009.88051	6914.77016	6840.68109
6600.0	5.5	6724.02113	7058.34272	6997.03509	6913.75381	6844.53661
6700.0	4.0	6710.34809	7314.24745	7164.63144	7018.09527	6932.39386
6700.0	4.5	6761.31713	7248.17961	7130.06094	7012.67506	6930.39379
6700.0	5.0	6805.44363	7208.17731	7118.25768	7019.23614	6940.04517
6700.0	5.5	6823.44301	7170.02836	7101.45356	7015.84123	6942.26943
6800.0	4.0	6789.12850	7444.36358	7281.08917	7123.47646	7033.35709
6800.0	4.5	6843.46283	7374.70157	7244.05008	7117.85586	7028.99517
6800.0	5.0	6896.10693	7327.78816	7228.73419	7124.74289	7039.62977
6800.0	5.5	6919.66383	7283.17685	7207.37531	7118.65900	7039.62523
6900.0	4.0	6870.60630	7577.28605	7397.84371	7228.75041	7134.88910
6900.0	4.5	6921.46270	7498.94365	7356.19780	7221.31430	7126.31826
6900.0	5.0	6981.88541	7447.67782	7337.13664	7226.35197	7134.26564
6900.0	5.5	7015.41635	7396.07335	7313.11587	7222.15494	7138.57155
