Teff	log(g)	T_BB_us	T_BB_gs	T_BB_rs	T_BB_is	T_BB_zs
2300.0	4.0	2120.25195	2253.19213	2041.85204	2456.81117	2538.37690
2300.0	4.5	2196.09818	2228.38292	2040.39272	2301.97398	2447.28822
2300.0	5.0	2094.90653	2248.18596	2086.90446	2344.87562	2474.02143
2300.0	5.5	2018.01049	2264.72650	2154.74230	2396.96709	2511.19570
2300.0	6.0	1992.79110	2257.98914	2189.93021	2428.71697	2556.66149
2400.0	4.0	2407.44532	2274.26896	2036.83571	2321.21175	2504.66248
2400.0	4.5	2147.17350	2367.77512	2202.21423	2575.43385	2661.64885
2400.0	5.0	2201.59852	2299.75314	2121.44699	2419.01339	2558.39547
2400.0	5.5	2093.50395	2322.47838	2185.75478	2460.21194	2587.54293
2400.0	6.0	2021.44261	2460.42973	2514.03104	2753.44632	2841.12171
2500.0	4.0	2335.67240	2473.97905	2278.80582	2622.22926	2707.27000
2500.0	4.5	2424.43784	2355.16360	2124.62294	2435.88554	2608.24537
2500.0	5.0	2150.51056	2433.98099	2310.71030	2665.63125	2760.99958
2500.0	5.5	2087.40102	2466.64230	2432.78047	2722.77710	2827.71836
2500.0	6.0	2091.20584	2377.35602	2275.11515	2562.36132	2699.31021
2600.0	4.0	2422.18920	2547.29688	2366.09161	2679.22828	2762.11170
2600.0	4.5	2336.86168	2538.80697	2389.14489	2706.81911	2790.99433
2600.0	5.0	2437.06151	2436.54088	2216.74805	2553.77151	2719.49570
2600.0	5.5	2316.23483	2411.10585	2231.22593	2574.25781	2736.97868
2600.0	6.0	2191.47130	2388.77582	2258.45036	2596.80243	2763.62840
2700.0	4.0	2706.61556	2590.10649	2364.96383	2646.44821	2798.13191
2700.0	4.5	2446.59178	2655.68763	2536.33456	2797.02119	2873.01698
2700.0	5.0	2356.53032	2646.65728	2569.07692	2824.65886	2908.86693
2700.0	5.5	2270.03131	2640.93634	2615.83404	2858.48873	2958.07108
2700.0	6.0	2192.67376	2643.22418	2681.79680	2901.77008	3019.12871
2800.0	4.0	2641.45307	2784.99233	2670.65422	2876.61300	2936.57130
2800.0	4.5	2558.67097	2772.15385	2685.99381	2891.77418	2953.65678
2800.0	5.0	2664.41049	2671.14179	2471.41341	2773.64664	2918.90583
2800.0	5.5	2559.66130	2639.57297	2457.89094	2780.43478	2932.71274
2800.0	6.0	2293.72886	2743.76287	2798.41380	2977.52116	3080.75986
2900.0	4.0	2895.25754	2809.65024	2612.96565	2866.08844	2997.57997
2900.0	4.5	2844.33499	2807.05068	2618.14845	2878.29800	3006.47838
2900.0	5.0	2584.29159	2872.99173	2847.72759	3006.57334	3059.46392
2900.0	5.5	2678.55160	2763.82900	2601.39750	2891.52650	3030.56567
2900.0	6.0	2555.86842	2723.02793	2588.29608	2893.72847	3045.20920
3000.0	4.0	2986.22246	2917.36501	2730.24145	2973.93002	3098.54727
3000.0	4.5	2785.91090	2996.59618	2961.82427	3085.49000	3117.22549
3000.0	5.0	2702.47514	2983.19595	2976.26545	3101.93872	3138.02961
3000.0	5.5	2793.69793	2887.25707	2747.29790	3003.45774	3126.21175
3000.0	6.0	2514.58714	2955.43250	3036.01468	3148.70994	3209.67809
3100.0	4.0	3073.10452	3023.73212	2844.20656	3080.94290	3200.16381
3100.0	4.5	2898.11407	3103.95141	3088.25684	3182.02667	3201.16482
3100.0	5.0	2820.50101	3088.38916	3095.93931	3194.44645	3214.70379
3100.0	5.5	2905.81089	3007.84455	2889.77514	3114.14676	3220.61279
3100.0	6.0	2803.91077	2976.41771	2884.96907	3117.07496	3233.12576
3200.0	4.0	3064.27929	3228.93882	3217.45271	3278.86059	3291.74719
3200.0	4.5	3127.99521	3141.53717	2999.57992	3204.69499	3304.87738
3200.0	5.0	3081.02309	3138.97174	3020.15445	3215.22363	3307.85562
3200.0	5.5	3014.27480	3125.13722	3028.24767	3223.37125	3314.25897
3200.0	6.0	2923.48979	3099.05096	3028.16260	3228.27161	3325.16660
3300.0	4.0	3164.65235	3335.66673	3343.38845	3379.82241	3383.86975
3300.0	4.5	3212.89026	3248.60604	3123.35700	3311.26930	3401.99040
3300.0	5.0	3055.43329	3296.34769	3324.16692	3383.46769	3383.24935
3300.0	5.5	2978.59164	3278.71832	3324.84872	3397.44449	3398.46117
3300.0	6.0	3038.19058	3216.68133	3164.60102	3336.93867	3416.79329
3400.0	4.0	3298.40495	3336.43167	3201.12255	3396.51057	3494.48778
3400.0	4.5	3222.95818	3419.49480	3448.85505	3476.01914	3470.05086
3400.0	5.0	3169.53718	3399.61664	3436.14971	3479.39510	3471.70710
3400.0	5.5	3102.00263	3381.57725	3430.42346	3490.99977	3484.05046
3400.0	6.0	3016.80983	3361.89036	3431.61292	3507.45382	3505.06471
3500.0	4.0	3361.53383	3441.40701	3336.23523	3501.25927	3584.48588
3500.0	4.5	3364.83303	3458.00444	3378.98457	3521.49238	3591.50915
3500.0	5.0	3280.33794	3502.41590	3546.82625	3575.63495	3563.53464
3500.0	5.5	3221.32229	3483.97527	3536.21577	3584.81924	3572.24836
3500.0	6.0	3146.07393	3464.82280	3531.57943	3599.70433	3590.40031
3600.0	4.0	3422.55672	3548.45130	3476.80809	3607.14748	3673.55445
3600.0	4.5	3434.62329	3562.51901	3512.31013	3626.55976	3681.81015
3600.0	5.0	3389.13652	3605.86116	3657.06899	3672.40244	3658.74657
3600.0	5.5	3401.18066	3560.58788	3539.72464	3645.38451	3689.48708
3600.0	6.0	3270.96748	3567.78771	3634.12046	3692.39695	3678.58660
3700.0	4.0	3485.67329	3659.65986	3619.44184	3715.32469	3764.95947
3700.0	4.5	3503.10545	3667.80468	3646.19365	3731.84001	3772.24182
3700.0	5.0	3505.16352	3670.80022	3660.01106	3743.31710	3778.41058
3700.0	5.5	3487.89284	3665.21906	3664.02686	3749.76539	3781.73769
3700.0	6.0	3454.30490	3655.79618	3666.07351	3758.67767	3789.68594
3800.0	4.0	3553.88603	3777.32150	3763.02265	3827.47521	3861.72183
3800.0	4.5	3635.60473	3840.16148	3895.35739	3872.36666	3851.69719
3800.0	5.0	3581.05234	3775.39862	3787.95769	3848.56659	3870.97722
3800.0	5.5	3572.46558	3769.65131	3787.82454	3854.78986	3875.50985
3800.0	6.0	3548.47343	3761.12745	3786.66985	3863.21749	3883.58081
3900.0	4.0	3755.49596	3980.55730	4024.70412	3983.75293	3960.03956
3900.0	4.5	3741.46763	3954.03217	4005.39314	3976.81582	3955.34585
3900.0	5.0	3658.02331	3881.88387	3914.22976	3955.39901	3967.34097
3900.0	5.5	3678.06586	3904.00841	3968.16790	3967.68619	3949.26291
3900.0	6.0	3640.13255	3866.14613	3906.98094	3967.92420	3979.10840
4000.0	4.0	3864.68205	4101.03717	4133.68619	4086.36015	4061.39398
4000.0	4.5	3850.78303	4073.03523	4116.95893	4082.53710	4060.70726
4000.0	5.0	3735.87584	3991.02387	4040.57158	4063.29477	4065.68120
4000.0	5.5	3793.35422	4017.05166	4078.48429	4069.09872	4050.77649
4000.0	6.0	3749.68425	3995.94114	4067.53246	4074.44070	4057.02409
4100.0	4.0	3806.79989	4165.63821	4206.25045	4181.38670	4169.72483
4100.0	4.5	3808.01638	4133.05905	4184.75163	4178.71960	4172.29764
4100.0	5.0	3817.31081	4106.68857	4169.27049	4175.44436	4169.97156
4100.0	5.5	3907.72379	4133.28910	4189.67063	4173.31144	4155.42695
4100.0	6.0	3866.49786	4109.98904	4178.96575	4175.92521	4158.64036
4200.0	4.0	4105.83787	4356.98012	4360.06731	4297.26416	4268.81226
4200.0	4.5	3902.41786	4263.40954	4322.62502	4295.97381	4279.64428
4200.0	5.0	3901.02398	4225.63936	4296.74952	4287.62669	4275.49782
4200.0	5.5	3910.73790	4204.15231	4282.14714	4286.19874	4276.03695
4200.0	6.0	3910.63121	4189.07223	4269.58525	4288.09023	4280.57424
4300.0	4.0	4023.71934	4426.07020	4471.77075	4411.92833	4384.18502
4300.0	4.5	4006.92228	4397.91882	4459.52979	4415.96217	4392.14321
4300.0	5.0	3994.47498	4357.17980	4433.01756	4409.09687	4390.93323
4300.0	5.5	4138.06564	4379.82534	4422.38144	4393.34273	4375.50206
4300.0	6.0	4000.75944	4302.03850	4391.79075	4398.49463	4386.94766
4400.0	4.0	4141.66332	4554.53651	4594.28627	4525.41885	4494.32038
4400.0	4.5	4326.40295	4589.37093	4584.93042	4520.91714	4493.59197
4400.0	5.0	4282.53718	4550.43573	4568.22003	4519.12140	4496.61916
4400.0	5.5	4088.82463	4449.65885	4539.62907	4519.05581	4500.12630
4400.0	6.0	4217.17535	4470.56141	4520.85402	4496.49796	4479.51344
4500.0	4.0	4260.43135	4680.35533	4712.36911	4637.75286	4605.07072
4500.0	4.5	4241.87304	4662.52710	4713.48044	4645.88736	4613.64260
4500.0	5.0	4207.69486	4626.23620	4700.66908	4648.30080	4619.26657
4500.0	5.5	4187.14442	4583.65680	4675.37492	4642.29058	4618.79310
4500.0	6.0	4182.35610	4544.27238	4646.43774	4631.16992	4612.66193
4600.0	4.0	4637.39196	4852.83204	4795.37331	4713.97353	4683.07020
4600.0	4.5	4362.46725	4788.21445	4830.35751	4757.44719	4723.96301
4600.0	5.0	4540.10988	4816.69924	4809.63327	4745.16576	4718.13660
4600.0	5.5	4294.14423	4718.02076	4807.35173	4761.72809	4734.05446
4600.0	6.0	4447.06087	4731.46051	4767.79288	4730.50532	4710.97891
4700.0	4.0	4504.99005	4927.60115	4940.45639	4858.88269	4824.74926
4700.0	4.5	4485.50080	4913.09626	4945.45004	4868.69390	4834.49916
4700.0	5.0	4450.35306	4890.82704	4947.05294	4876.85039	4843.01439
4700.0	5.5	4408.80708	4855.24120	4939.45802	4883.25545	4852.09333
4700.0	6.0	4571.19630	4866.36426	4892.97715	4849.21747	4828.16396
4800.0	4.0	4904.64479	5083.33280	5007.51773	4924.94146	4894.08174
4800.0	4.5	4605.12947	5032.62377	5056.05358	4976.81429	4942.11574
4800.0	5.0	4807.35583	5064.60012	5029.51348	4954.31359	4924.25721
4800.0	5.5	4530.43841	4989.25933	5063.83548	4998.74408	4965.20188
4800.0	6.0	4491.84885	4945.54529	5045.39485	4997.08728	4967.92754
4900.0	4.0	4750.25340	5166.29144	5164.40717	5079.73183	5044.63992
4900.0	4.5	4732.67405	5155.22108	5168.63664	5087.41880	5052.18745
4900.0	5.0	4698.96182	5141.20274	5176.17683	5098.46372	5063.25779
4900.0	5.5	4655.07962	5118.48450	5181.25070	5110.30325	5075.56130
4900.0	6.0	4829.86155	5130.88918	5135.86087	5081.20217	5056.96518
5000.0	4.0	5170.31661	5306.62132	5215.70527	5132.70219	5101.16380
5000.0	4.5	4855.67524	5272.95220	5277.58340	5194.95459	5158.53987
5000.0	5.0	4821.89532	5261.04887	5285.86838	5206.03732	5169.66746
5000.0	5.5	4778.11635	5241.82362	5293.74179	5219.26684	5183.31398
5000.0	6.0	4958.37761	5255.83924	5250.09094	5190.45157	5163.87231
5100.0	4.0	5025.54087	5388.07422	5371.50209	5286.04701	5245.55374
5100.0	4.5	5012.76797	5385.67391	5379.00491	5295.37370	5255.24363
5100.0	5.0	5195.95412	5386.96215	5322.23903	5247.85733	5215.73901
5100.0	5.5	5124.92654	5367.14692	5324.88058	5255.37689	5223.88498
5100.0	6.0	5056.86572	5344.79954	5328.86770	5268.32937	5238.51613
5200.0	4.0	5408.38902	5509.60659	5407.50157	5326.19681	5292.20314
5200.0	4.5	5371.33135	5499.09906	5409.84557	5331.79662	5298.64787
5200.0	5.0	5104.01694	5491.14531	5492.71452	5410.92879	5370.14825
5200.0	5.5	5258.14695	5477.57976	5426.20485	5356.58710	5324.96498
5200.0	6.0	5181.36087	5448.38277	5421.81581	5360.29148	5330.32491
5300.0	4.0	5281.33145	5623.64066	5592.24302	5505.87775	5463.49255
5300.0	4.5	5270.84143	5619.43317	5596.12438	5511.45486	5469.34571
5300.0	5.0	5447.34458	5592.58669	5515.65095	5443.44403	5411.59004
5300.0	5.5	5390.18771	5584.27621	5525.32740	5456.66254	5425.27155
5300.0	6.0	5316.41383	5560.98330	5524.39530	5462.33381	5432.08200
5400.0	4.0	5403.42591	5738.23073	5699.79952	5612.89184	5569.44060
5400.0	4.5	5624.65275	5716.77673	5616.01094	5539.01286	5505.32786
5400.0	5.0	5364.42617	5726.37422	5711.14192	5628.20115	5585.46683
5400.0	5.5	5517.19160	5685.90400	5619.50949	5551.84686	5520.61122
5400.0	6.0	5249.40659	5690.19610	5725.92313	5652.84374	5611.76801
5500.0	4.0	5528.68259	5855.51967	5807.93464	5719.93335	5675.15441
5500.0	4.5	5514.72909	5844.14190	5807.17941	5721.85193	5677.44672
5500.0	5.0	5493.47787	5841.63290	5817.66031	5734.23519	5690.23347
5500.0	5.5	5433.36843	5814.75054	5816.34318	5739.20053	5697.26789
5500.0	6.0	5378.30917	5805.56999	5831.86770	5758.34611	5716.51590
5600.0	4.0	5857.28225	5924.35266	5794.01621	5709.72217	5672.91411
5600.0	4.5	5828.51717	5899.35245	5787.88947	5711.34214	5676.73547
5600.0	5.0	5610.09829	5941.50751	5915.84451	5835.72805	5792.17039
5600.0	5.5	5566.24079	5931.25584	5924.61945	5847.61472	5804.70116
5600.0	6.0	5702.23659	5875.61120	5814.07289	5752.18434	5721.08875
5700.0	4.0	5761.44301	6086.49811	6022.47303	5931.37319	5883.34292
5700.0	4.5	5762.27614	6076.44090	6022.14360	5934.71529	5886.89791
5700.0	5.0	5906.95354	5982.12071	5880.52371	5810.08270	5777.08229
5700.0	5.5	5861.79343	5968.89225	5883.37692	5817.41653	5785.45725
5700.0	6.0	5636.68655	6032.02886	6040.65297	5967.04214	5923.35550
5800.0	4.0	5872.29869	6203.02111	6130.16188	6036.97021	5986.92732
5800.0	4.5	5874.14656	6176.57431	6120.47611	6035.67912	5988.10315
5800.0	5.0	6023.24215	6087.03203	5978.08426	5907.17975	5873.23277
5800.0	5.5	6012.26808	6099.22372	6004.70564	5938.29522	5905.29423
5800.0	6.0	5765.20235	6143.44492	6143.54963	6070.02890	6025.17408
5900.0	4.0	5979.93289	6320.35619	6238.20691	6142.09555	6089.63319
5900.0	4.5	6164.58343	6224.16788	6088.31114	6008.50155	5970.53404
5900.0	5.0	5976.10001	6275.47101	6226.78608	6145.65565	6097.48514
5900.0	5.5	5915.11101	6239.01940	6210.21306	6132.98634	6086.29306
5900.0	6.0	6054.98453	6162.22263	6079.54981	6019.28695	5987.32826
6000.0	4.0	6083.95408	6438.81572	6346.77719	6247.11656	6191.84203
6000.0	4.5	6097.36220	6402.03949	6330.47303	6242.65900	6190.91199
6000.0	5.0	6243.26165	6297.23742	6173.16532	6100.38832	6063.78948
6000.0	5.5	6065.20976	6373.55776	6335.24069	6257.98299	6209.22745
6000.0	6.0	5989.33900	6338.00152	6322.92109	6249.39239	6201.93245
6100.0	4.0	6352.67053	6482.62048	6305.25937	6207.46596	6160.60298
6100.0	4.5	6363.05565	6441.20790	6284.46790	6198.11146	6155.31901
6100.0	5.0	6188.26324	6480.18435	6416.44349	6333.27649	6280.76037
6100.0	5.5	6183.84462	6483.02987	6436.88467	6359.14306	6308.27137
6100.0	6.0	6288.27936	6360.57733	6263.21052	6203.40829	6170.29769
6200.0	4.0	6433.72040	6595.51831	6408.91703	6306.45592	6256.35989
6200.0	4.5	6456.06924	6550.90402	6385.72427	6296.66697	6251.18286
6200.0	5.0	6449.69218	6510.15267	6370.51192	6294.42036	6253.83050
6200.0	5.5	6300.89367	6590.33123	6538.35298	6461.53922	6409.27439
6200.0	6.0	6399.76942	6459.77639	6355.35557	6295.23728	6261.08356
6300.0	4.0	6380.82117	6801.43808	6672.60884	6557.30314	6491.78171
6300.0	4.5	6403.00121	6738.16280	6640.11197	6544.56386	6483.96121
6300.0	5.0	6423.32855	6721.14350	6640.01187	6553.54998	6495.13568
6300.0	5.5	6382.23680	6666.17780	6610.21788	6534.54068	6481.38203
6300.0	6.0	6346.00187	6645.53228	6610.45420	6540.92432	6490.23790
6400.0	4.0	6581.91802	6835.30078	6617.38208	6498.92617	6439.60358
6400.0	4.5	6624.66388	6768.13317	6586.51878	6490.56632	6438.70738
6400.0	5.0	6522.55916	6832.60264	6744.12562	6655.35208	6593.39179
6400.0	5.5	6630.73864	6684.09485	6548.51574	6478.15735	6437.30997
6400.0	6.0	6613.27707	6658.92376	6541.23894	6479.78501	6442.75258
6500.0	4.0	6556.36717	7048.18604	6893.39652	6763.41280	6690.03001
6500.0	4.5	6593.44178	6974.69769	6857.16801	6753.29309	6685.00850
6500.0	5.0	6621.33363	6945.63227	6848.50294	6756.87043	6691.01944
6500.0	5.5	6725.67516	6786.92576	6644.91934	6572.75365	6529.37586
6500.0	6.0	6711.59324	6755.63676	6632.12183	6569.69671	6530.82225
6600.0	4.0	6640.18432	7173.24422	7004.36234	6865.55100	6787.96572
6600.0	4.5	6686.95646	7099.82184	6971.65217	6862.18947	6789.23027
6600.0	5.0	6719.89252	7061.16388	6954.20605	6858.92410	6788.51064
6600.0	5.5	6720.41121	7009.67499	6929.74437	6850.01180	6787.13007
6600.0	6.0	6686.48805	6962.71488	6905.01963	6834.36387	6776.14034
6700.0	4.0	6792.12294	7193.44645	6940.79108	6798.37005	6725.62641
6700.0	4.5	6771.12906	7219.15633	7080.38257	6964.67558	6886.86808
6700.0	5.0	6811.05329	7175.90495	7059.96313	6960.56039	6885.21377
6700.0	5.5	6818.40021	7117.82572	7030.45743	6948.59919	6881.76786
6700.0	6.0	6938.47478	6993.68829	6857.38024	6791.13410	6746.10226
6800.0	4.0	6859.06265	7315.51837	7049.84325	6897.67100	6820.56873
6800.0	4.5	6852.53935	7340.30300	7190.41611	7067.44764	6984.25042
6800.0	5.0	6976.58033	7170.21447	6979.60725	6879.96855	6815.12976
6800.0	5.5	6914.78693	7227.99779	7133.05019	7048.47296	6977.12480
6800.0	6.0	6898.80993	7175.94185	7104.05933	7031.24254	6966.14880
6900.0	4.0	6924.25511	7438.90834	7159.42729	6996.67685	6915.26522
6900.0	4.5	6929.32693	7460.05328	7298.86230	7167.90718	7079.17193
6900.0	5.0	7050.05948	7281.99292	7084.28430	6979.67145	6909.24304
6900.0	5.5	6999.60693	7329.36526	7227.46123	7139.96748	7064.04073
6900.0	6.0	6998.97803	7282.49166	7204.03923	7129.66917	7060.51496
