Teff	log(g)	T_BB_us	T_BB_gs	T_BB_rs	T_BB_is	T_BB_zs
2300.0	3.5	2358.2342672810137	2183.30578477677	1960.1103494918136	2218.444520144482	2369.7677004086063
2300.0	4.0	2271.0187168386333	2189.471998695394	1981.9698954146456	2256.1925406559467	2393.81302031846
2300.0	4.5	2163.0170929853025	2224.3201394830708	2048.781776721098	2312.4388179723915	2427.557321019494
2300.0	5.0	1922.355636762397	2338.291113457897	2270.049468512854	2580.9183278055616	2643.2053080036962
2300.0	5.5	1966.648244419515	2263.113364431761	2164.4959330205734	2403.5704218182022	2501.940469916503
2300.0	6.0	1883.6672795870145	2388.1444427921674	2453.1793002943145	2694.0922233326964	2786.402520068423
2400.0	3.5	2460.416446855469	2276.4579922760818	2036.3556404618084	2315.936941936265	2463.2631036294156
2400.0	4.0	2193.2211966777636	2353.8801232227793	2152.80234306236	2540.3252050879996	2607.2915348629467
2400.0	4.5	2106.981775641286	2367.005202022419	2217.4418136244035	2587.003773041157	2656.9499770450425
2400.0	5.0	2007.126197805752	2341.950882208612	2239.231198369757	2602.7079105076336	2686.5131160886167
2400.0	5.5	2045.6436930567472	2319.285751442993	2194.9272511999384	2468.0941374329004	2576.1581489372675
2400.0	6.0	1979.1031285989152	2319.329263195858	2244.4197618902776	2507.6783562605765	2620.849736365686
2500.0	3.5	2396.934392895436	2473.9064419105216	2266.518360768093	2603.1432929832567	2673.0352266159593
2500.0	4.0	2308.606663565788	2471.582033342518	2291.7591749925546	2632.5703908220444	2699.7046334290676
2500.0	4.5	2400.6152117096203	2350.9035639940757	2131.2456406846795	2447.8997214657807	2582.1363390775628
2500.0	5.0	2106.8371247087625	2432.887584307052	2327.196240384675	2676.9237974051125	2758.9382602151773
2500.0	5.5	2018.82899139797	2465.6313443854333	2452.4722005554186	2731.6580340029795	2832.4510720947414
2500.0	6.0	1964.3563809731143	2526.180832874661	2610.630781637051	2817.6704341520267	2914.333908910719
2600.0	3.5	2651.4834989319866	2483.538622450212	2258.6088620212186	2535.2970841035844	2664.1002382914103
2600.0	4.0	2595.1579795896932	2477.2164816737063	2246.910653085863	2546.14073718064	2674.6285305700794
2600.0	4.5	2308.259273099854	2537.0904057897956	2402.8483367335034	2716.5045336462813	2786.0112089905156
2600.0	5.0	2215.031320892752	2533.252539085564	2445.2339020867084	2751.6706650149968	2831.92653503005
2600.0	5.5	2119.5503879023786	2544.623979174029	2523.6460314661995	2798.0553010289227	2895.5753960750317
2600.0	6.0	2041.495506500801	2600.04319720265	2667.206325181309	2875.6088581941754	2992.309480287658
2700.0	3.5	2741.74938367985	2586.924346123841	2376.172883324952	2642.1387868140114	2763.5964452883495
2700.0	4.0	2693.9808438429945	2586.72214459777	2371.0727026445825	2655.848128378066	2775.8302779716487
2700.0	4.5	2623.575815020838	2572.8527712155774	2358.101133719727	2664.914707514145	2786.793981260439
2700.0	5.0	2325.972813035934	2644.855346296275	2584.425672803814	2833.156574240476	2909.152419111015
2700.0	5.5	2409.0226004992564	2512.895450397781	2333.0331692368536	2681.245824311412	2815.953241720708
2700.0	6.0	2277.254579794654	2480.151838027791	2345.343932635782	2694.6078778281812	2839.55283808057
2800.0	3.5	2699.911946596407	2796.0988555170848	2674.589856094334	2875.9498101291933	2928.361193760939
2800.0	4.0	2792.422010159234	2699.307904349592	2499.5733532209124	2768.15326977504	2880.1248749306815
2800.0	4.5	2537.1581882565574	2771.26921814448	2700.584991252611	2899.697310755357	2954.6882261987002
2800.0	5.0	2442.9843233745537	2758.988167821832	2727.568753245635	2921.5033723124216	2986.036786291519
2800.0	5.5	2534.6032549907554	2635.5477665141752	2465.8687757249354	2790.9546016829627	2918.7843259484744
2800.0	6.0	2255.7347555627384	2741.551103562375	2816.8941498583613	2983.0273783063426	3087.3131590307944
2900.0	3.5	2919.3139361504445	2790.6646969448075	2594.0420520413236	2852.699811675529	2967.3830283581833
2900.0	4.0	2735.451275505148	2898.4355735332683	2828.5828070476778	2982.668652191588	3023.429392145543
2900.0	4.5	2832.2816714277374	2804.552978002616	2626.1261013639755	2886.5577107113277	2991.473123255941
2900.0	5.0	2756.79287236694	2788.456819638074	2621.561162535146	2894.5932598321565	3003.5510785815313
2900.0	5.5	2462.2954240166405	2860.43728649173	2896.81893237123	3037.2577833167165	3102.146864606539
2900.0	6.0	2369.1001332312094	2850.890217733194	2943.6801004531017	3068.580848301211	3152.942570355003
3000.0	3.5	3003.565733249559	2892.7614341253584	2696.0790681407298	2958.7254714268415	3071.945427632277
3000.0	4.0	2844.464818230158	3011.685419425954	2969.6326878080986	3083.838741655276	3112.577085610432
3000.0	4.5	2769.4746022377044	2996.6199532210917	2976.8501621017326	3091.8530672423385	3121.1711801395786
3000.0	5.0	2866.8390970599944	2908.772919174062	2761.871730104889	3006.850327688201	3105.893785837425
3000.0	5.5	2582.581772379937	2968.0341478215505	3016.470709144709	3127.6717142282328	3175.171758046412
3000.0	6.0	2484.642092948349	2954.2690217046243	3052.6134457287403	3154.002062008778	3218.5382667388035
3100.0	3.5	3000.3443169402553	3137.320385855258	3100.40072815177	3186.6706658203925	3209.9412539690825
3100.0	4.0	2949.424698416926	3120.212651561499	3100.2702305650478	3182.442642635258	3202.100413917352
3100.0	4.5	3027.611256212713	3030.063492075976	2883.878383529033	3104.2911755565106	3194.7069166519764
3100.0	5.0	2800.8816925934184	3087.7202233762573	3109.9819686600254	3199.1588746006714	3219.878501304589
3100.0	5.5	2889.6757387678363	3005.449146893962	2900.664899917166	3121.7207577560976	3215.620761100801
3100.0	6.0	2605.986748853479	3056.806712466787	3156.0239593987617	3241.3131367329875	3285.555744213008
3200.0	3.5	3096.119954909688	3248.8618407943	3236.285769566196	3291.854853673113	3304.794225463797
3200.0	4.0	3147.803391405174	3128.666750766018	2968.6800752171075	3196.9369013149744	3291.1691223082903
3200.0	4.5	3119.1210473925858	3140.1987635798146	3009.2671402340297	3212.5052729478007	3297.4642858996417
3200.0	5.0	2920.7080506923417	3192.283004725541	3224.3775321802027	3292.9323965401277	3302.58160763856
3200.0	5.5	2832.298819454812	3175.921698300362	3234.589348217531	3309.38622045372	3323.78100168506
3200.0	6.0	2905.0956479514393	3096.734542669373	3041.03563052277	3235.2431881184375	3325.146105177692
3300.0	3.5	3189.3088122856793	3358.0445883635684	3366.9171045948538	3395.720457827876	3399.8699476114307
3300.0	4.0	3222.145851679883	3232.1487417385156	3086.5662324082696	3301.5660412470343	3389.4819965905313
3300.0	4.5	3103.9603713820507	3315.8224187587502	3343.9281486743507	3382.4402335978502	3382.3476093219533
3300.0	5.0	3039.250053186042	3296.7022124582554	3337.351999154856	3387.9613620421464	3388.6378412326035
3300.0	5.5	3105.782122380075	3237.724847955387	3174.123492341654	3337.854417259608	3408.605820872523
3300.0	6.0	3021.870698470065	3214.777655406523	3178.022141837577	3343.469008652056	3418.964628867996
3400.0	3.5	3280.76304277271	3464.346561812684	3489.229451560912	3496.9047939401876	3494.265811167055
3400.0	4.0	3290.3778379272435	3335.8855365570253	3212.102666859556	3405.8827463145535	3486.1813197138226
3400.0	4.5	3210.211066426339	3420.7929516360305	3460.843941578363	3481.271287852881	3473.954292686306
3400.0	5.0	3254.378644231207	3355.9907632866107	3287.652335437802	3435.176629251071	3496.973822759206
3400.0	5.5	3083.299259885821	3382.0407607104285	3444.4645155513886	3495.113371897356	3490.2977034158234
3400.0	6.0	2993.847746653228	3361.73200846433	3447.1679582807183	3511.4854381486134	3512.552310948476
3500.0	3.5	3329.2687881566626	3411.175812657627	3281.509556326856	3479.580790534516	3560.018035338946
3500.0	4.0	3349.463718227925	3547.195529410719	3592.2180214829687	3586.3817032473826	3575.37429193645
3500.0	4.5	3314.3367410209885	3525.4263096850664	3575.1355051247856	3580.4095331498	3568.7928990696364
3500.0	5.0	3338.3674239485745	3462.2241798068344	3415.7776369751045	3540.55491304697	3592.949458279645
3500.0	5.5	3203.682169753953	3485.0223482112674	3549.972619405757	3589.103316753014	3577.9747477944065
3500.0	6.0	3240.2155277474744	3439.5251578805523	3434.5066579533254	3554.8827691045253	3602.615700805575
3600.0	3.5	3383.9240972815073	3529.6128967191326	3439.4904487752547	3591.067977839322	3653.9996965177775
3600.0	4.0	3444.756143520044	3652.020036939368	3704.324859867621	3686.021268366041	3669.5627438963447
3600.0	4.5	3416.1441125015435	3629.5619741761084	3686.009202812676	3678.8457801734694	3663.122943570757
3600.0	5.0	3417.8551068956203	3567.3219924536975	3544.4674190298024	3645.2952044187587	3686.193481782734
3600.0	5.5	3320.317080276519	3588.57828787435	3656.636805621005	3684.044412914699	3669.860694413329
3600.0	6.0	3251.030117238149	3568.957961374436	3648.5629073865093	3696.590472128041	3684.805366592694
3700.0	3.5	3445.831801519236	3658.6134653599506	3605.0114922257394	3709.3356557461443	3753.1947702954108
3700.0	4.0	3474.4116341788895	3661.6782792135664	3632.5639560349537	3724.558170763833	3763.463972894099
3700.0	4.5	3492.820037897327	3669.5825029453863	3658.891061314366	3739.5871048725453	3772.567485820255
3700.0	5.0	3483.1057822006173	3713.2367752796163	3777.8671081814723	3774.7142115987576	3756.7468673888247
3700.0	5.5	3433.45581986405	3691.6793818262404	3762.106206406565	3778.1383591769454	3762.074412178045
3700.0	6.0	3441.374518605126	3656.514454493118	3679.8787513625552	3764.375122082407	3792.225713627218
3800.0	3.5	3516.761923874572	3791.618555722505	3769.8858365419405	3828.1271159733647	3853.176110715957
3800.0	4.0	3639.1941573151435	3873.5316963419973	3928.2778256867905	3890.126112967349	3864.324206486887
3800.0	4.5	3561.1795556488696	3777.9366831003704	3791.578896805747	3846.261513116557	3866.9760308943555
3800.0	5.0	3569.9425117254136	3777.5839212312494	3800.6278946482244	3855.1349496483986	3873.2855694751806
3800.0	5.5	3560.80189935633	3771.4592999440515	3800.8864106936976	3860.6245046252	3878.228762742539
3800.0	6.0	3497.372657283441	3781.3024928953882	3861.968513428202	3885.895564810339	3870.3876670449145
3900.0	3.5	3592.4441569996575	3928.0270054439584	3936.945740660391	3949.4761049190656	3953.324895118273
3900.0	4.0	3610.2004482001885	3904.5190208190184	3924.70787032668	3950.4192362325925	3958.804730456697
3900.0	4.5	3631.053146552137	3891.1970555262083	3925.487354043947	3955.8331723993524	3964.0998172387003
3900.0	5.0	3645.737462146279	3884.97301619327	3926.617908513451	3962.097877175013	3970.324762504847
3900.0	5.5	3663.277317295396	3907.832472057353	3978.066231233337	3972.6372852653753	3953.945979617416
3900.0	6.0	3614.828434898275	3889.62022230494	3969.9662039528275	3982.360277892747	3965.5547870871887
4000.0	3.5	3682.493631915425	4061.950814447382	4088.7343978450235	4066.7817427372966	4054.941458868093
4000.0	4.0	3691.5988875812022	4036.828429369585	4072.6582139854327	4069.464150694194	4063.541793138741
4000.0	4.5	3832.9327104790927	4080.228961361451	4125.70781511364	4089.5569565826763	4064.6229795160825
4000.0	5.0	3721.952931972665	3995.385811870811	4052.61740967135	4070.366326548908	4068.984262614721
4000.0	5.5	3778.8983382548386	4021.938044524214	4087.3442258553746	4074.5004369897856	4055.5547098784814
4000.0	6.0	3733.6708087437755	4000.178515028651	4077.718435505291	4079.5645648940804	4062.208758182158
4100.0	3.5	3783.223166990649	4193.741337606476	4229.733142236717	4184.467157070685	4161.524749332526
4100.0	4.0	3783.7909205710175	4173.704843883278	4219.594746000016	4190.940470645435	4171.928040186624
4100.0	4.5	3787.5009863659525	4139.995518916644	4197.707912023465	4187.494946627951	4174.6065231746115
4100.0	5.0	3925.1203252084188	4172.135558974091	4217.732237310177	4188.180679752372	4166.367408255192
4100.0	5.5	3809.5658029731967	4095.1378397567155	4168.032802543061	4182.040865114875	4175.448077541728
4100.0	6.0	3850.8713835522963	4115.281961767387	4188.0443805186505	4181.51439344971	4163.879655221227
4200.0	3.5	4099.52782944355	4383.632029359468	4362.342058279404	4282.204619719468	4244.21403317374
4200.0	4.0	3885.6236390136496	4307.117932608999	4356.15422079719	4307.410852564364	4278.549355589903
4200.0	4.5	4048.5573369789536	4337.39398196848	4359.580357993469	4310.553500101043	4281.532776961555
4200.0	5.0	3881.497913858062	4233.121116888654	4308.43181666903	4295.777141796335	4278.200981248489
4200.0	5.5	4005.024732767159	4260.215839274028	4310.1312561785535	4286.474786743766	4266.911416242027
4200.0	6.0	3895.9229680316203	4194.564395618417	4280.458032681287	4294.6707464570345	4285.297600963533
4300.0	3.5	4001.7285285452267	4450.086611468525	4485.436047497962	4415.2452867348575	4380.932482025523
4300.0	4.0	3997.6268471767994	4437.314026742249	4483.777504292276	4421.646020438296	4387.081950367961
4300.0	4.5	4167.7596165791165	4470.335722949084	4477.796531846937	4420.558329395949	4389.086875029114
4300.0	5.0	3970.897213960808	4366.494717691588	4444.6155652281595	4417.793580700932	4393.009357308284
4300.0	5.5	4120.49624006728	4389.161346645916	4430.524854142055	4400.412449847147	4379.17880891932
4300.0	6.0	4083.8336629905943	4353.275433211552	4410.612270599503	4391.208792783299	4372.861697664042
4400.0	3.5	4119.598526222991	4577.266081934261	4605.331381941513	4528.747703376992	4492.346604460091
4400.0	4.0	4115.6192525958195	4566.779048275353	4606.075276567503	4535.2516423327925	4497.780803548945
4400.0	4.5	4093.995549381925	4545.977517235146	4604.189977076154	4543.555479992931	4505.998166002308
4400.0	5.0	4071.405118675525	4501.860585748961	4578.987290173233	4536.979993575406	4504.679904993384
4400.0	5.5	4066.7585962499015	4459.236467382914	4550.161132624744	4527.407828322802	4502.366829626241
4400.0	6.0	4200.136977929302	4479.950790140923	4528.805626035557	4503.452196896483	4483.820994668773
4500.0	3.5	4236.470098203679	4700.263663782887	4721.847913948466	4641.147991396885	4603.775911786287
4500.0	4.0	4468.111944998602	4745.880814484599	4699.008979499178	4615.785227299977	4578.523427561227
4500.0	4.5	4213.225561008839	4675.905838400847	4725.224015885052	4655.980960878936	4615.677492785102
4500.0	5.0	4178.114973138224	4638.967147972835	4712.128396843705	4657.945446126622	4620.328598087548
4500.0	5.5	4161.149720157895	4594.947752064573	4686.090793214766	4651.237203042899	4620.121081673478
4500.0	6.0	4161.313056151097	4553.9552349804735	4656.31225047627	4639.270858855634	4615.540861372994
4600.0	3.5	4644.198392260288	4871.256080478148	4798.747775506293	4711.516025376442	4675.739392337068
4600.0	4.0	4606.146444696342	4866.08551448914	4808.141010408053	4723.922880976887	4687.084426616489
4600.0	4.5	4335.455367220186	4802.088999951982	4842.0266723412215	4767.757206803202	4726.6142650985585
4600.0	5.0	4296.816960939771	4775.164857440728	4839.539086226731	4774.827041179933	4733.099966675211
4600.0	5.5	4265.189232202879	4730.963724482384	4818.188152340121	4771.233415434962	4734.581980261528
4600.0	6.0	4254.600136869006	4685.631869445382	4788.601842452822	4760.666003271162	4731.604869678215
4700.0	3.5	4782.573581744724	4986.949587899492	4906.042762489784	4818.1595938532955	4782.581436130764
4700.0	4.0	4484.7368304977035	4940.810934822594	4952.7440198862705	4869.426454676699	4829.560310999046
4700.0	4.5	4696.56812639266	4974.794266923789	4923.327192804879	4840.867110538387	4802.984272906003
4700.0	5.0	4420.899285401795	4905.561484946094	4958.423132312864	4887.210889682059	4844.093600617589
4700.0	5.5	4377.595074262905	4869.457553209741	4950.407436449417	4893.135990161811	4852.1213645162425
4700.0	6.0	4544.601537891917	4880.675620418245	4902.503369368736	4857.892702658146	4829.954309551357
4800.0	3.5	4613.3937191180075	5066.773514062693	5063.861181588731	4976.516484240364	4938.01845022627
4800.0	4.0	4606.146627329886	5060.003706908088	5065.167850545534	4980.258412516298	4940.202324286273
4800.0	4.5	4582.7480695748445	5046.967909586054	5068.233636221235	4987.663599314096	4945.973220432653
4800.0	5.0	4775.777046481837	5080.133170499227	5041.643453186826	4964.505435322725	4926.110704124638
4800.0	5.5	4498.826595190836	5004.506776988153	5075.040756510063	5009.07567171149	4965.127657521721
4800.0	6.0	4460.888495698263	4959.902179835195	5056.010239648409	5006.895695679169	4967.876434218097
4900.0	3.5	4735.257388688322	5182.414908040671	5174.581380957033	5086.7533085800105	5048.216206650991
4900.0	4.0	4735.343233210347	5180.581037649738	5177.249389938958	5091.0405232111125	5050.935948361897
4900.0	4.5	4973.632133642488	5203.786025215289	5134.2968588343065	5050.8295363129855	5014.082107543083
4900.0	5.0	4673.850862423781	5156.461534564182	5188.119465245746	5109.3892560747745	5065.394811302535
4900.0	5.5	4624.326813142899	5134.133941923689	5192.53797836039	5121.027995660386	5075.745771069868
4900.0	6.0	4798.536816964672	5147.29323763447	5146.763037512057	5090.735407128524	5057.609640054944
5000.0	3.5	4861.915342847691	5300.131915623169	5282.262400550916	5192.898487363664	5152.659816819001
5000.0	4.0	4862.733281376277	5298.903939794119	5286.416892850218	5199.376357361703	5158.328692549499
5000.0	4.5	4836.479308228261	5288.000993179879	5290.2052489007565	5206.394541524176	5163.709832502396
5000.0	5.0	4796.813322764916	5276.714889415633	5297.931108453016	5217.281988530297	5172.504000657268
5000.0	5.5	4986.850573230088	5298.366914423472	5262.288008739569	5190.480660555137	5152.033440634554
5000.0	6.0	4924.154530685724	5272.808379015796	5261.669038874332	5200.495137037377	5164.506342161107
5100.0	3.5	5291.9166848756495	5421.8061136299475	5315.463175274145	5228.666631652319	5189.670242078651
5100.0	4.0	5263.674617903501	5412.113281749329	5317.278218606059	5234.658870624041	5196.430519056576
5100.0	4.5	4976.146906575542	5401.3124338567795	5391.722657968209	5307.260708319183	5260.272818537395
5100.0	5.0	5165.1058112019555	5402.480652369382	5335.155545195388	5258.978895824467	5219.076931527913
5100.0	5.5	4883.126226619103	5378.932624718295	5408.309126913063	5331.188973019534	5279.974857567378
5100.0	6.0	4812.568255293238	5345.9598783766105	5407.625838042858	5339.76040196328	5288.213514557674
5200.0	3.5	5420.4801971644365	5535.297775395135	5420.619718042991	5331.959713724797	5292.41196976172
5200.0	4.0	5132.210061097543	5524.100908818845	5495.217478536639	5407.949496386963	5361.295903447153
5200.0	4.5	5107.508882036589	5519.110098583204	5501.062968957366	5415.923140599923	5368.340807731247
5200.0	5.0	5063.331792802344	5507.291113119421	5505.16098795748	5422.781012327211	5373.698684570403
5200.0	5.5	5012.676776105241	5498.6888070549985	5518.020112147418	5439.217345781573	5387.682430370568
5200.0	6.0	4938.754358579338	5467.303479010375	5518.503644008233	5447.740071227566	5395.614885763862
5300.0	3.5	5543.662889722425	5638.603079657619	5519.694399917618	5431.7073629653605	5392.92987045322
5300.0	4.0	5257.980771314078	5640.1092190684385	5605.956331812369	5518.590949399921	5471.067501199623
5300.0	4.5	5484.558400107089	5626.632120302912	5528.823092302186	5447.007974447497	5407.631705471116
5300.0	5.0	5197.196926242608	5627.600214397904	5617.031914180024	5533.866964655579	5484.18010251129
5300.0	5.5	5137.632515015375	5611.417248956139	5623.82664696856	5544.781154941602	5493.522395996219
5300.0	6.0	5072.1186676153075	5590.195204636677	5630.81204640639	5558.283323293524	5505.999618548334
5400.0	3.5	5662.815902291998	5745.912985905335	5619.457885713876	5530.577279526004	5491.429263109539
5400.0	4.0	5383.595673830529	5754.996989038319	5713.807081222116	5625.970840067276	5577.395416484864
5400.0	4.5	5363.458432240817	5749.087364699026	5716.670494836993	5630.833756308559	5581.583202022491
5400.0	5.0	5327.7365759462145	5743.062779792404	5724.296207887104	5640.706793836228	5590.309181918317
5400.0	5.5	5267.7708999190645	5722.025908256953	5727.464265564887	5649.753511583991	5599.54082406121
5400.0	6.0	5432.62542614091	5705.531146128213	5655.484030610299	5589.924225270349	5549.692185609063
5500.0	3.5	5775.725563247568	5854.7510859335225	5721.646006195867	5630.963687927881	5590.908494384888
5500.0	4.0	5512.758040772681	5872.496382366816	5822.400784442114	5733.231660216976	5683.3354978977095
5500.0	4.5	5488.923653473624	5861.113348474433	5821.422627230484	5735.0079109826065	5684.604804596012
5500.0	5.0	5681.614288410118	5818.689220398954	5726.992425606783	5652.883459003622	5614.455585386446
5500.0	5.5	5392.545956066541	5831.270351097075	5829.232753130459	5751.281878014766	5700.797298715344
5500.0	6.0	5566.082105989135	5809.365652072771	5751.912662594528	5686.708645200493	5647.247005853991
5600.0	3.5	5876.527747845867	5955.273978613308	5813.354590952964	5719.937157051838	5678.884353891641
5600.0	4.0	5862.93043148622	5939.217099072935	5809.80835283004	5722.3508785740305	5682.214968848797
5600.0	4.5	5616.3125475200495	5977.4763176332135	5930.434863648954	5842.939363231609	5791.030484200477
5600.0	5.0	5577.7063212338535	5958.2612218064205	5929.687348819282	5848.418165612636	5798.288271094588
5600.0	5.5	5527.328809340109	5947.934218513867	5938.032435364294	5859.888635709506	5808.913332587837
5600.0	6.0	5463.241591089241	5936.197806004114	5950.0233902677855	5875.191705804188	5822.519080382156
5700.0	3.5	5746.377411073135	6109.120736054436	6037.966642326772	5940.2034689177035	5887.353048198836
5700.0	4.0	5754.732684682308	6103.253686736178	6038.054685512008	5945.246076218601	5891.890756238748
5700.0	4.5	5743.541286401119	6093.375489865069	6037.538630679214	5948.392135034347	5894.732383987083
5700.0	5.0	5703.477348900902	6069.510544031347	6034.186713479158	5952.485880046128	5901.337191261795
5700.0	5.5	5842.798786088444	5984.007076217046	5897.92553252487	5829.033398715692	5791.815914878824
5700.0	6.0	5594.154262112608	6048.625435745683	6054.381335553403	5979.220766110212	5926.197788495818
5800.0	3.5	5852.60344107895	6218.222946331792	6136.596529562908	6034.475257361865	5979.195488851046
5800.0	4.0	5871.937504363962	6219.8034545537885	6146.359061031612	6050.82713415674	5995.188761270797
5800.0	4.5	5858.060947971905	6193.675443655917	6136.19201183468	6049.336573853362	5996.303210015486
5800.0	5.0	5828.024362173678	6180.534636179805	6138.237866464332	6055.879247923861	6003.462466254738
5800.0	5.5	5783.885645372337	6169.971523851738	6145.509511669139	6066.775926420438	6014.23389500933
5800.0	6.0	5910.959363332317	6077.36585137526	6001.283565884173	5936.993893797879	5899.5250910374225
5900.0	3.5	5972.942444007926	6347.195793795013	6257.461878061211	6151.508936553133	6094.2342165369955
5900.0	4.0	6186.273721661681	6269.360568822385	6114.621206224401	6019.643745342767	5974.838775468023
5900.0	4.5	5955.571961544605	6287.9665688715395	6224.414245413021	6135.685878373004	6080.771096296842
5900.0	5.0	5953.27157343646	6292.3939685554205	6242.37116712127	6158.9251037434515	6104.833143956144
5900.0	5.5	5882.611957866701	6255.712291689144	6225.096801181875	6145.697308292699	6092.066122733834
5900.0	6.0	5855.350068634756	6270.837348160758	6260.380737002051	6184.632602768203	6130.234360294044
6000.0	3.5	6282.723638882084	6417.9885200623585	6230.086074891372	6117.43659224412	6067.850812717725
6000.0	4.0	6099.245645395174	6455.681575017723	6364.03142357924	6261.4019167606275	6200.140213470687
6000.0	4.5	6092.873472694237	6419.438183191909	6347.2500363727495	6256.762567990676	6199.513144962466
6000.0	5.0	6240.421735211896	6312.567063931732	6189.820593727712	6112.899040548285	6073.260615029913
6000.0	5.5	6202.780290327222	6293.359568335633	6187.378382149987	6116.820043939264	6078.588264537525
6000.0	6.0	6158.150640992129	6281.070630860117	6191.65562486336	6127.371202362819	6089.92619832718
6100.0	3.5	6372.974589296721	6534.605231727761	6336.415119561321	6217.896624559452	6165.868046946267
6100.0	4.0	6198.136467523373	6564.802385062344	6463.942817520763	6356.604300599573	6292.235669138726
6100.0	4.5	6378.016519375446	6456.974606588059	6302.413288189436	6211.349415421414	6165.932592688735
6100.0	5.0	6173.792615954374	6497.752649787675	6432.920783684972	6346.808384186495	6288.743065245311
6100.0	5.5	6317.053455808822	6397.004481844119	6283.766912361532	6212.314448030797	6173.319907894915
6100.0	6.0	6079.040776235636	6456.296650945177	6434.402206893611	6360.691380993185	6306.634950132745
6200.0	3.5	6460.655049106744	6653.056134470847	6443.720224024253	6318.126133196168	6263.13030071299
6200.0	4.0	6477.1824944834625	6610.984634009561	6428.349789013074	6320.376533784219	6267.4468999392175
6200.0	4.5	6320.902656140074	6649.6046266073945	6559.843522144998	6463.853642261347	6401.221781144279
6200.0	5.0	6289.159439334485	6610.0768665904225	6538.559735538331	6450.701959674435	6390.166212297979
6200.0	5.5	6279.198001106273	6606.051456124705	6553.381296500476	6473.549732191703	6416.419429491554
6200.0	6.0	6197.390825621485	6555.239190173471	6526.672766479672	6453.7123333100135	6399.380546406362
6300.0	3.5	6543.097553153227	6772.348095776865	6551.592789461303	6418.170552846124	6359.38523885275
6300.0	4.0	6423.22607293204	6819.282263984775	6691.800269544319	6572.0646563331275	6500.3195628860385
6300.0	4.5	6571.728598069308	6677.331228142377	6506.684462020666	6408.73755235594	6358.24427216535
6300.0	5.0	6420.201858213815	6739.409923451768	6657.887249564842	6567.588007096016	6503.95399481537
6300.0	5.5	6365.313827722941	6683.8288137647205	6627.0177726979955	6547.6706822056785	6489.941059839935
6300.0	6.0	6496.50744254959	6573.99927807734	6464.5009946529	6398.5779572505635	6361.5418151094
6400.0	3.5	6626.6379854697125	6894.518037244469	6661.521416696474	6518.981748255708	6456.9643216227
6400.0	4.0	6643.221014235428	6850.964552187868	6637.941680094639	6512.655426564393	6449.981779770296
6400.0	4.5	6534.583515505226	6883.842843640026	6774.7523456311	6670.6394673027435	6601.180072275782
6400.0	5.0	6526.050414572103	6851.3282594467155	6762.476396278891	6669.443067585937	6602.661345662145
6400.0	5.5	6496.802582522213	6810.168364129189	6744.694003864829	6663.958857101673	6603.757738610363
6400.0	6.0	6439.394513304499	6769.699515891587	6726.504614747259	6652.828441251969	6595.84734662538
6500.0	3.5	6600.504406481709	7105.029967470305	6935.566773628612	6780.449314040132	6706.9663440560735
6500.0	4.0	6724.3405198367345	6969.584441743755	6745.696884182046	6612.73561530558	6545.773519950999
6500.0	4.5	6625.47181064703	6994.418743930923	6877.292948837836	6768.350492713819	6694.733740562055
6500.0	5.0	6743.337964679743	6847.936204552614	6687.94400014762	6597.772677539187	6547.218034391087
6500.0	5.5	6726.384735466763	6803.899836162148	6663.577721921928	6585.344867597391	6541.503140096819
6500.0	6.0	6703.793200471234	6771.9129120051375	6650.287802086229	6581.871589499531	6542.794885829749
6600.0	3.5	6687.171637204664	7225.688528308232	7041.417251046149	6874.901847671903	6799.468518372611
6600.0	4.0	6712.2192102384915	7192.355788813902	7025.939744627751	6880.635382925883	6795.793100486961
6600.0	4.5	6825.646961655424	7010.010551526206	6813.797272276982	6701.622027398555	6639.666191741011
6600.0	5.0	6735.543604387664	7081.305946599405	6973.552816138971	6873.568028481886	6798.577586653143
6600.0	5.5	6714.322679213357	7028.646697730339	6947.602333142779	6863.031842042273	6797.157581484019
6600.0	6.0	6668.01314668007	6981.259055978217	6922.6869618311175	6847.33243841573	6786.4173278440585
6700.0	3.5	6786.822797451117	7366.888256045834	7165.018891189139	6985.065958188913	6907.934649862726
6700.0	4.0	6798.195269799843	7316.433888099082	7137.478380864322	6981.89337952839	6892.800208980846
6700.0	4.5	6821.831658131287	7240.642653873728	7101.577322674497	6980.25662738416	6896.712146090076
6700.0	5.0	6925.658257454324	7079.219629001575	6897.068776574311	6795.0690446626595	6733.903061137053
6700.0	5.5	6817.425296008828	7138.878950612865	7049.451823200571	6962.642166426419	6893.147701266826
6700.0	6.0	6777.492431303837	7088.593070106517	7022.762376131482	6946.192009126218	6882.711138131233
6800.0	3.5	6884.0582619137895	7504.77159426926	7282.266435109061	7088.378788525145	7010.439123236946
6800.0	4.0	6887.094043547594	7443.668683544425	7249.508052679428	7082.708561242105	6989.317748405517
6800.0	4.5	6912.22317761742	7362.706405097787	7212.307108714157	7083.233496073042	6994.29278465013
6800.0	5.0	6926.238387702843	7314.364402047735	7187.612031958965	7077.715042064764	6992.12480090373
6800.0	5.5	6917.945649485063	7249.400091524663	7152.311205001742	7062.470625816488	6988.836534420707
6800.0	6.0	6885.540086980983	7196.764569271968	7122.654379092155	7044.753144961972	6978.212777814116
6900.0	3.5	7027.925763090133	7523.290647672125	7215.197970086926	7014.291322773728	6939.880731568122
6900.0	4.0	6973.001682998749	7571.316033478935	7361.8827706649045	7182.814944481051	7085.817532931333
6900.0	4.5	7058.42472810816	7359.4143068788735	7135.945770491467	7002.972722663005	6924.6696827695205
6900.0	5.0	7017.431975696029	7432.549890310021	7295.883458205712	7179.826627893517	7088.159820481718
6900.0	5.5	7006.627942164531	7352.444499115658	7247.660397090031	7154.538903702845	7076.360848934177
6900.0	6.0	6988.807606789714	7304.309873731564	7223.406991922233	7143.607829401193	7073.4864076826725
7000.0	3.5	7048.958477281444	7752.405411442721	7492.809635509559	7270.5068091740895	7190.990532870515
7000.0	4.0	7056.240910193394	7699.800937958899	7474.166229979369	7282.0356040219585	7181.221957640325
7000.0	4.5	7079.751654209042	7606.4049339022495	7432.542346730391	7284.981762638819	7183.170589115333
7000.0	5.0	7163.810118324534	7417.44631374652	7212.602027513363	7094.193947317738	7015.545842904588
7000.0	5.5	7166.706343892598	7333.696653635859	7162.571612763599	7068.672963670783	7006.123895863664
7000.0	6.0	7128.4344983249875	7430.956025919764	7330.824591037964	7245.660605936984	7174.08345244043
7200.0	3.5	7239.275892269314	8028.222944070222	7718.356553390958	7462.738175151961	7383.460253164821
7200.0	4.0	7235.24212485275	7972.01323328402	7708.028261015151	7486.1497250593775	7378.12397215108
7200.0	4.5	7244.710925186856	7857.65727770695	7656.986149927771	7486.6972580111915	7370.785208276003
7200.0	5.0	7272.2171084320225	7792.715661886383	7625.084935629328	7485.626616301092	7370.374658682581
7200.0	5.5	7326.5327240732595	7552.567491845412	7369.331755588278	7266.169181299734	7191.561809739033
7200.0	6.0	7339.898387897016	7491.595545556702	7331.971635797331	7246.6290532799985	7184.863588615244
7400.0	3.5	7420.953842758781	8302.714303428955	7939.68247995606	7649.23991383267	7570.651060172665
7400.0	4.0	7401.338361846801	8228.124424541958	7922.342201605202	7669.786265286492	7555.547985745946
7400.0	4.5	7395.42745091259	8068.022554605803	7843.831423863986	7658.081339003178	7538.518232347009
7400.0	5.0	7430.609597950433	8038.640742449959	7848.059100589639	7687.756695372486	7553.724723783172
7400.0	5.5	7458.458975154741	7932.344470692539	7785.94727363109	7665.762744632193	7552.0851134877585
7400.0	6.0	7466.843005833892	7852.692760005833	7736.525017921133	7640.912782345778	7542.885122946557
7600.0	3.5	7582.2607566336565	8443.084670234972	7977.021894044157	7665.545074976918	7589.2771662086
7600.0	4.0	7556.56854098957	8413.092527650419	8096.876410525484	7839.591442348883	7728.336529233981
7600.0	4.5	7564.915400562535	8382.129090741735	8109.723436642988	7878.943272799518	7732.64654366151
7600.0	5.0	7589.210589821017	8291.252103542758	8072.499142509372	7887.234213479901	7732.798719643833
7600.0	5.5	7624.4923164873435	8005.3507172595055	7794.792898827605	7667.090061441185	7558.631708691166
7600.0	6.0	7638.910574455819	8077.2434544965745	7947.578534053946	7841.93640789494	7727.0757872395025
7800.0	3.5	7787.225515797925	8828.307249098329	8348.337863469684	8000.888319474798	7931.53407247955
7800.0	4.0	7707.773370450199	8580.433224561399	8167.622598581671	7876.043483586106	7754.424805309832
7800.0	4.5	7698.340923914364	8478.210230856392	8129.774414016514	7884.241186611235	7736.572809751715
7800.0	5.0	7719.794246320933	8372.438305620944	8084.25286468998	7885.8449560725885	7731.666278270604
7800.0	5.5	7763.7696514027175	8237.681957796214	8012.376824983859	7867.81860172787	7737.950449123917
7800.0	6.0	7801.871994504887	8303.40765895109	8161.049074957772	8042.870060195771	7907.8915449931055
8000.0	3.5	7905.524370070418	8946.25524708433	8375.074013083635	8004.123685257935	7934.93045972351
8000.0	4.0	7859.3964731574315	8847.911798297486	8377.941072694006	8048.9679649238315	7922.310066003926
8000.0	4.5	7840.681122537622	8731.38715006232	8346.781971351358	8068.325221168638	7905.531050935618
8000.0	5.0	7884.752585080297	8799.337840388464	8516.877341825246	8268.748638605344	8071.659150109663
8000.0	5.5	7902.630293166838	8613.399011913874	8409.925843385223	8234.254728163382	8060.503932042675
8000.0	6.0	7961.048831155244	8537.51755910632	8380.022663908368	8246.760983213751	8087.7712704585265
8200.0	3.5	8073.148974508166	9200.451676125776	8564.449963035613	8155.862996606195	8090.3246331663495
8200.0	4.0	8008.029378528932	9108.570664917646	8570.876561066758	8204.833741413357	8076.543514996969
8200.0	4.5	8053.317202446529	9173.189018758225	8760.561578672743	8424.396393581746	8241.017890214434
8200.0	5.0	7979.283776256375	8866.784887720034	8513.32046729749	8252.761780042236	8055.600330156499
8200.0	5.5	8000.592125356227	8723.433591722322	8437.10028645251	8233.99557957456	8044.7818360866
8200.0	6.0	8108.33175417948	8768.20913837975	8595.527568643867	8444.490837051293	8258.763284216931
8400.0	3.5	8245.041432746328	9425.278195404035	8754.24761394209	8315.310502964483	8253.941224146514
8400.0	4.0	8280.157394824977	9580.863487301154	8973.132446056703	8546.137893353538	8415.39399080541
8400.0	4.5	8215.221722012207	9447.029414790582	8963.433596378585	8589.824728912694	8398.999142509281
8400.0	5.0	8110.655434467259	9110.688054595676	8723.258475492994	8429.64148497745	8213.097896466075
8400.0	5.5	8177.321607607458	9100.949824740675	8839.928102634492	8604.495890675713	8376.322891670934
8400.0	6.0	8205.207755391804	8813.708844625982	8590.819024573877	8433.904772687516	8250.742466225154
8600.0	3.5	8420.857339305234	9649.204074534226	8941.800270810201	8473.051016339477	8415.559832657204
8600.0	4.0	8315.265180669563	9581.107720868415	8937.121385127002	8508.61398885979	8377.286791408964
8600.0	4.5	8253.605801758791	9476.287919318815	8932.753950903407	8550.50590959862	8359.718434063938
8600.0	5.0	8242.007261502116	9355.18457455575	8924.69755369912	8596.562295148979	8363.236336778968
8600.0	5.5	8256.596909715903	9231.095863828781	8888.281795722507	8618.574696550395	8367.891357211918
8600.0	6.0	8320.412176642589	9029.798024315305	8791.24810443084	8612.844023520542	8399.185082541071
8800.0	3.5	8771.19312410615	10063.7623927258	9328.536247909604	8820.90617571416	8772.746433412498
8800.0	4.0	8479.189899169902	9789.467067031266	9123.148091417452	8669.725983561912	8536.922255881907
8800.0	4.5	8544.738962551424	9933.311216362432	9341.267033619033	8904.99000701932	8703.499920978855
8800.0	5.0	8492.713279532541	9822.256811297191	9336.52446787935	8949.949750861022	8692.913261751251
8800.0	5.5	8379.471939288715	9469.282701105769	9089.688125869361	8785.698197261396	8512.538322129265
8800.0	6.0	8449.250420654185	9280.710836690032	9020.264441038113	8813.56049296415	8564.739265726525
9000.0	3.5	8778.695367433975	10081.648911915587	9306.17277444004	8784.058618111167	8733.386346029522
9000.0	4.0	8646.06410267242	10008.143099830204	9306.970805070234	8826.24396876981	8691.51713696438
9000.0	4.5	8540.235095716967	9913.716773730883	9287.292196357916	8850.177322409754	8645.585431451316
9000.0	5.0	8495.254657283958	9816.804340052822	9285.616726063517	8894.006456420891	8636.441361436864
9000.0	5.5	8500.39019087238	9697.683074190201	9279.781893858806	8943.71932866921	8650.656544723674
9000.0	6.0	8565.409913781597	9519.464979875549	9231.41006302977	8992.329002748047	8708.944442739832
9200.0	3.5	9161.19767767913	10476.158937106986	9678.142556689525	9129.16654713232	9088.770506541336
9200.0	4.0	8815.017802374254	10218.130307791285	9485.8231804296	8981.055482764754	8844.578101000132
9200.0	4.5	8886.424943812095	10345.760609611603	9694.769201053485	9216.44767404123	9006.775518545943
9200.0	5.0	8627.671154904261	10029.851319605488	9457.861429761657	9039.269284328757	8770.947145287293
9200.0	5.5	8617.907026036899	9914.671559616558	9454.31673634851	9088.787063099366	8780.346321494757
9200.0	6.0	8676.589939993226	9761.16768987271	9436.292544642181	9157.44683032647	8840.992567487518
9400.0	3.5	9351.719561946808	10674.05978386014	9851.400254799453	9285.831282776087	9246.577584054781
9400.0	4.0	9189.863269232832	10618.770210887868	9859.228932673723	9325.893712076288	9195.420004319081
9400.0	4.5	8859.255735578396	10336.808474952732	9654.629366264968	9168.593858705979	8950.52035385082
9400.0	5.0	8770.218355757639	10236.543618121214	9634.21042670339	9192.626838342198	8913.301277121474
9400.0	5.5	8737.363583431112	10124.571650425441	9622.14843357623	9229.14576296014	8906.880496828386
9400.0	6.0	8762.607915518669	10002.13057735239	9610.154181082384	9277.853205631114	8935.307698688765
9600.0	3.5	9323.807574021068	10675.902076555594	9831.608545141553	9253.61659272688	9207.924215676541
9600.0	4.0	9371.547653044365	10814.603101544883	10028.864079967201	9478.294344222635	9347.49473029409
9600.0	4.5	9230.654962875271	10759.217497141251	10043.147629216734	9522.864008495344	9303.786722606734
9600.0	5.0	8923.644908978631	10441.410954329463	9817.320944297257	9353.767804378447	9063.561770776536
9600.0	5.5	8863.969549955935	10328.089263617028	9790.818666828418	9373.179975010878	9036.989305292924
9600.0	6.0	8876.103981738464	10181.269451066959	9771.402814491983	9420.57216718803	9061.25624412439
9800.0	3.5	9500.48801667181	10856.86986096983	9998.469307225365	9406.681755199756	9362.989902634663
9800.0	4.0	9332.034291144493	10809.12584592001	10005.2629133095	9444.457606015236	9303.945304252282
9800.0	4.5	9393.05971859125	10938.104111414543	10198.537702319747	9663.877214366432	9442.742527861632
9800.0	5.0	9075.590756247513	10644.73697540304	9993.689976759759	9508.460111625782	9208.553824539678
9800.0	5.5	9196.846575722317	10762.067332653507	10199.350591473927	9741.520938367672	9385.594741712235
9800.0	6.0	8990.56433175867	10391.384736143804	9940.770897490871	9560.129317699057	9182.323141606445
10000.0	3.5	9673.158964282497	11029.755543563004	10157.912926435738	9555.320421308634	9511.964636908468
10000.0	4.0	9503.702703693734	10990.718910835352	10169.375428217385	9594.831966916716	9453.35057821441
10000.0	4.5	9563.079715115233	11126.472058178215	10363.202950506311	9813.084210095349	9588.48812771309
10000.0	5.0	9228.48893108793	10839.755578504883	10164.21096248292	9660.049946212876	9351.638157395122
10000.0	5.5	9148.860464652988	10727.244229132246	10143.027218564055	9684.224237231925	9320.855072245413
10000.0	6.0	9112.038839685263	10608.749046708945	10116.031763741503	9703.99353692371	9307.287514966347
10200.0	3.5	10093.69648139194	11421.696601313957	10539.988991245129	9925.389857518736	9884.874163800083
10200.0	4.0	9907.053476648673	11373.413739711761	10531.54525875421	9940.257938665898	9805.441597578592
10200.0	4.5	9514.579220637406	11108.80489015897	10333.772591882434	9777.319749700326	9541.712851692188
10200.0	5.0	9592.894848212789	11235.532025433358	10528.167720520905	9996.358494372027	9686.517970142295
10200.0	5.5	9296.247864037236	10924.505215493678	10316.58724828763	9838.15015946179	9462.857331388028
10200.0	6.0	9242.234054525827	10804.342316316033	10284.612641404585	9850.944309506982	9438.849301315393
10400.0	3.5	10008.389692159279	11357.121586134886	10466.743637584916	9846.916214353476	9803.747906079907
10400.0	4.0	10084.055982032212	11552.379900940188	10697.467156660408	10096.050537399713	9958.824649470876
10400.0	4.5	9903.20017495643	11490.936823471857	10689.001727626246	10112.349756061187	9881.274158986418
10400.0	5.0	9543.799495363173	11212.493015246246	10494.518263466698	9959.330668737299	9638.473629434084
10400.0	5.5	9643.212116431554	11326.385812760214	10686.54805361426	10176.256685690209	9791.643203915068
10400.0	6.0	9579.522261722457	11219.407847939456	10679.71930984267	10211.469924081464	9778.007272600325
10600.0	3.5	10172.445161470518	11512.540594798224	10614.746221516429	9989.697864496553	9944.695791056009
10600.0	4.0	10005.940184363511	11493.619058468224	10635.209723436787	10030.973673367014	9889.40868079069
10600.0	4.5	9843.890736884892	11453.834991296788	10647.622182793397	10068.511294111466	9829.525123088288
10600.0	5.0	9702.830867235365	11389.137034895986	10653.100437904763	10105.19908731552	9780.055979696535
10600.0	5.5	9794.747943983915	11507.08103471077	10844.692244727685	10319.876407809435	9927.271317773902
10600.0	6.0	9720.61266723093	11401.349226323859	10838.1889073331	10353.323766324067	9908.566036142278
10800.0	3.5	10333.331467927577	11664.064988004891	10761.114632386425	10131.12373970314	10083.870972572182
10800.0	4.0	10168.572040983294	11651.207313443228	10783.665637321807	10172.127307910216	10030.159432835719
10800.0	4.5	10245.536977246786	11843.428798705225	11012.952773063635	10415.29221921859	10177.816336110769
10800.0	5.0	10079.430710821754	11773.291330968857	11006.829777245444	10436.084204778967	10110.429396308387
10800.0	5.5	9751.547474487545	11479.361089484206	10809.762674866723	10285.33370740793	9884.712678009417
10800.0	6.0	9863.317865935758	11580.178139817655	10994.609052436525	10494.535071100117	10039.427411840416
11000.0	3.5	10811.114619171654	12114.659010614942	11212.726014281272	10578.628795723573	10517.418979740842
11000.0	4.0	10328.842454875643	11804.99187536122	10929.402986237104	10311.58807577742	10168.54936306959
11000.0	4.5	10166.155574156712	11776.635444040765	10946.438742615792	10349.717621764828	10108.843074303037
11000.0	5.0	10018.343611348633	11724.589319625438	10957.698471289099	10388.380683551515	10057.057766537488
11000.0	5.5	9903.741470182084	11651.263557294911	10964.208318223686	10427.767693608575	10021.328613005953
11000.0	6.0	9820.110637393656	11546.033526128369	10952.163150371352	10454.77155754107	9994.220307819107
11200.0	3.5	10653.002956083925	11963.81106926761	11050.806882935065	10411.577861417034	10358.431359050248
11200.0	4.0	10490.516411206421	11958.45519533091	11075.503978003351	10452.846948457382	10307.998227496304
11200.0	4.5	10324.980704644706	11932.369776110289	11092.20995037105	10488.155325712856	10246.18317990161
11200.0	5.0	10174.316982795597	11885.115634479032	11105.013946677696	10526.598269409584	10192.79024801457
11200.0	5.5	10055.089745667234	11817.581651864808	11114.509904297322	10567.122334733549	10155.737938315668
11200.0	6.0	10163.679171398504	11949.826518562451	11321.702003113827	10791.449849464905	10313.050985030244
11400.0	3.5	11142.770290111752	12412.859880983446	11509.494938315485	10879.047094338483	10804.935150744383
11400.0	4.0	10966.498284274154	12408.357852532503	11518.349019359723	10887.975599753394	10730.620522613597
11400.0	4.5	10482.492822156957	12085.108618203487	11236.096426755832	10625.596425317712	10382.25636977152
11400.0	5.0	10575.858087096889	12285.276408442845	11478.412511332659	10879.2781812994	10540.960632289574
11400.0	5.5	10422.986153541156	12218.331703382279	11480.545283689562	10904.778942805051	10481.705993473004
11400.0	6.0	10124.026549413611	11859.04731482657	11239.164923246062	10727.455320445448	10265.645010465469
11600.0	3.5	11320.747594498855	12578.264727366071	11671.55295847415	11039.75908361094	10958.868090857128
11600.0	4.0	11119.684612109628	12536.019185286097	11647.496765945965	11022.166247334188	10863.531933699776
11600.0	4.5	10639.043590216075	12234.702001065656	11377.769453812576	10761.966541238095	10517.235676141105
11600.0	5.0	10725.843519390439	12408.364578963907	11598.700518708363	11000.940582203506	10668.228018910953
11600.0	5.5	10583.082307013783	12371.684219191873	11623.392240849855	11042.325135754983	10619.118393544306
11600.0	6.0	10465.215521612492	12290.512231231514	11627.718510766266	11074.728928184677	10581.13429937005
11800.0	3.5	11166.38890596399	12403.89680814374	11499.916175129347	10875.34187041817	10807.061882870225
11800.0	4.0	11295.262250979535	12698.852787108779	11808.27919998288	11181.562134812015	11017.358574315791
11800.0	4.5	10794.213751650896	12382.007857994067	11518.013823427158	10897.490746211852	10650.864803887618
11800.0	5.0	10631.85554851661	12346.17238445482	11530.81448558062	10927.586725667445	10588.035658831539
11800.0	5.5	10497.146763616769	12307.295224784648	11558.2270823512	10977.060287916544	10545.808768766095
11800.0	6.0	10394.273979909256	12224.426120561962	11561.616985078903	11013.444930612513	10516.498172851985
12000.0	3.5	11699.288312097984	12936.794798663881	12019.339358073225	11382.350678560137	11283.496908919868
12000.0	4.0	11469.989534426108	12860.486047589373	11967.308411948663	11340.175751932973	11170.019188426731
12000.0	4.5	11286.56050658111	12846.005451168738	11972.78433949672	11343.861035329486	11083.430018901432
12000.0	5.0	10781.088615482342	12492.203896584033	11667.519206140872	11057.971480262271	10716.539304245303
12000.0	5.5	10912.334972577502	12718.898768988654	11944.004757957578	11343.048409627803	10906.218923326582
12000.0	6.0	10545.984204835224	12387.951967229672	11712.039268447386	11154.26281937793	10651.146767498845
