Teff	log(g)	T_BB_u	T_BB_g	T_BB_r	T_BB_i	T_BB_z
2300.0	4.0	2322.50949	2186.18337	1982.45679	2215.43214	2389.95059
2300.0	4.5	2227.58692	2220.34209	2049.60780	2273.82158	2425.18959
2300.0	5.0	2006.76884	2324.18494	2276.95744	2546.94637	2644.00357
2300.0	5.5	2036.93050	2254.94492	2165.79785	2370.72039	2499.41922
2300.0	6.0	1947.57240	2383.77176	2461.39737	2666.01618	2785.30475
2400.0	4.0	2256.04820	2336.96376	2163.31823	2501.78117	2610.51079
2400.0	4.5	2181.64865	2345.41125	2228.84702	2547.20235	2660.62585
2400.0	5.0	2091.91494	2322.00696	2250.29415	2563.87303	2688.65061
2400.0	5.5	2127.87007	2310.66614	2198.71025	2431.47706	2574.58820
2400.0	6.0	2046.07917	2313.06758	2248.60064	2474.95348	2619.01972
2500.0	4.0	2367.01967	2452.72848	2303.96659	2594.99974	2703.66931
2500.0	4.5	2452.09134	2343.65992	2136.55311	2407.90276	2579.54473
2500.0	5.0	2187.92563	2411.89746	2341.00282	2635.57369	2763.81711
2500.0	5.5	2114.66917	2448.88990	2465.96113	2694.37248	2835.58637
2500.0	6.0	2061.05208	2519.92973	2622.21649	2789.76803	2915.35693
2600.0	4.0	2631.12283	2471.68957	2252.28812	2509.91120	2671.57800
2600.0	4.5	2372.08921	2515.96822	2416.84430	2678.21559	2791.23180
2600.0	5.0	2290.45369	2511.52273	2460.84847	2711.55051	2837.66787
2600.0	5.5	2209.92903	2526.29191	2540.00598	2757.88493	2900.57973
2600.0	6.0	2149.59941	2588.61972	2683.75124	2839.37112	2994.08054
2700.0	4.0	2726.18169	2579.52602	2376.20053	2620.81813	2773.15032
2700.0	4.5	2663.85818	2563.21073	2365.22118	2627.03782	2785.44252
2700.0	5.0	2396.46814	2623.35003	2600.41352	2795.23302	2914.50996
2700.0	5.5	2475.33378	2498.31870	2343.23712	2637.29001	2816.08015
2700.0	6.0	2355.41656	2464.29358	2356.12375	2650.22890	2839.03503
2800.0	4.0	2820.82675	2689.79812	2503.40474	2732.64067	2876.64079
2800.0	4.5	2589.88736	2749.43118	2712.35479	2865.65210	2957.99285
2800.0	5.0	2506.56719	2737.58499	2742.53149	2886.38150	2990.40787
2800.0	5.5	2593.06905	2620.10383	2478.45763	2747.32878	2918.99179
2900.0	4.0	2773.97831	2878.60031	2837.16081	2954.37379	3025.67485
2900.0	4.5	2864.80071	2792.58421	2632.58092	2851.37217	2990.58036
2900.0	5.0	2797.66627	2774.40201	2630.21142	2856.68788	3003.78707
2900.0	5.5	2534.19544	2841.23036	2911.51070	3005.29485	3105.95792
2900.0	6.0	2451.56296	2836.49898	2958.97470	3037.56266	3155.30130
3000.0	4.0	2879.17012	2991.32117	2975.63973	3057.04479	3113.11662
3000.0	4.5	2813.16169	2975.86742	2985.39482	3064.15011	3122.64337
3000.0	5.5	2649.63726	2948.62436	3028.69249	3097.66914	3176.77627
3000.0	6.0	2563.45941	2938.84861	3065.80428	3124.48679	3218.80453
3100.0	4.0	2982.25303	3101.35526	3107.24181	3159.42679	3203.09516
3100.0	4.5	3055.24401	3016.55728	2890.14443	3070.89023	3193.32563
3100.0	5.0	2851.78708	3068.51735	3119.89198	3174.08305	3221.83977
3100.0	5.5	2932.12623	2988.89638	2910.50081	3085.12387	3215.43917
3100.0	6.0	2681.17452	3040.99514	3167.00355	3214.72127	3285.77536
3200.0	4.0	3169.78905	3115.63945	2973.96479	3162.44722	3288.74704
3200.0	4.5	3145.18792	3126.06743	3015.58084	3179.65241	3295.68761
3200.0	5.0	2967.78249	3173.90902	3232.88298	3270.23958	3303.22559
3200.0	5.5	2890.62626	3158.00921	3243.80241	3285.67344	3324.38988
3200.0	6.0	2953.97574	3079.46882	3051.44779	3199.25810	3324.03422
3300.0	4.0	3243.61073	3218.08595	3092.29600	3267.09889	3387.04386
3300.0	4.5	3140.06760	3298.13465	3350.27744	3362.97738	3382.17449
3300.0	5.0	3083.14362	3278.96449	3344.46929	3367.41502	3388.64829
3300.0	5.5	3142.09669	3221.29178	3182.26819	3306.22137	3407.18571
3300.0	6.0	3066.77719	3197.78241	3187.03494	3310.20560	3417.06874
3400.0	4.0	3311.88712	3320.63862	3217.93708	3372.18785	3483.37935
3400.0	4.5	3245.18564	3403.65633	3465.89156	3463.96776	3473.00799
3400.0	5.0	3283.11397	3340.02466	3294.34109	3405.56328	3494.76369
3400.0	5.5	3133.84583	3365.03640	3450.38039	3475.07508	3489.16847
3400.0	6.0	3056.03575	3345.70879	3452.84360	3489.85711	3510.40042
3500.0	4.0	3380.03789	3530.17101	3594.61379	3572.60303	3573.50693
3500.0	4.5	3348.83064	3508.69407	3578.38822	3565.47426	3566.72586
3500.0	5.0	3366.47622	3445.89675	3421.69078	3512.82243	3589.85989
3500.0	5.5	3251.57960	3468.32140	3554.48924	3570.57501	3576.17206
3500.0	6.0	3279.81419	3422.86796	3441.21812	3526.25885	3599.56347
3600.0	4.0	3476.80875	3635.16456	3704.49141	3674.85178	3666.96853
3600.0	4.5	3450.66529	3613.15116	3687.07046	3666.68502	3660.20048
3600.0	5.0	3445.76729	3550.65016	3549.23735	3619.97754	3682.62764
3600.0	5.5	3366.27580	3572.16897	3659.80672	3667.48364	3667.18916
3600.0	6.0	3305.63996	3552.65774	3652.34482	3677.56898	3681.60389
3700.0	4.0	3500.38776	3643.03471	3636.16625	3698.88012	3759.76985
3700.0	4.5	3518.87372	3651.86266	3662.25896	3716.19700	3768.48062
3700.0	5.0	3521.43003	3697.27002	3777.93722	3763.61540	3753.29430
3700.0	5.5	3477.70205	3675.46660	3763.76177	3763.91545	3758.54865
3700.0	6.0	3478.38372	3639.70078	3684.38192	3740.24457	3787.66159
3800.0	4.0	3677.57651	3856.85741	3924.19171	3884.04067	3860.70145
3800.0	4.5	3589.54369	3759.50309	3793.68292	3825.75039	3862.57355
3800.0	5.0	3599.16140	3760.09482	3802.86826	3835.45012	3868.86687
3800.0	5.5	3592.96807	3754.36382	3803.57519	3840.34188	3873.78248
3800.0	6.0	3546.40946	3765.26290	3863.19068	3871.37740	3865.86189
3900.0	4.0	3645.30527	3883.99995	3925.57548	3931.52481	3954.71059
3900.0	4.5	3663.17292	3871.97306	3926.26365	3938.10829	3959.53045
3900.0	5.0	3677.05149	3866.94778	3927.74789	3944.97332	3965.65393
3900.0	5.5	3704.56646	3892.29411	3976.02833	3964.17200	3949.41670
3900.0	6.0	3662.16836	3873.65841	3969.82141	3970.38484	3960.60674
4000.0	4.0	3732.86999	4015.33621	4072.11617	4054.06996	4059.30074
4000.0	4.5	3877.02325	4063.84511	4120.16491	4085.19550	4060.04858
4000.0	5.0	3756.52648	3976.52421	4052.52194	4055.64460	4064.17666
4000.0	5.5	3819.74528	4006.49131	4084.02392	4068.09947	4050.62330
4000.0	6.0	3779.09140	3984.33322	4075.98600	4070.19794	4056.85091
4100.0	4.0	3831.59663	4151.24078	4217.69236	4179.10333	4167.41642
4100.0	4.5	3832.36103	4118.45741	4196.43953	4174.33425	4170.15189
4100.0	5.0	3968.52384	4156.03763	4212.50586	4183.98301	4161.54184
4100.0	5.5	3847.08328	4076.35359	4167.57750	4168.79058	4170.19243
4100.0	6.0	3895.58571	4099.42391	4185.21601	4174.22978	4158.18981
4200.0	4.0	3938.91928	4284.31065	4352.92877	4299.03247	4273.82976
4200.0	4.5	4108.86366	4319.05065	4353.56083	4306.72880	4276.84791
4200.0	5.0	3927.68201	4212.00182	4306.45772	4284.82640	4273.57821
4200.0	5.5	4048.91032	4244.01214	4305.30137	4281.93445	4261.73316
4200.0	6.0	3936.69498	4175.75153	4279.75886	4282.13528	4279.21450
4300.0	4.0	4054.38544	4414.70489	4479.23618	4416.05432	4381.82513
4300.0	4.5	4235.81597	4451.31535	4471.70067	4417.12181	4384.32810
4300.0	5.0	4025.61197	4343.98593	4442.11713	4408.43926	4388.55126
4300.0	5.5	4167.92779	4372.52314	4425.36665	4396.66135	4374.09953
4300.0	6.0	4129.27470	4337.11429	4406.30320	4386.57597	4366.93157
4400.0	4.0	4174.57970	4544.92100	4600.63860	4531.44246	4491.92489
4400.0	4.5	4159.22371	4522.40052	4599.75060	4537.88593	4501.25947
4400.0	5.0	4134.13080	4478.38024	4575.42178	4529.64332	4500.34297
4400.0	5.5	4121.87924	4437.27493	4547.37081	4519.15482	4497.56217
4400.0	6.0	4247.98947	4463.40316	4524.02095	4499.55114	4477.94907
4500.0	4.0	4538.78168	4729.68633	4692.62502	4613.45319	4572.20387
4500.0	4.5	4280.29820	4652.87873	4719.91495	4651.97644	4610.56654
4500.0	5.0	4247.80195	4614.89455	4707.95056	4652.30163	4615.96341
4500.0	5.5	4225.13622	4571.79964	4682.66439	4644.27018	4615.63659
4500.0	6.0	4217.07089	4532.47862	4653.33110	4631.53896	4609.80290
4600.0	4.0	4670.61064	4851.18684	4801.63258	4721.46351	4680.28538
4600.0	4.5	4401.59390	4780.24066	4836.20170	4764.66667	4720.70687
4600.0	5.0	4370.47134	4751.25715	4834.64226	4770.72360	4728.70925
4600.0	5.5	4336.84536	4707.09878	4814.00232	4765.73013	4730.27752
4600.0	6.0	4318.19872	4663.19673	4784.98597	4754.21386	4726.26958
4700.0	4.0	4539.00490	4922.82426	4946.02594	4867.17692	4821.84485
4700.0	4.5	4764.96176	4958.67827	4917.07027	4838.24231	4796.62710
4700.0	5.0	4494.57250	4882.59430	4952.97579	4884.06074	4839.04984
4700.0	5.5	4455.22959	4845.28232	4945.67678	4888.93257	4847.77774
4700.0	6.0	4610.66237	4861.90660	4896.78269	4854.60518	4825.07072
4800.0	4.0	4656.27417	5042.67906	5058.25588	4978.03735	4931.62625
4800.0	4.5	4643.03636	5027.66193	5061.66674	4985.15318	4938.61783
4800.0	5.0	4847.55930	5062.52953	5035.53995	4961.66653	4920.69866
4800.0	5.5	4579.18811	4980.68501	5069.65790	5005.85136	4960.47770
4800.0	6.0	4540.19621	4935.95154	5051.05216	5002.62156	4963.07448
4900.0	4.0	4780.94519	5163.71397	5170.23239	5088.60265	5041.67039
4900.0	4.5	5027.79034	5189.93388	5127.60875	5047.70252	5006.22696
4900.0	5.0	4741.89754	5135.97216	5181.82648	5106.94693	5059.01986
4900.0	5.5	4704.07303	5111.47415	5186.83498	5118.38451	5070.61223
4900.0	6.0	4873.47822	5128.11858	5140.54905	5087.57113	5053.00514
5100.0	4.0	5303.62910	5398.97471	5310.41407	5230.87887	5186.63724
5100.0	4.5	5048.42799	5383.83737	5384.89322	5304.79368	5251.12716
5100.0	5.0	5230.79765	5386.95561	5328.64734	5255.36630	5211.59520
5100.0	5.5	4981.76386	5357.90259	5401.89585	5328.96368	5273.86660
5100.0	6.0	4920.47700	5323.14845	5401.15325	5337.64211	5283.07317
5200.0	4.0	5186.99690	5507.25389	5488.13967	5405.19950	5350.57627
5200.0	4.5	5175.78748	5501.82233	5494.06548	5413.11474	5358.48035
5200.0	5.0	5145.11127	5489.02198	5498.53521	5420.38875	5365.33549
5200.0	5.5	5108.07672	5478.61540	5511.42525	5437.00401	5380.83467
5200.0	6.0	5044.87821	5445.55555	5511.75619	5445.83622	5389.82691
5300.0	4.0	5306.66723	5623.02205	5598.66386	5515.37817	5459.59714
5300.0	4.5	5525.76799	5613.05388	5521.61369	5442.80892	5397.24584
5300.0	5.0	5275.00177	5609.72229	5610.20641	5531.30677	5475.03108
5300.0	5.5	5228.87629	5592.30855	5617.12360	5542.57779	5485.81974
5300.0	6.0	5175.15032	5569.52866	5623.82659	5556.43025	5499.47475
5400.0	4.0	5426.90696	5737.79637	5706.29169	5622.52413	5565.30281
5400.0	4.5	5422.62456	5731.74286	5709.35371	5627.56141	5570.41992
5400.0	5.0	5401.46221	5725.31676	5717.31370	5637.91037	5580.51638
5400.0	5.5	5353.66971	5703.74207	5720.57205	5647.39546	5590.91386
5400.0	6.0	5507.64126	5689.13327	5648.10355	5586.08978	5542.78827
5500.0	4.0	5550.50302	5855.38412	5814.79664	5729.74120	5670.76444
5500.0	4.5	5542.90028	5843.68724	5813.81245	5731.50490	5672.93339
5500.0	5.0	5723.36512	5804.62325	5719.65034	5648.18237	5604.22045
5500.0	5.5	5474.75634	5813.36481	5822.07867	5748.81766	5691.56783
5500.0	6.0	5635.06228	5793.74086	5744.22102	5682.67661	5639.58791
5600.0	4.0	5875.18628	5927.35543	5801.94470	5717.91351	5669.33104
5600.0	4.5	5665.51808	5960.32706	5922.46260	5839.31072	5778.85131
5600.0	5.0	5641.87248	5940.94484	5922.17098	5845.21689	5787.22150
5600.0	5.5	5605.42190	5930.25425	5930.49722	5857.24749	5799.06319
5600.0	6.0	5555.24470	5917.76059	5942.13369	5873.09576	5813.83873
5700.0	4.0	5780.06855	6086.67477	6029.74950	5941.97210	5878.34948
5700.0	4.5	5787.37030	6076.37023	6029.17859	5944.74991	5882.08767
5700.0	5.0	5763.44084	6052.38241	6026.26124	5949.16668	5889.79434
5700.0	5.5	5889.96663	5970.51426	5890.02816	5824.56090	5781.68386
5700.0	6.0	5682.16890	6030.74414	6046.10713	5976.99644	5916.86214
5800.0	4.0	5889.88111	6203.39357	6137.65544	6047.75974	5981.56665
5800.0	4.5	5896.47217	6176.68007	6127.49630	6045.59545	5983.25261
5800.0	5.0	5883.01099	6163.36230	6129.90557	6052.48509	5991.48246
5800.0	5.5	5853.84121	6152.69122	6137.17056	6063.89662	6003.35840
5800.0	6.0	5966.40884	6063.56018	5992.69737	5932.52256	5889.95123
5900.0	4.0	6184.61936	6258.96122	6105.91183	6015.85983	5961.11783
5900.0	4.5	5989.59085	6271.16279	6215.35490	6132.05183	6067.43938
5900.0	5.0	6003.21458	6275.46613	6233.56326	6155.58605	6092.52127
5900.0	5.5	5949.27765	6238.65377	6216.48960	6142.76289	6080.88927
5900.0	6.0	5935.12796	6253.53262	6251.34311	6182.13842	6119.77285
6000.0	4.0	6099.78136	6439.59006	6354.74516	6259.03954	6185.58323
6000.0	4.5	6118.15193	6402.56989	6337.69524	6253.19029	6185.73473
6000.0	5.0	6267.39139	6300.61398	6180.72321	6108.19199	6060.72089
6000.0	5.5	6241.27595	6280.95376	6178.31065	6112.10555	6067.08520
6000.0	6.0	6206.98415	6268.04839	6182.46446	6122.58950	6079.34449
6100.0	4.0	6189.84193	6548.78104	6454.31940	6354.81801	6277.09387
6100.0	4.5	6386.73108	6445.80231	6292.97610	6207.27971	6151.94057
6100.0	5.0	6213.96274	6480.52313	6423.51987	6343.55062	6275.92655
6100.0	5.5	6352.85377	6384.66708	6274.49089	6207.58207	6161.35865
6100.0	6.0	6149.10187	6439.35774	6424.84868	6358.03431	6294.90105
6200.0	4.0	6454.38680	6600.90258	6418.35923	6317.60468	6251.67838
6200.0	4.5	6332.61345	6633.28895	6550.45386	6461.64998	6387.07414
6200.0	5.0	6321.99078	6592.22863	6528.13641	6446.98968	6376.25473
6200.0	5.5	6330.73701	6590.47549	6544.97072	6471.59352	6404.36160
6200.0	6.0	6262.99965	6539.36057	6518.08124	6452.25751	6388.31095
6300.0	4.0	6395.03674	6802.77909	6681.53766	6571.97839	6483.51869
6300.0	4.5	6570.01950	6666.05760	6496.40878	6405.21484	6343.11071
6300.0	5.0	6448.66049	6721.82469	6647.42715	6564.55819	6490.12049
6300.0	5.5	6410.87825	6666.47028	6616.83676	6544.58911	6476.65673
6300.0	6.0	6537.31976	6561.82437	6454.31439	6393.85499	6348.82167
6400.0	4.0	6603.56706	6840.99477	6627.76076	6512.41486	6433.25511
6400.0	4.5	6532.78820	6867.02010	6764.69783	6669.62357	6586.07309
6400.0	5.0	6548.32118	6833.37281	6751.69008	6666.85553	6588.26677
6400.0	5.5	6539.81563	6793.78677	6735.59841	6662.45737	6591.33407
6400.0	6.0	6495.84348	6752.41730	6716.09429	6650.20733	6582.53756
6500.0	4.0	6674.62252	6958.84340	6735.09676	6613.44005	6528.05474
6500.0	4.5	6615.30864	6975.97755	6865.61336	6766.83168	6678.08404
6500.0	5.0	6755.29509	6835.33676	6676.93530	6593.85948	6532.22493
6500.0	5.5	6754.88350	6791.32597	6652.82605	6581.01282	6527.27152
6500.0	6.0	6741.58011	6759.44261	6639.38847	6577.13267	6528.91656
6600.0	4.0	6652.20109	7174.81146	7014.41737	6883.87230	6776.34998
6600.0	4.5	6809.34819	6997.39183	6803.05655	6699.98575	6623.02725
6600.0	5.0	6747.29962	7062.12175	6962.19242	6871.65000	6783.02147
6600.0	5.5	6749.06946	7010.31230	6936.84848	6861.02686	6782.85182
6600.0	6.0	6718.84964	6962.96289	6911.40527	6844.62267	6772.02605
6700.0	4.0	6726.31523	7298.07704	7125.47158	6986.53789	6871.91825
6700.0	4.5	6794.24381	7220.56506	7089.43319	6980.30575	6878.33595
6700.0	5.0	6933.22929	7065.10907	6885.61429	6792.20278	6718.06977
6700.0	5.5	6847.64542	7118.54082	7037.71658	6960.06551	6877.56657
6700.0	6.0	6825.19283	7069.03542	7010.73129	6943.23981	6867.52724
6800.0	4.0	6803.38071	7424.36400	7237.25666	7088.74902	6967.26554
6800.0	4.5	6876.12053	7341.68027	7199.81747	7084.31964	6974.64275
6800.0	5.0	6928.19260	7292.82034	7175.18694	7076.77893	6975.12746
6800.0	5.5	6944.90571	7228.73393	7140.48560	7060.50634	6972.93666
6800.0	6.0	6931.31722	7176.29445	7110.70012	7042.05049	6962.66637
6900.0	4.0	6877.57834	7551.46449	7349.35951	7190.50258	7061.95720
6900.0	4.5	7019.99110	7343.13586	7123.55676	7003.40803	6905.00641
6900.0	5.0	7013.10120	7409.43047	7282.84785	7179.60081	7070.28151
6900.0	5.5	7030.65874	7330.08665	7235.06711	7152.59982	7059.80236
6900.0	6.0	7031.90394	7282.85302	7210.80801	7140.84336	7057.31841
7000.0	4.0	10000.00000	10000.00000	10000.00000	10000.00000	10000.00000
7000.0	4.5	10000.00000	10000.00000	10000.00000	10000.00000	10000.00000
7000.0	5.0	10000.00000	10000.00000	10000.00000	10000.00000	10000.00000
7000.0	5.5	10000.00000	10000.00000	10000.00000	10000.00000	10000.00000
7000.0	6.0	10000.00000	10000.00000	10000.00000	10000.00000	10000.00000
7200.0	4.0	10000.00000	10000.00000	10000.00000	10000.00000	10000.00000
7200.0	4.5	10000.00000	10000.00000	10000.00000	10000.00000	10000.00000
7200.0	5.0	10000.00000	10000.00000	10000.00000	10000.00000	10000.00000
7200.0	5.5	10000.00000	10000.00000	10000.00000	10000.00000	10000.00000
7200.0	6.0	10000.00000	10000.00000	10000.00000	10000.00000	10000.00000
7400.0	4.0	10000.00000	10000.00000	10000.00000	10000.00000	10000.00000
7400.0	4.5	10000.00000	10000.00000	10000.00000	10000.00000	10000.00000
7400.0	5.0	10000.00000	10000.00000	10000.00000	10000.00000	10000.00000
7400.0	5.5	10000.00000	10000.00000	10000.00000	10000.00000	10000.00000
7400.0	6.0	10000.00000	10000.00000	10000.00000	10000.00000	10000.00000
7600.0	4.0	10000.00000	10000.00000	10000.00000	10000.00000	10000.00000
7600.0	4.5	10000.00000	10000.00000	10000.00000	10000.00000	10000.00000
7600.0	5.0	10000.00000	10000.00000	10000.00000	10000.00000	10000.00000
7600.0	5.5	10000.00000	10000.00000	10000.00000	10000.00000	10000.00000
7600.0	6.0	10000.00000	10000.00000	10000.00000	10000.00000	10000.00000
7800.0	4.0	10000.00000	10000.00000	10000.00000	10000.00000	10000.00000
7800.0	4.5	10000.00000	10000.00000	10000.00000	10000.00000	10000.00000
7800.0	5.0	10000.00000	10000.00000	10000.00000	10000.00000	10000.00000
7800.0	5.5	10000.00000	10000.00000	10000.00000	10000.00000	10000.00000
7800.0	6.0	10000.00000	10000.00000	10000.00000	10000.00000	10000.00000
8000.0	4.0	10000.00000	10000.00000	10000.00000	10000.00000	10000.00000
8000.0	4.5	10000.00000	10000.00000	10000.00000	10000.00000	10000.00000
8000.0	5.0	10000.00000	10000.00000	10000.00000	10000.00000	10000.00000
8000.0	5.5	10000.00000	10000.00000	10000.00000	10000.00000	10000.00000
8000.0	6.0	10000.00000	10000.00000	10000.00000	10000.00000	10000.00000
8200.0	4.0	10000.00000	10000.00000	10000.00000	10000.00000	10000.00000
8200.0	4.5	10000.00000	10000.00000	10000.00000	10000.00000	10000.00000
8200.0	5.0	10000.00000	10000.00000	10000.00000	10000.00000	10000.00000
8200.0	5.5	10000.00000	10000.00000	10000.00000	10000.00000	10000.00000
8200.0	6.0	10000.00000	10000.00000	10000.00000	10000.00000	10000.00000
8400.0	4.0	10000.00000	10000.00000	10000.00000	10000.00000	10000.00000
8400.0	4.5	10000.00000	10000.00000	10000.00000	10000.00000	10000.00000
8400.0	5.0	10000.00000	10000.00000	10000.00000	10000.00000	10000.00000
8400.0	5.5	10000.00000	10000.00000	10000.00000	10000.00000	10000.00000
8400.0	6.0	10000.00000	10000.00000	10000.00000	10000.00000	10000.00000
8600.0	4.0	10000.00000	10000.00000	10000.00000	10000.00000	10000.00000
8600.0	4.5	10000.00000	10000.00000	10000.00000	10000.00000	10000.00000
8600.0	5.0	10000.00000	10000.00000	10000.00000	10000.00000	10000.00000
8600.0	5.5	10000.00000	10000.00000	10000.00000	10000.00000	10000.00000
8600.0	6.0	10000.00000	10000.00000	10000.00000	10000.00000	10000.00000
8800.0	4.0	10000.00000	10000.00000	10000.00000	10000.00000	10000.00000
8800.0	4.5	10000.00000	10000.00000	10000.00000	10000.00000	10000.00000
8800.0	5.0	10000.00000	10000.00000	10000.00000	10000.00000	10000.00000
8800.0	5.5	10000.00000	10000.00000	10000.00000	10000.00000	10000.00000
8800.0	6.0	10000.00000	10000.00000	10000.00000	10000.00000	10000.00000
9000.0	4.0	10000.00000	10000.00000	10000.00000	10000.00000	10000.00000
9000.0	4.5	10000.00000	10000.00000	10000.00000	10000.00000	10000.00000
9000.0	5.0	10000.00000	10000.00000	10000.00000	10000.00000	10000.00000
9000.0	5.5	10000.00000	10000.00000	10000.00000	10000.00000	10000.00000
9000.0	6.0	10000.00000	10000.00000	10000.00000	10000.00000	10000.00000
9200.0	4.0	10000.00000	10000.00000	10000.00000	10000.00000	10000.00000
9200.0	4.5	10000.00000	10000.00000	10000.00000	10000.00000	10000.00000
9200.0	5.0	10000.00000	10000.00000	10000.00000	10000.00000	10000.00000
9200.0	5.5	10000.00000	10000.00000	10000.00000	10000.00000	10000.00000
9200.0	6.0	10000.00000	10000.00000	10000.00000	10000.00000	10000.00000
9400.0	4.0	10000.00000	10000.00000	10000.00000	10000.00000	10000.00000
9400.0	4.5	10000.00000	10000.00000	10000.00000	10000.00000	10000.00000
9400.0	5.0	10000.00000	10000.00000	10000.00000	10000.00000	10000.00000
9400.0	5.5	10000.00000	10000.00000	10000.00000	10000.00000	10000.00000
9400.0	6.0	10000.00000	10000.00000	10000.00000	10000.00000	10000.00000
9600.0	4.0	10000.00000	10000.00000	10000.00000	10000.00000	10000.00000
9600.0	4.5	10000.00000	10000.00000	10000.00000	10000.00000	10000.00000
9600.0	5.0	10000.00000	10000.00000	10000.00000	10000.00000	10000.00000
9600.0	5.5	10000.00000	10000.00000	10000.00000	10000.00000	10000.00000
9600.0	6.0	10000.00000	10000.00000	10000.00000	10000.00000	10000.00000
9800.0	4.0	10000.00000	10000.00000	10000.00000	10000.00000	10000.00000
9800.0	4.5	10000.00000	10000.00000	10000.00000	10000.00000	10000.00000
9800.0	5.0	10000.00000	10000.00000	10000.00000	10000.00000	10000.00000
9800.0	5.5	10000.00000	10000.00000	10000.00000	10000.00000	10000.00000
9800.0	6.0	10000.00000	10000.00000	10000.00000	10000.00000	10000.00000
10000.0	4.0	10000.00000	10000.00000	10000.00000	10000.00000	10000.00000
10000.0	4.5	10000.00000	10000.00000	10000.00000	10000.00000	10000.00000
10000.0	5.0	10000.00000	10000.00000	10000.00000	10000.00000	10000.00000
10000.0	5.5	10000.00000	10000.00000	10000.00000	10000.00000	10000.00000
10000.0	6.0	10000.00000	10000.00000	10000.00000	10000.00000	10000.00000
10200.0	4.0	10000.00000	10000.00000	10000.00000	10000.00000	10000.00000
10200.0	4.5	10000.00000	10000.00000	10000.00000	10000.00000	10000.00000
10200.0	5.0	10000.00000	10000.00000	10000.00000	10000.00000	10000.00000
10200.0	5.5	10000.00000	10000.00000	10000.00000	10000.00000	10000.00000
10200.0	6.0	10000.00000	10000.00000	10000.00000	10000.00000	10000.00000
10400.0	4.0	10000.00000	10000.00000	10000.00000	10000.00000	10000.00000
10400.0	4.5	10000.00000	10000.00000	10000.00000	10000.00000	10000.00000
10400.0	5.0	10000.00000	10000.00000	10000.00000	10000.00000	10000.00000
10400.0	5.5	10000.00000	10000.00000	10000.00000	10000.00000	10000.00000
10400.0	6.0	10000.00000	10000.00000	10000.00000	10000.00000	10000.00000
10600.0	4.0	10000.00000	10000.00000	10000.00000	10000.00000	10000.00000
10600.0	4.5	10000.00000	10000.00000	10000.00000	10000.00000	10000.00000
10600.0	5.0	10000.00000	10000.00000	10000.00000	10000.00000	10000.00000
10600.0	5.5	10000.00000	10000.00000	10000.00000	10000.00000	10000.00000
10600.0	6.0	10000.00000	10000.00000	10000.00000	10000.00000	10000.00000
10800.0	4.0	10000.00000	10000.00000	10000.00000	10000.00000	10000.00000
10800.0	4.5	10000.00000	10000.00000	10000.00000	10000.00000	10000.00000
10800.0	5.0	10000.00000	10000.00000	10000.00000	10000.00000	10000.00000
10800.0	5.5	10000.00000	10000.00000	10000.00000	10000.00000	10000.00000
10800.0	6.0	10000.00000	10000.00000	10000.00000	10000.00000	10000.00000
11000.0	4.0	10000.00000	10000.00000	10000.00000	10000.00000	10000.00000
11000.0	4.5	10000.00000	10000.00000	10000.00000	10000.00000	10000.00000
11000.0	5.0	10000.00000	10000.00000	10000.00000	10000.00000	10000.00000
11000.0	5.5	10000.00000	10000.00000	10000.00000	10000.00000	10000.00000
11000.0	6.0	10000.00000	10000.00000	10000.00000	10000.00000	10000.00000
11200.0	4.0	10000.00000	10000.00000	10000.00000	10000.00000	10000.00000
11200.0	4.5	10000.00000	10000.00000	10000.00000	10000.00000	10000.00000
11200.0	5.0	10000.00000	10000.00000	10000.00000	10000.00000	10000.00000
11200.0	5.5	10000.00000	10000.00000	10000.00000	10000.00000	10000.00000
11200.0	6.0	10000.00000	10000.00000	10000.00000	10000.00000	10000.00000
11400.0	4.0	10000.00000	10000.00000	10000.00000	10000.00000	10000.00000
11400.0	4.5	10000.00000	10000.00000	10000.00000	10000.00000	10000.00000
11400.0	5.0	10000.00000	10000.00000	10000.00000	10000.00000	10000.00000
11400.0	5.5	10000.00000	10000.00000	10000.00000	10000.00000	10000.00000
11400.0	6.0	10000.00000	10000.00000	10000.00000	10000.00000	10000.00000
11600.0	4.0	10000.00000	10000.00000	10000.00000	10000.00000	10000.00000
11600.0	4.5	10000.00000	10000.00000	10000.00000	10000.00000	10000.00000
11600.0	5.0	10000.00000	10000.00000	10000.00000	10000.00000	10000.00000
11600.0	5.5	10000.00000	10000.00000	10000.00000	10000.00000	10000.00000
11600.0	6.0	10000.00000	10000.00000	10000.00000	10000.00000	10000.00000
11800.0	4.0	10000.00000	10000.00000	10000.00000	10000.00000	10000.00000
11800.0	4.5	10000.00000	10000.00000	10000.00000	10000.00000	10000.00000
11800.0	5.0	10000.00000	10000.00000	10000.00000	10000.00000	10000.00000
11800.0	5.5	10000.00000	10000.00000	10000.00000	10000.00000	10000.00000
11800.0	6.0	10000.00000	10000.00000	10000.00000	10000.00000	10000.00000
12000.0	4.0	10000.00000	10000.00000	10000.00000	10000.00000	10000.00000
12000.0	4.5	10000.00000	10000.00000	10000.00000	10000.00000	10000.00000
12000.0	5.0	10000.00000	10000.00000	10000.00000	10000.00000	10000.00000
12000.0	5.5	10000.00000	10000.00000	10000.00000	10000.00000	10000.00000
12000.0	6.0	10000.00000	10000.00000	10000.00000	10000.00000	10000.00000
