Teff	log(g)	T_BB_us	T_BB_gs	T_BB_rs	T_BB_is	T_BB_zs
2300.0	4.0	2271.01872	2189.47200	1981.96990	2256.19254	2393.81302
2300.0	4.5	2163.01709	2224.32014	2048.78178	2312.43882	2427.55732
2300.0	5.0	1922.35564	2338.29111	2270.04947	2580.91833	2643.20531
2300.0	5.5	1966.64824	2263.11336	2164.49593	2403.57042	2501.94047
2300.0	6.0	1883.66728	2388.14444	2453.17930	2694.09222	2786.40252
2400.0	4.0	2193.22120	2353.88012	2152.80234	2540.32521	2607.29153
2400.0	4.5	2106.98178	2367.00520	2217.44181	2587.00377	2656.94998
2400.0	5.0	2007.12620	2341.95088	2239.23120	2602.70791	2686.51312
2400.0	5.5	2045.64369	2319.28575	2194.92725	2468.09414	2576.15815
2400.0	6.0	1979.10313	2319.32926	2244.41976	2507.67836	2620.84974
2500.0	4.0	2308.60666	2471.58203	2291.75917	2632.57039	2699.70463
2500.0	4.5	2400.61521	2350.90356	2131.24564	2447.89972	2582.13634
2500.0	5.0	2106.83712	2432.88758	2327.19624	2676.92380	2758.93826
2500.0	5.5	2018.82899	2465.63134	2452.47220	2731.65803	2832.45107
2500.0	6.0	1964.35638	2526.18083	2610.63078	2817.67043	2914.33391
2600.0	4.0	2595.15798	2477.21648	2246.91065	2546.14074	2674.62853
2600.0	4.5	2308.25927	2537.09041	2402.84834	2716.50453	2786.01121
2600.0	5.0	2215.03132	2533.25254	2445.23390	2751.67067	2831.92654
2600.0	5.5	2119.55039	2544.62398	2523.64603	2798.05530	2895.57540
2600.0	6.0	2041.49551	2600.04320	2667.20633	2875.60886	2992.30948
2700.0	4.0	2693.98084	2586.72214	2371.07270	2655.84813	2775.83028
2700.0	4.5	2623.57582	2572.85277	2358.10113	2664.91471	2786.79398
2700.0	5.0	2325.97281	2644.85535	2584.42567	2833.15657	2909.15242
2700.0	5.5	2409.02260	2512.89545	2333.03317	2681.24582	2815.95324
2700.0	6.0	2277.25458	2480.15184	2345.34393	2694.60788	2839.55284
2800.0	4.0	2792.42201	2699.30790	2499.57335	2768.15327	2880.12487
2800.0	4.5	2537.15819	2771.26922	2700.58499	2899.69731	2954.68823
2800.0	5.0	2442.98432	2758.98817	2727.56875	2921.50337	2986.03679
2800.0	5.5	2534.60325	2635.54777	2465.86878	2790.95460	2918.78433
2800.0	6.0	2255.73476	2741.55110	2816.89415	2983.02738	3087.31316
2900.0	4.0	2735.45128	2898.43557	2828.58281	2982.66865	3023.42939
2900.0	4.5	2832.28167	2804.55298	2626.12610	2886.55771	2991.47312
2900.0	5.0	2756.79287	2788.45682	2621.56116	2894.59326	3003.55108
2900.0	5.5	2462.29542	2860.43729	2896.81893	3037.25778	3102.14686
2900.0	6.0	2369.10013	2850.89022	2943.68010	3068.58085	3152.94257
3000.0	4.0	2844.46482	3011.68542	2969.63269	3083.83874	3112.57709
3000.0	4.5	2769.47460	2996.61995	2976.85016	3091.85307	3121.17118
3000.0	5.0	2866.83910	2908.77292	2761.87173	3006.85033	3105.89379
3000.0	5.5	2582.58177	2968.03415	3016.47071	3127.67171	3175.17176
3000.0	6.0	2484.64209	2954.26902	3052.61345	3154.00206	3218.53827
3100.0	4.0	2949.42470	3120.21265	3100.27023	3182.44264	3202.10041
3100.0	4.5	3027.61126	3030.06349	2883.87838	3104.29118	3194.70692
3100.0	5.0	2800.88169	3087.72022	3109.98197	3199.15887	3219.87850
3100.0	5.5	2889.67574	3005.44915	2900.66490	3121.72076	3215.62076
3100.0	6.0	2605.98675	3056.80671	3156.02396	3241.31314	3285.55574
3200.0	4.0	3147.80339	3128.66675	2968.68008	3196.93690	3291.16912
3200.0	4.5	3119.12105	3140.19876	3009.26714	3212.50527	3297.46429
3200.0	5.0	2920.70805	3192.28300	3224.37753	3292.93240	3302.58161
3200.0	5.5	2832.29882	3175.92170	3234.58935	3309.38622	3323.78100
3200.0	6.0	2905.09565	3096.73454	3041.03563	3235.24319	3325.14611
3300.0	4.0	3222.14585	3232.14874	3086.56623	3301.56604	3389.48200
3300.0	4.5	3103.96037	3315.82242	3343.92815	3382.44023	3382.34761
3300.0	5.0	3039.25005	3296.70221	3337.35200	3387.96136	3388.63784
3300.0	5.5	3105.78212	3237.72485	3174.12349	3337.85442	3408.60582
3300.0	6.0	3021.87070	3214.77766	3178.02214	3343.46901	3418.96463
3400.0	4.0	3290.37784	3335.88554	3212.10267	3405.88275	3486.18132
3400.0	4.5	3210.21107	3420.79295	3460.84394	3481.27129	3473.95429
3400.0	5.0	3254.37864	3355.99076	3287.65234	3435.17663	3496.97382
3400.0	5.5	3083.29926	3382.04076	3444.46452	3495.11337	3490.29770
3400.0	6.0	2993.84775	3361.73201	3447.16796	3511.48544	3512.55231
3500.0	4.0	3349.46372	3547.19553	3592.21802	3586.38170	3575.37429
3500.0	4.5	3314.33674	3525.42631	3575.13551	3580.40953	3568.79290
3500.0	5.0	3338.36742	3462.22418	3415.77764	3540.55491	3592.94946
3500.0	5.5	3203.68217	3485.02235	3549.97262	3589.10332	3577.97475
3500.0	6.0	3240.21553	3439.52516	3434.50666	3554.88277	3602.61570
3600.0	4.0	3444.75614	3652.02004	3704.32486	3686.02127	3669.56274
3600.0	4.5	3416.14411	3629.56197	3686.00920	3678.84578	3663.12294
3600.0	5.0	3417.85511	3567.32199	3544.46742	3645.29520	3686.19348
3600.0	5.5	3320.31708	3588.57829	3656.63681	3684.04441	3669.86069
3600.0	6.0	3251.03012	3568.95796	3648.56291	3696.59047	3684.80537
3700.0	4.0	3474.41163	3661.67828	3632.56396	3724.55817	3763.46397
3700.0	4.5	3492.82004	3669.58250	3658.89106	3739.58710	3772.56749
3700.0	5.0	3483.10578	3713.23678	3777.86711	3774.71421	3756.74687
3700.0	5.5	3433.45582	3691.67938	3762.10621	3778.13836	3762.07441
3700.0	6.0	3441.37452	3656.51445	3679.87875	3764.37512	3792.22571
3800.0	4.0	3639.19416	3873.53170	3928.27783	3890.12611	3864.32421
3800.0	4.5	3561.17956	3777.93668	3791.57890	3846.26151	3866.97603
3800.0	5.0	3569.94251	3777.58392	3800.62789	3855.13495	3873.28557
3800.0	5.5	3560.80190	3771.45930	3800.88641	3860.62450	3878.22876
3800.0	6.0	3497.37266	3781.30249	3861.96851	3885.89556	3870.38767
3900.0	4.0	3610.20045	3904.51902	3924.70787	3950.41924	3958.80473
3900.0	4.5	3631.05315	3891.19706	3925.48735	3955.83317	3964.09982
3900.0	5.0	3645.73746	3884.97302	3926.61791	3962.09788	3970.32476
3900.0	5.5	3663.27732	3907.83247	3978.06623	3972.63729	3953.94598
3900.0	6.0	3614.82843	3889.62022	3969.96620	3982.36028	3965.55479
4000.0	4.0	3691.59889	4036.82843	4072.65821	4069.46415	4063.54179
4000.0	4.5	3832.93271	4080.22896	4125.70782	4089.55696	4064.62298
4000.0	5.0	3721.95293	3995.38581	4052.61741	4070.36633	4068.98426
4000.0	5.5	3778.89834	4021.93804	4087.34423	4074.50044	4055.55471
4000.0	6.0	3733.67081	4000.17852	4077.71844	4079.56456	4062.20876
4100.0	4.0	3783.79092	4173.70484	4219.59475	4190.94047	4171.92804
4100.0	4.5	3787.50099	4139.99552	4197.70791	4187.49495	4174.60652
4100.0	5.0	3925.12033	4172.13556	4217.73224	4188.18068	4166.36741
4100.0	5.5	3809.56580	4095.13784	4168.03280	4182.04087	4175.44808
4100.0	6.0	3850.87138	4115.28196	4188.04438	4181.51439	4163.87966
4200.0	4.0	3885.62364	4307.11793	4356.15422	4307.41085	4278.54936
4200.0	4.5	4048.55734	4337.39398	4359.58036	4310.55350	4281.53278
4200.0	5.0	3881.49791	4233.12112	4308.43182	4295.77714	4278.20098
4200.0	5.5	4005.02473	4260.21584	4310.13126	4286.47479	4266.91142
4200.0	6.0	3895.92297	4194.56440	4280.45803	4294.67075	4285.29760
4300.0	4.0	3997.62685	4437.31403	4483.77750	4421.64602	4387.08195
4300.0	4.5	4167.75962	4470.33572	4477.79653	4420.55833	4389.08688
4300.0	5.0	3970.89721	4366.49472	4444.61557	4417.79358	4393.00936
4300.0	5.5	4120.49624	4389.16135	4430.52485	4400.41245	4379.17881
4300.0	6.0	4083.83366	4353.27543	4410.61227	4391.20879	4372.86170
4400.0	4.0	4115.61925	4566.77905	4606.07528	4535.25164	4497.78080
4400.0	4.5	4093.99555	4545.97752	4604.18998	4543.55548	4505.99817
4400.0	5.0	4071.40512	4501.86059	4578.98729	4536.97999	4504.67990
4400.0	5.5	4066.75860	4459.23647	4550.16113	4527.40783	4502.36683
4400.0	6.0	4200.13698	4479.95079	4528.80563	4503.45220	4483.82099
4500.0	4.0	4468.11194	4745.88081	4699.00898	4615.78523	4578.52343
4500.0	4.5	4213.22556	4675.90584	4725.22402	4655.98096	4615.67749
4500.0	5.0	4178.11497	4638.96715	4712.12840	4657.94545	4620.32860
4500.0	5.5	4161.14972	4594.94775	4686.09079	4651.23720	4620.12108
4500.0	6.0	4161.31306	4553.95523	4656.31225	4639.27086	4615.54086
4600.0	4.0	4606.14644	4866.08551	4808.14101	4723.92288	4687.08443
4600.0	4.5	4335.45537	4802.08900	4842.02667	4767.75721	4726.61427
4600.0	5.0	4296.81696	4775.16486	4839.53909	4774.82704	4733.09997
4600.0	5.5	4265.18923	4730.96372	4818.18815	4771.23342	4734.58198
4600.0	6.0	4254.60014	4685.63187	4788.60184	4760.66600	4731.60487
4700.0	4.0	4484.73683	4940.81093	4952.74402	4869.42645	4829.56031
4700.0	4.5	4696.56813	4974.79427	4923.32719	4840.86711	4802.98427
4700.0	5.0	4420.89929	4905.56148	4958.42313	4887.21089	4844.09360
4700.0	5.5	4377.59507	4869.45755	4950.40744	4893.13599	4852.12136
4700.0	6.0	4544.60154	4880.67562	4902.50337	4857.89270	4829.95431
4800.0	4.0	4606.14663	5060.00371	5065.16785	4980.25841	4940.20232
4800.0	4.5	4582.74807	5046.96791	5068.23364	4987.66360	4945.97322
4800.0	5.0	4775.77705	5080.13317	5041.64345	4964.50544	4926.11070
4800.0	5.5	4498.82660	5004.50678	5075.04076	5009.07567	4965.12766
4800.0	6.0	4460.88850	4959.90218	5056.01024	5006.89570	4967.87643
4900.0	4.0	4735.34323	5180.58104	5177.24939	5091.04052	5050.93595
4900.0	4.5	4973.63213	5203.78603	5134.29686	5050.82954	5014.08211
4900.0	5.0	4673.85086	5156.46153	5188.11947	5109.38926	5065.39481
4900.0	5.5	4624.32681	5134.13394	5192.53798	5121.02800	5075.74577
4900.0	6.0	4798.53682	5147.29324	5146.76304	5090.73541	5057.60964
5000.0	4.0	4862.73328	5298.90394	5286.41689	5199.37636	5158.32869
5000.0	4.5	4836.47931	5288.00099	5290.20525	5206.39454	5163.70983
5000.0	5.0	4796.81332	5276.71489	5297.93111	5217.28199	5172.50400
5000.0	5.5	4986.85057	5298.36691	5262.28801	5190.48066	5152.03344
5000.0	6.0	4924.15453	5272.80838	5261.66904	5200.49514	5164.50634
5100.0	4.0	5263.67462	5412.11328	5317.27822	5234.65887	5196.43052
5100.0	4.5	4976.14691	5401.31243	5391.72266	5307.26071	5260.27282
5100.0	5.0	5165.10581	5402.48065	5335.15555	5258.97890	5219.07693
5100.0	5.5	4883.12623	5378.93262	5408.30913	5331.18897	5279.97486
5100.0	6.0	4812.56826	5345.95988	5407.62584	5339.76040	5288.21351
5200.0	4.0	5132.21006	5524.10091	5495.21748	5407.94950	5361.29590
5200.0	4.5	5107.50888	5519.11010	5501.06297	5415.92314	5368.34081
5200.0	5.0	5063.33179	5507.29111	5505.16099	5422.78101	5373.69868
5200.0	5.5	5012.67678	5498.68881	5518.02011	5439.21735	5387.68243
5200.0	6.0	4938.75436	5467.30348	5518.50364	5447.74007	5395.61489
5300.0	4.0	5257.98077	5640.10922	5605.95633	5518.59095	5471.06750
5300.0	4.5	5484.55840	5626.63212	5528.82309	5447.00797	5407.63171
5300.0	5.0	5197.19693	5627.60021	5617.03191	5533.86696	5484.18010
5300.0	5.5	5137.63252	5611.41725	5623.82665	5544.78115	5493.52240
5300.0	6.0	5072.11867	5590.19520	5630.81205	5558.28332	5505.99962
5400.0	4.0	5383.59567	5754.99699	5713.80708	5625.97084	5577.39542
5400.0	4.5	5363.45843	5749.08736	5716.67049	5630.83376	5581.58320
5400.0	5.0	5327.73658	5743.06278	5724.29621	5640.70679	5590.30918
5400.0	5.5	5267.77090	5722.02591	5727.46427	5649.75351	5599.54082
5400.0	6.0	5432.62543	5705.53115	5655.48403	5589.92423	5549.69219
5500.0	4.0	5512.75804	5872.49638	5822.40078	5733.23166	5683.33550
5500.0	4.5	5488.92365	5861.11335	5821.42263	5735.00791	5684.60480
5500.0	5.0	5681.61429	5818.68922	5726.99243	5652.88346	5614.45559
5500.0	5.5	5392.54596	5831.27035	5829.23275	5751.28188	5700.79730
5500.0	6.0	5566.08211	5809.36565	5751.91266	5686.70865	5647.24701
5600.0	4.0	5862.93043	5939.21710	5809.80835	5722.35088	5682.21497
5600.0	4.5	5616.31255	5977.47632	5930.43486	5842.93936	5791.03048
5600.0	5.0	5577.70632	5958.26122	5929.68735	5848.41817	5798.28827
5600.0	5.5	5527.32881	5947.93422	5938.03244	5859.88864	5808.91333
5600.0	6.0	5463.24159	5936.19781	5950.02339	5875.19171	5822.51908
5700.0	4.0	5754.73268	6103.25369	6038.05469	5945.24608	5891.89076
5700.0	4.5	5743.54129	6093.37549	6037.53863	5948.39214	5894.73238
5700.0	5.0	5703.47735	6069.51054	6034.18671	5952.48588	5901.33719
5700.0	5.5	5842.79879	5984.00708	5897.92553	5829.03340	5791.81591
5700.0	6.0	5594.15426	6048.62544	6054.38134	5979.22077	5926.19779
5800.0	4.0	5871.93750	6219.80345	6146.35906	6050.82713	5995.18876
5800.0	4.5	5858.06095	6193.67544	6136.19201	6049.33657	5996.30321
5800.0	5.0	5828.02436	6180.53464	6138.23787	6055.87925	6003.46247
5800.0	5.5	5783.88565	6169.97152	6145.50951	6066.77593	6014.23390
5800.0	6.0	5910.95936	6077.36585	6001.28357	5936.99389	5899.52509
5900.0	4.0	6186.27372	6269.36057	6114.62121	6019.64375	5974.83878
5900.0	4.5	5955.57196	6287.96657	6224.41425	6135.68588	6080.77110
5900.0	5.0	5953.27157	6292.39397	6242.37117	6158.92510	6104.83314
5900.0	5.5	5882.61196	6255.71229	6225.09680	6145.69731	6092.06612
5900.0	6.0	5855.35007	6270.83735	6260.38074	6184.63260	6130.23436
6000.0	4.0	6099.24565	6455.68158	6364.03142	6261.40192	6200.14021
6000.0	4.5	6092.87347	6419.43818	6347.25004	6256.76257	6199.51314
6000.0	5.0	6240.42174	6312.56706	6189.82059	6112.89904	6073.26062
6000.0	5.5	6202.78029	6293.35957	6187.37838	6116.82004	6078.58826
6000.0	6.0	6158.15064	6281.07063	6191.65562	6127.37120	6089.92620
6100.0	4.0	6198.13647	6564.80239	6463.94282	6356.60430	6292.23567
6100.0	4.5	6378.01652	6456.97461	6302.41329	6211.34942	6165.93259
6100.0	5.0	6173.79262	6497.75265	6432.92078	6346.80838	6288.74307
6100.0	5.5	6317.05346	6397.00448	6283.76691	6212.31445	6173.31991
6100.0	6.0	6079.04078	6456.29665	6434.40221	6360.69138	6306.63495
6200.0	4.0	6477.18249	6610.98463	6428.34979	6320.37653	6267.44690
6200.0	4.5	6320.90266	6649.60463	6559.84352	6463.85364	6401.22178
6200.0	5.0	6289.15944	6610.07687	6538.55974	6450.70196	6390.16621
6200.0	5.5	6279.19800	6606.05146	6553.38130	6473.54973	6416.41943
6200.0	6.0	6197.39083	6555.23919	6526.67277	6453.71233	6399.38055
6300.0	4.0	6423.22607	6819.28226	6691.80027	6572.06466	6500.31956
6300.0	4.5	6571.72860	6677.33123	6506.68446	6408.73755	6358.24427
6300.0	5.0	6420.20186	6739.40992	6657.88725	6567.58801	6503.95399
6300.0	5.5	6365.31383	6683.82881	6627.01777	6547.67068	6489.94106
6300.0	6.0	6496.50744	6573.99928	6464.50099	6398.57796	6361.54182
6400.0	4.0	6643.22101	6850.96455	6637.94168	6512.65543	6449.98178
6400.0	4.5	6534.58352	6883.84284	6774.75235	6670.63947	6601.18007
6400.0	5.0	6526.05041	6851.32826	6762.47640	6669.44307	6602.66135
6400.0	5.5	6496.80258	6810.16836	6744.69400	6663.95886	6603.75774
6400.0	6.0	6439.39451	6769.69952	6726.50461	6652.82844	6595.84735
6500.0	4.0	6724.34052	6969.58444	6745.69688	6612.73562	6545.77352
6500.0	4.5	6625.47181	6994.41874	6877.29295	6768.35049	6694.73374
6500.0	5.0	6743.33796	6847.93620	6687.94400	6597.77268	6547.21803
6500.0	5.5	6726.38474	6803.89984	6663.57772	6585.34487	6541.50314
6500.0	6.0	6703.79320	6771.91291	6650.28780	6581.87159	6542.79489
6600.0	4.0	6712.21921	7192.35579	7025.93974	6880.63538	6795.79310
6600.0	4.5	6825.64696	7010.01055	6813.79727	6701.62203	6639.66619
6600.0	5.0	6735.54360	7081.30595	6973.55282	6873.56803	6798.57759
6600.0	5.5	6714.32268	7028.64670	6947.60233	6863.03184	6797.15758
6600.0	6.0	6668.01315	6981.25906	6922.68696	6847.33244	6786.41733
6700.0	4.0	6798.19527	7316.43389	7137.47838	6981.89338	6892.80021
6700.0	4.5	6821.83166	7240.64265	7101.57732	6980.25663	6896.71215
6700.0	5.0	6925.65826	7079.21963	6897.06878	6795.06904	6733.90306
6700.0	5.5	6817.42530	7138.87895	7049.45182	6962.64217	6893.14770
6700.0	6.0	6777.49243	7088.59307	7022.76238	6946.19201	6882.71114
6800.0	4.0	6887.09404	7443.66868	7249.50805	7082.70856	6989.31775
6800.0	4.5	6912.22318	7362.70641	7212.30711	7083.23350	6994.29278
6800.0	5.0	6926.23839	7314.36440	7187.61203	7077.71504	6992.12480
6800.0	5.5	6917.94565	7249.40009	7152.31121	7062.47063	6988.83653
6800.0	6.0	6885.54009	7196.76457	7122.65438	7044.75314	6978.21278
6900.0	4.0	6973.00168	7571.31603	7361.88277	7182.81494	7085.81753
6900.0	4.5	7058.42473	7359.41431	7135.94577	7002.97272	6924.66968
6900.0	5.0	7017.43198	7432.54989	7295.88346	7179.82663	7088.15982
6900.0	5.5	7006.62794	7352.44450	7247.66040	7154.53890	7076.36085
6900.0	6.0	6988.80761	7304.30987	7223.40699	7143.60783	7073.48641
7000.0	4.0	7056.24091	7699.80094	7474.16623	7282.03560	7181.22196
7000.0	4.5	7079.75165	7606.40493	7432.54235	7284.98176	7183.17059
7000.0	5.0	7163.81012	7417.44631	7212.60203	7094.19395	7015.54584
7000.0	5.5	7166.70634	7333.69665	7162.57161	7068.67296	7006.12390
7000.0	6.0	7128.43450	7430.95603	7330.82459	7245.66061	7174.08345
7200.0	4.0	7235.24212	7972.01323	7708.02826	7486.14973	7378.12397
7200.0	4.5	7244.71093	7857.65728	7656.98615	7486.69726	7370.78521
7200.0	5.0	7272.21711	7792.71566	7625.08494	7485.62662	7370.37466
7200.0	5.5	7326.53272	7552.56749	7369.33176	7266.16918	7191.56181
7200.0	6.0	7339.89839	7491.59555	7331.97164	7246.62905	7184.86359
7400.0	4.0	7401.33836	8228.12442	7922.34220	7669.78627	7555.54799
7400.0	4.5	7395.42745	8068.02255	7843.83142	7658.08134	7538.51823
7400.0	5.0	7430.60960	8038.64074	7848.05910	7687.75670	7553.72472
7400.0	5.5	7458.45898	7932.34447	7785.94727	7665.76274	7552.08511
7400.0	6.0	7466.84301	7852.69276	7736.52502	7640.91278	7542.88512
7600.0	4.0	7556.56854	8413.09253	8096.87641	7839.59144	7728.33653
7600.0	4.5	7564.91540	8382.12909	8109.72344	7878.94327	7732.64654
7600.0	5.0	7589.21059	8291.25210	8072.49914	7887.23421	7732.79872
7600.0	5.5	7624.49232	8005.35072	7794.79290	7667.09006	7558.63171
7600.0	6.0	7638.91057	8077.24345	7947.57853	7841.93641	7727.07579
7800.0	4.0	7707.77337	8580.43322	8167.62260	7876.04348	7754.42481
7800.0	4.5	7698.34092	8478.21023	8129.77441	7884.24119	7736.57281
7800.0	5.0	7719.79425	8372.43831	8084.25286	7885.84496	7731.66628
7800.0	5.5	7763.76965	8237.68196	8012.37682	7867.81860	7737.95045
7800.0	6.0	7801.87199	8303.40766	8161.04907	8042.87006	7907.89154
8000.0	4.0	7859.39647	8847.91180	8377.94107	8048.96796	7922.31007
8000.0	4.5	7840.68112	8731.38715	8346.78197	8068.32522	7905.53105
8000.0	5.0	7884.75259	8799.33784	8516.87734	8268.74864	8071.65915
8000.0	5.5	7902.63029	8613.39901	8409.92584	8234.25473	8060.50393
8000.0	6.0	7961.04883	8537.51756	8380.02266	8246.76098	8087.77127
8200.0	4.0	8008.02938	9108.57066	8570.87656	8204.83374	8076.54351
8200.0	4.5	8053.31720	9173.18902	8760.56158	8424.39639	8241.01789
8200.0	5.0	7979.28378	8866.78489	8513.32047	8252.76178	8055.60033
8200.0	5.5	8000.59213	8723.43359	8437.10029	8233.99558	8044.78184
8200.0	6.0	8108.33175	8768.20914	8595.52757	8444.49084	8258.76328
8400.0	4.0	8280.15739	9580.86349	8973.13245	8546.13789	8415.39399
8400.0	4.5	8215.22172	9447.02941	8963.43360	8589.82473	8398.99914
8400.0	5.0	8110.65543	9110.68805	8723.25848	8429.64148	8213.09790
8400.0	5.5	8177.32161	9100.94982	8839.92810	8604.49589	8376.32289
8400.0	6.0	8205.20776	8813.70884	8590.81902	8433.90477	8250.74247
8600.0	4.0	8315.26518	9581.10772	8937.12139	8508.61399	8377.28679
8600.0	4.5	8253.60580	9476.28792	8932.75395	8550.50591	8359.71843
8600.0	5.0	8242.00726	9355.18457	8924.69755	8596.56230	8363.23634
8600.0	5.5	8256.59691	9231.09586	8888.28180	8618.57470	8367.89136
8600.0	6.0	8320.41218	9029.79802	8791.24810	8612.84402	8399.18508
8800.0	4.0	8479.18990	9789.46707	9123.14809	8669.72598	8536.92226
8800.0	4.5	8544.73896	9933.31122	9341.26703	8904.99001	8703.49992
8800.0	5.0	8492.71328	9822.25681	9336.52447	8949.94975	8692.91326
8800.0	5.5	8379.47194	9469.28270	9089.68813	8785.69820	8512.53832
8800.0	6.0	8449.25042	9280.71084	9020.26444	8813.56049	8564.73927
9000.0	4.0	8646.06410	10008.14310	9306.97081	8826.24397	8691.51714
9000.0	4.5	8540.23510	9913.71677	9287.29220	8850.17732	8645.58543
9000.0	5.0	8495.25466	9816.80434	9285.61673	8894.00646	8636.44136
9000.0	5.5	8500.39019	9697.68307	9279.78189	8943.71933	8650.65654
9000.0	6.0	8565.40991	9519.46498	9231.41006	8992.32900	8708.94444
9200.0	4.0	8815.01780	10218.13031	9485.82318	8981.05548	8844.57810
9200.0	4.5	8886.42494	10345.76061	9694.76920	9216.44767	9006.77552
9200.0	5.0	8627.67115	10029.85132	9457.86143	9039.26928	8770.94715
9200.0	5.5	8617.90703	9914.67156	9454.31674	9088.78706	8780.34632
9200.0	6.0	8676.58994	9761.16769	9436.29254	9157.44683	8840.99257
9400.0	4.0	9189.86327	10618.77021	9859.22893	9325.89371	9195.42000
9400.0	4.5	8859.25574	10336.80847	9654.62937	9168.59386	8950.52035
9400.0	5.0	8770.21836	10236.54362	9634.21043	9192.62684	8913.30128
9400.0	5.5	8737.36358	10124.57165	9622.14843	9229.14576	8906.88050
9400.0	6.0	8762.60792	10002.13058	9610.15418	9277.85321	8935.30770
9600.0	4.0	9371.54765	10814.60310	10028.86408	9478.29434	9347.49473
9600.0	4.5	9230.65496	10759.21750	10043.14763	9522.86401	9303.78672
9600.0	5.0	8923.64491	10441.41095	9817.32094	9353.76780	9063.56177
9600.0	5.5	8863.96955	10328.08926	9790.81867	9373.17998	9036.98931
9600.0	6.0	8876.10398	10181.26945	9771.40281	9420.57217	9061.25624
9800.0	4.0	9332.03429	10809.12585	10005.26291	9444.45761	9303.94530
9800.0	4.5	9393.05972	10938.10411	10198.53770	9663.87721	9442.74253
9800.0	5.0	9075.59076	10644.73698	9993.68998	9508.46011	9208.55382
9800.0	5.5	9196.84658	10762.06733	10199.35059	9741.52094	9385.59474
9800.0	6.0	8990.56433	10391.38474	9940.77090	9560.12932	9182.32314
10000.0	4.0	9503.70270	10990.71891	10169.37543	9594.83197	9453.35058
10000.0	4.5	9563.07972	11126.47206	10363.20295	9813.08421	9588.48813
10000.0	5.0	9228.48893	10839.75558	10164.21096	9660.04995	9351.63816
10000.0	5.5	9148.86046	10727.24423	10143.02722	9684.22424	9320.85507
10000.0	6.0	9112.03884	10608.74905	10116.03176	9703.99354	9307.28751
10200.0	4.0	9907.05348	11373.41374	10531.54526	9940.25794	9805.44160
10200.0	4.5	9514.57922	11108.80489	10333.77259	9777.31975	9541.71285
10200.0	5.0	9592.89485	11235.53203	10528.16772	9996.35849	9686.51797
10200.0	5.5	9296.24786	10924.50522	10316.58725	9838.15016	9462.85733
10200.0	6.0	9242.23405	10804.34232	10284.61264	9850.94431	9438.84930
10400.0	4.0	10084.05598	11552.37990	10697.46716	10096.05054	9958.82465
10400.0	4.5	9903.20017	11490.93682	10689.00173	10112.34976	9881.27416
10400.0	5.0	9543.79950	11212.49302	10494.51826	9959.33067	9638.47363
10400.0	5.5	9643.21212	11326.38581	10686.54805	10176.25669	9791.64320
10400.0	6.0	9579.52226	11219.40785	10679.71931	10211.46992	9778.00727
10600.0	4.0	10005.94018	11493.61906	10635.20972	10030.97367	9889.40868
10600.0	4.5	9843.89074	11453.83499	10647.62218	10068.51129	9829.52512
10600.0	5.0	9702.83087	11389.13703	10653.10044	10105.19909	9780.05598
10600.0	5.5	9794.74794	11507.08103	10844.69224	10319.87641	9927.27132
10600.0	6.0	9720.61267	11401.34923	10838.18891	10353.32377	9908.56604
10800.0	4.0	10168.57204	11651.20731	10783.66564	10172.12731	10030.15943
10800.0	4.5	10245.53698	11843.42880	11012.95277	10415.29222	10177.81634
10800.0	5.0	10079.43071	11773.29133	11006.82978	10436.08420	10110.42940
10800.0	5.5	9751.54747	11479.36109	10809.76267	10285.33371	9884.71268
10800.0	6.0	9863.31787	11580.17814	10994.60905	10494.53507	10039.42741
11000.0	4.0	10328.84245	11804.99188	10929.40299	10311.58808	10168.54936
11000.0	4.5	10166.15557	11776.63544	10946.43874	10349.71762	10108.84307
11000.0	5.0	10018.34361	11724.58932	10957.69847	10388.38068	10057.05777
11000.0	5.5	9903.74147	11651.26356	10964.20832	10427.76769	10021.32861
11000.0	6.0	9820.11064	11546.03353	10952.16315	10454.77156	9994.22031
11200.0	4.0	10490.51641	11958.45520	11075.50398	10452.84695	10307.99823
11200.0	4.5	10324.98070	11932.36978	11092.20995	10488.15533	10246.18318
11200.0	5.0	10174.31698	11885.11563	11105.01395	10526.59827	10192.79025
11200.0	5.5	10055.08975	11817.58165	11114.50990	10567.12233	10155.73794
11200.0	6.0	10163.67917	11949.82652	11321.70200	10791.44985	10313.05099
11400.0	4.0	10966.49828	12408.35785	11518.34902	10887.97560	10730.62052
11400.0	4.5	10482.49282	12085.10862	11236.09643	10625.59643	10382.25637
11400.0	5.0	10575.85809	12285.27641	11478.41251	10879.27818	10540.96063
11400.0	5.5	10422.98615	12218.33170	11480.54528	10904.77894	10481.70599
11400.0	6.0	10124.02655	11859.04731	11239.16492	10727.45532	10265.64501
11600.0	4.0	11119.68461	12536.01919	11647.49677	11022.16625	10863.53193
11600.0	4.5	10639.04359	12234.70200	11377.76945	10761.96654	10517.23568
11600.0	5.0	10725.84352	12408.36458	11598.70052	11000.94058	10668.22802
11600.0	5.5	10583.08231	12371.68422	11623.39224	11042.32514	10619.11839
11600.0	6.0	10465.21552	12290.51223	11627.71851	11074.72893	10581.13430
11800.0	4.0	11295.26225	12698.85279	11808.27920	11181.56213	11017.35857
11800.0	4.5	10794.21375	12382.00786	11518.01382	10897.49075	10650.86480
11800.0	5.0	10631.85555	12346.17238	11530.81449	10927.58673	10588.03566
11800.0	5.5	10497.14676	12307.29522	11558.22708	10977.06029	10545.80877
11800.0	6.0	10394.27398	12224.42612	11561.61699	11013.44493	10516.49817
12000.0	4.0	11469.98953	12860.48605	11967.30841	11340.17575	11170.01919
12000.0	4.5	11286.56051	12846.00545	11972.78434	11343.86104	11083.43002
12000.0	5.0	10781.08862	12492.20390	11667.51921	11057.97148	10716.53930
12000.0	5.5	10912.33497	12718.89877	11944.00476	11343.04841	10906.21892
12000.0	6.0	10545.98420	12387.95197	11712.03927	11154.26282	10651.14677
