Teff	log(g)	T_BB_u	T_BB_g	T_BB_r	T_BB_i	T_BB_z
1200.0	4.0	1555.44541	1545.53137	1307.71062	1320.88752	1599.48861
1200.0	4.5	1652.24437	1602.86783	1325.40824	1337.58903	1603.27501
1200.0	5.0	1569.65345	1544.58032	1271.00785	1283.29445	1607.63952
1200.0	5.5	1579.21912	1564.91054	1231.94549	1248.49315	1618.03091
1300.0	4.0	1594.52119	1586.99190	1410.82007	1425.95203	1646.08217
1300.0	4.5	1648.31345	1621.39917	1438.94523	1454.72334	1665.73421
1300.0	5.0	1636.22091	1627.53773	1387.37698	1404.38435	1697.93210
1300.0	5.5	1621.95294	1624.81265	1318.79914	1337.49088	1691.78589
1400.0	4.0	1645.96948	1650.47423	1555.40929	1571.49214	1685.37790
1400.0	4.5	1664.37966	1656.37886	1517.05762	1535.90523	1709.46210
1400.0	5.0	1680.31324	1672.01547	1520.06376	1540.98845	1730.86143
1400.0	5.5	1657.56815	1677.06820	1406.00589	1427.88519	1756.73685
1500.0	4.0	1669.26179	1705.79635	1638.04520	1647.46612	1662.25536
1500.0	4.5	1691.12999	1723.01480	1645.14538	1664.01948	1706.26072
1500.0	5.0	1710.04152	1721.18705	1597.33119	1623.56956	1750.69706
1500.0	5.5	1719.20131	1735.80470	1560.12058	1595.06318	1783.22766
1550.0	5.0	1710.04152	1721.18705	1597.33119	1623.56956	1750.69706
1550.0	5.5	1719.20131	1735.80470	1560.12058	1595.06318	1783.22766
1600.0	4.0	1690.91337	1726.74677	1656.85228	1667.36437	1694.52747
1600.0	4.5	1704.54168	1746.34547	1672.63475	1688.47835	1724.12245
1600.0	5.0	1718.17262	1752.71315	1669.26808	1691.26402	1741.46956
1600.0	5.5	1731.91214	1767.95537	1648.70088	1679.97674	1792.78010
1650.0	5.0	1718.17262	1752.71315	1669.26808	1691.26402	1741.46956
1650.0	5.5	1731.91214	1767.95537	1648.70088	1679.97674	1792.78010
1700.0	4.0	1669.63251	1711.80152	1652.34206	1658.60400	1700.67688
1700.0	4.5	1715.28955	1764.88702	1687.57873	1707.58370	1767.96913
1700.0	5.0	1737.16373	1786.29968	1705.44092	1729.90566	1794.78064
1700.0	5.5	1767.12351	1845.09728	1720.51600	1759.20561	1909.51484
1750.0	5.0	1737.16373	1786.29968	1705.44092	1729.90566	1794.78064
1750.0	5.5	1767.12351	1845.09728	1720.51600	1759.20561	1909.51484
1800.0	4.0	1715.49440	1778.34812	1702.65904	1721.71728	1832.62527
1800.0	4.5	1717.29073	1783.51390	1706.80926	1726.93105	1823.01670
1800.0	5.0	1753.03779	1817.65565	1737.57120	1768.36720	1868.47542
1800.0	5.5	1778.21185	1879.94979	1752.51501	1801.96790	2003.84226
1850.0	5.0	1753.03779	1817.65565	1737.57120	1768.36720	1868.47542
1850.0	5.5	1778.21185	1879.94979	1752.51501	1801.96790	2003.84226
1900.0	4.0	1729.79432	1773.07710	1687.54551	1731.46972	1883.41364
1900.0	4.5	1735.52206	1799.17894	1729.20842	1764.85047	1917.35808
1900.0	5.0	1750.62439	1825.30384	1741.85402	1781.01819	1944.55464
1900.0	5.5	1792.65522	1909.65203	1778.28359	1835.97253	2069.30045
1950.0	5.0	1750.62439	1825.30384	1741.85402	1781.01819	1944.55464
1950.0	5.5	1792.65522	1909.65203	1778.28359	1835.97253	2069.30045
2000.0	4.0	1761.03268	1781.78226	1715.59264	1803.42404	2032.61804
2000.0	4.5	1751.12713	1805.10288	1747.34957	1819.39428	2066.18708
2000.0	5.0	1758.53490	1817.75089	1760.27664	1807.43075	1974.13436
2000.0	5.5	1797.76202	1886.01481	1808.34800	1883.02634	2154.70753
2050.0	4.0	1761.03268	1781.78226	1715.59264	1803.42404	2032.61804
2050.0	4.5	1751.12713	1805.10288	1747.34957	1819.39428	2066.18708
2050.0	5.0	1758.53490	1817.75089	1760.27664	1807.43075	1974.13436
2100.0	4.0	1897.12903	1921.42274	1781.02520	1911.71053	2153.67213
2100.0	4.5	1784.40381	1825.92522	1762.75879	1885.33755	2164.96703
2100.0	5.0	1793.53678	1873.80540	1812.28202	1905.64117	2168.30602
2100.0	5.5	1804.09415	1939.67275	1814.20498	1904.12251	2247.04418
2150.0	4.0	1897.12903	1921.42274	1781.02520	1911.71053	2153.67213
2150.0	4.5	1784.40381	1825.92522	1762.75879	1885.33755	2164.96703
2150.0	5.0	1793.53678	1873.80540	1812.28202	1905.64117	2168.30602
2200.0	4.0	2032.77021	1991.08196	1803.14044	1997.80543	2252.62107
2200.0	4.5	1807.90920	1845.55714	1780.57155	1957.18506	2252.01972
2200.0	5.0	1784.37226	1863.40446	1813.66431	1955.63595	2241.62946
2200.0	5.5	1812.13069	1917.26337	1840.26335	1942.54811	2246.84852
2250.0	4.0	2032.77021	1991.08196	1803.14044	1997.80543	2252.62107
2250.0	4.5	1807.90920	1845.55714	1780.57155	1957.18506	2252.01972
2250.0	5.0	1784.37226	1863.40446	1813.66431	1955.63595	2241.62946
2300.0	4.0	2172.66908	2090.66944	1842.66868	2104.12507	2365.53992
2300.0	4.5	2054.05005	2048.52948	1888.97763	2143.69286	2458.95373
2300.0	5.0	2316.62513	2006.70651	1891.71183	2087.94010	2395.08097
2300.0	5.5	1866.03999	1996.66392	1916.77595	2091.78022	2517.39398
2350.0	4.0	2170.55335	2090.74974	1845.85486	2103.71388	2364.24171
2350.0	4.5	2053.53749	2049.96009	1892.05613	2144.51438	2458.63725
2350.0	5.0	2319.24661	2007.39208	1894.46099	2088.16813	2394.62337
2400.0	4.0	2332.10005	2220.84053	1909.42320	2230.03958	2488.61934
2400.0	4.5	2174.64082	2134.43533	1936.34103	2242.23207	2541.34763
2400.0	5.0	2030.14526	2089.18486	1947.97444	2201.07924	2508.82248
2400.0	5.5	1948.05754	2078.43182	1969.88982	2189.59433	2538.69444
2500.0	4.0	2478.81067	2343.63999	1979.69812	2349.69297	2602.61898
2500.0	4.5	2339.19518	2308.30637	1998.09833	2346.37013	2611.83117
2500.0	5.0	2182.32447	2207.96005	2013.77924	2330.56433	2630.75259
2500.0	5.5	2075.17075	2240.31092	2040.91401	2312.96259	2639.02567
2600.0	4.0	2598.15883	2459.52876	2091.17659	2472.53191	2711.21148
2600.0	4.5	2459.62403	2371.46373	2095.32984	2487.79051	2750.45016
2600.0	5.0	2326.55554	2327.41036	2095.47007	2456.22160	2736.85346
2600.0	5.5	2193.76309	2275.48358	2103.47603	2428.73379	2747.23391
2700.0	4.0	2709.64929	2575.14441	2202.87400	2588.70874	2817.59488
2700.0	4.5	2653.33066	2601.14497	2251.69523	2638.43564	2868.65939
2700.0	5.0	2477.53093	2518.22115	2209.19007	2586.39945	2839.88074
2700.0	5.5	2338.59102	2401.31521	2221.05126	2601.22871	2912.31183
2800.0	4.0	2817.77614	2695.05091	2323.32552	2707.01426	2925.76779
2800.0	4.5	2707.54729	2625.68433	2352.26464	2732.54094	2953.83350
2800.0	5.0	2634.45618	2671.88385	2366.35851	2732.20227	2957.25978
2800.0	5.5	2474.93181	2534.42824	2331.44339	2696.03239	2963.07579
2900.0	4.0	2904.28472	2795.18392	2424.39907	2806.69394	3020.78334
2900.0	4.5	2830.68772	2794.18358	2459.31969	2826.03189	3034.93277
2900.0	5.0	2711.83807	2707.08750	2460.36739	2826.14358	3050.44862
2900.0	5.5	2593.34709	2657.29930	2455.08684	2818.46225	3065.72440
3000.0	4.0	2998.78361	2907.39238	2524.29145	2914.15708	3124.79008
3000.0	4.5	2937.73716	2910.68012	2570.74858	2934.36584	3134.14447
3000.0	5.0	2830.44088	2831.07095	2579.02354	2942.56261	3155.16658
3000.0	5.5	2704.43599	2773.97170	2563.94434	2931.35183	3164.77715
3100.0	4.0	3077.14361	3037.96752	2669.44495	3032.56622	3224.11811
3100.0	4.5	3037.00793	3059.28912	2745.04508	3065.72199	3240.71774
3100.0	5.0	2963.35499	3045.61350	2755.89791	3065.49745	3241.22058
3100.0	5.5	2875.97327	3033.76581	2781.02595	3073.07788	3252.02803
3200.0	4.0	3149.08995	3142.09211	2785.59766	3136.93224	3319.55675
3200.0	4.5	3123.51264	3167.10639	2873.60766	3172.13879	3332.51693
3200.0	5.0	3064.62970	3158.26632	2895.25140	3175.15258	3331.36993
3200.0	5.5	2995.87944	3157.94799	2936.89479	3193.05580	3346.45641
3300.0	4.0	3216.59523	3248.15776	2914.60004	3243.55967	3412.41666
3300.0	4.5	3202.59764	3270.82342	2992.02801	3274.96230	3424.08410
3300.0	5.0	3159.71518	3272.77508	3032.85002	3288.72448	3429.13987
3300.0	5.5	3100.07595	3268.99182	3073.80869	3301.15164	3433.80112
3400.0	4.0	3278.58756	3354.61872	3048.84914	3350.88240	3503.21374
3400.0	4.5	3278.63688	3380.21104	3128.47942	3384.87023	3517.67720
3400.0	5.0	3246.09856	3375.78841	3164.46517	3390.68068	3513.23424
3400.0	5.5	3205.92398	3386.72361	3219.02459	3417.28430	3530.49608
3500.0	4.0	3336.69268	3461.36176	3183.89446	3457.53526	3591.44763
3500.0	4.5	3347.26309	3481.18509	3257.66664	3486.89993	3603.26645
3500.0	5.0	3329.96010	3483.54813	3299.19016	3499.18701	3605.52298
3500.0	5.5	3296.86747	3489.91893	3346.20468	3519.82670	3616.73592
3600.0	4.0	3394.68124	3572.72642	3326.07775	3567.00803	3680.22220
3600.0	4.5	3416.16022	3590.67894	3399.48331	3597.53981	3694.90936
3600.0	5.0	3411.60085	3597.77579	3441.33064	3615.35772	3705.33456
3600.0	5.5	3389.01611	3597.31032	3482.18388	3627.74863	3706.83488
3700.0	4.0	3456.93598	3687.72572	3472.07475	3678.10889	3770.31200
3700.0	4.5	3482.40139	3700.22900	3539.73151	3707.74867	3786.75378
3700.0	5.0	3491.73724	3711.21770	3588.96588	3731.19197	3801.88102
3700.0	5.5	3481.35540	3711.93821	3626.30581	3744.78305	3806.32359
3800.0	4.0	3524.62864	3812.40836	3628.32982	3796.32504	3866.51493
3800.0	4.5	3547.31546	3807.81699	3677.44321	3814.84156	3875.63096
3800.0	5.0	3562.55295	3812.39444	3720.91719	3834.87971	3888.27176
3800.0	5.5	3557.73498	3808.70584	3745.83321	3843.95573	3892.49345
3900.0	4.0	3595.40230	3941.30913	3804.52823	3919.18174	3959.41103
3900.0	4.5	3618.53579	3922.21475	3818.65258	3926.40612	3970.41074
3900.0	5.0	3635.14409	3917.64583	3852.33676	3941.73941	3980.19325
3900.0	5.5	3639.70237	3910.42897	3874.40362	3948.61878	3982.08610
4000.0	4.0	3682.14359	4073.21024	3968.79095	4042.49752	4061.30429
4000.0	4.5	3693.61668	4043.28203	3961.92482	4041.49469	4069.47801
4000.0	5.0	3713.63590	4033.02364	3997.17951	4057.67949	4078.66813
4000.0	5.5	3737.08899	4018.75088	4012.28924	4060.76021	4077.90603
4100.0	4.0	3789.67209	4156.73514	4144.68825	4177.53860	4178.26283
4100.0	4.5	3788.01607	4125.46025	4124.40682	4173.79318	4186.64005
4100.0	5.0	3798.06043	4095.43796	4130.26725	4173.23986	4184.91078
4100.0	5.5	3803.69105	4075.79750	4128.04382	4172.10111	4186.57128
4200.0	4.0	3901.06652	4288.27435	4306.26548	4301.54030	4285.47263
4200.0	4.5	3884.25536	4254.87647	4281.71954	4295.11200	4288.70803
4200.0	5.0	3885.66120	4220.15892	4271.14208	4291.81075	4291.05600
4200.0	5.5	3889.76297	4192.12544	4260.81162	4287.16459	4290.68703
4300.0	4.0	4020.34864	4415.42148	4453.01550	4417.61385	4389.46907
4300.0	4.5	3999.94572	4390.38077	4437.69105	4418.69461	4397.06543
4300.0	5.0	3987.28467	4355.55203	4419.43141	4416.94139	4403.82133
4300.0	5.5	3982.83985	4315.10559	4395.97906	4405.46158	4398.99840
4400.0	4.0	4147.09815	4543.49598	4587.90472	4532.93064	4497.62651
4400.0	4.5	4122.59284	4523.94108	4580.89897	4538.56701	4506.61537
4400.0	5.0	4093.35590	4486.84451	4559.39227	4535.98378	4512.16524
4400.0	5.5	4079.70518	4441.76186	4531.49373	4524.04520	4507.95067
4500.0	4.0	4277.36736	4672.18558	4714.02506	4647.01547	4607.14533
4500.0	4.5	4250.03333	4653.28034	4710.45076	4652.78409	4614.58246
4500.0	5.0	4217.39124	4623.47495	4699.47997	4655.71817	4622.02561
4500.0	5.5	4191.89333	4585.02179	4679.10944	4654.34722	4628.73246
4600.0	4.0	4406.92059	4798.83779	4833.99003	4759.79726	4716.91249
4600.0	4.5	4376.81750	4779.78548	4831.42118	4764.47130	4722.22622
4600.0	5.0	4342.45643	4757.99395	4830.53047	4774.19759	4734.41531
4600.0	5.5	4304.74194	4718.67427	4812.61916	4773.22086	4739.57255
4700.0	4.0	4536.53842	4923.43689	4950.45959	4871.27297	4826.20655
4700.0	4.5	4508.22660	4906.95765	4951.12867	4878.29842	4833.34967
4700.0	5.0	4470.16877	4887.51643	4952.62215	4887.34997	4843.33360
4700.0	5.5	4428.26936	4854.51946	4943.45363	4892.18343	4852.10460
4800.0	4.0	4663.80467	5043.80433	5062.70202	4980.23794	4933.47894
4800.0	4.5	4638.78915	5031.77974	5067.04834	4989.92311	4942.91749
4800.0	5.0	4599.65313	5014.85495	5070.81503	4999.41441	4952.43854
4800.0	5.5	4556.78306	4993.98879	5074.86627	5013.17931	4967.54272
4900.0	4.0	4795.37528	5167.16161	5177.78508	5092.67149	5044.50242
4900.0	4.5	4766.46295	5152.46037	5178.60186	5098.16324	5049.49071
4900.0	5.0	4729.25820	5139.14642	5185.92649	5110.62060	5061.47094
4900.0	5.5	4679.53236	5116.00371	5188.15036	5120.95286	5072.26667
5000.0	4.0	4919.68068	5284.34152	5288.73518	5202.53282	5152.54175
5000.0	4.5	4894.51351	5273.66075	5291.91321	5208.98439	5158.05988
5000.0	5.0	4856.89312	5260.28909	5298.02910	5219.68831	5168.36980
5000.0	5.5	4808.07369	5238.59064	5300.17803	5229.05212	5178.03727
5100.0	4.0	5044.83386	5400.49058	5398.78088	5311.97153	5260.25589
5100.0	4.5	5020.86034	5390.82874	5401.11801	5316.53294	5263.84716
5100.0	5.0	4986.04398	5380.61507	5409.20959	5328.55757	5275.38484
5100.0	5.5	4933.44506	5362.74335	5413.97972	5337.55756	5283.00015
5200.0	4.0	5169.75229	5516.12576	5507.64632	5419.90147	5366.69542
5200.0	4.5	5148.28884	5508.20337	5511.15791	5425.35735	5371.06998
5200.0	5.0	5116.32479	5499.87798	5520.11600	5438.06357	5383.55355
5200.0	5.5	5066.81859	5486.43074	5529.04540	5451.03615	5395.22726
5300.0	4.0	5295.11343	5633.52991	5618.78656	5530.10378	5475.52906
5300.0	4.5	5275.30972	5624.47685	5620.41014	5533.82975	5478.25754
5300.0	5.0	5242.98125	5615.30750	5628.12056	5545.21123	5489.38005
5300.0	5.5	5195.65063	5603.68535	5637.80630	5558.77349	5501.91317
5400.0	4.0	5417.46976	5749.20988	5727.64011	5638.15240	5581.93539
5400.0	4.5	5399.54003	5739.72823	5728.87344	5641.42962	5584.64585
5400.0	5.0	5373.14167	5733.04212	5738.43206	5654.80952	5597.83373
5400.0	5.5	5326.37076	5720.00799	5745.43004	5665.92005	5608.26091
5500.0	4.0	5535.98642	5864.39010	5836.32448	5746.04250	5688.31011
5500.0	4.5	5523.40777	5855.12897	5836.91901	5748.61520	5689.64377
5500.0	5.0	5503.57419	5853.16713	5851.18815	5766.41907	5707.54552
5500.0	5.5	5453.03968	5833.40180	5851.57121	5771.68634	5712.92110
5600.0	4.0	5648.70077	5979.13736	5945.71972	5854.22783	5793.81701
5600.0	4.5	5640.47634	5968.47873	5945.33659	5856.55855	5795.87579
5600.0	5.0	5620.37947	5958.37109	5952.25064	5868.98487	5809.72256
5600.0	5.5	5578.75597	5947.34058	5959.30321	5879.42983	5819.49687
5700.0	4.0	5761.62932	6095.84957	6056.23405	5963.76569	5901.79003
5700.0	4.5	5758.14429	6083.98846	6054.59973	5965.12303	5902.71480
5700.0	5.0	5741.36713	6071.03925	6059.07559	5975.72717	5915.09511
5700.0	5.5	5681.76904	6030.98650	6041.15568	5965.84482	5907.62292
5800.0	4.0	5870.14865	6213.24643	6166.76261	6072.80011	6008.09267
5800.0	4.5	5867.01725	6190.03853	6155.78011	6067.33408	6004.23794
5800.0	5.0	5858.17549	6183.09119	6165.47841	6081.59680	6019.12860
5800.0	5.5	5829.26509	6174.49631	6174.43042	6094.85878	6032.36346
5900.0	4.0	5975.32581	6331.19776	6277.06735	6180.71480	6113.67324
5900.0	4.5	5983.96822	6309.13048	6270.73880	6181.80347	6116.59936
5900.0	5.0	5974.29396	6295.72722	6272.35792	6188.22099	6123.76610
5900.0	5.5	5955.86728	6292.18723	6285.15215	6204.82705	6140.46034
6000.0	4.0	6079.57255	6449.28430	6384.44666	6283.72288	6212.25659
6000.0	4.5	6090.36359	6418.67987	6373.11900	6282.90298	6215.37308
6000.0	5.0	6087.78484	6404.37618	6374.21363	6289.46016	6223.25892
6000.0	5.5	6069.56315	6396.04296	6383.35407	6303.49117	6237.89712
6100.0	4.0	6184.13582	6571.99951	6497.94844	6393.83311	6318.76483
6100.0	4.5	6197.75561	6532.66395	6478.56058	6386.53436	6316.29792
6100.0	5.0	6203.58229	6519.65296	6483.68354	6398.97688	6330.69435
6100.0	5.5	6188.45599	6506.46315	6487.56092	6408.13374	6341.16602
6200.0	4.0	6279.36194	6692.69255	6608.60022	6499.94410	6420.18870
6200.0	4.5	6302.53953	6652.40586	6590.92399	6496.44710	6422.41307
6200.0	5.0	6312.98781	6632.44983	6588.79037	6502.66094	6431.60510
6200.0	5.5	6301.35802	6612.63667	6587.33508	6508.49185	6440.19490
6300.0	4.0	6370.31581	6814.56704	6719.66416	6605.73910	6520.30768
6300.0	4.5	6402.33742	6768.32697	6698.29976	6601.10910	6523.30013
6300.0	5.0	6418.50727	6745.95871	6694.68775	6606.78924	6532.48382
6300.0	5.5	6411.55357	6721.81741	6689.08275	6609.62877	6538.72843
6400.0	4.0	6459.55690	6938.07605	6832.09187	6711.93193	6621.26054
6400.0	4.5	6498.26241	6889.85127	6810.93867	6709.59284	6626.25118
6400.0	5.0	6520.24961	6861.20568	6802.59528	6712.20892	6633.33028
6400.0	5.5	6521.71604	6833.78534	6793.69856	6712.93908	6638.91635
6500.0	4.0	6544.88481	7063.73946	6945.89029	6818.64284	6721.32316
6500.0	4.5	6593.16547	7007.21084	6918.01671	6813.24088	6725.79460
6500.0	5.0	6621.01151	6976.19404	6909.07697	6816.16510	6733.17047
6500.0	5.5	6628.22196	6945.70293	6898.41092	6816.06760	6738.53706
6600.0	4.0	6631.96595	7191.52275	7060.40936	6925.23772	6821.53254
6600.0	4.5	6682.49679	7128.17848	7029.16415	6919.07259	6825.69662
6600.0	5.0	6719.02914	7092.90074	7017.25720	6921.06721	6833.14204
6600.0	5.5	6732.63960	7058.48186	7003.70980	6919.52814	6838.08557
6700.0	4.0	6710.01820	7316.76086	7174.22772	7029.45823	6918.08390
6700.0	4.5	6765.72271	7250.03063	7138.59620	7021.34323	6920.01969
6700.0	5.0	6811.80431	7209.13092	7125.86312	7026.00548	6932.33411
6700.0	5.5	6831.97614	7170.24840	7108.30901	7021.90955	6936.03664
6800.0	4.0	6788.56029	7446.86339	7291.21547	7136.21891	7017.20649
6800.0	4.5	6847.99628	7376.47741	7253.03471	7127.51264	7017.66157
6800.0	5.0	6903.04578	7328.76000	7236.62472	7132.30303	7031.51788
6800.0	5.5	6928.87889	7283.39699	7214.43354	7125.18177	7033.40872
6900.0	4.0	6869.27273	7579.76312	7408.57640	7242.70753	7116.92204
6900.0	4.5	6926.03750	7500.55111	7365.61303	7232.06924	7113.77650
6900.0	5.0	6989.28429	7448.50577	7345.39037	7234.64199	7125.70393
6900.0	5.5	7024.65407	7396.34543	7320.34372	7228.96412	7132.47807
