Teff	log(g)	T_BB_u	T_BB_g	T_BB_r	T_BB_i	T_BB_z
2300.0	4.0	2125.08984	2242.62730	2051.16956	2462.19052	2543.46410
2300.0	4.5	2198.28972	2216.75002	2046.85338	2302.17905	2451.54838
2300.0	5.0	2092.43970	2240.65086	2092.54707	2345.02499	2478.30268
2300.0	5.5	2014.54807	2262.48535	2159.23539	2396.25661	2515.26395
2300.0	6.0	1991.03848	2259.66454	2194.39769	2427.92736	2560.43910
2400.0	4.0	2411.70714	2256.61570	2045.40813	2322.80232	2509.68258
2400.0	4.5	2150.35797	2360.67752	2208.00980	2580.12583	2666.13745
2400.0	5.0	2201.96210	2288.48480	2128.07017	2420.12404	2562.83770
2400.0	5.5	2088.54991	2317.73566	2190.66171	2461.00863	2591.65924
2400.0	6.0	1994.65487	2476.86972	2514.96931	2753.25859	2842.11520
2500.0	4.0	2340.21354	2465.44338	2283.80379	2626.70711	2712.11994
2500.0	4.5	2429.01269	2338.68225	2132.19759	2438.33397	2613.56322
2500.0	5.0	2150.95447	2429.97371	2315.14405	2669.90074	2765.20780
2500.0	5.5	2075.62019	2470.33195	2434.46772	2726.31876	2829.96487
2500.0	6.0	2085.14566	2376.11784	2279.51051	2563.62591	2702.77314
2600.0	4.0	2426.14932	2539.65656	2369.87003	2683.26579	2766.79165
2600.0	4.5	2340.93344	2532.79783	2392.62304	2710.69561	2795.46871
2600.0	5.0	2441.77598	2421.34699	2223.52496	2556.59149	2724.93284
2600.0	5.5	2318.93474	2398.63609	2237.20612	2576.78092	2742.01685
2600.0	6.0	2189.38624	2380.49031	2263.51778	2598.84772	2768.10266
2700.0	4.0	2708.65393	2575.03361	2370.13140	2649.39552	2803.43542
2700.0	4.5	2450.67655	2651.91954	2537.68591	2799.83006	2876.77941
2700.0	5.0	2359.63676	2645.53693	2570.05422	2827.32883	2912.13942
2700.0	5.5	2269.52517	2644.24140	2616.17413	2861.00606	2960.49407
2700.0	6.0	2184.10684	2653.25717	2681.20436	2903.75716	3020.18698
2800.0	4.0	2644.26836	2781.71868	2670.85364	2878.59836	2939.60422
2800.0	4.5	2562.35290	2770.59061	2685.86639	2893.57559	2956.52906
2800.0	5.0	2668.03555	2658.80501	2475.42878	2776.23613	2923.78224
2800.0	5.5	2564.11064	2628.26982	2462.08698	2782.81642	2937.27134
2800.0	6.0	2289.42376	2754.06356	2797.04735	2978.70880	3081.28882
2900.0	4.0	2896.55353	2797.02874	2616.16551	2868.87688	3002.17357
2900.0	4.5	2846.37694	2795.45418	2621.04463	2880.83068	3010.93066
2900.0	5.0	2588.11434	2875.44984	2846.40142	3007.46635	3061.20353
2900.0	5.5	2682.62305	2754.51747	2604.11273	2893.56643	3034.47899
2900.0	6.0	2560.05370	2715.39154	2591.15591	2895.56932	3048.56714
3000.0	4.0	2987.35409	2905.56543	2732.91965	2976.60926	3102.88891
3000.0	4.5	2788.97516	2997.89380	2960.34274	3086.08043	3118.75032
3000.0	5.0	2706.31547	2986.67161	2974.47650	3102.31343	3139.18509
3000.0	5.5	2797.22758	2879.81872	2748.85798	3005.17646	3129.39534
3000.0	6.0	2516.60615	2966.09108	3033.81660	3148.24816	3209.34123
3100.0	4.0	3074.18085	3012.61658	2846.52713	3083.54756	3204.25506
3100.0	4.5	2900.94206	3106.08804	3086.59319	3182.31918	3202.28456
3100.0	5.0	2824.18906	3092.55188	3093.94200	3194.45673	3215.47817
3100.0	5.5	2908.90399	3002.04523	2890.46712	3115.59617	3223.12102
3100.0	6.0	2807.83115	2972.73190	2885.48300	3118.29931	3235.01285
3200.0	4.0	3066.22406	3230.18280	3216.33869	3279.28296	3292.87948
3200.0	4.5	3129.51898	3133.44477	3000.71966	3206.67864	3307.93715
3200.0	5.0	3083.10774	3132.76260	3020.66547	3216.78254	3310.31399
3200.0	5.5	3017.05950	3120.78413	3028.31311	3224.62329	3316.18597
3200.0	6.0	2927.07600	3096.83136	3027.94071	3229.28267	3326.46412
3300.0	4.0	3166.68334	3337.48304	3342.50702	3380.20779	3384.77646
3300.0	4.5	3214.43211	3241.60891	3124.14109	3313.16839	3404.66889
3300.0	5.0	3058.83156	3301.09486	3322.22179	3383.22161	3383.60340
3300.0	5.5	2982.80215	3285.44259	3322.62214	3396.80002	3398.45335
3300.0	6.0	3041.48620	3215.62070	3163.88975	3337.75997	3417.62332
3400.0	4.0	3299.76234	3328.58285	3202.45232	3398.92848	3497.52674
3400.0	4.5	3225.66641	3422.96452	3447.59705	3476.10503	3470.56282
3400.0	5.0	3172.89869	3404.45259	3434.39180	3479.14828	3472.01774
3400.0	5.5	3106.10987	3388.07903	3428.32907	3490.37494	3484.02130
3400.0	6.0	3021.65282	3370.51991	3429.30240	3506.25044	3504.58892
3500.0	4.0	3363.14488	3435.54306	3337.17228	3503.54170	3586.94967
3500.0	4.5	3366.58292	3453.83597	3379.18175	3523.27232	3593.38440
3500.0	5.0	3283.73121	3507.22298	3545.35939	3575.46876	3563.80695
3500.0	5.5	3225.39033	3490.17286	3534.34415	3584.28235	3572.37772
3500.0	6.0	3150.85391	3472.81556	3529.43585	3598.66201	3590.08585
3600.0	4.0	3424.55781	3544.77658	3477.39723	3609.32640	3675.45435
3600.0	4.5	3436.59442	3560.08530	3512.29819	3628.28084	3683.22620
3600.0	5.0	3392.58683	3610.50576	3656.00794	3672.38424	3658.91673
3600.0	5.5	3403.76633	3560.44443	3538.81783	3646.36842	3690.31452
3600.0	6.0	3275.68978	3575.12071	3632.21465	3691.57924	3678.57579
3700.0	4.0	3488.27117	3658.15063	3619.80191	3717.45011	3766.38639
3700.0	4.5	3505.40879	3667.13412	3646.07199	3733.51413	3773.26322
3700.0	5.0	3507.56952	3670.80665	3659.49157	3744.62830	3779.21858
3700.0	5.5	3490.58537	3666.05912	3663.14728	3750.72601	3782.31897
3700.0	6.0	3457.39418	3657.80685	3664.83620	3759.26647	3790.07390
3800.0	4.0	3557.37929	3777.80233	3763.29776	3829.60398	3862.78016
3800.0	4.5	3639.14875	3844.43980	3895.72979	3872.98496	3851.65526
3800.0	5.0	3583.74530	3776.74754	3787.53091	3849.83796	3871.47401
3800.0	5.5	3575.33193	3771.45683	3787.07683	3855.71283	3875.87928
3800.0	6.0	3551.67069	3763.75238	3785.58198	3863.78037	3883.82327
3900.0	4.0	3761.11611	3985.49780	4025.77025	3984.70033	3959.94761
3900.0	4.5	3745.67780	3958.45654	4006.06534	3977.60761	3955.23383
3900.0	5.0	3661.18377	3884.43617	3913.97057	3956.68026	3967.66282
3900.0	5.5	3681.94849	3908.65350	3968.07016	3968.17023	3949.14425
3900.0	6.0	3643.48481	3869.34574	3906.15079	3968.51835	3979.22939
4000.0	4.0	3871.72756	4106.15960	4134.87553	4087.47280	4061.18920
4000.0	4.5	3855.80979	4077.63539	4117.87131	4083.50561	4060.53083
4000.0	5.0	3739.64161	3994.68958	4040.57156	4064.60824	4065.88083
4000.0	5.5	3797.27142	4021.43016	4078.76369	4069.84287	4050.58027
4000.0	6.0	3753.98246	4000.91486	4067.45682	4074.99453	4056.88367
4100.0	4.0	3813.65666	4171.26305	4206.93694	4183.44261	4169.84922
4100.0	4.5	3813.77383	4138.16587	4185.20774	4180.53141	4172.50590
4100.0	5.0	3821.90662	4111.37971	4169.56249	4176.87764	4170.10125
4100.0	5.5	3911.84555	4137.48325	4190.21492	4174.28597	4155.17679
4100.0	6.0	3870.82746	4114.59278	4179.26004	4176.76505	4158.43225
4200.0	4.0	4116.67702	4361.95596	4361.20718	4298.77840	4268.46470
4200.0	4.5	3909.36957	4269.54221	4323.39640	4297.86148	4279.70159
4200.0	5.0	3906.64871	4231.24308	4297.34341	4289.14578	4275.57308
4200.0	5.5	3915.36541	4209.24908	4282.61363	4287.42614	4276.02496
4200.0	6.0	3914.90850	4193.98928	4269.81498	4289.09317	4280.49539
4300.0	4.0	4032.16247	4433.28908	4472.99288	4414.07849	4384.01525
4300.0	4.5	4015.14340	4404.78798	4460.58221	4417.92097	4392.06921
4300.0	5.0	4001.40016	4363.65730	4433.90477	4410.78088	4390.94530
4300.0	5.5	4143.24756	4384.16644	4423.37350	4394.64208	4375.18752
4300.0	6.0	4005.57542	4307.48538	4392.39205	4399.66529	4386.86532
4400.0	4.0	4150.68599	4562.06905	4595.72845	4527.64280	4494.21262
4400.0	4.5	4337.77944	4594.06584	4586.21825	4522.68970	4493.20195
4400.0	5.0	4291.24197	4555.19930	4569.56884	4520.68264	4496.32125
4400.0	5.5	4095.48056	4456.26181	4540.73293	4520.64870	4500.10451
4400.0	6.0	4222.29874	4474.87466	4521.85880	4497.87559	4479.18732
4500.0	4.0	4269.91719	4688.05970	4713.96083	4640.06845	4604.78754
4500.0	4.5	4251.65829	4669.97631	4715.08158	4648.09483	4613.42926
4500.0	5.0	4217.07358	4633.69442	4702.19013	4650.33124	4619.13322
4500.0	5.5	4195.08469	4590.91768	4676.79609	4644.08308	4618.77172
4500.0	6.0	4188.79344	4550.93528	4647.74385	4632.72305	4612.60798
4600.0	4.0	4650.48011	4856.78941	4796.46991	4716.01557	4682.76160
4600.0	4.5	4372.66769	4795.71572	4832.10919	4759.75402	4723.71488
4600.0	5.0	4551.80259	4821.26680	4811.11303	4747.00237	4717.74525
4600.0	5.5	4303.23019	4725.61349	4809.10082	4763.70465	4733.96196
4600.0	6.0	4454.20616	4736.17750	4769.20518	4732.14227	4710.64444
4700.0	4.0	4515.25901	4935.24074	4942.23215	4861.33980	4824.41477
4700.0	4.5	4496.06210	4920.56661	4947.30615	4871.08398	4834.23568
4700.0	5.0	4461.11724	4898.34207	4949.00488	4879.15306	4842.81224
4700.0	5.5	4419.06604	4863.03176	4941.46533	4885.41089	4851.96843
4700.0	6.0	4579.41911	4871.29429	4894.58892	4850.96077	4827.80881
4800.0	4.0	4917.33861	5086.85210	5008.77441	4926.93391	4893.80463
4800.0	4.5	4616.06825	5040.07578	5057.99198	4979.26986	4941.84314
4800.0	5.0	4820.17587	5068.61875	5030.97074	4956.31452	4923.94988
4800.0	5.5	4541.43404	4996.94184	5066.03642	5001.03156	4965.04718
4800.0	6.0	4501.53890	4953.43977	5047.66516	4999.19179	4967.86613
4900.0	4.0	4761.05740	5173.83517	5166.40279	5082.28737	5044.32200
4900.0	4.5	4743.96442	5162.49648	5170.64725	5089.91573	5051.91199
4900.0	5.0	4710.41311	5148.54672	5178.33901	5100.91911	5063.05770
4900.0	5.5	4666.53646	5126.05024	5183.58184	5112.69003	5075.40702
4900.0	6.0	4840.19936	5135.68717	5137.76238	5083.12218	5056.58295
5000.0	4.0	5181.39383	5309.20986	5217.07511	5134.75947	5100.91977
5000.0	4.5	4867.06297	5279.89124	5279.65695	5197.50667	5158.28509
5000.0	5.0	4833.74615	5268.09536	5288.07097	5208.55114	5169.48455
5000.0	5.5	4790.08234	5249.13438	5296.15376	5221.74235	5183.18429
5000.0	6.0	4969.80399	5260.23948	5251.99786	5192.46442	5163.55314
5100.0	4.0	5042.19255	5394.54866	5373.66843	5288.74544	5245.52789
5100.0	4.5	5030.66196	5392.00046	5381.17070	5298.01213	5255.29123
5100.0	5.0	5210.21709	5389.66629	5323.84140	5249.98687	5215.71728
5100.0	5.5	5139.59069	5370.40705	5326.65855	5257.54118	5223.88663
5100.0	6.0	5071.27796	5348.66214	5330.82456	5270.44890	5238.50023
5200.0	4.0	5418.58622	5510.99525	5409.00604	5328.56069	5292.15213
5200.0	4.5	5383.55773	5500.88330	5411.38267	5333.96382	5298.62406
5200.0	5.0	5122.39352	5497.19418	5495.05280	5413.56036	5370.30634
5200.0	5.5	5272.19408	5480.47277	5428.00703	5358.75054	5324.98910
5200.0	6.0	5195.34803	5451.88720	5423.79053	5362.43550	5330.33867
5300.0	4.0	5295.68702	5629.03847	5594.49997	5508.66460	5463.57969
5300.0	4.5	5287.59143	5624.76669	5598.45711	5514.17361	5469.48187
5300.0	5.0	5459.38775	5594.51621	5517.42294	5445.69518	5411.58766
5300.0	5.5	5403.38410	5586.73962	5527.14079	5458.84691	5425.28525
5300.0	6.0	5329.96397	5564.06003	5526.37200	5464.51080	5432.10228
5400.0	4.0	5415.77632	5743.07468	5702.13315	5615.73505	5569.58451
5400.0	4.5	5633.31042	5717.63434	5617.72158	5541.26322	5505.29566
5400.0	5.0	5381.81109	5731.56747	5713.62296	5630.91287	5585.71628
5400.0	5.5	5529.47424	5687.82533	5621.30539	5554.05202	5520.62279
5400.0	6.0	5267.36308	5696.53860	5728.78499	5655.47467	5612.12104
5500.0	4.0	5538.55149	5859.76609	5810.30138	5722.84672	5675.33962
5500.0	4.5	5528.44463	5848.48830	5809.66747	5724.67216	5677.48942
5500.0	5.0	5509.81060	5846.23647	5820.12861	5736.99195	5690.53148
5500.0	5.5	5450.87742	5820.01189	5818.97701	5741.87714	5697.56827
5500.0	6.0	5396.12150	5811.52842	5834.75395	5761.00309	5716.89162
5600.0	4.0	5857.48025	5923.65578	5795.67751	5712.17794	5672.77003
5600.0	4.5	5833.10101	5899.31866	5789.69207	5713.68806	5676.44985
5600.0	5.0	5624.85169	5945.67820	5918.30281	5838.48734	5792.46259
5600.0	5.5	5582.84778	5935.99372	5927.27747	5850.32165	5805.03652
5600.0	6.0	5713.74722	5877.27470	5816.03533	5754.45180	5721.14086
5700.0	4.0	5764.80335	6089.50376	6025.03281	5934.48384	5883.60162
5700.0	4.5	5771.24390	6079.55665	6024.68048	5937.68834	5887.23506
5700.0	5.0	5913.10895	5981.96957	5882.19521	5812.40417	5777.00736
5700.0	5.5	5870.65546	5969.35945	5885.18292	5819.70759	5785.44527
5700.0	6.0	5653.45103	6037.03965	6043.55040	5969.74841	5923.78930
5800.0	4.0	5871.77451	6205.43925	6132.72617	6040.21451	5987.20689
5800.0	4.5	5880.50313	6179.20123	6122.96175	6038.67309	5988.42036
5800.0	5.0	6027.57682	6086.34132	5979.73781	5909.56248	5873.13264
5800.0	5.5	6019.64087	6099.09342	6006.50458	5940.64973	5905.20310
5800.0	6.0	5781.05733	6147.92733	6146.43880	6072.76407	6025.63976
5900.0	4.0	5975.15465	6322.26592	6240.76270	6145.50201	6089.92063
5900.0	4.5	6161.96431	6222.36869	6089.94574	6011.09176	5970.34101
5900.0	5.0	5984.74662	6277.90356	6229.29593	6148.59704	6097.87726
5900.0	5.5	5927.94955	6242.20474	6212.85972	6135.81094	6086.72736
5900.0	6.0	6063.46755	6162.32829	6081.45194	6021.63873	5987.33900
6000.0	4.0	6074.64285	6440.03831	6349.31260	6250.71553	6192.14136
6000.0	4.5	6097.30893	6403.61012	6332.78877	6245.87610	6191.27117
6000.0	5.0	6243.66523	6295.47453	6174.82454	6102.92643	6063.63664
6000.0	5.5	6075.79741	6376.03535	6337.84738	6260.87856	6209.69667
6000.0	6.0	6003.20329	6341.48418	6325.75786	6252.19585	6202.45319
6100.0	4.0	6335.21180	6479.05744	6306.89795	6210.66339	6160.23398
6100.0	4.5	6355.03315	6438.14826	6285.76656	6200.97375	6155.08337
6100.0	5.0	6192.34216	6481.60533	6418.88371	6336.39665	6281.20859
6100.0	5.5	6192.49051	6484.94796	6439.44848	6362.11314	6308.77379
6100.0	6.0	6294.55263	6359.60009	6264.96683	6205.84432	6170.24183
6200.0	4.0	6412.14077	6591.45147	6410.43756	6309.89278	6255.94654
6200.0	4.5	6445.21043	6547.31182	6387.04515	6299.68978	6250.93438
6200.0	5.0	6446.04104	6507.45985	6372.08716	6297.17088	6253.63860
6200.0	5.5	6307.44455	6591.75707	6540.85598	6464.57683	6409.77434
6200.0	6.0	6404.92552	6458.29374	6357.04195	6297.72858	6260.99890
6300.0	4.0	6357.55337	6800.54712	6674.76572	6561.66867	6492.04813
6300.0	4.5	6392.63075	6737.95357	6642.41258	6548.28305	6484.38961
6300.0	5.0	6421.33916	6721.36147	6642.33478	6556.95169	6495.64606
6300.0	5.5	6386.83742	6667.21655	6612.63098	6537.62951	6481.86854
6300.0	6.0	6355.06376	6647.35579	6613.09925	6543.85031	6490.76603
6400.0	4.0	6550.64428	6829.69671	6618.48130	6503.15136	6439.19741
6400.0	4.5	6607.78620	6763.60755	6587.78478	6493.98262	6438.46442
6400.0	5.0	6517.73340	6832.33412	6746.40167	6658.92313	6593.94024
6400.0	5.5	6629.24144	6681.08060	6549.89673	6480.93584	6437.13063
6400.0	6.0	6616.22040	6656.56088	6542.77394	6482.41163	6442.62230
6500.0	4.0	6523.47436	7045.96360	6895.37739	6768.70935	6690.23562
6500.0	4.5	6575.31741	6973.32559	6859.31743	6757.50975	6685.49190
6500.0	5.0	6613.64261	6944.83747	6850.70113	6760.63403	6691.61051
6500.0	5.5	6722.65395	6783.52188	6646.21757	6575.65019	6529.19476
6500.0	6.0	6713.47787	6752.91354	6633.57621	6572.40320	6530.67950
6600.0	4.0	6602.44669	7170.35898	7006.23116	6871.21998	6788.14985
6600.0	4.5	6664.64370	7097.87994	6973.70736	6866.72414	6789.75244
6600.0	5.0	6709.38384	7059.78961	6956.30639	6862.91344	6789.14986
6600.0	5.5	6718.70711	7009.06222	6931.91865	6853.50522	6787.69813
6600.0	6.0	6691.21848	6962.93782	6907.40862	6837.55202	6776.72264
6700.0	4.0	6747.28660	7186.37248	6941.60651	6803.83623	6725.24009
6700.0	4.5	6744.76998	7216.67703	7082.31479	6969.55129	6887.44119
6700.0	5.0	6797.56788	7174.02720	7061.95715	6964.80318	6885.91475
6700.0	5.5	6814.69710	7116.74127	7032.52748	6952.26059	6882.37556
6700.0	6.0	6938.27696	6990.26566	6858.65023	6794.08584	6745.98274
6800.0	4.0	6809.58955	7307.99402	7050.52020	6903.43727	6820.21830
6800.0	4.5	6822.05715	7337.30000	7192.21268	7072.70519	6984.88812
6800.0	5.0	6959.19789	7164.84452	6980.56624	6883.91147	6815.14460
6800.0	5.5	6909.11635	7226.46511	7135.02665	7052.32600	6977.78441
6800.0	6.0	6900.83218	7175.20494	7106.24525	7034.67507	6966.78758
6900.0	4.0	6870.04182	7430.91753	7159.93961	7002.76572	6914.96200
6900.0	4.5	6894.74280	7456.54200	7300.49748	7173.57489	7079.88783
6900.0	5.0	7029.90806	7276.26868	7085.13675	6983.90327	6909.34537
6900.0	5.5	6992.07624	7327.43167	7229.33110	7144.01864	7064.75873
6900.0	6.0	6999.63420	7281.33549	7206.11524	7133.24732	7061.19303
