Teff	log(g)	T_BB_us	T_BB_gs	T_BB_rs	T_BB_is	T_BB_zs
3750.0	7.0	3738.123063458726	4011.709888207028	4064.5818383459755	4046.1375156726535	4024.084671474358
4000.0	7.0	3932.018144882814	4174.538724658925	4211.447344977091	4196.046358076306	4186.167501966017
4250.0	7.0	4169.604391010268	4378.3491299513025	4397.142332432339	4381.149557872641	4375.232318273397
4500.0	7.0	4437.268180600085	4613.306837682296	4615.92998965486	4597.601180098159	4592.909056135246
4750.0	7.0	4730.641698116254	4871.377057127777	4857.789376326835	4837.227155347248	4833.736851128403
5000.0	7.0	5056.397209197325	5140.068674521242	5106.192729710978	5081.790393072047	5078.029163277901
5250.0	7.0	5393.3047036555945	5414.012317086984	5359.71378784462	5332.164271071243	5327.473921831427
5500.0	7.0	5728.283972297825	5690.287901446935	5616.256829204974	5584.999721989598	5581.137177384674
6000.0	7.0	6334.0926066126995	6224.017190006042	6112.4990173544065	6068.417090724948	6059.894837970826
6500.0	7.0	6873.783376077635	6747.236493716077	6612.400661189922	6557.833566386732	6544.579513386362
7000.0	7.0	7351.923561588035	7250.030739528301	7095.947352284823	7032.623539172333	7010.104854575193
7500.0	7.0	7792.847645741527	7763.019167800161	7596.2629385985765	7521.712486820733	7490.504091174055
8000.0	7.0	8201.121118598474	8287.771604581496	8109.764544832563	8025.420717443605	7971.86735125961
8500.0	7.0	8584.856055871218	8830.97428639163	8647.216070988376	8539.88609450226	8458.497560286614
9000.0	7.0	8952.45317075775	9391.340664202437	9198.739959142182	9068.834798589949	8948.592182380784
9500.0	7.0	9310.112350726087	9963.643918420948	9759.874190619106	9589.891666584877	9420.799188340212
10000.0	7.0	9658.37334945609	10542.95534690455	10312.275012516482	10093.535547483747	9872.040587191708
10500.0	7.0	9978.503219774122	11068.95005669269	10791.52898208039	10516.160460424562	10243.830200150924
11000.0	7.0	10240.762509141436	11515.53974154776	11172.36135689454	10835.879163904923	10517.495806457748
11500.0	7.0	10456.5117378874	11895.480492705328	11468.573105672402	11068.67880753195	10718.373832784157
12000.0	7.0	10730.266739759536	12308.356434163932	11811.160352498193	11353.73092154602	10984.600050131407
12500.0	7.0	11037.613909052672	12679.186789000343	12138.45506678469	11645.921555821542	11257.033813230984
13000.0	7.0	11361.381778003002	13035.415430115127	12454.96710605986	11943.889053249513	11536.585660216082
13500.0	7.0	11705.956245696403	13404.414796485116	12795.805108080314	12257.836896879748	11849.340827729091
14000.0	7.0	12039.62825529782	13746.009871787488	13106.264502351614	12553.886488582979	12129.862374261604
14500.0	7.0	12393.58246905164	14101.580305894238	13439.739636717419	12872.228782675378	12444.797594009335
15000.0	7.0	12733.97442700862	14433.284441148757	13748.92722116006	13169.942666535217	12730.408202630106
15500.0	7.0	13077.453136149476	14763.898111643937	14059.604424773777	13460.678382157312	13013.876230550952
16000.0	7.0	13432.698771763668	15116.715986120606	14391.659680556682	13785.603910565402	13324.869235227108
16500.0	7.0	13793.659626332405	15466.710084229475	14730.896872479332	14102.404372274405	13640.431310746366
17000.0	7.0	14137.337599726581	15791.222261798843	15032.83958545609	14399.833598658202	13920.514873817634
20000.0	7.0	16315.688778750826	17880.19101888968	17020.818882834814	16314.610116347212	15781.558362031843
25000.0	7.0	20322.449103078347	21705.683182734818	20666.22643764489	19819.16113389802	19181.70311776631
30000.0	7.0	25486.015319417835	26529.136453634892	25311.106105033694	24344.344461569708	23590.260425939734
35000.0	7.0	30953.96073853307	31608.270073654938	30327.360560921876	29357.76747862743	28585.93421845291
40000.0	7.0	35117.93195183914	35576.80005833556	34246.31513339277	33269.90097508015	32490.559476732302
45000.0	7.0	38502.75808761192	38825.045368126375	37455.37229969745	36452.81674413542	35692.733640947874
50000.0	7.0	41575.33715292238	41795.79092944784	40373.51054967019	39408.805612617005	38630.67213658121
55000.0	7.0	44382.93710980337	44512.74683512142	43064.3036203991	42098.80291944776	41357.24346254303
60000.0	7.0	46964.240743988164	47023.843724223465	45594.36415032902	44616.870723805485	43878.26988129373
65000.0	7.0	50061.92065033612	50031.370314110034	48545.78812959645	47570.053786589604	46831.7940087
70000.0	7.0	52608.21294727593	52525.989845683594	51037.48642316388	50064.27015733852	49318.96081357932
75000.0	7.0	55111.755546786866	54988.129760967146	53486.01264624842	52520.64908766115	51798.42266796258
80000.0	7.0	57595.33236696047	57404.652813348104	55880.59571304726	54914.720480670396	54223.66079947915
85000.0	7.0	59973.850141943796	59768.4071611339	58214.33819229249	57286.51613196672	56583.03105272405
90000.0	7.0	62414.53599973697	62183.31547049504	60594.97528768228	59664.14053080103	58984.922855994555
3750.0	7.5	3762.2473485717733	4051.3898519914983	4116.637414414	4095.152237987559	4064.221998113903
4000.0	7.5	3942.9616499147155	4210.28631711459	4260.941907054887	4244.705617345183	4229.181568531582
4250.0	7.5	4161.316577564847	4398.015313923417	4431.270533749554	4415.103611316287	4407.220703547967
4500.0	7.5	4422.5994702577445	4623.244039038429	4637.999353489096	4621.180206368563	4615.604070008718
4750.0	7.5	4705.4176190830685	4870.873760907327	4868.467317046898	4849.019250687782	4844.928861582461
5000.0	7.5	5021.491539462807	5139.118876634517	5117.629995247262	5094.699383537612	5090.507783969153
5250.0	7.5	5347.717447655398	5414.421055585058	5374.7772903520845	5349.813729737434	5345.248907441032
5500.0	7.5	5678.683916738701	5684.458795448098	5623.212442276683	5595.169866681892	5589.1051458799775
6000.0	7.5	6312.868287766498	6222.049671640531	6122.511037981792	6082.955673408302	6074.503819210917
6500.0	7.5	6874.212344105634	6743.35869328585	6613.681570895991	6565.2942551685655	6552.608662343833
7000.0	7.5	7377.381981327281	7252.042898523653	7103.016056163543	7045.217209448277	7028.066150960247
7500.0	7.5	7833.095254311061	7754.313201463772	7595.397628825337	7533.355895914266	7504.896452751561
8000.0	7.5	8255.688191059708	8263.52802981683	8098.502880583644	8029.344544246943	7984.488720880982
8500.0	7.5	8654.014399225434	8784.973541638547	8619.971629123265	8540.060792397091	8471.36972890377
9000.0	7.5	9031.917263481007	9317.002634198921	9152.309401873483	9049.389160097764	8948.793135691118
9500.0	7.5	9406.550553634628	9868.648727287795	9703.224072258672	9580.674344605472	9434.000455898447
10000.0	7.5	9775.335419950943	10427.53026755485	10257.341194631928	10100.89360189496	9906.284008601016
10500.0	7.5	10117.71274440032	10952.838126634755	10760.81456490395	10559.597790732729	10313.313003127982
11000.0	7.5	10439.800324418895	11439.683811935865	11218.93388625276	10964.64544885772	10664.220909089803
11500.0	7.5	10714.848941406097	11868.994837910714	11596.622837843852	11292.13981465465	10947.640955543096
12000.0	7.5	10937.388824872714	12229.624392386617	11899.612039842848	11538.693865536881	11171.450311029334
12500.0	7.5	11175.803145948741	12593.342925086905	12200.6301890401	11785.815089532296	11388.114081662234
13000.0	7.5	11461.910905574368	12968.456987485786	12526.589476782194	12068.441321950606	11649.099119206077
13500.0	7.5	11778.554860831036	13327.689288328882	12851.190492867114	12364.621254977332	11928.06839786971
14000.0	7.5	12105.537488716795	13680.74323626661	13169.394793851745	12664.906101748085	12216.419636821434
14500.0	7.5	12453.04646145242	14045.068087931886	13505.811378739734	12982.384240707546	12522.297087457579
15000.0	7.5	12790.402403145603	14389.125479659835	13820.779102806577	13280.66865176922	12806.993562680387
15500.0	7.5	13134.27553079173	14726.517238728637	14144.074215361377	13584.22095528966	13102.36317177877
16000.0	7.5	13483.198056221061	15072.013978188386	14459.019605373553	13885.760609781171	13400.988859923866
16500.0	7.5	13833.310489869502	15407.619802601545	14779.500913147223	14190.52213965094	13696.47086783481
17000.0	7.5	14187.526780638123	15750.20742712392	15105.706325468134	14498.867866355607	13993.894080712596
20000.0	7.5	16389.003246961645	17855.833113165736	17109.61479806006	16432.56743715787	15876.596963238893
25000.0	7.5	20441.94519467257	21709.185261726543	20787.466016117003	19976.28523058292	19307.385698692106
30000.0	7.5	25630.091206707886	26544.121264871625	25433.92150888695	24509.802100236906	23727.06949487068
35000.0	7.5	31035.98774034293	31585.302095268205	30394.531283034616	29454.883565871383	28643.874049955288
40000.0	7.5	35160.952055790774	35470.383513378416	34241.43434352248	33271.810024323095	32469.496388930715
45000.0	7.5	38468.017279817745	38665.18347628569	37356.08831618477	36385.902606379794	35599.4411674871
50000.0	7.5	41404.71755832014	41477.127788248246	40144.310475553124	39181.045333564354	38374.719028656786
55000.0	7.5	44122.623682541605	44118.70900697425	42734.77354434878	41742.41172618427	40965.27164798394
60000.0	7.5	46676.32570377198	46595.178260032546	45200.188933974205	44226.70723771419	43484.66114264692
65000.0	7.5	49441.76226504623	49270.20005572636	47848.53456734164	46873.11105801121	46067.95395644008
70000.0	7.5	51818.31490470303	51619.69291760865	50157.724100021725	49154.29532976084	48409.58685882531
75000.0	7.5	54131.9163173977	53875.8475834953	52405.21571034039	51402.27764739355	50645.30902546434
80000.0	7.5	56506.500454931935	56215.753185287445	54686.53230487524	53722.791341008	52954.52595017219
85000.0	7.5	58742.664754289835	58388.23122245034	56874.345170122404	55908.61261404635	55165.628998887056
90000.0	7.5	61074.39154455149	60686.063754592906	59143.12245442812	58172.87199623272	57455.4117703759
3750.0	8.0	3782.291955769338	4088.583608798518	4168.255042004187	4142.2473606929125	4099.026698434883
4000.0	8.0	3956.8040490259414	4245.208196028352	4310.389719590108	4293.325906742058	4270.909918896281
4250.0	8.0	4162.359067916874	4425.247638931172	4473.259468872531	4457.621822768026	4445.907048327628
4500.0	8.0	4407.316346235206	4637.127212886263	4666.9633115101715	4649.948485876504	4642.9707371955665
4750.0	8.0	4686.218564862836	4878.128186138843	4889.848347952223	4870.360093493253	4865.632244221674
5000.0	8.0	4992.943867999346	5140.21626979372	5131.518845402145	5110.414011403798	5105.903600585468
5250.0	8.0	5306.791911286934	5410.826457625849	5384.242621032574	5360.275003077406	5354.6059805508585
5500.0	8.0	5632.577924747665	5685.508774918279	5639.005570246574	5613.647196585289	5607.733949477633
6000.0	8.0	6280.829191876434	6222.654936029822	6136.04267582703	6103.497583275098	6096.09799411344
6500.0	8.0	6872.656905675042	6749.820403656648	6628.093900728366	6584.912859137294	6574.411304527174
7000.0	8.0	7397.902410394008	7256.035029364441	7110.392401636391	7060.1833157203455	7044.017067495973
7500.0	8.0	7873.612364981313	7754.5891791371	7595.564969531757	7543.1430893298975	7517.153322752147
8000.0	8.0	8308.797719880075	8248.410557228453	8087.399332701177	8026.925973103406	7989.584600514333
8500.0	8.0	8720.046890857304	8751.070622657935	8595.059717850283	8528.844565421252	8471.181748496603
9000.0	8.0	9111.022712882143	9260.903742277704	9111.028270705798	9038.938683508684	8953.97692008721
9500.0	8.0	9499.202504800332	9787.281299907585	9651.220591480254	9560.977350769204	9439.129080783825
10000.0	8.0	9882.290027057476	10324.654429900123	10195.43056425296	10085.916514566026	9919.233194123537
10500.0	8.0	10253.961381082127	10849.1578717347	10721.088935199085	10580.168211829274	10367.863308141272
11000.0	8.0	10609.297605066404	11348.689020655369	11209.944253533953	11037.219625238879	10768.685194014028
11500.0	8.0	10943.288043672897	11803.780580902603	11648.173979316483	11433.479669707487	11125.535798609522
12000.0	8.0	11236.80365809282	12213.666004963028	12031.113396855793	11764.816400565189	11415.604682953037
12500.0	8.0	11471.260308117862	12556.471105245131	12333.99187017309	12022.044109454404	11638.97437428323
13000.0	8.0	11692.0822315713	12882.906111302029	12606.80245652043	12250.838296953692	11846.90038484542
13500.0	8.0	11948.291145135778	13240.2470577231	12916.345183388257	12515.672213312728	12078.917495107597
14000.0	8.0	12248.78006727779	13603.493392469998	13241.662359966023	12801.438452767212	12345.541223265036
14500.0	8.0	12572.174878508866	13962.301050040109	13572.332992142166	13106.695083977984	12634.891036886904
15000.0	8.0	12896.811216024842	14307.732741012649	13889.89916318141	13401.866009270094	12914.692030844648
15500.0	8.0	13239.089486111221	14659.617910192259	14215.468784203827	13704.518382612378	13208.243068235479
16000.0	8.0	13585.503520968832	15004.112723598217	14534.726960667173	14010.256370152465	13504.16973879698
16500.0	8.0	13935.697377620305	15356.4253260623	14865.789325264392	14320.06453285396	13802.442114704045
17000.0	8.0	14289.882804213155	15697.768235206333	15187.51744152755	14632.617706233814	14103.491288831206
20000.0	8.0	16491.941310703638	17806.45567255792	17198.384743912826	16562.576324955393	15974.973823355765
25000.0	8.0	20594.232618825343	21688.277093793004	20896.28188139638	20134.29038253974	19433.42783989658
30000.0	8.0	25828.12100786296	26564.64532665703	25594.367816683836	24717.52622962705	23923.079841828683
35000.0	8.0	31161.794353771693	31519.711898555182	30476.763694129277	29546.58150016503	28738.72161112083
40000.0	8.0	35164.74197426653	35319.95640904576	34208.563324158014	33249.40010333337	32449.184489449362
45000.0	8.0	38444.83250695694	38494.39986800332	37291.58675265502	36332.603187319255	35517.60490493154
50000.0	8.0	41295.24803762469	41229.12613303352	39981.625417644784	39027.178778579044	38219.9950383612
55000.0	8.0	43937.52374718703	43810.0170094494	42517.850251353884	41528.46148433079	40721.32851172974
60000.0	8.0	46416.64258710314	46197.26493693812	44869.12592130873	43899.99861910418	43088.19296522967
65000.0	8.0	49332.71688353965	49034.26280549627	47656.23807661273	46660.893406394134	45854.02509865318
70000.0	8.0	51632.77514643965	51261.531891875406	49880.95652901136	48889.14263168535	48066.36491251388
75000.0	8.0	53898.157656424926	53500.36985383604	52072.051036223966	51040.56803843489	50237.842247789
80000.0	8.0	56121.74678345404	55677.70547755035	54230.093579557346	53192.80714936291	52411.433240219856
85000.0	8.0	58359.966141017605	57852.06878787252	56336.087201639966	55331.15698989213	54527.46856462618
90000.0	8.0	60522.11321109988	59969.392413922906	58462.211995001046	57446.99104655764	56664.11927898411
3750.0	8.5	3803.0679704439895	4123.363115741888	4217.528722886182	4185.696609517152	4126.3539229313
4000.0	8.5	3969.9550813756687	4277.745677273642	4359.089888368931	4338.673071369322	4306.531493324306
4250.0	8.5	4168.408533231547	4454.644557537577	4519.173997948273	4503.113129663078	4485.488817835924
4500.0	8.5	4401.595430971009	4657.980945411108	4703.560806333098	4687.859125031052	4677.379446530784
4750.0	8.5	4666.979319496685	4888.399978385795	4915.258049650453	4897.297101492537	4890.275969105309
5000.0	8.5	4969.432898125664	5144.60509215323	5150.4516740684585	5130.465543079004	5124.847956116012
5250.0	8.5	5274.152176084635	5410.373961516792	5398.581104987518	5374.820889260123	5370.184373403821
5500.0	8.5	5589.686242545374	5683.889377969544	5652.532351637885	5627.214651104114	5622.086126915291
6000.0	8.5	6239.18996970726	6227.475835324983	6155.589275799332	6127.043176202767	6120.572937077964
6500.0	8.5	6857.69247042386	6755.770677947393	6646.18135953773	6611.170532960899	6599.588443792121
7000.0	8.5	7411.838252681979	7266.592236314584	7125.9442602051695	7085.460920802945	7069.074715858779
7500.0	8.5	7909.279811407897	7761.733393984506	7603.916286076669	7557.447481275935	7534.270361474675
8000.0	8.5	8364.40815403152	8251.633157329597	8087.6702558655115	8040.217328459775	8008.369770670934
8500.0	8.5	8790.402901295505	8738.434241240082	8580.713583507944	8529.205411130104	8479.579726886277
9000.0	8.5	9194.47014412764	9228.90147043367	9085.75448995565	9031.580298075312	8958.304880540687
9500.0	8.5	9588.6558727459	9731.628183822124	9605.032557547338	9543.609499477703	9445.584049616507
10000.0	8.5	9984.348285910797	10245.416857122002	10137.847391484658	10071.575637415195	9931.491688497132
10500.0	8.5	10374.482024227786	10758.678417230547	10670.363065874435	10583.014910881913	10401.215853974742
11000.0	8.5	10754.16934684601	11258.495417922786	11175.055604102114	11068.01557161938	10835.928079548974
11500.0	8.5	11116.642997620069	11717.440196408641	11639.900777810863	11501.353143290944	11230.713086021433
12000.0	8.5	11465.328899210055	12153.802410361357	12066.013602925006	11900.942521272764	11586.457818117024
12500.0	8.5	11784.16613962108	12560.625994513137	12455.595283226901	12248.330307919108	11902.747730589805
13000.0	8.5	12059.696388002416	12915.927084654364	12787.868440525766	12539.49231281988	12160.119678267172
13500.0	8.5	12284.753829852723	13217.929674370513	13064.66568824175	12773.431402688824	12374.019188302032
14000.0	8.5	12512.869288702817	13523.544785330654	13332.329653247582	13006.072881741839	12577.77239661203
14500.0	8.5	12780.067395978574	13864.364161530435	13633.537685489098	13265.918089064562	12807.932219083797
15000.0	8.5	13079.926338959049	14222.432075070941	13966.485493875494	13555.191702038725	13074.875582399722
15500.0	8.5	13400.70147191155	14574.627678311957	14291.640409099275	13856.942956673442	13356.3424470993
16000.0	8.5	13739.408338396326	14932.137028769821	14625.298579275839	14167.029211589474	13647.372792657648
16500.0	8.5	14081.64065304295	15281.987845577141	14946.300863456463	14468.909079483623	13943.686348875268
17000.0	8.5	14428.568028443275	15625.89387961882	15270.325997450045	14777.42890061648	14232.370500958848
20000.0	8.5	16639.697603368564	17761.189066632658	17301.123781463768	16717.867296533583	16118.779511164212
25000.0	8.5	20787.3295181929	21665.303121457953	21036.71031479596	20316.141764522054	19608.858461912296
30000.0	8.5	26065.560467117986	26573.64806693172	25771.991852384173	24944.986637090162	24140.011240864642
35000.0	8.5	31308.88374094642	31477.90958467783	30559.716131591606	29684.383752741454	28859.274798450435
40000.0	8.5	35245.59349583197	35235.237425666186	34221.154928214724	33320.051665858125	32498.280468119865
45000.0	8.5	38453.24884779916	38311.22369158105	37236.9309917866	36314.267445389276	35475.76197790102
50000.0	8.5	41264.45554876605	41037.84146053612	39876.10247309609	38932.63251699057	38124.84810344379
55000.0	8.5	43861.027104828245	43557.85910806954	42356.85910497894	41379.26502403341	40571.42209285722
60000.0	8.5	46298.38924027945	45922.55460704824	44659.08010301898	43698.07556149309	42884.83753151674
65000.0	8.5	49118.87432966954	48649.96938597763	47372.05181467193	46390.66711535806	45547.75498150038
70000.0	8.5	51387.72487221573	50841.11491251245	49527.424925604035	48547.37371043242	47687.79397132053
75000.0	8.5	53562.800667632364	53015.99720702548	51617.099271238076	50637.70350624855	49797.638936756644
80000.0	8.5	55720.059189846565	55117.34865567931	53702.73477541582	52676.92859840278	51855.29986491087
85000.0	8.5	57847.228310048544	57209.60211821379	55769.00042904703	54736.42429381303	53888.729836340666
90000.0	8.5	59879.26281908015	59234.79773809493	57719.18307998697	56712.486899928605	55886.10281922308
3750.0	9.0	3824.150963412071	4157.653456979682	4267.283588604265	4226.594819720268	4145.22970407849
4000.0	9.0	3984.6406280725205	4309.439498230568	4407.768487525541	4384.431411647618	4337.368367203918
4250.0	9.0	4175.245041328856	4483.586838321897	4566.488669025639	4549.448154952733	4523.771400700923
4500.0	9.0	4398.212710292012	4680.973817652197	4745.852819620853	4729.592812468927	4714.658560471647
4750.0	9.0	4654.2266155230145	4903.225409571415	4946.571092986479	4929.342531189426	4920.443019660655
5000.0	9.0	4948.872146350508	5150.74461061126	5172.333194238629	5154.177612828085	5146.478471257562
5250.0	9.0	5244.987672319306	5412.232454388011	5415.762051945321	5392.638099426862	5387.5511242245375
5500.0	9.0	5555.151877256447	5683.714860212657	5669.063773817577	5643.973413467613	5638.36390529664
6000.0	9.0	6194.047264023572	6232.4143548673665	6176.101377174862	6148.972569340512	6142.325406177992
6500.0	9.0	6830.152300473004	6766.138710405156	6669.815956304171	6639.957342124696	6629.579783290499
7000.0	9.0	7413.504328548831	7280.364888534096	7148.115372493985	7114.6904619311945	7098.960565665592
7500.0	9.0	7938.696094703527	7777.693178631723	7621.13404547547	7584.945527509648	7563.703352869166
8000.0	9.0	8416.377817723313	8261.962322090696	8096.182213577734	8057.653103521664	8025.749031580609
8500.0	9.0	8860.470394035343	8739.024390385212	8576.27963532218	8538.165335758998	8497.033844971824
9000.0	9.0	9278.124505913287	9218.414333829196	9069.437681700825	9031.325953792446	8969.994953601621
9500.0	9.0	9682.940959788684	9698.43066904642	9571.035976788298	9535.772962588113	9449.53260814942
10000.0	9.0	10084.354165156752	10188.219727469705	10086.589506792601	10050.607126634399	9935.240312728372
10500.0	9.0	10484.273111583234	10686.849739647096	10611.575624109639	10570.83673604673	10417.092602010967
11000.0	9.0	10884.840015772706	11180.840811409678	11130.241820225127	11076.733477199474	10882.237739402866
11500.0	9.0	11270.944901859915	11651.956900152465	11619.457219901127	11548.838094448289	11316.744342207572
12000.0	9.0	11641.708719050548	12089.383794256571	12068.608153755755	11974.560723825718	11704.563485249655
12500.0	9.0	12000.675270065842	12505.867727179955	12488.494359542907	12369.287451843804	12063.021644803292
13000.0	9.0	12343.799894376165	12907.65966295632	12881.510823281733	12736.712963430295	12398.551568405437
13500.0	9.0	12662.75469046634	13283.492592117122	13246.196963820346	13070.229433419701	12699.190391502472
14000.0	9.0	12928.817546924742	13606.326685586455	13550.390217028755	13342.838395765131	12945.583620550788
14500.0	9.0	13158.613991443923	13885.528746744465	13809.960777189981	13567.6468001226	13148.50276710126
15000.0	9.0	13399.415480483012	14176.50941847844	14084.503939624808	13806.21088646735	13361.87931454011
15500.0	9.0	13667.18867958779	14500.55415827641	14381.894125206425	14066.190837399576	13597.135075401851
16000.0	9.0	13964.2601272259	14844.32347966231	14701.309270291575	14350.160978538408	13854.901865063623
16500.0	9.0	14282.775160333536	15189.669532020214	15020.03216979968	14641.46167320848	14121.359873931704
17000.0	9.0	14616.598974358101	15546.273792298118	15357.718719555414	14953.10541898265	14409.273106144354
20000.0	9.0	16824.574393893177	17701.563498220115	17404.87582160763	16897.928315195284	16286.812808530383
25000.0	9.0	21005.04288280498	21634.594856877924	21157.486171253782	20519.4915347778	19793.065909725305
30000.0	9.0	26344.810142539023	26593.883410732175	25947.136358098225	25191.269139812815	24376.14574858038
35000.0	9.0	31469.428366685544	31433.619254748402	30636.93958334836	29838.112552985018	28997.5710754467
40000.0	9.0	35322.98219270546	35104.47661532502	34201.71544349932	33387.65007295853	32518.33143152142
45000.0	9.0	38475.55074187787	38142.504500904106	37166.81902120423	36310.39597483606	35446.26227917933
50000.0	9.0	41263.905635575284	40854.3665331488	39801.039428535056	38900.152933301	38064.45050952072
55000.0	9.0	43801.05858460622	43324.56768602486	42210.59434258136	41307.86872919594	40437.810813539094
60000.0	9.0	46172.966309958945	45612.80381028316	44439.067094953745	43522.226169427515	42674.78303654873
65000.0	9.0	48944.53229911364	48323.14187832558	47096.29535108126	46164.30969765897	45287.984841915124
70000.0	9.0	51163.953971037154	50482.842681274175	49227.388517392785	48265.815166857305	47405.63868891392
75000.0	9.0	53315.92897127903	52592.59644374811	51254.020224814805	50290.7055077924	49449.0376244553
80000.0	9.0	55412.11315718546	54663.52688192696	53269.66940817819	52303.58481200064	51398.670200095214
85000.0	9.0	57468.11442128079	56677.587103433216	55262.28285445976	54241.92233303095	53352.751726388306
90000.0	9.0	59464.81621617071	58660.1899984403	57213.00338097035	56179.441889894304	55307.88354585973
