Teff	log(g)	T_BB_u	T_BB_g	T_BB_r	T_BB_i	T_BB_z
3750.0	7.0	3711.428250906362	3986.8150584674204	4062.6908746275167	4049.6067647158193	4023.8521863169553
4000.0	7.0	3903.576968333238	4151.371882898452	4209.837767960386	4198.942569883548	4184.426310520612
4250.0	7.0	4138.425665889059	4357.302175364953	4395.848078851004	4383.576304739011	4372.354270518269
4500.0	7.0	4403.403803674146	4594.079941597785	4614.184733041531	4599.31784250428	4590.84764702181
4750.0	7.0	4694.722201383734	4853.153456667271	4856.370934317341	4839.2397442836855	4831.266964474575
5000.0	7.0	5021.56454153154	5124.586035059041	5105.364963731595	5084.571919374623	5075.590705575804
5250.0	7.0	5366.225594528234	5401.467740378557	5359.537730184004	5334.854666627535	5326.893705159923
5500.0	7.0	5714.875952675692	5678.981814015113	5616.959947009846	5588.046317191012	5579.675002298737
6000.0	7.0	6341.314306697705	6215.566990898059	6112.682214871654	6072.381298317619	6061.313001757674
6500.0	7.0	6889.523038324404	6740.593395264752	6611.993567060856	6562.081547150636	6548.3413221942355
7000.0	7.0	7371.451437232806	7244.28923909723	7096.783567836655	7036.5391421720515	7014.885543638343
7500.0	7.0	7814.468242218868	7755.836730335818	7596.594480713407	7528.460215049433	7497.058431767192
8000.0	7.0	8223.084915975644	8277.712599284443	8111.910382476771	8030.773171875904	7984.259140126934
8500.0	7.0	8606.976129274666	8815.787521186343	8646.134227361696	8550.808209414134	8475.647876244599
9000.0	7.0	8973.268280479511	9373.279558460274	9199.931273149376	9080.091481376268	8971.13748251513
9500.0	7.0	9330.698515254195	9940.12992772837	9756.993758050972	9609.67475702222	9450.152055073473
10000.0	7.0	9681.101574673783	10508.086399000342	10308.185797483831	10116.3262031094	9905.364395199827
10500.0	7.0	10001.914847447933	11029.06241796159	10790.355437476997	10548.531766603912	10281.951677681058
11000.0	7.0	10266.404928686896	11475.632446862503	11171.463207074628	10866.530922139898	10561.012192430544
11500.0	7.0	10482.838859589243	11853.409816151347	11468.004157091054	11103.978788440432	10767.628650543576
12000.0	7.0	10757.976986871849	12264.127764600551	11811.239459385444	11398.094224125529	11034.159660245132
12500.0	7.0	11065.954655955857	12633.361871075147	12137.372863010563	11694.276750891411	11306.214740877153
13000.0	7.0	11390.258800159207	12993.87971649212	12453.835744900902	11990.502383120172	11590.952949555971
13500.0	7.0	11735.026926149514	13362.447346217912	12793.556251989157	12308.369600115177	11903.265223921539
14000.0	7.0	12073.697697458369	13704.219749708009	13109.157084752298	12602.854245623697	12189.863904499229
14500.0	7.0	12429.830576081707	14070.478440315097	13442.085438005866	12919.371410908348	12504.46528431595
15000.0	7.0	12773.452912356786	14404.169696201716	13751.224656013272	13216.11083408435	12789.541277112014
15500.0	7.0	13117.637307545749	14736.045458475428	14061.26856125997	13511.488263833475	13079.52011815546
16000.0	7.0	13481.645787564916	15090.789404819689	14392.873332583962	13834.944055054904	13390.501791311117
16500.0	7.0	13844.871509989653	15443.108034638773	14731.742324602246	14156.665410212046	13706.278292681658
17000.0	7.0	14195.74378597938	15770.762923957358	15033.44332119192	14453.330405492787	13993.740266642984
20000.0	7.0	16414.15652794949	17869.412046566045	17027.502306045742	16375.444406897926	15874.65440876728
25000.0	7.0	20496.784956469353	21725.648201948745	20669.835665264352	19888.156984713885	19306.65752317839
30000.0	7.0	25734.34806759489	26596.861134094026	25326.13941999798	24411.41272917114	23746.718299638793
35000.0	7.0	31261.773594002825	31740.74950502022	30342.68833621914	29406.771875804836	28781.525662838263
40000.0	7.0	35472.762620506306	35736.79103418994	34261.26794307559	33304.96318245021	32706.22013848686
45000.0	7.0	38883.21830562384	39013.5777813945	37469.62194511216	36504.03797224846	35950.037678126675
50000.0	7.0	41993.00278082899	42020.99269416598	40414.87645023962	39448.23661130762	38904.97325829637
55000.0	7.0	44820.413152706125	44749.22498966631	43108.30245361564	42130.943510357676	41647.39654052823
60000.0	7.0	47425.83258978454	47297.18114462313	45605.87927899318	44640.79279124239	44182.002344524655
65000.0	7.0	50554.37616608673	50317.96213486739	48595.951436107316	47624.47014295815	47159.71152168664
70000.0	7.0	53130.10141576003	52863.26103909074	51088.179683426344	50076.855068775614	49660.915094378724
75000.0	7.0	55633.14821214078	55337.45833383673	53500.55974261743	52522.10521290429	52157.941035818076
80000.0	7.0	58117.97207602555	57805.06545612825	55937.87241523049	54949.5706654424	54594.51282535068
85000.0	7.0	60535.82938397588	60183.0362410316	58271.867493887374	57275.91456341095	56967.35660119434
90000.0	7.0	63019.77199442504	62611.60046334532	60654.08733200227	59689.47725090213	59386.390987650186
3750.0	7.5	3733.9332848144777	4025.0708424514073	4114.6121443878	4098.458699919355	4065.1146622203823
4000.0	7.5	3911.4728424857053	4185.229616637928	4259.232343497107	4247.58905952884	4227.815033656441
4250.0	7.5	4128.227277103412	4375.397453744733	4429.858522780324	4417.874617283111	4404.9310463865095
4500.0	7.5	4387.304201368482	4602.549252131308	4637.083967364428	4622.555916945385	4613.224467929426
4750.0	7.5	4667.79974596942	4852.015019147897	4867.894645364078	4850.8642999430795	4842.323275499965
5000.0	7.5	4983.067880305169	5122.056490662647	5116.7130872727075	5097.209416879502	5089.2566738702135
5250.0	7.5	5312.558656356316	5400.117222123475	5374.458070263302	5352.059822141456	5344.405455078847
5500.0	7.5	5653.045382674237	5672.288177549819	5623.822325327396	5597.9124362968105	5589.149157093708
6000.0	7.5	6312.181230433073	6212.473828992088	6122.70441208588	6086.408281745637	6075.687992743605
6500.0	7.5	6888.256482770928	6736.78862913575	6613.365107945981	6567.5049861193675	6553.845298704928
7000.0	7.5	7397.591110394705	7246.252555329262	7103.963193235896	7051.066166415641	7032.811887819097
7500.0	7.5	7858.815737225881	7749.089145156089	7595.747340695394	7537.3082483362905	7511.335507609367
8000.0	7.5	8283.714501913302	8255.792671036153	8100.605917974658	8034.646648670049	7996.789930357616
8500.0	7.5	8685.854671512247	8772.77654912511	8621.831352372048	8547.557711946774	8488.097412534136
9000.0	7.5	9067.016141963551	9297.560666922278	9150.396706205831	9060.67462682934	8970.76194799022
9500.0	7.5	9446.334856231017	9843.964952008737	9703.910926398892	9592.657582540141	9462.69566761468
10000.0	7.5	9819.763465984488	10394.540649896077	10253.12997755056	10119.036077083392	9938.268333784561
10500.0	7.5	10168.520533902985	10911.727604865315	10759.304061113162	10582.085351873297	10354.277459306508
11000.0	7.5	10496.01547226757	11393.801587358195	11212.695838598334	10992.66130690701	10715.138432337315
11500.0	7.5	10776.15526476193	11815.806176977565	11594.793260340362	11323.353275599235	10999.643222055933
12000.0	7.5	11002.83286622405	12173.876991729447	11898.227275538404	11579.476448333642	11224.482888035414
12500.0	7.5	11242.221675926938	12539.92933860056	12194.845421848084	11826.074338071352	11447.737053312952
13000.0	7.5	11534.176764810476	12913.76080627576	12525.817424158648	12113.8510382617	11709.38586807666
13500.0	7.5	11855.401117561454	13276.792086414722	12849.36740656417	12414.445021277004	11994.485547817512
14000.0	7.5	12187.436777134519	13629.900449995013	13172.640199310716	12712.948042266788	12283.659485341552
14500.0	7.5	12536.525855192578	13993.70783987713	13502.706571514964	13028.9561725997	12589.28263348765
15000.0	7.5	12879.690563408658	14337.832870569402	13823.53435578415	13331.911021062435	12880.741919950458
15500.0	7.5	13227.044616303934	14682.041568049142	14139.583411984477	13634.003340843952	13176.349069665665
16000.0	7.5	13579.933669438351	15028.701234150589	14461.020670271206	13933.601021673527	13475.434653740203
16500.0	7.5	13934.490587774151	15372.502729905791	14781.067960031574	14244.39378005127	13770.791401922597
17000.0	7.5	14289.77326832069	15711.123104661765	15106.39746379556	14551.492347170997	14076.23369453915
20000.0	7.5	16528.133983654574	17829.322029237275	17116.724090421438	16493.004153580092	15971.414488622098
25000.0	7.5	20652.71316085817	21718.26185733825	20792.684851985978	20044.58655244905	19434.061769829506
30000.0	7.5	25909.444532699832	26596.105781915696	25449.30695976361	24576.97810806431	23900.427154474084
35000.0	7.5	31374.230037835165	31697.86385215176	30410.312688517875	29502.14908410774	28861.13472850508
40000.0	7.5	35513.644649871174	35628.57850892415	34255.025160681515	33329.207788805696	32707.42872343402
45000.0	7.5	38868.46969015958	38854.898037800594	37394.52540304345	36435.88303864771	35829.68650830321
50000.0	7.5	41822.11039878563	41700.415958285485	40185.517532370446	39223.563176086594	38647.96315657918
55000.0	7.5	44561.79010790499	44352.626653295076	42780.03719850408	41806.60021806355	41255.18841788833
60000.0	7.5	47166.5402768069	46898.14197647238	45246.32275228463	44252.662089995385	43753.94361217218
65000.0	7.5	49933.45053570635	49587.232734954996	47895.92391826149	46892.42504709395	46388.53368787802
70000.0	7.5	52342.12755131042	51948.9231647747	50172.761446812634	49202.89974665658	48747.902248437
75000.0	7.5	54657.26246748444	54217.64359496213	52419.10554066487	51407.8698864819	50997.3865697488
80000.0	7.5	57066.471218843406	56606.74824201072	54740.49362288591	53720.32079919562	53314.887303159034
85000.0	7.5	59345.10577128095	58792.82371407038	56930.83995098357	55901.29805201212	55539.83149987285
90000.0	7.5	61679.34512818308	61109.335002437365	59202.2784976105	58200.75504185064	57842.983747901904
3750.0	8.0	3752.929441778732	4060.8652613043323	4166.034296192913	4146.991865649387	4101.986021413162
4000.0	8.0	3923.8859394329556	4218.811743481881	4309.270133526704	4296.231646828663	4270.898386243611
4250.0	8.0	4126.883914532744	4400.871650472801	4471.775517705205	4460.709294567139	4444.181808673346
4500.0	8.0	4369.3386083691585	4614.886932098419	4665.9726151658615	4652.880068850802	4640.300076905155
4750.0	8.0	4646.673860141344	4857.670451336009	4888.362416444588	4872.935803470868	4864.166664912973
5000.0	8.0	4952.596821084341	5121.603503473196	5130.602272326482	5112.599523373834	5104.571952210111
5250.0	8.0	5266.982575003362	5394.857144360785	5383.940837905698	5362.327739554732	5353.5979041073615
5500.0	8.0	5596.9754614987705	5671.423651244463	5639.709500723369	5616.077949685522	5607.442595264857
6000.0	8.0	6268.116936510286	6213.145622877336	6136.132150828601	6106.571918850117	6096.807446445342
6500.0	8.0	6879.891850191172	6741.727700020064	6627.708548516869	6588.589899332037	6577.470494559021
7000.0	8.0	7415.425801922413	7250.21677711718	7111.210957709801	7065.817131445827	7048.39546317251
7500.0	8.0	7898.123828515503	7747.5827244046295	7596.035135738477	7546.834768114906	7523.313103090734
8000.0	8.0	8339.541809785494	8240.83838401342	8087.164360263574	8032.0430814314395	8001.730904395488
8500.0	8.0	8755.533898291302	8739.234238076524	8594.039247366427	8536.556132875588	8487.777061097884
9000.0	8.0	9152.271263047274	9244.522390280843	9112.38506281221	9046.600633082988	8971.820188226828
9500.0	8.0	9544.26813662602	9763.827151012754	9648.619806595068	9573.425765350405	9466.842622936592
10000.0	8.0	9935.157647563326	10293.09855252052	10191.571391117663	10100.34904243569	9954.946739034702
10500.0	8.0	10314.981883706634	10812.661852773706	10715.907752235038	10602.29764199256	10407.315457034627
11000.0	8.0	10678.017877221191	11300.652314383826	11203.641311799982	11059.35973974117	10817.826616121474
11500.0	8.0	11018.765859061012	11752.080833286076	11641.329042276358	11462.536006236074	11174.614578757362
12000.0	8.0	11318.987346906531	12158.998430260404	12023.835595047933	11796.743090180464	11470.927211668984
12500.0	8.0	11559.148111119905	12499.491308621786	12326.923834506713	12058.752388163548	11701.513153099064
13000.0	8.0	11783.810381735679	12820.528855346072	12605.042877472548	12286.932012430092	11910.483792525118
13500.0	8.0	12049.633516488862	13175.726485535673	12909.42188006902	12551.475856739393	12150.410706983796
14000.0	8.0	12352.531131291285	13543.098513497793	13239.926292232336	12847.621031487059	12417.71759360331
14500.0	8.0	12680.862421383785	13901.124783398258	13570.241178532713	13151.915396893559	12707.64025538222
15000.0	8.0	13013.862200208085	14246.67907267336	13886.631006586615	13445.625903494034	12988.024654834784
15500.0	8.0	13357.44507570296	14598.70741532347	14211.65982008394	13753.360614590973	13282.176088896944
16000.0	8.0	13709.430823835251	14949.555493702132	14530.49290036629	14064.489385378316	13585.605256755825
16500.0	8.0	14065.683993897228	15296.949141232291	14860.355720652897	14372.902854449781	13884.418560071967
17000.0	8.0	14422.39904358994	15645.956261013249	15189.183104880072	14684.108647881485	14193.698618880222
20000.0	8.0	16660.218957918507	17772.37809020734	17197.586195973723	16613.137846347086	16079.579535503932
25000.0	8.0	20825.633044713006	21675.641443542245	20901.63464230293	20189.500873640038	19573.12685584294
30000.0	8.0	26140.675378433094	26602.401695150496	25610.305436684674	24782.17681314344	24096.800923944265
35000.0	8.0	31498.70597009721	31634.05843638498	30471.61613537561	29614.563230642238	28956.969504762237
40000.0	8.0	35534.194385384326	35478.632470630066	34224.33515410239	33309.025704792824	32662.964075967437
45000.0	8.0	38845.723882015205	38657.901212251265	37306.278319747216	36380.19913119223	35775.442795694864
50000.0	8.0	41737.7230117812	41449.92575325749	40023.780913296316	39070.13714207372	38463.668440883535
55000.0	8.0	44402.54532090005	44039.330721339975	42531.35521427126	41562.788866950985	41007.74612584103
60000.0	8.0	46907.714441996155	46499.250761192845	44915.876740598	43925.77679385135	43388.594896729235
65000.0	8.0	49850.76010784957	49317.27931843472	47705.833702171396	46715.23203255054	46173.88530543796
70000.0	8.0	52152.444266391394	51591.15331736741	49896.676241151574	48900.86919186903	48400.11544767785
75000.0	8.0	54452.06483683045	53840.822133507405	52087.57784637943	51085.48384734286	50626.17463650291
80000.0	8.0	56716.44694436192	56069.10511167464	54244.51962090937	53231.27225120369	52770.12145592108
85000.0	8.0	58918.38021405152	58256.00870377746	56393.99364256026	55367.172414111745	54944.855320688774
90000.0	8.0	61120.377888091876	60385.23397468974	58477.742866024266	57477.495405188834	57050.76324307497
3750.0	8.5	3772.632050105601	4093.769574103381	4215.971070460314	4191.870123974364	4131.544255972141
4000.0	8.5	3936.002244039201	4250.057077536776	4357.166998069019	4342.3496892177145	4307.966545453734
4250.0	8.5	4130.7109776424195	4428.433019164917	4518.3770390522595	4506.250110960848	4485.505400951199
4500.0	8.5	4361.346424332042	4633.999563618824	4702.502495449721	4690.2015370580375	4675.45501795291
4750.0	8.5	4625.0757517989905	4866.355571959491	4913.696889733469	4899.568368040135	4888.477101422575
5000.0	8.5	4926.485570074641	5125.121769643928	5150.4180390503225	5132.441175814937	5123.3643862535255
5250.0	8.5	5230.883616723534	5392.648965445854	5398.312796488502	5378.130044670466	5369.031585543678
5500.0	8.5	5548.049579111318	5667.845214835348	5651.868956078115	5629.370588828254	5621.601580380763
6000.0	8.5	6212.842868083107	6215.596109696488	6155.625477738078	6129.602338200736	6120.735621514708
6500.0	8.5	6855.221657518942	6747.749319254045	6645.555531127712	6614.15005770632	6602.147685931292
7000.0	8.5	7424.524649439465	7260.62186164361	7126.734796105923	7088.178016315581	7073.155098194208
7500.0	8.5	7931.693940207761	7756.375846131938	7604.298507311322	7560.734338603802	7543.051802911327
8000.0	8.5	8395.330654726497	8244.167369479703	8087.399518247376	8045.143345124111	8017.301309741071
8500.0	8.5	8825.429683018308	8726.777969797638	8579.771761652639	8536.657760910304	8495.71839220646
9000.0	8.5	9236.433949415456	9215.671147524714	9084.008791715223	9039.504383665892	8979.914077772333
9500.0	8.5	9637.946560902321	9711.575976344426	9602.538585811748	9555.817620048754	9468.869361015868
10000.0	8.5	10038.57853438231	10218.124057484854	10134.343841952941	10081.690086071263	9961.766489373298
10500.0	8.5	10435.726761234155	10723.902977343278	10665.640557332228	10595.907761116137	10439.733448860296
11000.0	8.5	10824.767113069061	11215.589896848564	11168.916020456063	11085.167808155873	10883.852952904923
11500.0	8.5	11193.367404526382	11671.113688165084	11632.914421034178	11524.059202030676	11278.062331231373
12000.0	8.5	11546.992628833417	12099.791232270312	12058.05357671852	11925.743310946265	11639.937175207097
12500.0	8.5	11875.99339466698	12499.705392982842	12447.11832875168	12276.31477023312	11962.630519550223
13000.0	8.5	12157.883057327084	12853.465872613577	12779.307572623678	12571.696708731139	12227.100809615142
13500.0	8.5	12390.886395525611	13154.906239934342	13056.231929563297	12811.049935465213	12436.028723133899
14000.0	8.5	12623.961245924465	13454.432934026821	13324.277446610877	13042.840948853009	12646.810693299472
14500.0	8.5	12899.901156966795	13794.813844160166	13631.06221611593	13301.74002385336	12884.971725391504
15000.0	8.5	13208.124847298468	14151.833585624783	13957.715518767864	13603.176550994083	13153.488802510179
15500.0	8.5	13536.556099267405	14503.64035992167	14282.224181863088	13897.028668906607	13436.112750469272
16000.0	8.5	13882.6731993244	14866.823646316649	14614.66176613236	14212.628117193293	13735.297741995744
16500.0	8.5	14228.730451728034	15211.084440865025	14941.671898393146	14519.752757230777	14024.958979195551
17000.0	8.5	14583.35754749943	15562.541995801137	15264.708217192565	14827.210008478169	14321.845552230658
20000.0	8.5	16827.242362632715	17712.019587939158	17291.64817609444	16775.983504928718	16222.649213884712
25000.0	8.5	21042.306618164166	21641.656173181666	21030.782117545124	20382.860671619415	19747.495585252196
30000.0	8.5	26388.91948192068	26610.1515549422	25773.07797077806	25009.066618564862	24313.41733760216
35000.0	8.5	31659.147929918236	31572.85778197557	30556.39652503764	29751.578093490483	29077.110898921805
40000.0	8.5	35634.73395192076	35373.09541747307	34237.48228358015	33379.52444001623	32711.88188509458
45000.0	8.5	38875.96197777477	38498.82503643553	37253.46906257861	36361.66797958708	35731.961586655256
50000.0	8.5	41708.01604948611	41234.36025614517	39893.28303181097	39000.87237572953	38366.41842361915
55000.0	8.5	44324.34236482514	43789.71029362185	42370.95677738461	41443.042599950255	40855.21835847408
60000.0	8.5	46789.02333591957	46193.8220765793	44705.689419161936	43756.176970743305	43183.606880865875
65000.0	8.5	49634.40834291323	48935.48405098588	47387.36538251891	46410.05530481187	45864.935999330555
70000.0	8.5	51904.93458706615	51168.42370535082	49542.3373733411	48560.692280118295	48020.841376817894
75000.0	8.5	54115.82325007826	53351.9262506483	51670.88977677174	50682.606442472126	50139.763270538235
80000.0	8.5	56273.20983059932	55466.54020767574	53716.9788058442	52716.72331119533	52209.508039828026
85000.0	8.5	58437.9640115523	57612.26958564519	55786.34623214442	54773.24022377179	54258.3958644102
90000.0	8.5	60515.68379053265	59646.41051246027	57776.46821418378	56744.90643030404	56266.51676731016
3750.0	9.0	3792.3026007314766	4127.2163728146825	4266.3015919805675	4233.35443802452	4154.67252769088
4000.0	9.0	3949.606006030107	4279.881941852092	4406.47563947824	4389.006091202949	4341.175520282993
4250.0	9.0	4136.050627305056	4455.529124073586	4565.664625947387	4552.808644115972	4524.319226428343
4500.0	9.0	4356.053085553558	4655.229773946159	4744.638859355589	4732.230584548553	4713.562102355636
4750.0	9.0	4609.668535437729	4879.53544865869	4945.998536052204	4932.07819382645	4918.440486845107
5000.0	9.0	4903.31460410171	5129.5567748752865	5172.37402422328	5155.670850384056	5146.022722381707
5250.0	9.0	5198.29625446839	5392.785156444934	5415.398316111232	5395.577935333771	5386.161653775036
5500.0	9.0	5508.877135839009	5666.756394435889	5668.213757784687	5645.838838831437	5637.548607877416
6000.0	9.0	6155.230872326613	6219.275970605173	6175.976899663505	6150.9866527403	6144.344954792276
6500.0	9.0	6814.062656452304	6756.6273351241425	6669.163358179478	6642.183990764837	6633.969124202206
7000.0	9.0	7419.218124300197	7274.28688132722	7146.904134959212	7116.787429559501	7105.058608251944
7500.0	9.0	7958.017864976617	7772.235536377737	7621.3563884118275	7587.757273256979	7569.446720223234
8000.0	9.0	8444.459956999255	8254.43472650703	8093.663437357242	8062.205451293348	8037.677718739267
8500.0	9.0	8895.582517012546	8731.965464404302	8575.495346214895	8545.447741362164	8509.522029371152
9000.0	9.0	9321.73355483369	9205.424035239252	9068.038581679562	9039.175210292136	8987.52525297382
9500.0	9.0	9731.44833413666	9681.760759190933	9565.706532080443	9540.463335732393	9472.575320887474
10000.0	9.0	10137.473942988274	10164.817876389516	10083.236483259725	10061.068582034652	9960.787449970372
10500.0	9.0	10546.122177629652	10656.307060153607	10607.381644314346	10579.18101086544	10449.972445346932
11000.0	9.0	10952.69513599286	11143.140249735563	11124.458095077489	11088.595342898976	10924.353345691403
11500.0	9.0	11343.94584060402	11606.665760249783	11612.801049426276	11565.524978569389	11362.752349628938
12000.0	9.0	11722.004210191768	12041.04695906659	12055.97664448117	11992.761365180453	11756.095372937056
12500.0	9.0	12086.663836446833	12455.45812240717	12474.899055805256	12389.72666637795	12120.734359584561
13000.0	9.0	12440.726910576888	12850.185427071325	12872.031219177743	12760.451479284911	12463.305021375798
13500.0	9.0	12765.558118413775	13224.459224443923	13236.010042248967	13097.841588865418	12765.459918453815
14000.0	9.0	13040.16506655508	13541.463652513245	13540.465845953348	13368.514766216995	13012.585832076003
14500.0	9.0	13275.064710440514	13816.019260844034	13800.041438329397	13599.531845701194	13222.830943699577
15000.0	9.0	13522.26971556036	14106.873209145035	14074.546796411338	13836.542244761235	13438.063660068776
15500.0	9.0	13800.425485587113	14430.691300810084	14372.05512663296	14102.446939300422	13674.10141955129
16000.0	9.0	14108.429574673102	14774.998216185675	14691.28721330146	14384.905777043452	13933.308493872933
16500.0	9.0	14437.384329902156	15120.741701878133	15009.441843524724	14682.79350221018	14208.61423987646
17000.0	9.0	14781.29114037685	15471.597890494071	15345.90814643164	14992.650025435956	14497.514523936865
20000.0	9.0	17027.488814742475	17644.915274911113	17395.704774219503	16953.834062274607	16389.530876757788
25000.0	9.0	21274.679876277096	21611.668795622296	21151.986633256707	20584.138769980473	19931.71359727577
30000.0	9.0	26676.817556077614	26631.56116525152	25934.171302059123	25253.94059977216	24549.58716473496
35000.0	9.0	31835.686058314088	31529.17511240525	30635.162600026244	29905.64845734168	29213.782585856618
40000.0	9.0	35711.8752148047	35240.22603402027	34218.92457293441	33420.46189031659	32756.328671510295
45000.0	9.0	38897.88717347316	38330.361690985046	37184.740915153285	36358.39676607346	35700.45114785865
50000.0	9.0	41706.16983676974	41050.4799889189	39817.53888897553	38968.67652610898	38334.91871019028
55000.0	9.0	44291.80849440596	43555.34479965037	42226.28620370794	41340.55553865763	40722.104950939916
60000.0	9.0	46664.00997323683	45883.01919765864	44485.763899753285	43580.699152485584	42972.8477716842
65000.0	9.0	49460.56332828669	48605.32788913638	47112.39237846704	46218.244712206615	45601.58531109266
70000.0	9.0	51710.67574934687	50812.52959684663	49244.047295662465	48314.040794980385	47734.091552512
75000.0	9.0	53865.11094958652	52929.96104913006	51309.88723630171	50335.75929109135	49790.1510039055
80000.0	9.0	55962.860435187795	55011.3805487477	53288.68194023752	52343.31787390308	51791.69133973305
85000.0	9.0	58057.74600771494	57036.85869961601	55279.778310057416	54280.373917187346	53760.257736973486
90000.0	9.0	60097.81576953677	59071.22483215227	57227.668814245604	56211.86052430471	55728.16700364952
