Teff	log(g)	T_BB_us	T_BB_gs	T_BB_rs	T_BB_is	T_BB_zs
5000.0	6.50	5071.66637	5130.61847	5076.38870	5053.15436	5045.24982
5000.0	6.75	5049.71183	5129.76346	5078.86151	5056.99663	5048.89263
5000.0	7.00	5027.23743	5129.04973	5082.14678	5060.52659	5052.57579
5000.0	7.25	5005.31678	5128.37990	5084.94894	5063.84111	5055.93053
5000.0	7.50	4984.50387	5127.72460	5088.12119	5067.42367	5058.72165
5000.0	7.75	4964.68055	5126.95215	5091.28130	5070.69110	5061.90559
5000.0	8.00	4945.57072	5126.28276	5094.33770	5073.43686	5066.25133
5000.0	8.25	4927.01176	5125.45166	5098.38938	5077.46114	5069.58355
5000.0	8.50	4909.10556	5124.92773	5102.34119	5081.43747	5074.08677
5000.0	8.75	4891.64376	5124.12871	5106.78185	5085.98265	5078.72768
5000.0	9.00	4874.64742	5123.40465	5111.77475	5091.18298	5084.11870
5000.0	9.25	4858.30802	5122.36331	5117.04870	5096.27692	5090.01762
5000.0	9.50	4842.84413	5121.22059	5122.51216	5102.40898	5096.39706
5250.0	6.50	5415.14987	5400.80255	5330.93599	5303.16955	5294.45177
5250.0	6.75	5395.11340	5398.99811	5333.87256	5307.60060	5298.66165
5250.0	7.00	5373.81453	5397.97925	5336.43401	5311.70844	5303.38388
5250.0	7.25	5349.49081	5397.59953	5339.85681	5316.45456	5309.02867
5250.0	7.50	5325.90697	5397.60045	5343.47423	5321.47882	5313.76536
5250.0	7.75	5302.74114	5397.65023	5347.10246	5326.25849	5318.02629
5250.0	8.00	5281.15616	5397.52049	5351.30978	5330.13030	5322.67129
5250.0	8.25	5260.99288	5397.38952	5355.93686	5335.01054	5326.68759
5250.0	8.50	5242.06149	5397.13383	5360.41173	5339.44685	5331.24973
5250.0	8.75	5224.74621	5396.83418	5364.70332	5343.33804	5336.54430
5250.0	9.00	5208.72825	5396.45297	5369.65915	5348.87026	5341.36772
5250.0	9.25	5193.95648	5396.02244	5375.20809	5353.94511	5347.42299
5250.0	9.50	5180.69710	5396.01073	5381.15028	5360.82949	5353.85062
5500.0	6.50	5742.47358	5671.94624	5588.41033	5555.58868	5545.65943
5500.0	6.75	5724.25499	5668.57315	5589.57801	5559.24893	5549.81393
5500.0	7.00	5707.53891	5665.13823	5590.06808	5562.21002	5552.81902
5500.0	7.25	5687.46672	5664.13688	5589.97731	5565.99839	5556.57085
5500.0	7.50	5664.62158	5664.23213	5595.56768	5570.94830	5561.91466
5500.0	7.75	5640.08537	5665.16829	5601.90108	5578.84159	5568.66502
5500.0	8.00	5616.37225	5666.19357	5605.49770	5584.50397	5575.68365
5500.0	8.25	5593.03680	5667.10120	5610.56881	5591.01577	5581.43661
5500.0	8.50	5571.08983	5667.78394	5616.07604	5595.85896	5588.10023
5500.0	8.75	5551.29753	5668.14432	5621.49718	5600.82782	5593.91390
5500.0	9.00	5532.96075	5668.33940	5627.17851	5607.10560	5599.47664
5500.0	9.25	5516.49561	5668.32706	5633.73188	5613.10705	5606.02894
5500.0	9.50	5502.27518	5668.33006	5639.87836	5618.96195	5612.69841
5750.0	6.50	6048.26349	5938.70767	5839.15345	5799.79967	5788.32453
5750.0	6.75	6035.99645	5937.23868	5842.17473	5805.77631	5796.12213
5750.0	7.00	6022.39452	5935.25852	5844.42871	5810.95805	5801.63004
5750.0	7.25	6009.86416	5932.10509	5845.71780	5816.48804	5806.78408
5750.0	7.50	5992.92079	5929.77425	5848.78997	5821.20785	5811.06993
5750.0	7.75	5972.25692	5929.43996	5850.96777	5826.35803	5816.88061
5750.0	8.00	5949.43944	5931.14962	5855.86293	5833.20796	5823.07751
5750.0	8.25	5925.99722	5933.59691	5862.15057	5840.53885	5831.73348
5750.0	8.50	5902.32936	5935.94441	5869.04845	5848.04981	5840.74451
5750.0	8.75	5879.43117	5937.88332	5875.72721	5855.88982	5847.51067
5750.0	9.00	5857.48140	5939.37307	5881.28447	5865.17905	5855.03322
5750.0	9.25	5837.52231	5940.33743	5890.88698	5871.68241	5862.84112
5750.0	9.50	5819.72406	5940.91049	5896.37772	5877.45073	5870.75052
6000.0	6.50	6329.85168	6195.69992	6083.27261	6039.13348	6025.23896
6000.0	6.75	6325.83257	6196.79534	6084.37339	6043.98013	6032.64718
6000.0	7.00	6319.04260	6197.93392	6091.04748	6052.87812	6041.42780
6000.0	7.25	6310.81740	6198.00880	6096.75267	6060.74620	6049.62058
6000.0	7.50	6303.05497	6196.50443	6099.05435	6067.90681	6056.92183
6000.0	7.75	6290.41094	6195.04690	6102.29734	6074.63981	6063.35706
6000.0	8.00	6273.23197	6194.89336	6106.16628	6081.04454	6071.22524
6000.0	8.25	6253.21445	6196.14298	6111.33749	6089.08760	6078.99722
6000.0	8.50	6231.75558	6199.38344	6117.71041	6096.62162	6087.62755
6000.0	8.75	6208.78981	6203.58326	6124.47725	6106.70789	6097.50596
6000.0	9.00	6185.95843	6207.56875	6133.83569	6117.59514	6106.63740
6000.0	9.25	6163.22246	6210.61332	6142.69971	6126.40212	6116.95828
6000.0	9.50	6141.98499	6212.91051	6152.96937	6135.80583	6126.48705
6250.0	6.50	6591.29870	6450.40114	6323.11539	6273.96707	6261.15805
6250.0	6.75	6592.68025	6450.95651	6327.69471	6281.89411	6268.21765
6250.0	7.00	6593.63885	6452.17860	6334.69311	6291.08861	6277.56306
6250.0	7.25	6592.00425	6454.92237	6338.39591	6299.92785	6287.86558
6250.0	7.50	6589.50947	6457.41627	6344.72824	6308.04133	6296.52125
6250.0	7.75	6586.77786	6458.02652	6349.60319	6316.62358	6305.74138
6250.0	8.00	6578.69137	6458.40583	6354.01162	6326.51719	6314.90260
6250.0	8.25	6566.03513	6459.58712	6358.38645	6335.89270	6324.43548
6250.0	8.50	6550.01853	6461.89471	6365.53875	6344.92013	6334.59354
6250.0	8.75	6531.46191	6465.37245	6372.76437	6355.18030	6344.43886
6250.0	9.00	6510.99557	6470.07109	6380.71859	6365.73334	6355.99810
6250.0	9.25	6489.30743	6476.16555	6391.58497	6376.17478	6367.52543
6250.0	9.50	6467.15186	6481.68214	6400.65557	6387.25907	6377.86738
6500.0	6.50	6839.74668	6702.50361	6566.41450	6514.53827	6498.28855
6500.0	6.75	6845.71449	6701.80136	6570.04135	6520.12039	6504.48640
6500.0	7.00	6851.05415	6702.96995	6571.76989	6525.27478	6511.15352
6500.0	7.25	6854.68462	6705.39239	6577.04793	6534.06839	6519.22385
6500.0	7.50	6858.27859	6708.44160	6583.90017	6543.52631	6530.65719
6500.0	7.75	6861.62096	6712.21692	6589.63503	6553.59677	6541.26772
6500.0	8.00	6863.97353	6715.52519	6596.19466	6563.52703	6551.59295
6500.0	8.25	6860.94658	6718.59681	6602.61116	6574.67005	6563.30568
6500.0	8.50	6853.01707	6721.76774	6611.47885	6585.69006	6576.74941
6500.0	8.75	6841.42914	6725.87867	6619.40509	6599.88651	6587.78288
6500.0	9.00	6826.93536	6731.04362	6629.98654	6612.78734	6600.37899
6500.0	9.25	6809.99313	6737.31902	6640.63660	6626.83321	6613.57069
6500.0	9.50	6790.96932	6744.59748	6650.08503	6638.76379	6627.62962
6750.0	6.50	7074.86805	6956.29665	6809.18955	6750.96659	6733.67252
6750.0	6.75	7084.23257	6952.46953	6809.57404	6757.47510	6737.87011
6750.0	7.00	7093.95116	6950.75816	6811.86444	6762.56349	6744.99757
6750.0	7.25	7103.05790	6951.57360	6814.81632	6767.06127	6754.09651
6750.0	7.50	7111.06767	6954.56113	6818.15408	6775.89510	6760.71888
6750.0	7.75	7117.54774	6958.75732	6825.63380	6785.79645	6770.10717
6750.0	8.00	7126.09805	6962.91867	6829.95078	6797.29521	6782.04202
6750.0	8.25	7133.52373	6967.68788	6838.25107	6807.92034	6794.59983
6750.0	8.50	7135.96774	6974.11191	6848.52629	6820.44599	6807.60740
6750.0	8.75	7133.83672	6980.65996	6860.94085	6836.80661	6823.48888
6750.0	9.00	7127.66848	6987.74393	6870.21294	6854.15832	6840.01724
6750.0	9.25	7118.20827	6995.77564	6881.59078	6869.04897	6856.02307
6750.0	9.50	7105.59166	7004.68931	6893.75083	6885.42915	6871.90898
7000.0	6.50	7301.26582	7213.05507	7055.48412	6995.29975	6972.24746
7000.0	6.75	7313.83377	7206.80094	7053.96819	6999.20175	6975.22010
7000.0	7.00	7326.05033	7203.05675	7055.47592	6999.27590	6981.13791
7000.0	7.25	7339.68378	7201.35799	7056.21025	7007.98019	6987.63999
7000.0	7.50	7353.16103	7202.11754	7060.62208	7015.51299	6995.37321
7000.0	7.75	7365.48826	7205.31637	7062.01661	7024.59718	7004.85538
7000.0	8.00	7377.16995	7211.00428	7069.41015	7032.97222	7016.58952
7000.0	8.25	7390.09691	7216.80587	7076.62391	7043.58161	7027.15866
7000.0	8.50	7401.13993	7223.28655	7086.75662	7057.71004	7041.85146
7000.0	8.75	7408.93298	7231.06786	7095.21069	7071.51945	7057.71983
7000.0	9.00	7411.89187	7240.27786	7107.27548	7087.98282	7074.29949
7000.0	9.25	7410.41635	7249.70774	7119.35182	7106.39393	7091.82266
7000.0	9.50	7405.16299	7259.66728	7133.36090	7125.69564	7110.50575
7250.0	6.50	7514.97234	7470.36222	7304.84215	7237.65565	7210.14757
7250.0	6.75	7532.19696	7460.92225	7300.44970	7239.44305	7213.90710
7250.0	7.00	7548.95936	7453.96273	7299.07475	7244.35720	7218.67864
7250.0	7.25	7565.09163	7449.40731	7298.01340	7245.92162	7222.19587
7250.0	7.50	7581.30697	7447.60785	7297.33604	7249.56789	7228.04453
7250.0	7.75	7598.24799	7448.05512	7299.93018	7256.78279	7236.35853
7250.0	8.00	7614.46426	7451.14393	7303.83198	7266.37424	7246.67129
7250.0	8.25	7631.18597	7456.42402	7311.91046	7274.73207	7257.18539
7250.0	8.50	7648.44131	7464.02735	7316.73491	7286.50286	7269.31535
7250.0	8.75	7663.48142	7472.87784	7326.30958	7300.30009	7284.12275
7250.0	9.00	7675.57558	7482.78808	7340.80194	7320.40511	7303.98248
7250.0	9.25	7684.46173	7494.75848	7352.69158	7339.19922	7323.73699
7250.0	9.50	7688.63319	7508.10862	7366.57975	7358.14543	7341.69908
7500.0	6.50	7717.96864	7734.31669	7558.23225	7486.30949	7453.68296
7500.0	6.75	7740.80928	7719.73082	7552.81166	7486.83801	7454.14650
7500.0	7.00	7762.32592	7708.72203	7545.16242	7485.89779	7456.30290
7500.0	7.25	7782.92631	7700.96690	7543.49690	7485.58102	7460.56489
7500.0	7.50	7803.29851	7696.04904	7538.31522	7492.43936	7464.37459
7500.0	7.75	7823.47028	7694.08481	7539.81098	7495.85601	7470.52580
7500.0	8.00	7843.54471	7694.81653	7540.71196	7503.70560	7479.42561
7500.0	8.25	7863.67001	7698.43470	7549.92780	7514.27395	7488.63561
7500.0	8.50	7885.52900	7704.29488	7555.44417	7525.56861	7503.01393
7500.0	8.75	7907.56519	7712.80321	7564.04185	7537.81318	7515.69512
7500.0	9.00	7926.72829	7724.34388	7573.00040	7552.15175	7532.40122
7500.0	9.25	7943.15717	7736.99799	7584.20283	7569.76406	7549.69136
7500.0	9.50	7956.77143	7750.84654	7598.28513	7591.59262	7572.90342
7750.0	6.50	7911.98622	8001.87596	7816.80955	7739.55736	7695.41841
7750.0	6.75	7940.01594	7982.07834	7806.43039	7735.73228	7696.03225
7750.0	7.00	7966.53548	7966.14818	7799.64809	7731.73394	7695.70676
7750.0	7.25	7992.17046	7954.09588	7788.53315	7736.60176	7698.30428
7750.0	7.50	8016.30692	7945.00576	7785.71245	7732.01030	7700.84394
7750.0	7.75	8039.88028	7939.34908	7785.44729	7735.64057	7706.58580
7750.0	8.00	8063.48322	7936.82816	7784.95187	7742.74905	7711.66379
7750.0	8.25	8086.77944	7937.79941	7784.82673	7747.13266	7720.22500
7750.0	8.50	8110.77348	7941.70525	7790.05630	7756.53912	7729.36751
7750.0	8.75	8136.76752	7948.21944	7796.17137	7768.94984	7742.87801
7750.0	9.00	8162.74656	7958.05261	7801.94677	7783.98888	7759.13708
7750.0	9.25	8186.58262	7971.14373	7813.23576	7798.53091	7779.54650
7750.0	9.50	8207.39449	7987.29521	7825.51855	7819.04244	7799.31363
8000.0	6.50	8097.65198	8278.00412	8082.50035	8001.87178	7942.46626
8000.0	6.75	8131.62478	8251.60659	8071.09313	7992.81596	7941.32503
8000.0	7.00	8163.25579	8229.79496	8058.53080	7988.24176	7940.11301
8000.0	7.25	8193.89169	8212.52130	8042.73381	7986.13986	7941.12107
8000.0	7.50	8222.71854	8198.81505	8040.47510	7981.88577	7942.83629
8000.0	7.75	8250.43300	8188.97142	8031.00793	7980.97692	7945.24286
8000.0	8.00	8277.78608	8182.60842	8028.39390	7984.65298	7949.04540
8000.0	8.25	8304.77002	8180.04435	8027.66276	7987.81540	7954.59883
8000.0	8.50	8331.59102	8181.23612	8029.79351	7994.91066	7963.48271
8000.0	8.75	8359.71241	8185.70571	8032.09957	8003.31510	7973.74388
8000.0	9.00	8390.01197	8193.76965	8035.53428	8017.15620	7988.58729
8000.0	9.25	8419.91841	8205.49018	8044.71669	8032.18319	8006.65762
8000.0	9.50	8448.66512	8220.69371	8056.22043	8052.13368	8028.00290
8250.0	6.50	8276.68710	8558.76268	8360.33577	8263.05045	8191.01151
8250.0	6.75	8316.80734	8525.61280	8335.73230	8248.67863	8186.25182
8250.0	7.00	8354.19175	8497.52400	8320.37303	8244.17316	8182.58987
8250.0	7.25	8389.67576	8474.32694	8304.17335	8236.53529	8184.56936
8250.0	7.50	8423.69961	8455.11897	8291.49513	8232.68814	8182.64330
8250.0	7.75	8455.15006	8440.06165	8283.45561	8232.33531	8185.72374
8250.0	8.00	8485.96226	8429.27718	8277.96854	8231.38540	8188.17242
8250.0	8.25	8516.43977	8422.43521	8272.58465	8232.26460	8189.16158
8250.0	8.50	8546.63573	8419.71612	8267.77169	8233.31111	8195.37029
8250.0	8.75	8576.63212	8420.93105	8266.55892	8239.10416	8203.08185
8250.0	9.00	8608.82808	8426.19821	8268.69745	8247.77801	8216.86897
8250.0	9.25	8642.21352	8435.42276	8274.18682	8261.00042	8230.15543
8250.0	9.50	8675.49532	8448.99099	8281.56846	8278.94474	8249.42049
8500.0	6.50	8449.99716	8848.17426	8639.75796	8526.15913	8439.91580
8500.0	6.75	8496.23505	8807.47866	8614.51182	8515.17025	8432.56588
8500.0	7.00	8539.59536	8772.50101	8593.21300	8506.54786	8430.77598
8500.0	7.25	8579.99640	8742.54051	8572.77111	8497.61218	8429.03521
8500.0	7.50	8618.29823	8717.13305	8556.91130	8492.24227	8426.74090
8500.0	7.75	8654.72999	8696.31547	8543.93953	8488.07934	8426.42599
8500.0	8.00	8689.66833	8680.37468	8530.72530	8482.27447	8428.73022
8500.0	8.25	8723.60766	8669.03060	8521.74978	8480.46676	8430.17149
8500.0	8.50	8757.36129	8662.17772	8512.18460	8481.02628	8434.34153
8500.0	8.75	8790.44438	8659.56190	8508.25951	8481.52208	8439.70092
8500.0	9.00	8824.87265	8661.40437	8506.64874	8487.24487	8449.12525
8500.0	9.25	8860.70548	8668.02935	8508.81626	8495.05088	8460.85196
8500.0	9.50	8897.20141	8679.52046	8512.63728	8511.01755	8477.41537
8750.0	6.50	8619.14140	9141.09613	8925.89351	8792.39697	8686.93057
8750.0	6.75	8671.78123	9093.37536	8892.93467	8779.70133	8678.71461
8750.0	7.00	8720.22211	9051.41398	8865.13835	8767.81802	8673.86561
8750.0	7.25	8766.35151	9014.67413	8842.74508	8759.38092	8673.03514
8750.0	7.50	8809.60286	8982.82893	8821.91848	8750.73542	8672.15300
8750.0	7.75	8850.71094	8955.81900	8805.84669	8745.51169	8672.49581
8750.0	8.00	8889.40191	8934.15176	8787.40092	8737.76391	8671.40999
8750.0	8.25	8926.89042	8917.67551	8774.52011	8730.69017	8671.60463
8750.0	8.50	8963.62690	8905.78775	8761.53285	8730.79915	8675.65107
8750.0	8.75	8999.68221	8898.71586	8752.93578	8727.50599	8675.69814
8750.0	9.00	9036.01384	8896.47231	8747.09683	8729.35649	8683.87750
8750.0	9.25	9073.98982	8899.18495	8742.36371	8735.33352	8692.97647
8750.0	9.50	9113.16566	8907.25718	8752.64829	8748.33358	8705.16924
9000.0	6.50	8785.59219	9438.04259	9204.46541	9058.19641	8928.35538
9000.0	6.75	8843.00597	9384.55281	9172.95965	9044.19180	8924.24256
9000.0	7.00	8897.75873	9336.30087	9142.93261	9033.08192	8919.40821
9000.0	7.25	8949.11158	9292.26149	9115.40779	9022.51299	8917.27523
9000.0	7.50	8996.72103	9253.54765	9092.36005	9011.37738	8915.45627
9000.0	7.75	9042.53195	9220.28371	9070.29565	9005.17682	8914.99606
9000.0	8.00	9085.25014	9192.63047	9049.91837	8997.76251	8915.81705
9000.0	8.25	9126.24043	9170.44120	9032.59439	8990.75311	8915.00393
9000.0	8.50	9166.01090	9153.32224	9017.18360	8984.73764	8917.85024
9000.0	8.75	9204.92413	9141.44227	9003.56820	8980.33515	8920.01799
9000.0	9.00	9244.77744	9134.67891	8988.69916	8975.93516	8920.63489
9000.0	9.25	9284.89171	9133.40928	8993.49225	8982.96842	8929.41766
9000.0	9.50	9326.41750	9137.60416	8980.25141	8985.62136	8940.07570
9250.0	6.50	8949.52498	9734.27342	9484.64774	9312.34073	9163.48816
9250.0	6.75	9012.28477	9676.75584	9453.17427	9305.25814	9162.29629
9250.0	7.00	9072.94468	9622.79119	9421.88543	9295.67928	9159.36900
9250.0	7.25	9129.30322	9572.38440	9390.90338	9287.91007	9156.43885
9250.0	7.50	9182.56915	9527.20298	9365.12342	9274.21481	9157.72911
9250.0	7.75	9232.86211	9487.89136	9339.07246	9267.64064	9159.76361
9250.0	8.00	9280.25323	9453.90005	9314.44707	9261.41437	9160.18769
9250.0	8.25	9324.44712	9425.57421	9293.65607	9250.87049	9160.13107
9250.0	8.50	9367.21483	9402.84172	9270.02449	9240.58819	9160.76681
9250.0	8.75	9408.90927	9385.53103	9254.75077	9235.81647	9159.77631
9250.0	9.00	9449.19118	9373.69170	9249.94369	9233.65299	9164.65048
9250.0	9.25	9492.43972	9367.93250	9238.54547	9231.25789	9168.26235
9250.0	9.50	9535.68602	9367.65748	9216.58900	9225.14875	9172.33752
9500.0	6.50	9110.01071	10021.79591	9754.83393	9555.50110	9381.49102
9500.0	6.75	9178.03806	9963.22639	9720.08741	9554.02076	9387.03032
9500.0	7.00	9244.56911	9907.37300	9697.08965	9551.98415	9391.74867
9500.0	7.25	9306.98537	9853.15954	9666.87918	9545.02814	9394.63526
9500.0	7.50	9365.79345	9802.92381	9637.30461	9540.37848	9396.48666
9500.0	7.75	9420.70908	9758.31624	9607.21711	9530.02217	9400.78545
9500.0	8.00	9472.33207	9718.52800	9577.78917	9518.90816	9402.34720
9500.0	8.25	9520.17822	9684.73312	9563.52658	9512.58549	9404.87039
9500.0	8.50	9565.97343	9656.55319	9541.00494	9503.61789	9405.25922
9500.0	8.75	9611.02969	9633.66727	9523.54842	9498.38836	9406.55524
9500.0	9.00	9655.20474	9616.16115	9499.08981	9490.46306	9405.87416
9500.0	9.25	9698.68043	9605.64084	9483.49676	9484.57011	9408.02608
9500.0	9.50	9741.90899	9600.75200	9468.24719	9478.09867	9411.97320
9750.0	6.50	9266.49708	10305.68163	10013.37313	9781.98541	9584.62712
9750.0	6.75	9340.27864	10246.11824	9992.67876	9793.38940	9601.15237
9750.0	7.00	9412.72191	10188.27863	9958.86582	9795.95962	9613.36801
9750.0	7.25	9481.73612	10131.87784	9932.67595	9795.72657	9621.47229
9750.0	7.50	9546.53997	10078.48111	9904.04477	9793.15930	9626.54207
9750.0	7.75	9606.96306	10029.81610	9885.95946	9789.58315	9635.23992
9750.0	8.00	9663.34021	9985.40402	9858.00388	9781.65727	9640.81465
9750.0	8.25	9715.57700	9946.51403	9833.80815	9776.66926	9644.72563
9750.0	8.50	9764.74816	9912.93925	9800.59540	9764.69519	9645.25125
9750.0	8.75	9811.99329	9884.66646	9775.67903	9753.20212	9647.98219
9750.0	9.00	9858.14907	9861.71506	9754.01416	9746.47746	9647.67966
9750.0	9.25	9904.22628	9845.06427	9725.99403	9732.81069	9649.52134
9750.0	9.50	9950.52292	9834.82670	9709.33718	9727.27736	9653.39187
10000.0	6.50	9415.87077	10573.07571	10243.80719	9985.69217	9767.44066
10000.0	6.75	9497.40994	10515.15531	10232.81098	10003.36168	9795.59041
10000.0	7.00	9576.32591	10457.46003	10209.28950	10020.63530	9816.16180
10000.0	7.25	9652.21910	10401.61690	10192.96738	10024.78632	9833.82305
10000.0	7.50	9723.41796	10347.80382	10168.99427	10029.51582	9847.40557
10000.0	7.75	9790.16421	10297.44684	10138.24544	10034.76958	9860.73115
10000.0	8.00	9851.45029	10250.26772	10115.57939	10025.69521	9870.48122
10000.0	8.25	9908.58896	10207.48870	10093.37156	10031.14874	9879.12515
10000.0	8.50	9960.96539	10169.45200	10064.98138	10021.35906	9885.85300
10000.0	8.75	10011.30583	10137.08596	10030.72056	10008.74877	9889.93925
10000.0	9.00	10060.33666	10109.85181	10004.79219	10000.12800	9891.93536
10000.0	9.25	10108.15141	10088.03795	9980.74557	9991.79292	9892.63565
10000.0	9.50	10156.73496	10072.80369	9966.75007	9991.97567	9894.54076
10250.0	6.50	9550.26394	10827.79078	10448.05439	10159.87672	9922.40282
10250.0	6.75	9647.73506	10779.90331	10463.62057	10201.67374	9973.70122
10250.0	7.00	9735.78739	10722.57652	10452.19944	10236.60814	10008.37725
10250.0	7.25	9819.49137	10666.27028	10437.86023	10256.53128	10035.84958
10250.0	7.50	9897.32677	10611.94395	10419.36170	10269.58771	10057.10097
10250.0	7.75	9970.23362	10560.59506	10400.99367	10271.55846	10079.67546
10250.0	8.00	10037.68549	10511.81125	10373.30010	10278.45611	10094.93045
10250.0	8.25	10100.10035	10466.81753	10352.90594	10283.11204	10107.27156
10250.0	8.50	10157.14792	10425.38735	10317.30380	10277.48340	10119.32080
10250.0	8.75	10210.54664	10389.48032	10290.29173	10270.55557	10124.56366
10250.0	9.00	10261.82978	10358.40318	10262.24267	10262.39683	10131.53845
10250.0	9.25	10312.35072	10332.51253	10245.55575	10257.96784	10136.69311
10250.0	9.50	10362.67530	10312.47892	10213.25012	10241.59406	10137.70973
10500.0	6.50	9667.50893	11046.82823	10618.39288	10297.29922	10049.31717
10500.0	6.75	9782.04762	11016.10807	10659.37212	10377.59405	10126.81510
10500.0	7.00	9887.01023	10971.45607	10675.16478	10432.20653	10180.68128
10500.0	7.25	9980.32606	10917.63180	10675.69819	10461.02501	10222.21212
10500.0	7.50	10066.51437	10864.04443	10659.52013	10489.36635	10254.70214
10500.0	7.75	10146.39787	10813.28760	10644.08934	10504.88615	10284.20184
10500.0	8.00	10220.14272	10764.73760	10624.58254	10514.93646	10308.99547
10500.0	8.25	10288.17344	10719.51583	10599.37511	10526.21808	10328.40060
10500.0	8.50	10350.09973	10677.19260	10583.17634	10529.25022	10345.30764
10500.0	8.75	10407.41887	10639.14333	10554.31552	10524.03439	10359.24557
10500.0	9.00	10462.34558	10605.23670	10526.80318	10515.24047	10365.52886
10500.0	9.25	10515.44934	10576.58261	10502.39464	10502.17799	10373.39247
10500.0	9.50	10567.87250	10553.74265	10469.70589	10499.46693	10378.51723
10750.0	6.50	9783.87744	11269.55508	10783.76449	10428.85680	10165.22010
10750.0	6.75	9896.86611	11231.51981	10825.07613	10522.25728	10247.08215
10750.0	7.00	10022.58282	11207.54205	10881.44081	10610.18390	10329.95548
10750.0	7.25	10134.18803	11164.12647	10893.61361	10661.82476	10393.19002
10750.0	7.50	10231.06482	11111.88302	10886.65356	10704.06171	10439.39509
10750.0	7.75	10319.30305	11061.44829	10891.64191	10731.56367	10479.58133
10750.0	8.00	10399.76551	11013.40492	10866.55145	10750.45471	10512.52999
10750.0	8.25	10474.54604	10968.64037	10856.25317	10764.28233	10539.69868
10750.0	8.50	10541.46981	10926.52932	10830.56180	10773.50055	10562.52941
10750.0	8.75	10603.60289	10887.32497	10809.61698	10773.51395	10584.77148
10750.0	9.00	10662.13838	10851.41196	10784.56538	10769.76820	10597.01441
10750.0	9.25	10718.52037	10819.66997	10759.50850	10767.60882	10608.89641
10750.0	9.50	10773.40887	10793.65370	10723.13857	10762.94174	10617.30197
11000.0	6.50	9914.58983	11501.09743	10955.28928	10577.78744	10293.60020
11000.0	6.75	10011.82607	11441.31567	10990.99641	10647.57586	10362.81991
11000.0	7.00	10138.78670	11409.23994	11036.75113	10747.58534	10454.19886
11000.0	7.25	10273.15521	11387.62149	11089.31391	10831.09106	10543.83800
11000.0	7.50	10387.70442	11346.24859	11111.27674	10897.58429	10610.82719
11000.0	7.75	10486.77387	11298.05129	11109.84606	10931.44340	10662.97894
11000.0	8.00	10575.64881	11251.65589	11105.67197	10965.29693	10702.56082
11000.0	8.25	10656.54226	11207.11357	11099.79632	10991.33780	10740.23514
11000.0	8.50	10729.27389	11166.21219	11075.72030	11000.28017	10773.26530
11000.0	8.75	10796.08929	11127.84520	11060.33899	11015.05392	10800.24303
11000.0	9.00	10858.78157	11092.36701	11042.37328	11024.86076	10823.12090
11000.0	9.25	10919.23028	11060.29140	11012.88952	11018.88483	10840.34616
11000.0	9.50	10976.82244	11031.76792	10991.47437	11014.44858	10851.76276
11250.0	6.50	10064.94596	11720.74558	11143.66024	10729.43523	10439.32538
11250.0	6.75	10138.34120	11658.56010	11159.45404	10784.18114	10485.20982
11250.0	7.00	10249.80807	11609.09933	11192.01828	10873.28913	10565.30895
11250.0	7.25	10390.58579	11587.90571	11256.27877	10970.39635	10666.17605
11250.0	7.50	10531.39815	11570.61849	11309.09189	11065.53263	10760.86175
11250.0	7.75	10647.67452	11530.07235	11319.72996	11129.79481	10830.38198
11250.0	8.00	10748.15459	11484.90535	11327.57131	11166.65477	10885.19567
11250.0	8.25	10836.52330	11441.29667	11322.29990	11198.19596	10935.96959
11250.0	8.50	10915.15449	11400.67271	11311.96520	11222.75458	10974.62278
11250.0	8.75	10987.27357	11363.66835	11307.20745	11235.68669	11008.59327
11250.0	9.00	11055.63303	11329.09785	11285.00235	11258.67249	11039.01782
11250.0	9.25	11119.01501	11298.21495	11260.70451	11263.71253	11061.30993
11250.0	9.50	11180.21928	11269.48690	11243.42987	11269.99013	11081.49202
11500.0	6.50	10225.60739	11937.75437	11325.30185	10899.68231	10592.85139
11500.0	6.75	10281.60159	11883.68447	11341.59707	10936.04830	10622.33021
11500.0	7.00	10372.27162	11818.55482	11360.92070	11000.97889	10682.94957
11500.0	7.25	10502.49863	11775.54204	11408.51995	11096.70452	10777.79102
11500.0	7.50	10654.56155	11763.16736	11469.86894	11213.24155	10886.66833
11500.0	7.75	10797.29925	11745.31035	11527.47763	11293.38609	10983.69353
11500.0	8.00	10913.42897	11706.86122	11538.68016	11357.67822	11056.38718
11500.0	8.25	11011.65586	11665.45437	11557.40116	11405.43581	11113.95083
11500.0	8.50	11097.50872	11625.66266	11544.82468	11428.53166	11166.31364
11500.0	8.75	11176.13585	11589.58636	11547.06616	11465.80231	11206.42286
11500.0	9.00	11248.68451	11556.42669	11521.69987	11486.16479	11244.80561
11500.0	9.25	11316.22587	11527.13057	11501.07157	11497.08083	11274.55397
11500.0	9.50	11381.18042	11500.58784	11488.83966	11508.07933	11304.72704
11750.0	6.50	10394.95356	12137.43057	11503.60519	11064.15380	10751.00510
11750.0	6.75	10440.90524	12091.33267	11527.76165	11090.79783	10772.04962
11750.0	7.00	10511.31859	12030.24587	11540.18878	11140.59851	10814.64711
11750.0	7.25	10619.68614	11972.48545	11564.33637	11223.67981	10890.25701
11750.0	7.50	10765.95950	11943.97154	11625.42613	11332.83652	10994.53101
11750.0	7.75	10927.63011	11941.42009	11694.96316	11447.80425	11115.32657
11750.0	8.00	11069.76995	11922.34985	11747.88230	11541.95767	11214.10389
11750.0	8.25	11182.36400	11885.53673	11763.36795	11600.44670	11287.45831
11750.0	8.50	11277.80210	11847.55434	11774.80878	11644.68161	11351.03959
11750.0	8.75	11363.12208	11812.03785	11772.72150	11680.69465	11400.22601
11750.0	9.00	11440.69319	11780.31336	11751.40524	11703.92977	11446.00396
11750.0	9.25	11512.96935	11752.30270	11741.20461	11730.40607	11485.60566
11750.0	9.50	11580.77275	11728.07528	11726.40459	11746.79535	11520.07159
12000.0	6.50	10566.98460	12331.22718	11686.86738	11226.47515	10904.03532
12000.0	6.75	10606.92141	12295.15487	11702.29214	11260.47868	10924.98660
12000.0	7.00	10663.89620	12244.79304	11716.17342	11303.42753	10958.28341
12000.0	7.25	10750.97325	12179.90498	11737.77925	11356.34392	11015.33181
12000.0	7.50	10881.22244	12128.17769	11776.00608	11458.11606	11105.38290
12000.0	7.75	11043.39047	12114.99020	11850.39747	11580.82155	11226.79427
12000.0	8.00	11209.21142	12116.35002	11925.90845	11691.96956	11352.46295
12000.0	8.25	11344.04680	12094.09348	11963.48813	11774.80960	11448.80914
12000.0	8.50	11452.61428	12060.98702	11989.93806	11845.41767	11527.80222
12000.0	8.75	11545.99722	12026.75992	11983.15519	11878.92106	11583.96836
12000.0	9.00	11628.98145	11996.28829	11982.21894	11915.42161	11638.81772
12000.0	9.25	11705.58030	11969.69812	11971.42337	11946.07207	11682.32377
12000.0	9.50	11777.04814	11946.99696	11966.98382	11982.30958	11724.60709
12250.0	6.50	10740.16141	12519.42472	11867.00566	11389.88355	11058.63486
12250.0	6.75	10777.32477	12487.18783	11881.87775	11415.05831	11078.23793
12250.0	7.00	10828.00303	12443.68319	11898.88177	11456.93891	11108.14139
12250.0	7.25	10899.49039	12384.55581	11906.66230	11513.89158	11150.35683
12250.0	7.50	11007.35985	12323.60491	11943.83063	11600.57489	11224.15697
12250.0	7.75	11155.73223	12289.00949	11996.17500	11701.72446	11334.33607
12250.0	8.00	11329.27873	12290.00180	12075.16463	11834.18536	11467.26045
12250.0	8.25	11493.97286	12293.36690	12148.89961	11940.22116	11595.81219
12250.0	8.50	11621.42056	12269.70221	12180.04413	12019.50228	11692.89527
12250.0	8.75	11726.48050	12238.95695	12194.64466	12083.80376	11763.34156
12250.0	9.00	11816.53609	12209.93808	12189.73770	12128.05330	11828.71309
12250.0	9.25	11897.34919	12184.82899	12198.52581	12159.66486	11878.28701
12250.0	9.50	11973.13099	12163.25159	12188.62478	12193.42957	11929.13525
12500.0	6.50	10913.62928	12703.12906	12041.17355	11548.45861	11212.73763
12500.0	6.75	10949.44284	12674.53831	12046.08252	11581.25767	11232.34169
12500.0	7.00	10995.15217	12638.51616	12067.78700	11624.36745	11261.19185
12500.0	7.25	11056.46679	12589.92894	12097.51622	11680.27322	11295.52703
12500.0	7.50	11146.20231	12527.33007	12108.90747	11740.13138	11352.92493
12500.0	7.75	11276.08180	12471.36823	12148.12624	11828.91767	11447.49536
12500.0	8.00	11443.83262	12454.69846	12235.59849	11957.97382	11577.69798
12500.0	8.25	11624.20220	12467.71850	12314.52323	12086.35434	11720.02497
12500.0	8.50	11780.24239	12466.72403	12367.64303	12190.12434	11843.66773
12500.0	8.75	11900.22760	12443.64227	12375.96475	12270.20244	11933.96058
12500.0	9.00	11999.83851	12417.54795	12406.93264	12326.22212	12009.80596
12500.0	9.25	12086.54508	12393.36941	12407.35166	12375.32072	12076.64671
12500.0	9.50	12166.65667	12373.08585	12407.13934	12405.89969	12125.63206
12750.0	6.50	11087.97473	12883.76490	12202.64912	11703.97223	11366.81668
12750.0	6.75	11122.56026	12858.26300	12207.02532	11745.85390	11385.74266
12750.0	7.00	11166.08150	12825.62689	12230.91217	11790.27769	11411.52923
12750.0	7.25	11221.30723	12782.32289	12258.17716	11829.47618	11444.42094
12750.0	7.50	11297.53882	12724.64563	12281.10203	11891.51586	11490.52967
12750.0	7.75	11408.61740	12662.71928	12309.61340	11965.43588	11570.91664
12750.0	8.00	11561.15187	12625.80920	12375.78941	12075.62888	11686.26541
12750.0	8.25	11741.62975	12629.66551	12453.28522	12205.35884	11832.06353
12750.0	8.50	11924.48736	12650.68572	12545.53541	12349.18307	11980.28243
12750.0	8.75	12067.95137	12644.56879	12588.69044	12455.87818	12093.97352
12750.0	9.00	12180.46487	12624.38067	12609.32678	12509.46863	12183.44359
12750.0	9.25	12275.72518	12602.07708	12618.46745	12569.30742	12259.46168
12750.0	9.50	12360.86502	12582.21118	12621.19932	12617.53854	12317.65948
13000.0	6.50	11261.79185	13060.99270	12367.91604	11861.83883	11513.65866
13000.0	6.75	11295.48068	13038.23478	12378.24357	11894.94306	11539.52118
13000.0	7.00	11338.14250	13009.01157	12411.03290	11933.73931	11563.82505
13000.0	7.25	11389.93558	12971.83349	12429.62874	11988.39305	11591.25145
13000.0	7.50	11457.36447	12922.81078	12451.37537	12043.78243	11633.85970
13000.0	7.75	11551.91301	12861.46117	12479.71635	12111.12868	11701.46939
13000.0	8.00	11687.89034	12806.60250	12536.88401	12212.17869	11804.47789
13000.0	8.25	11859.29154	12790.50349	12595.59276	12327.69635	11941.15768
13000.0	8.50	12050.80931	12812.66827	12676.55325	12475.40029	12096.35282
13000.0	8.75	12223.93338	12832.56952	12767.36218	12618.77470	12241.33983
13000.0	9.00	12355.79480	12824.45596	12793.46312	12696.57205	12348.88351
13000.0	9.25	12461.92024	12806.80910	12813.13150	12762.17147	12432.24153
13000.0	9.50	12552.63979	12788.11187	12828.33310	12817.20581	12504.94503
13250.0	6.50	11436.06462	13236.57707	12530.74907	12016.66396	11665.92052
13250.0	6.75	11469.16511	13216.22611	12555.25419	12060.33168	11688.87150
13250.0	7.00	11510.67505	13189.50719	12569.66874	12096.99197	11716.25703
13250.0	7.25	11560.85852	13155.54362	12596.96379	12145.35605	11742.03230
13250.0	7.50	11622.86485	13111.09422	12627.09066	12205.20073	11782.55086
13250.0	7.75	11706.33729	13053.75106	12656.20616	12268.60665	11839.36351
13250.0	8.00	11824.29801	12993.73592	12692.38713	12344.49846	11927.99854
13250.0	8.25	11982.17559	12958.78590	12742.03987	12452.54300	12053.00292
13250.0	8.50	12169.23572	12967.38693	12816.67523	12597.30168	12209.79725
13250.0	8.75	12365.45501	13006.16899	12915.48756	12749.57465	12371.31519
13250.0	9.00	12523.90435	13018.86890	12991.56799	12870.16333	12505.32606
13250.0	9.25	12644.13049	13009.47592	13011.92413	12948.83271	12606.55889
13250.0	9.50	12742.77453	12994.37048	13030.73554	13015.69901	12686.09364
13500.0	6.50	11610.46866	13409.69637	12692.05466	12170.44193	11816.90199
13500.0	6.75	11642.99940	13391.49856	12717.61274	12214.82033	11839.70414
13500.0	7.00	11684.44528	13367.02960	12726.27429	12259.40564	11864.97830
13500.0	7.25	11732.96320	13336.19089	12762.45800	12301.38529	11894.09228
13500.0	7.50	11792.24898	13296.80215	12802.16276	12367.26946	11931.51267
13500.0	7.75	11866.47658	13246.53625	12823.64987	12418.24486	11982.73341
13500.0	8.00	11969.58848	13186.57104	12860.67581	12489.57814	12057.67654
13500.0	8.25	12111.32956	13134.97240	12894.85775	12583.01986	12169.99823
13500.0	8.50	12289.20512	13124.50507	12984.08120	12732.08334	12316.27179
13500.0	8.75	12490.75385	13161.13804	13073.42552	12884.45769	12486.05961
13500.0	9.00	12679.49585	13199.67321	13165.15651	13028.31937	12648.25547
13500.0	9.25	12819.05693	13204.36043	13208.45960	13131.79773	12762.37172
13500.0	9.50	12928.69763	13195.43026	13231.65275	13199.53393	12861.10548
13750.0	6.50	11784.97428	13581.49636	12854.54137	12326.78027	11969.95933
13750.0	6.75	11817.08361	13565.16369	12879.26654	12368.86346	11988.40434
13750.0	7.00	11858.10956	13542.91285	12903.05277	12398.74251	12014.05703
13750.0	7.25	11905.89925	13514.29403	12926.44831	12456.91012	12045.52607
13750.0	7.50	11963.24650	13477.99299	12957.12269	12514.31487	12080.74394
13750.0	7.75	12033.04089	13431.72674	12986.31436	12567.94357	12131.29305
13750.0	8.00	12124.81792	13374.97961	13008.46112	12634.40078	12195.70841
13750.0	8.25	12250.42736	13317.52544	13069.61126	12734.64594	12291.81615
13750.0	8.50	12415.14782	13289.30115	13130.46817	12857.97045	12428.71000
13750.0	8.75	12611.81515	13312.02007	13212.53633	13006.52582	12595.54539
13750.0	9.00	12819.35713	13365.65935	13324.28938	13179.22824	12773.93304
13750.0	9.25	12987.05689	13392.75772	13392.59769	13301.48012	12922.70210
13750.0	9.50	13112.46021	13393.59180	13430.83833	13387.27907	13030.82076
14000.0	6.50	11959.17184	13751.57314	13015.86037	12476.12646	12115.54605
14000.0	6.75	11991.47524	13737.01897	13045.72808	12526.45480	12139.08287
14000.0	7.00	12031.44744	13716.79265	13057.23246	12560.38134	12163.19006
14000.0	7.25	12079.64063	13690.02546	13096.28080	12603.56325	12195.45728
14000.0	7.50	12135.10055	13656.67216	13127.70600	12675.21010	12230.31826
14000.0	7.75	12202.12515	13615.35589	13154.18054	12724.63147	12279.26783
14000.0	8.00	12285.54532	13564.24118	13192.82582	12800.88759	12332.94894
14000.0	8.25	12397.30055	13505.62882	13211.42210	12854.67033	12425.66613
14000.0	8.50	12547.30203	13462.14397	13255.97400	12976.99629	12547.53825
14000.0	8.75	12735.59248	13465.87061	13353.72152	13130.21794	12706.62798
14000.0	9.00	12946.27586	13516.66414	13467.42004	13307.57107	12889.70810
14000.0	9.25	13143.51611	13568.51845	13557.72892	13452.93052	13062.45403
14000.0	9.50	13287.92647	13583.97288	13618.10082	13570.67675	13192.20778
14250.0	6.50	12133.10981	13921.01756	13168.03962	12629.16424	12266.10536
14250.0	6.75	12165.37398	13907.44143	13205.93646	12679.94291	12287.18215
14250.0	7.00	12205.63763	13889.14861	13229.32562	12711.18060	12312.79464
14250.0	7.25	12253.42675	13864.48879	13258.56182	12757.70746	12343.85316
14250.0	7.50	12308.02065	13833.44578	13291.10718	12830.48011	12382.75867
14250.0	7.75	12373.10664	13795.21993	13316.09020	12882.83215	12426.29153
14250.0	8.00	12451.00385	13747.39055	13347.73511	12943.18531	12482.29319
14250.0	8.25	12551.63436	13690.59791	13374.99460	13016.27431	12558.33102
14250.0	8.50	12687.79148	13639.99565	13414.69888	13114.99920	12671.32743
14250.0	8.75	12862.69247	13625.01560	13499.79322	13264.79449	12819.70265
14250.0	9.00	13070.49024	13663.61928	13600.87581	13418.50379	13000.34650
14250.0	9.25	13285.13627	13730.60710	13718.01040	13588.52660	13193.06066
14250.0	9.50	13457.79426	13768.65243	13801.31636	13732.35904	13346.90084
14500.0	6.50	12307.69743	14089.49226	13327.40155	12775.82757	12415.97999
14500.0	6.75	12339.48117	14076.60823	13361.70495	12827.34477	12432.52696
14500.0	7.00	12379.16207	14059.90843	13392.83244	12878.02502	12461.62785
14500.0	7.25	12427.28520	14037.17713	13404.20248	12927.60281	12493.02469
14500.0	7.50	12481.96837	14008.22041	13459.57110	12990.23741	12533.30402
14500.0	7.75	12545.24827	13973.30826	13486.71692	13043.76707	12573.26527
14500.0	8.00	12619.60733	13929.56099	13515.04118	13099.09069	12627.81564
14500.0	8.25	12712.01881	13876.96945	13552.02404	13161.83005	12697.87116
14500.0	8.50	12834.86326	13822.63451	13570.06928	13265.01916	12796.69860
14500.0	8.75	12995.08296	13791.42747	13634.08108	13379.50178	12936.98769
14500.0	9.00	13194.22761	13812.02946	13737.54253	13538.64707	13113.14401
14500.0	9.25	13415.23775	13878.86341	13862.06841	13719.82026	13307.41586
14500.0	9.50	13616.08892	13941.99532	13970.94272	13889.37006	13490.00106
14750.0	6.50	12482.05824	14257.40359	13483.38052	12938.78700	12560.36425
14750.0	6.75	12514.00826	14245.78399	13521.28887	12980.59092	12584.21650
14750.0	7.00	12554.17251	14229.98736	13560.68270	13031.72714	12611.22709
14750.0	7.25	12601.51297	14208.76673	13564.44923	13081.14908	12643.72639
14750.0	7.50	12655.27632	14181.53453	13614.62969	13139.24829	12681.04099
14750.0	7.75	12718.20062	14148.59705	13649.44676	13198.71771	12722.27056
14750.0	8.00	12790.03897	14108.36044	13687.04413	13261.03343	12775.03551
14750.0	8.25	12876.25270	14058.93072	13732.83762	13329.44356	12839.94178
14750.0	8.50	12987.95305	14004.29347	13772.86120	13418.93272	12931.36797
14750.0	8.75	13135.21646	13963.70141	13790.01681	13516.09828	13059.24084
14750.0	9.00	13321.91417	13966.33365	13880.34902	13664.55175	13225.50638
14750.0	9.25	13539.72878	14022.62043	13992.01989	13847.12583	13421.48341
14750.0	9.50	13763.11137	14103.24541	14124.64405	14036.36111	13620.51632
15000.0	6.50	12655.89779	14424.43229	13643.46682	13086.73510	12716.67295
15000.0	6.75	12688.50946	14414.06962	13680.27666	13133.52477	12733.27574
15000.0	7.00	12728.40865	14399.06634	13712.12565	13184.66541	12760.54505
15000.0	7.25	12776.04971	14379.35456	13724.13169	13234.45595	12792.14035
15000.0	7.50	12829.53533	14353.74324	13775.42097	13293.15817	12830.45153
15000.0	7.75	12892.27580	14322.43593	13804.85502	13347.94054	12869.76643
15000.0	8.00	12962.71606	14285.64004	13844.37955	13410.43189	12924.10732
15000.0	8.25	13044.70050	14240.43822	13900.52240	13485.12140	12984.84621
15000.0	8.50	13146.92487	14188.38847	13924.99914	13555.65665	13074.75456
15000.0	8.75	13281.77172	14141.46372	13966.99898	13665.41258	13186.07620
15000.0	9.00	13455.98288	14127.66726	14022.27027	13799.82348	13344.85952
15000.0	9.25	13666.24384	14168.51949	14130.15762	13971.42172	13527.91259
15000.0	9.50	13896.56562	14251.12296	14270.96392	14164.94912	13737.58756
15250.0	6.50	12832.30735	14591.30384	13802.47565	13241.18309	12860.32916
15250.0	6.75	12864.31572	14581.66950	13839.51603	13287.48756	12882.27796
15250.0	7.00	12904.94161	14567.69092	13873.82523	13334.34076	12905.69758
15250.0	7.25	12951.84472	14549.16054	13891.86164	13379.21709	12943.23382
15250.0	7.50	13006.45142	14525.37479	13930.19030	13443.22014	12978.26430
15250.0	7.75	13068.44194	14496.15768	13973.85885	13507.67963	13021.36357
15250.0	8.00	13139.25615	14462.06835	14017.37109	13560.16410	13075.97262
15250.0	8.25	13217.95386	14419.93398	14067.38850	13641.07468	13132.66139
15250.0	8.50	13312.64696	14369.99873	14092.39390	13710.30807	13213.10972
15250.0	8.75	13436.32658	14320.75452	14132.53857	13818.52675	13316.66585
15250.0	9.00	13597.55355	14295.15174	14181.43097	13929.77643	13467.10439
15250.0	9.25	13797.93864	14319.15399	14265.66022	14093.57587	13641.54445
15250.0	9.50	14026.27703	14393.88741	14409.06588	14290.54302	13852.87307
15500.0	6.50	13007.78388	14758.21249	13959.27413	13399.28956	13007.94476
15500.0	6.75	13039.22788	14749.27278	13996.37063	13435.23431	13030.65951
15500.0	7.00	13079.57464	14736.23434	14035.28794	13492.47664	13059.28911
15500.0	7.25	13126.91360	14718.60234	14054.89361	13540.85612	13093.22312
15500.0	7.50	13181.44471	14696.16023	14089.19449	13589.68959	13128.79221
15500.0	7.75	13243.83596	14668.44508	14135.33546	13661.76863	13171.96238
15500.0	8.00	13313.66300	14635.87119	14170.61806	13720.71219	13223.47245
15500.0	8.25	13391.60305	14597.10345	14224.61086	13791.63960	13283.01137
15500.0	8.50	13481.02729	14550.51136	14268.07188	13870.91215	13355.84542
15500.0	8.75	13595.40530	14501.92916	14297.82367	13960.51841	13452.27674
15500.0	9.00	13742.82698	14466.77341	14348.09108	14075.59250	13588.97507
15500.0	9.25	13931.75465	14473.69670	14424.29501	14222.30322	13762.48115
15500.0	9.50	14155.31631	14535.58848	14545.80597	14414.62698	13960.83901
15750.0	6.50	13182.49793	14925.09158	14119.58752	13547.42065	13158.00948
15750.0	6.75	13214.61774	14916.77553	14155.36317	13588.43515	13180.86616
15750.0	7.00	13255.42459	14904.59339	14197.01745	13650.97385	13211.46359
15750.0	7.25	13302.84206	14887.91578	14223.72689	13684.53027	13242.23872
15750.0	7.50	13357.30898	14866.42621	14240.56416	13750.91317	13276.91850
15750.0	7.75	13419.78729	14840.43388	14289.73920	13812.33666	13325.11717
15750.0	8.00	13489.80294	14809.66152	14342.62664	13869.65300	13376.85971
15750.0	8.25	13565.39999	14771.46830	14405.64350	13958.40982	13431.31228
15750.0	8.50	13652.38786	14728.49666	14442.65428	14032.14103	13501.09237
15750.0	8.75	13758.64634	14680.41152	14463.49189	14112.39002	13591.66920
15750.0	9.00	13894.92570	14640.13556	14509.29566	14219.84672	13718.26401
15750.0	9.25	14071.06205	14633.63813	14567.08463	14359.86324	13877.10110
15750.0	9.50	14286.81113	14680.63039	14682.83156	14548.59934	14071.91210
16000.0	6.50	13358.31889	15091.87298	14284.19227	13694.26933	13305.21708
16000.0	6.75	13390.28835	15084.13180	14310.84931	13752.71954	13331.80676
16000.0	7.00	13430.85435	15072.56714	14354.20567	13799.44850	13358.45415
16000.0	7.25	13478.74158	15056.73880	14378.55950	13849.80744	13389.96192
16000.0	7.50	13533.20415	15036.14334	14400.30254	13905.13840	13426.47912
16000.0	7.75	13595.53143	15011.74040	14450.87226	13967.03893	13475.25697
16000.0	8.00	13664.63992	14981.73292	14491.38537	14032.61739	13525.95515
16000.0	8.25	13740.83878	14945.27258	14550.54524	14115.56561	13580.07994
16000.0	8.50	13826.12262	14906.65560	14591.69384	14177.14043	13652.51402
16000.0	8.75	13926.36123	14860.46883	14630.98418	14267.12667	13733.12184
16000.0	9.00	14054.02667	14817.72046	14652.78009	14362.12470	13848.68778
16000.0	9.25	14217.19494	14799.19362	14725.11780	14499.75878	14004.42657
16000.0	9.50	14420.22817	14829.66301	14823.85986	14668.04967	14189.03609
16250.0	6.50	13533.54250	15258.91131	14452.44642	13855.44327	13454.86200
16250.0	6.75	13566.30249	15251.63705	14473.51343	13895.50552	13483.12623
16250.0	7.00	13606.92534	15240.79529	14507.86294	13950.22710	13508.22498
16250.0	7.25	13654.68740	15225.43942	14547.52500	14006.02086	13540.28064
16250.0	7.50	13709.53356	15205.78544	14591.45642	14065.35733	13577.08190
16250.0	7.75	13772.30393	15182.45580	14619.36285	14125.94944	13624.99364
16250.0	8.00	13842.09729	15154.52074	14667.42001	14179.76137	13676.83688
16250.0	8.25	13917.31033	15119.49988	14706.71740	14262.12253	13730.93095
16250.0	8.50	14001.05688	15082.58429	14774.87185	14346.11627	13799.47576
16250.0	8.75	14096.98402	15038.28280	14804.30303	14421.45177	13879.17649
16250.0	9.00	14216.30359	14994.17950	14816.81123	14511.98180	13985.54862
16250.0	9.25	14367.31818	14967.24063	14879.60943	14638.67525	14127.80393
16250.0	9.50	14560.78711	14983.19690	14969.82514	14803.45228	14307.48322
16500.0	6.50	13710.42594	15426.01256	14612.02030	14009.40217	13605.91497
16500.0	6.75	13743.57760	15419.13860	14632.93548	14049.63216	13629.14602
16500.0	7.00	13783.29389	15408.79883	14669.45144	14100.52555	13660.63234
16500.0	7.25	13831.14814	15393.81998	14698.51073	14157.97638	13687.01723
16500.0	7.50	13886.05134	15375.17213	14749.53948	14212.72664	13724.59991
16500.0	7.75	13949.16868	15352.62271	14788.13518	14285.05202	13774.92742
16500.0	8.00	14018.62861	15325.76230	14815.67057	14343.81046	13827.32539
16500.0	8.25	14094.63914	15293.28812	14870.13063	14418.16592	13881.77173
16500.0	8.50	14177.71268	15258.04350	14931.29247	14497.62182	13951.24411
16500.0	8.75	14271.93295	15216.41521	14962.31179	14572.46609	14032.41519
16500.0	9.00	14383.84092	15173.42976	15004.41730	14662.92675	14126.70089
16500.0	9.25	14523.79987	15140.47590	15042.14977	14784.65588	14258.76299
16500.0	9.50	14705.02465	15142.55639	15122.34161	14936.69098	14430.83513
16750.0	6.50	13886.95771	15593.20805	14771.73130	14163.97202	13757.11341
16750.0	6.75	13920.38735	15586.95902	14792.55539	14203.92661	13779.39399
16750.0	7.00	13960.76068	15576.97011	14827.68177	14258.83139	13807.36568
16750.0	7.25	14008.60293	15562.79239	14866.70537	14313.28407	13840.88639
16750.0	7.50	14063.86000	15544.64089	14913.42148	14374.67173	13880.76068
16750.0	7.75	14126.81855	15522.98669	14949.53632	14440.26174	13925.96232
16750.0	8.00	14196.62128	15497.16041	14977.53241	14499.23026	13978.86667
16750.0	8.25	14272.81224	15466.68191	15033.86803	14574.74805	14037.37955
16750.0	8.50	14356.04054	15432.71064	15087.15613	14648.03160	14101.38373
16750.0	8.75	14447.95149	15393.28178	15147.40573	14742.34130	14176.63002
16750.0	9.00	14553.82710	15350.02086	15170.66936	14817.33178	14270.34855
16750.0	9.25	14687.79473	15316.70886	15207.98041	14936.84018	14395.55165
16750.0	9.50	14853.56987	15304.09109	15279.12130	15075.87841	14554.80525
17000.0	6.50	14063.74567	15760.38154	14931.54618	14318.67994	13907.22736
17000.0	6.75	14097.66016	15754.79103	14952.48853	14358.52726	13931.69254
17000.0	7.00	14138.11411	15745.10311	14986.01985	14417.52370	13956.04282
17000.0	7.25	14186.21290	15731.57713	15027.21319	14468.36063	13991.76948
17000.0	7.50	14241.41142	15713.99480	15077.37368	14536.84609	14032.21607
17000.0	7.75	14305.01026	15693.36135	15111.26588	14595.85932	14077.35932
17000.0	8.00	14375.29271	15668.42872	15147.29391	14659.42005	14128.38694
17000.0	8.25	14451.80463	15639.66552	15185.21581	14728.53053	14193.21212
17000.0	8.50	14535.18288	15606.92478	15252.34261	14805.45525	14253.77207
17000.0	8.75	14626.95412	15570.05878	15295.63719	14888.27484	14334.46274
17000.0	9.00	14728.34962	15528.15047	15338.64070	14974.73279	14418.29787
17000.0	9.25	14857.59068	15496.37538	15369.29892	15087.96863	14541.01826
17000.0	9.50	15008.44900	15471.34662	15438.16423	15219.49055	14683.39200
17250.0	6.50	14241.90230	15928.90112	15082.85768	14466.01907	14061.81613
17250.0	6.75	14275.73335	15923.62955	15109.78548	14526.16048	14080.77042
17250.0	7.00	14316.45257	15914.34860	15151.13470	14565.20527	14112.63604
17250.0	7.25	14364.83095	15901.33595	15188.89999	14624.31181	14143.53903
17250.0	7.50	14421.51552	15884.36418	15239.68259	14693.40232	14181.96970
17250.0	7.75	14485.38574	15864.27869	15273.73840	14752.43516	14222.90619
17250.0	8.00	14554.70229	15840.35438	15310.33285	14816.31388	14280.91297
17250.0	8.25	14631.14449	15812.65147	15356.72145	14890.28776	14342.53656
17250.0	8.50	14714.82813	15781.15355	15417.35195	14963.12764	14406.33281
17250.0	8.75	14804.60165	15745.63359	15471.08972	15052.40823	14481.96186
17250.0	9.00	14902.57446	15704.15406	15503.93639	15129.97500	14567.29262
17250.0	9.25	15023.16771	15668.91351	15545.99837	15245.83939	14674.65815
17250.0	9.50	15169.99973	15633.38886	15595.87122	15371.16266	14822.76190
17500.0	6.50	14419.38017	16097.50154	15243.75301	14631.00106	14210.65258
17500.0	6.75	14454.19759	16092.62348	15274.97202	14669.97198	14235.51687
17500.0	7.00	14496.15152	16083.62745	15312.56648	14721.11814	14264.27639
17500.0	7.25	14543.94006	16071.27187	15350.85593	14780.66340	14295.62318
17500.0	7.50	14599.80371	16054.90664	15399.46376	14842.52204	14332.14309
17500.0	7.75	14663.97861	16035.42962	15452.90993	14905.70084	14382.95315
17500.0	8.00	14734.75446	16012.29313	15473.53539	14973.55455	14436.83883
17500.0	8.25	14811.48786	15985.58724	15520.58050	15047.85265	14493.86472
17500.0	8.50	14895.04802	15955.33439	15581.09923	15129.21166	14555.87323
17500.0	8.75	14984.19547	15921.18398	15627.53359	15204.03920	14638.24193
17500.0	9.00	15078.77688	15880.65104	15670.22046	15286.98947	14710.39535
17500.0	9.25	15192.85818	15843.64845	15694.35997	15389.54712	14817.67961
17500.0	9.50	15337.75819	15799.43761	15766.85805	15525.51493	14967.12075
17750.0	6.50	14598.32156	16266.28045	15401.80202	14783.93802	14361.31952
17750.0	6.75	14633.09443	16261.83855	15432.51594	14838.60535	14385.94123
17750.0	7.00	14674.54711	16253.34156	15472.50133	14881.84090	14412.17509
17750.0	7.25	14723.28210	16241.28121	15512.96982	14937.25941	14448.50335
17750.0	7.50	14780.35319	16225.65676	15559.44056	14991.93090	14482.65067
17750.0	7.75	14844.72870	16206.68885	15608.84157	15072.25638	14535.79549
17750.0	8.00	14915.34034	16184.29286	15636.89342	15130.98821	14590.08832
17750.0	8.25	14993.15034	16158.56175	15693.05428	15210.45445	14644.68110
17750.0	8.50	15076.16006	16129.50882	15746.64002	15295.14410	14716.76770
17750.0	8.75	15165.86415	16096.74948	15794.18320	15363.15619	14792.19749
17750.0	9.00	15258.79796	16057.64578	15837.56035	15445.73868	14865.87593
17750.0	9.25	15368.34292	16019.82891	15868.07264	15550.01864	14963.75631
17750.0	9.50	15510.77867	15969.11781	15931.51443	15694.79525	15118.35005
18000.0	6.50	14777.32779	16435.46917	15563.37576	14940.36033	14512.45243
18000.0	6.75	14812.03945	16431.39393	15613.75543	14990.03510	14537.15380
18000.0	7.00	14854.36599	16423.38203	15634.77711	15038.86227	14566.22358
18000.0	7.25	14904.03882	16411.79227	15673.51416	15098.74062	14601.23628
18000.0	7.50	14961.07602	16396.64946	15720.37231	15150.01322	14640.09029
18000.0	7.75	15025.70517	16378.22474	15772.35196	15229.90209	14690.29916
18000.0	8.00	15096.69204	16356.56064	15800.77778	15289.02402	14739.23054
18000.0	8.25	15174.45516	16331.67118	15849.32329	15364.24721	14801.84383
18000.0	8.50	15258.44624	16303.66857	15907.08848	15449.56674	14865.74466
18000.0	8.75	15348.54018	16272.30649	15981.95872	15536.92578	14942.28259
18000.0	9.00	15441.52375	16234.90967	16008.97084	15625.17266	15025.03253
18000.0	9.25	15546.50825	16197.18685	16046.46276	15706.85321	15116.43846
18000.0	9.50	15689.46223	16141.26670	16099.47114	15849.86751	15269.70775
18250.0	6.50	14956.26724	16605.03504	15722.29885	15093.65664	14665.64595
18250.0	6.75	14992.58226	16601.25333	15765.74051	15138.13817	14688.30550
18250.0	7.00	15035.26987	16593.76015	15799.46017	15191.80424	14722.12860
18250.0	7.25	15085.07521	16582.65517	15840.81388	15247.62782	14757.54273
18250.0	7.50	15141.74627	16567.91788	15881.60045	15312.07202	14791.09337
18250.0	7.75	15206.96430	16550.06387	15933.50697	15380.25368	14843.28808
18250.0	8.00	15279.02380	16529.03441	15956.45876	15442.66933	14895.91966
18250.0	8.25	15356.76999	16505.00587	16014.17729	15522.91423	14956.18105
18250.0	8.50	15441.52329	16478.12504	16073.11647	15609.23853	15020.70060
18250.0	8.75	15532.61196	16448.13410	16139.14963	15690.50438	15098.54289
18250.0	9.00	15625.13599	16412.50454	16176.32108	15777.31600	15176.32919
18250.0	9.25	15728.40960	16375.70945	16221.74289	15870.99232	15268.94489
18250.0	9.50	15872.48271	16316.05665	16269.32383	16026.94266	15428.93182
18500.0	6.50	15136.19314	16774.89419	15880.78400	15255.34504	14817.41716
18500.0	6.75	15173.05278	16771.48737	15950.18452	15313.41019	14844.51057
18500.0	7.00	15216.23196	16764.41575	15958.31744	15358.43515	14871.69549
18500.0	7.25	15266.61926	16753.86236	16000.12111	15414.64155	14904.74061
18500.0	7.50	15323.81696	16739.64220	16045.57156	15470.55210	14944.98935
18500.0	7.75	15389.37565	16722.34329	16098.00672	15538.97961	14996.14980
18500.0	8.00	15461.08073	16701.82555	16129.55078	15606.28537	15047.24331
18500.0	8.25	15539.92930	16678.76167	16179.60403	15682.36040	15111.14164
18500.0	8.50	15625.85635	16652.80084	16239.41197	15769.32669	15176.07302
18500.0	8.75	15717.51774	16624.18693	16296.30463	15844.16603	15254.23046
18500.0	9.00	15810.34437	16590.35826	16343.89595	15931.28656	15331.60748
18500.0	9.25	15913.05353	16554.88970	16374.59205	16031.45631	15423.97365
18500.0	9.50	16060.93979	16492.90547	16431.97201	16191.02376	15588.77949
18750.0	6.50	15317.41593	16945.25858	16051.54852	15423.80183	14971.72042
18750.0	6.75	15353.59384	16942.24244	16084.94587	15456.47967	14995.07955
18750.0	7.00	15397.88982	16935.65990	16126.17252	15507.78777	15027.76935
18750.0	7.25	15447.87838	16925.47071	16164.06640	15573.31089	15058.40933
18750.0	7.50	15506.01534	16911.71046	16207.72249	15634.08318	15096.93490
18750.0	7.75	15572.48360	16894.91339	16262.88682	15698.24210	15151.28309
18750.0	8.00	15644.08720	16875.14986	16286.08239	15761.05782	15204.89374
18750.0	8.25	15723.38198	16852.83905	16336.69136	15837.32078	15269.96692
18750.0	8.50	15810.27990	16827.66034	16388.44594	15919.97472	15335.42835
18750.0	8.75	15902.67732	16800.38428	16475.40362	16013.03782	15411.58381
18750.0	9.00	15997.38975	16768.63184	16514.05959	16094.49877	15489.73077
18750.0	9.25	16100.22230	16734.93629	16563.83263	16197.51376	15581.07133
18750.0	9.50	16253.30153	16671.40456	16606.41736	16365.57142	15754.69234
19000.0	6.50	15497.40647	17116.18031	16202.39024	15563.86134	15121.48510
19000.0	6.75	15534.72423	17113.36436	16251.77999	15618.49849	15151.61682
19000.0	7.00	15579.18569	17107.20400	16290.13841	15666.47734	15181.18888
19000.0	7.25	15630.69040	17097.56772	16332.90767	15723.20554	15216.33491
19000.0	7.50	15689.49298	17084.46312	16372.72638	15793.77312	15255.42420
19000.0	7.75	15755.93373	17068.17712	16425.41846	15849.77239	15303.38528
19000.0	8.00	15828.76833	17048.83448	16460.63785	15926.11314	15356.88555
19000.0	8.25	15907.51803	17027.20081	16511.82709	16002.75207	15422.41783
19000.0	8.50	15995.37243	17002.95910	16564.44351	16086.17862	15492.46786
19000.0	8.75	16088.69517	16977.01812	16633.10857	16167.62224	15570.80852
19000.0	9.00	16185.31381	16947.16590	16707.02203	16273.50094	15650.39800
19000.0	9.25	16289.48864	16915.57881	16736.55298	16363.06263	15740.59344
19000.0	9.50	16449.35636	16851.22078	16782.75425	16543.14817	15923.86934
19250.0	6.50	15679.81710	17287.38592	16360.44640	15722.33343	15277.32406
19250.0	6.75	15717.65378	17284.92701	16419.38360	15780.78071	15304.03047
19250.0	7.00	15762.07809	17279.26290	16450.19708	15835.07981	15334.23043
19250.0	7.25	15814.25294	17270.16942	16497.97055	15882.79548	15371.58220
19250.0	7.50	15873.58523	17257.51462	16538.13378	15953.85455	15410.75588
19250.0	7.75	15940.99390	17241.74715	16594.51183	16018.57146	15462.63346
19250.0	8.00	16012.87926	17222.98555	16636.11033	16091.76156	15510.74069
19250.0	8.25	16092.67246	17201.85328	16678.54697	16163.61127	15578.72817
19250.0	8.50	16181.56658	17178.60609	16732.14461	16247.94232	15649.67502
19250.0	8.75	16275.76859	17153.96713	16794.99834	16342.20550	15725.73984
19250.0	9.00	16374.34151	17126.12010	16855.81084	16422.90664	15808.26688
19250.0	9.25	16480.29644	17096.80750	16891.47972	16527.68901	15901.52357
19250.0	9.50	16648.68758	17032.06429	16961.57077	16730.37676	16093.28338
19500.0	6.50	15862.34061	17459.21217	16524.37922	15881.34273	15431.41507
19500.0	6.75	15900.47948	17457.16764	16584.18147	15940.26850	15455.47736
19500.0	7.00	15945.74234	17451.96715	16615.23704	15994.99821	15489.50704
19500.0	7.25	15999.09045	17443.30309	16661.32146	16047.73479	15527.97531
19500.0	7.50	16058.99611	17431.22150	16706.42436	16109.69740	15567.23078
19500.0	7.75	16125.60557	17415.90606	16764.35666	16188.36183	15622.61749
19500.0	8.00	16198.74281	17397.73807	16810.60662	16241.38503	15670.40626
19500.0	8.25	16279.24491	17377.31056	16855.51880	16330.50058	15736.78800
19500.0	8.50	16368.57939	17354.80275	16900.43167	16410.31949	15807.36652
19500.0	8.75	16464.17007	17331.35535	16955.32454	16500.54827	15885.92595
19500.0	9.00	16564.26955	17305.50169	17050.75196	16603.86634	15966.57623
19500.0	9.25	16672.45637	17278.57443	17065.25102	16695.22005	16064.01660
19500.0	9.50	16851.86980	17214.23479	17132.20659	16905.43738	16273.32251
19750.0	6.50	16045.27587	17631.69955	16699.04098	16048.76556	15585.34087
19750.0	6.75	16084.27977	17629.94245	16749.49356	16100.24247	15614.53268
19750.0	7.00	16129.63651	17625.17829	16783.08438	16150.55891	15646.26382
19750.0	7.25	16183.40256	17617.08675	16829.82638	16203.64647	15684.20460
19750.0	7.50	16243.89908	17605.51721	16875.45169	16266.06047	15726.50343
19750.0	7.75	16311.91160	17590.64129	16925.31405	16332.54273	15774.93803
19750.0	8.00	16385.24654	17573.07183	16990.39783	16411.15092	15827.64971
19750.0	8.25	16466.40702	17553.40363	17002.63827	16472.80079	15898.56489
19750.0	8.50	16556.19798	17531.59225	17059.89598	16568.10016	15965.01091
19750.0	8.75	16653.07496	17509.23611	17125.30302	16664.55429	16045.13545
19750.0	9.00	16755.36066	17485.53790	17223.59852	16770.21610	16124.70688
19750.0	9.25	16866.09663	17460.95204	17239.76314	16863.72075	16223.25829
19750.0	9.50	17057.11591	17397.28965	17312.91375	17089.82337	16453.66768
20000.0	6.50	16229.61750	17804.75719	16896.84816	16226.01043	15741.79694
20000.0	6.75	16268.81381	17803.31612	16915.40818	16260.82273	15770.10593
20000.0	7.00	16315.09360	17799.22925	16949.52494	16311.81168	15802.58076
20000.0	7.25	16369.59191	17791.60713	16996.83070	16365.19025	15843.75763
20000.0	7.50	16430.53842	17780.65374	17040.66289	16433.14978	15882.35679
20000.0	7.75	16499.05565	17766.18339	17090.80825	16495.78433	15933.20712
20000.0	8.00	16573.13586	17749.12491	17147.09238	16566.10799	15987.92963
20000.0	8.25	16655.13705	17730.25635	17183.49482	16625.57408	16061.17168
20000.0	8.50	16745.25426	17709.10974	17229.39631	16731.96803	16124.16614
20000.0	8.75	16842.99086	17687.83813	17295.95391	16829.34091	16205.08559
20000.0	9.00	16947.26254	17666.06521	17345.78573	16922.69514	16298.40268
20000.0	9.25	17060.91132	17643.98068	17414.93017	17033.02243	16389.21014
20000.0	9.50	17264.69871	17581.42909	17494.94981	17276.12240	16634.19997
21000.0	6.50	16978.45638	18512.87163	17539.61453	16863.57704	16365.97811
21000.0	6.75	17020.25736	18512.65038	17580.57770	16914.12583	16404.69489
21000.0	7.00	17069.06671	18510.10965	17636.67069	16971.55410	16438.51218
21000.0	7.25	17126.70658	18504.30911	17673.08131	17034.96436	16478.33450
21000.0	7.50	17190.73478	18495.37181	17723.96697	17094.54892	16526.67135
21000.0	7.75	17261.99187	18483.05612	17774.21454	17164.39361	16578.01151
21000.0	8.00	17338.97817	18468.04205	17809.85828	17234.92790	16636.66830
21000.0	8.25	17423.99626	18451.55040	17847.61670	17313.62584	16694.68617
21000.0	8.50	17517.19339	18432.90882	17931.09764	17407.05744	16774.24507
21000.0	8.75	17617.49423	18414.45197	17990.95886	17501.50993	16858.23743
21000.0	9.00	17724.66884	18396.21928	18043.13069	17597.12689	16955.68830
21000.0	9.25	17843.17135	18379.37084	18117.27638	17711.53551	17043.83068
21000.0	9.50	18039.91784	18328.66136	18209.52171	17947.67313	17269.45355
22000.0	6.50	17743.66684	19236.51843	18219.31422	17518.40100	17017.82773
22000.0	6.75	17788.61906	19237.37001	18271.65216	17583.65222	17056.05782
22000.0	7.00	17840.69315	19236.43778	18326.39506	17641.45764	17086.20432
22000.0	7.25	17901.92123	19232.51255	18375.84913	17704.24167	17130.68025
22000.0	7.50	17969.75955	19225.92721	18419.64266	17776.30544	17177.23283
22000.0	7.75	18044.53160	19216.19884	18478.20333	17837.24716	17233.87250
22000.0	8.00	18125.08500	19203.48981	18527.42867	17900.69720	17295.60412
22000.0	8.25	18213.00562	19189.56100	18551.73341	17997.00669	17358.82755
22000.0	8.50	18308.45344	19173.79277	18651.02425	18099.33010	17434.31242
22000.0	8.75	18412.03249	19158.32004	18691.58914	18184.26829	17525.83687
22000.0	9.00	18524.86254	19143.07214	18779.21356	18287.76922	17618.92326
22000.0	9.25	18646.68247	19130.86437	18830.13311	18396.13473	17718.59002
22000.0	9.50	18835.61599	19092.14388	18918.33511	18615.50589	17924.18236
23000.0	6.50	18531.32812	19979.37399	18923.48885	18207.74039	17677.49611
23000.0	6.75	18577.94091	19981.38116	19007.25300	18274.84219	17714.25862
23000.0	7.00	18633.10115	19982.11485	19042.71349	18331.33688	17751.40928
23000.0	7.25	18698.39722	19980.37865	19090.15855	18395.11990	17798.98475
23000.0	7.50	18770.34245	19976.31864	19153.35715	18468.72838	17845.28249
23000.0	7.75	18848.70748	19969.70603	19206.03817	18545.30157	17908.69723
23000.0	8.00	18934.36124	19959.76019	19272.05011	18626.03310	17975.25529
23000.0	8.25	19026.48523	19948.96736	19276.20353	18700.28095	18039.88538
23000.0	8.50	19126.78527	19936.30827	19363.44112	18788.90555	18120.57476
23000.0	8.75	19235.30586	19924.27711	19429.56246	18889.51958	18214.58076
23000.0	9.00	19352.64692	19912.24587	19527.00785	19007.18406	18316.49796
23000.0	9.25	19478.02512	19904.85494	19575.65804	19123.53701	18407.97430
23000.0	9.50	19657.46469	19878.91160	19669.80146	19320.44720	18588.94735
24000.0	6.50	19343.60887	20746.83251	19668.97134	18899.44367	18359.16929
24000.0	6.75	19393.89211	20750.03121	19711.74631	18977.08429	18395.61215
24000.0	7.00	19452.59656	20752.47944	19762.37346	19037.72969	18439.79949
24000.0	7.25	19522.16664	20753.26848	19837.33653	19111.61220	18485.92750
24000.0	7.50	19598.20471	20752.20372	19889.74593	19183.13446	18541.85126
24000.0	7.75	19682.81017	20749.23355	19955.50109	19264.78549	18605.26358
24000.0	8.00	19773.17008	20742.70763	20020.64351	19341.92742	18677.62932
24000.0	8.25	19870.45690	20735.64653	20080.57618	19437.25131	18751.57131
24000.0	8.50	19976.38669	20727.06357	20118.99406	19520.38325	18826.89649
24000.0	8.75	20088.10037	20719.10241	20211.17711	19626.97460	18922.29018
24000.0	9.00	20211.28186	20710.85742	20280.37555	19740.15995	19025.30135
24000.0	9.25	20343.26991	20708.81560	20343.65528	19868.08364	19128.08220
24000.0	9.50	20507.89501	20697.27059	20425.31361	20031.05138	19288.13402
25000.0	6.50	20192.62217	21545.38607	20423.87554	19648.00384	19068.04250
25000.0	6.75	20246.43003	21549.94911	20484.27021	19728.15536	19104.87388
25000.0	7.00	20306.95834	21554.27492	20525.52705	19775.30560	19152.78300
25000.0	7.25	20380.94993	21557.88102	20594.46184	19848.89228	19203.83969
25000.0	7.50	20463.00503	21560.18054	20655.77918	19926.18901	19260.12584
25000.0	7.75	20552.11341	21561.55424	20726.67481	20012.71056	19325.74251
25000.0	8.00	20648.79737	21559.11245	20799.28400	20098.74080	19406.21792
25000.0	8.25	20752.77775	21556.84380	20869.56025	20195.20379	19490.03539
25000.0	8.50	20864.09654	21553.64709	20908.40857	20284.89261	19572.23769
25000.0	8.75	20983.77901	21550.51052	21014.49711	20411.01599	19671.52502
25000.0	9.00	21111.77581	21546.95785	21053.58451	20515.80524	19778.47740
25000.0	9.25	21250.45031	21551.18298	21148.09424	20648.63381	19887.81293
25000.0	9.50	21401.61925	21556.07483	21229.23654	20785.16088	20012.19048
26000.0	6.50	21108.11677	22409.33012	21244.78313	20441.05591	19835.35453
26000.0	6.75	21158.39296	22411.84203	21257.63612	20509.68191	19874.27693
26000.0	7.00	21221.48199	22414.27191	21357.41600	20586.08141	19913.83184
26000.0	7.25	21296.22757	22415.68859	21418.21789	20643.85065	19967.82105
26000.0	7.50	21375.39434	22415.53379	21483.67729	20725.46825	20026.98922
26000.0	7.75	21463.84474	22413.64969	21546.98647	20808.03715	20089.46826
26000.0	8.00	21558.86435	22408.35805	21603.50603	20885.85965	20169.97836
26000.0	8.25	21662.73228	22402.52643	21639.12386	20974.79153	20241.75384
26000.0	8.50	21770.06393	22396.00601	21690.70628	21096.75495	20328.18655
26000.0	8.75	21890.10192	22390.41911	21817.97000	21191.16454	20425.75674
26000.0	9.00	22016.86128	22384.33169	21866.15713	21301.24626	20523.57662
26000.0	9.25	22153.25588	22386.04747	21944.46856	21424.14238	20637.09039
26000.0	9.50	22299.60054	22388.86380	22022.42963	21555.86124	20756.48545
27000.0	6.50	22060.03867	23301.73064	22080.98387	21263.47659	20631.24322
27000.0	6.75	22115.09801	23305.38997	22129.51410	21322.33445	20678.14360
27000.0	7.00	22182.55074	23310.17878	22201.43637	21400.50516	20721.06378
27000.0	7.25	22260.84075	23315.21338	22275.87098	21494.16021	20778.69023
27000.0	7.50	22350.69077	23319.38621	22345.23841	21561.11672	20841.59495
27000.0	7.75	22447.03872	23322.36254	22420.07110	21655.55684	20915.62023
27000.0	8.00	22548.94704	23322.92546	22491.93181	21749.15546	20984.09056
27000.0	8.25	22658.82625	23323.11787	22568.89851	21843.73717	21067.72566
27000.0	8.50	22776.59150	23323.02326	22597.99734	21940.43746	21169.43167
27000.0	8.75	22901.95735	23324.06233	22688.83637	22046.23353	21270.65520
27000.0	9.00	23037.31381	23324.43159	22782.83122	22175.70237	21378.66899
27000.0	9.25	23180.85974	23332.49986	22897.27618	22311.01949	21500.65650
27000.0	9.50	23333.48772	23342.50789	22956.13012	22438.47024	21627.93448
28000.0	6.50	23089.54051	24256.52395	23024.36312	22153.78527	21499.75090
28000.0	6.75	23147.07346	24260.45985	23039.47827	22224.64228	21535.52052
28000.0	7.00	23218.35767	24266.85413	23103.63139	22284.66145	21593.05981
28000.0	7.25	23302.01192	24275.42368	23185.85861	22375.59088	21645.74990
28000.0	7.50	23395.26449	24283.55808	23281.48021	22472.63442	21720.24886
28000.0	7.75	23498.65211	24290.86321	23349.24681	22560.54175	21797.57030
28000.0	8.00	23608.66790	24297.39374	23426.94901	22660.84642	21878.57251
28000.0	8.25	23726.17674	24303.78394	23512.86888	22778.27638	21970.25792
28000.0	8.50	23851.44590	24310.25370	23548.74190	22871.24775	22081.34037
28000.0	8.75	23984.44527	24317.99995	23674.19573	22981.82705	22194.23294
28000.0	9.00	24126.89171	24325.04958	23753.89545	23118.64266	22311.67751
28000.0	9.25	24276.95406	24339.08399	23868.33569	23260.99564	22429.22266
28000.0	9.50	24434.82058	24355.91816	23955.80181	23402.65534	22555.74293
29000.0	6.50	24202.19350	25278.89816	24012.01509	23134.72220	22442.48415
29000.0	6.75	24258.93149	25281.01540	24034.89923	23181.68450	22479.69822
29000.0	7.00	24331.89076	25287.73572	24093.17510	23253.78255	22538.31075
29000.0	7.25	24418.31311	25297.69407	24178.21514	23347.91505	22593.71366
29000.0	7.50	24515.61201	25308.04371	24251.38406	23437.79841	22673.80215
29000.0	7.75	24623.23336	25318.35608	24349.45919	23540.77171	22759.05214
29000.0	8.00	24737.34435	25329.07979	24424.10131	23639.00921	22851.07279
29000.0	8.25	24860.04043	25339.36429	24510.26588	23752.77155	22941.84600
29000.0	8.50	24989.75688	25350.77956	24590.00836	23875.37632	23056.29866
29000.0	8.75	25127.10555	25363.13484	24689.28451	24000.19034	23163.82187
29000.0	9.00	25270.14083	25374.61641	24771.14244	24119.84584	23282.52752
29000.0	9.25	25424.26089	25392.23979	24867.46914	24246.45051	23417.12239
29000.0	9.50	25582.69167	25413.06939	24977.56120	24407.58272	23545.97415
30000.0	6.50	25388.07076	26358.76132	25053.07665	24179.58933	23463.59498
30000.0	6.75	25440.81000	26356.26043	25087.72642	24219.73717	23499.67390
30000.0	7.00	25510.50882	26360.01317	25146.67137	24277.71173	23547.30424
30000.0	7.25	25595.17763	26368.38115	25231.16847	24350.68776	23625.88963
30000.0	7.50	25691.41668	26377.46413	25316.26418	24494.60080	23684.65293
30000.0	7.75	25798.66549	26386.92826	25398.09646	24575.38513	23781.58160
30000.0	8.00	25912.21013	26397.89165	25478.95344	24680.83669	23868.43570
30000.0	8.25	26031.10210	26408.55665	25555.07248	24784.16283	23967.86326
30000.0	8.50	26161.61651	26420.50167	25647.84850	24912.84435	24076.84842
30000.0	8.75	26293.87718	26433.26936	25740.40380	25045.63468	24189.82577
30000.0	9.00	26438.92613	26444.54896	25819.31775	25139.66077	24313.46596
30000.0	9.25	26587.49912	26460.87399	25906.45354	25296.35929	24433.96841
30000.0	9.50	26739.34044	26480.86935	26013.88811	25430.61419	24560.63118
32000.0	6.50	27785.20022	28539.14770	27212.46191	26332.35744	25569.29114
32000.0	6.75	27823.53278	28521.16683	27265.22166	26362.69952	25595.05382
32000.0	7.00	27875.29107	28510.59621	27241.45498	26422.61907	25637.00403
32000.0	7.25	27943.59930	28505.11838	27296.90705	26506.45028	25681.27428
32000.0	7.50	28025.45118	28502.08430	27375.56849	26542.14249	25751.26861
32000.0	7.75	28115.38457	28500.28843	27486.73234	26622.55654	25816.78917
32000.0	8.00	28212.98859	28500.29608	27553.90684	26714.23506	25903.66257
32000.0	8.25	28320.39126	28500.84493	27649.02122	26832.51134	25991.12197
32000.0	8.50	28430.32373	28502.94456	27681.79047	26917.51685	26089.24092
32000.0	8.75	28551.14291	28505.71694	27743.43695	27056.56480	26181.35463
32000.0	9.00	28675.17107	28507.43186	27819.75147	27170.25465	26287.97908
32000.0	9.25	28801.09778	28512.32925	27931.05695	27273.15560	26399.82559
32000.0	9.50	28931.98137	28520.36064	27935.49263	27390.36941	26516.03975
34000.0	6.50	29998.50522	30555.86525	29248.27183	28334.23963	27575.83765
34000.0	6.75	30010.51662	30519.48533	29242.74188	28339.46115	27578.54020
34000.0	7.00	30040.85511	30489.45377	29270.88053	28382.86589	27582.91302
34000.0	7.25	30085.32346	30464.52765	29264.94638	28409.26937	27625.33690
34000.0	7.50	30140.59283	30443.75545	29305.04350	28448.80505	27657.24919
34000.0	7.75	30210.02879	30424.35078	29423.97221	28544.13746	27705.83639
34000.0	8.00	30285.70513	30407.22145	29442.26849	28591.17053	27778.22130
34000.0	8.25	30368.20015	30391.05211	29490.73992	28667.15640	27861.95219
34000.0	8.50	30455.44460	30377.46808	29541.37722	28749.01772	27927.68266
34000.0	8.75	30549.57908	30364.91006	29578.42373	28838.30065	27996.97560
34000.0	9.00	30649.84071	30352.30727	29629.84058	28929.07001	28088.96112
34000.0	9.25	30753.59546	30340.97300	29627.70897	29025.34309	28173.32640
34000.0	9.50	30861.17342	30333.76006	29719.99596	29157.24230	28255.39008
35000.0	6.50	30997.47774	31471.93156	30169.98667	29233.37250	28486.13824
35000.0	6.75	30996.57842	31426.36824	30147.44167	29244.68370	28478.82722
35000.0	7.00	31017.21024	31387.31951	30141.24313	29288.24711	28483.58610
35000.0	7.25	31049.32092	31353.17190	30117.16995	29317.45592	28505.48389
35000.0	7.50	31098.83273	31323.97516	30173.42869	29336.65151	28536.43868
35000.0	7.75	31151.52925	31296.19762	30174.50628	29411.62987	28570.20169
35000.0	8.00	31214.49186	31270.78107	30357.06220	29490.94612	28631.08156
35000.0	8.25	31289.87827	31247.04489	30365.93962	29533.23179	28691.08515
35000.0	8.50	31364.56066	31225.92310	30377.78970	29580.78227	28756.27890
35000.0	8.75	31451.75773	31206.10911	30447.83342	29680.62225	28811.08301
35000.0	9.00	31537.37051	31187.25497	30447.32414	29740.65303	28894.00149
35000.0	9.25	31634.67335	31168.37403	30456.85208	29845.15414	28974.41187
35000.0	9.50	31731.84405	31154.54228	30495.04597	29932.35217	29055.73434
36000.0	6.50	31953.15250	32358.39931	31049.81810	30108.51945	29359.22786
36000.0	6.75	31947.76961	32303.60494	31028.15148	30122.28139	29343.98292
36000.0	7.00	31953.64627	32256.16114	31000.59483	30144.15754	29334.80585
36000.0	7.25	31980.23439	32212.92803	31034.99543	30156.25287	29343.91305
36000.0	7.50	32011.78123	32175.32208	31046.40649	30145.84669	29361.77066
36000.0	7.75	32061.93709	32138.96655	31073.39019	30230.80648	29398.48956
36000.0	8.00	32111.38802	32105.85446	31182.42801	30308.84024	29446.21670
36000.0	8.25	32172.68460	32074.29743	31211.93788	30365.52554	29483.76582
36000.0	8.50	32245.67226	32045.53170	31213.60078	30403.53530	29537.08210
36000.0	8.75	32315.36961	32018.90752	31276.64670	30494.91994	29594.27194
36000.0	9.00	32399.29138	31992.48563	31228.65566	30539.18930	29668.78461
36000.0	9.25	32478.95669	31967.61350	31264.32817	30597.06532	29751.70628
36000.0	9.50	32570.81673	31946.82442	31264.44058	30694.97850	29816.05856
38000.0	6.50	33697.91031	33981.76680	32675.58168	31707.47435	30954.21292
38000.0	6.75	33675.24589	33910.62215	32620.51600	31708.56124	30908.74942
38000.0	7.00	33662.05134	33847.21978	32573.91809	31712.59741	30898.23580
38000.0	7.25	33671.61318	33789.00820	32581.15045	31693.73751	30888.20998
38000.0	7.50	33684.35596	33736.16251	32587.98750	31675.40334	30891.97376
38000.0	7.75	33712.76570	33685.06394	32593.76423	31699.60016	30924.20893
38000.0	8.00	33753.67327	33638.33902	32569.51756	31761.16802	30938.17733
38000.0	8.25	33793.05043	33593.17044	32710.29816	31849.99285	30967.98379
38000.0	8.50	33849.93348	33551.54130	32694.63537	31870.43210	31000.58310
38000.0	8.75	33902.98456	33512.85166	32745.64677	31947.71690	31047.54641
38000.0	9.00	33970.83407	33473.97471	32729.89908	31978.43599	31105.52903
38000.0	9.25	34038.60751	33438.70117	32714.61917	32044.25159	31161.97366
38000.0	9.50	34106.51493	33406.74435	32708.24350	32120.45294	31199.00158
40000.0	6.50	35263.56517	35446.39181	34099.73103	33201.11849	32402.58187
40000.0	6.75	35220.62259	35359.99893	34063.38599	33120.52266	32347.89983
40000.0	7.00	35194.28679	35282.29768	34028.64606	33096.25361	32313.63227
40000.0	7.25	35184.17738	35210.60290	34002.34417	33067.65422	32281.01545
40000.0	7.50	35189.71257	35144.55796	33983.69640	33107.28202	32289.32459
40000.0	7.75	35198.41383	35080.87625	33895.79336	33125.10656	32267.34647
40000.0	8.00	35221.01715	35022.89193	33965.13304	33156.98006	32286.35425
40000.0	8.25	35254.52279	34966.16207	33930.95535	33141.69770	32312.87505
40000.0	8.50	35289.07420	34914.38327	34069.45128	33226.62652	32331.37285
40000.0	8.75	35333.28771	34865.82070	34007.42887	33208.49701	32367.51782
40000.0	9.00	35383.38386	34817.12233	34010.74029	33253.57439	32415.61850
40000.0	9.25	35442.58129	34773.45473	34017.53735	33334.53287	32450.77957
40000.0	9.50	35503.13284	34732.40391	34019.83030	33385.95743	32485.91317
45000.0	6.50	38742.28019	38717.97188	37291.30528	36379.35668	35614.49824
45000.0	6.75	38655.99387	38595.62360	37357.90422	36357.61950	35518.43844
45000.0	7.00	38596.63785	38482.40388	37180.88210	36260.72802	35449.93227
45000.0	7.25	38547.89736	38377.24588	37121.94706	36215.75993	35396.68051
45000.0	7.50	38510.09846	38280.53328	37077.04553	36136.49943	35340.92837
45000.0	7.75	38490.78174	38190.33839	36945.28792	36169.87001	35330.72674
45000.0	8.00	38487.48093	38105.44022	36955.14766	36126.74337	35301.74329
45000.0	8.25	38482.53171	38025.39442	36982.97425	36123.81676	35300.02020
45000.0	8.50	38492.49140	37951.02154	36948.04332	36095.34240	35279.25113
45000.0	8.75	38516.12447	37880.98260	36999.83428	36167.01176	35294.16597
45000.0	9.00	38541.64112	37813.60619	36979.98999	36185.43797	35306.33470
45000.0	9.25	38572.18425	37751.25772	36961.90513	36209.77404	35316.11905
45000.0	9.50	38609.59895	37695.50827	36905.54461	36243.19242	35337.20523
50000.0	6.50	41807.12726	41627.26035	40115.61948	39275.64664	38455.83495
50000.0	6.75	41686.45393	41464.24282	40083.43250	39141.04324	38333.83998
50000.0	7.00	41583.12497	41313.32350	40046.29658	39046.45640	38221.87086
50000.0	7.25	41492.69658	41176.62484	39888.53382	38936.51166	38133.72603
50000.0	7.50	41427.97520	41049.47442	39792.71267	38918.61109	38072.71214
50000.0	7.75	41377.45433	40932.52380	39697.18301	38857.14028	37997.05975
50000.0	8.00	41347.24694	40824.36385	39622.95398	38779.04187	37956.13413
50000.0	8.25	41322.15489	40722.12149	39572.72203	38752.96919	37906.32891
50000.0	8.50	41311.93310	40629.99467	39580.70798	38759.97882	37890.03330
50000.0	8.75	41308.53698	40544.29776	39491.11245	38725.86189	37880.07187
50000.0	9.00	41308.71063	40461.23077	39513.52294	38724.65575	37878.10702
50000.0	9.25	41322.34184	40385.88449	39478.17641	38729.15788	37874.22818
50000.0	9.50	41348.71930	40317.85664	39435.97288	38765.91250	37867.12195
60000.0	6.50	47375.62667	46934.22296	45561.91200	44524.64083	43731.58743
60000.0	6.75	47148.67148	46674.91433	45334.04160	44300.64051	43482.61346
60000.0	7.00	46951.15818	46437.23278	45048.95527	44103.56827	43258.67806
60000.0	7.25	46776.58960	46219.71912	44878.14630	43906.18046	43077.48037
60000.0	7.50	46646.43529	46027.89384	44797.61672	43797.17591	42952.97089
60000.0	7.75	46523.64388	45851.03517	44540.97259	43691.26546	42835.58989
60000.0	8.00	46436.50521	45688.83562	44449.74348	43558.57209	42709.15350
60000.0	8.25	46353.99833	45545.13228	44314.96647	43443.36345	42634.41061
60000.0	8.50	46302.62541	45409.13274	44217.13625	43402.06079	42563.55288
60000.0	8.75	46258.05811	45290.44139	44199.37170	43381.16354	42505.28017
60000.0	9.00	46227.38302	45178.13987	44128.10482	43342.45755	42447.64656
60000.0	9.25	46201.59328	45078.81134	44087.55575	43354.01896	42427.26946
60000.0	9.50	46194.62922	44987.40428	44030.35630	43256.84240	42398.86025
70000.0	6.50	53013.83021	52309.46931	50770.68276	49771.54388	48980.07873
70000.0	6.75	52682.31599	51957.20184	50634.66062	49542.55371	48675.51071
70000.0	7.00	52389.60950	51628.59166	50344.63411	49268.31751	48391.18699
70000.0	7.25	52015.13799	51219.18761	49800.50288	48885.50084	47990.88628
70000.0	7.50	51684.35124	50838.87096	49465.97642	48518.97135	47677.94887
70000.0	7.75	51759.35377	50832.89908	49551.03673	48545.95271	47737.74134
70000.0	8.00	51593.98225	50616.14650	49319.58311	48410.68357	47548.75901
70000.0	8.25	51471.07584	50420.04199	49191.15392	48238.26375	47431.96643
70000.0	8.50	51357.81039	50249.74011	49142.64458	48193.26143	47303.48063
70000.0	8.75	51270.58701	50093.87340	48841.93406	48092.78898	47201.74224
70000.0	9.00	51199.69584	49952.42953	48733.22347	48017.50192	47105.75568
70000.0	9.25	51146.70625	49828.89303	48807.30848	47961.81134	47033.88022
70000.0	9.50	51117.34214	49718.54423	48770.58254	47953.04691	46958.08941
80000.0	6.50	58050.57205	57152.24628	55498.96610	54519.66001	53609.81569
80000.0	6.75	57583.78228	56668.63373	55216.98833	54076.50667	53184.05853
80000.0	7.00	57185.60966	56226.49401	54873.27184	53738.98402	52793.95129
80000.0	7.25	56682.13258	55700.12493	54316.05946	53209.27381	52327.32687
80000.0	7.50	56235.39313	55214.15335	53763.31451	52774.59334	51906.60101
80000.0	7.75	56262.15834	55164.90931	53755.17508	52834.19277	51872.56551
80000.0	8.00	56032.78125	54880.61262	53689.11169	52633.20651	51657.52620
80000.0	8.25	55829.78353	54628.29817	53286.45054	52364.73142	51485.91812
80000.0	8.50	55665.74595	54402.58368	53095.37804	52198.16998	51317.83774
80000.0	8.75	55538.20051	54203.42740	53112.49634	52137.74193	51136.28208
80000.0	9.00	55414.08756	54024.57883	52702.73961	51964.21337	51034.05530
80000.0	9.25	55324.63801	53868.02423	52565.67059	51863.67072	50927.80359
80000.0	9.50	55255.51675	53729.72357	52466.24160	51742.14796	50857.62532
