Teff	log(g)	T_BB_us	T_BB_gs	T_BB_rs	T_BB_is	T_BB_zs
3750.0	5.00	3946.65946	3962.77015	3900.52205	3875.87318	3847.55012
4000.0	5.00	4161.37536	4160.81833	4093.15008	4067.67171	4042.09063
4250.0	5.00	4397.85001	4384.47443	4312.00999	4284.65981	4261.21778
4500.0	5.00	4657.72401	4632.00787	4554.00381	4523.97401	4502.89006
4750.0	5.00	4943.44599	4898.45475	4810.17261	4775.15389	4756.32078
5000.0	5.00	5243.05676	5194.28974	5092.38181	5050.90067	5034.04699
5250.0	5.00	5549.91182	5470.17040	5351.32964	5302.34506	5287.05290
5500.0	5.00	5837.93804	5740.49728	5606.97034	5551.17902	5537.43512
5750.0	5.00	6113.40201	6008.08215	5860.49137	5797.69722	5785.54645
6000.0	5.00	6377.78819	6274.98882	6113.12018	6043.12491	6032.41177
6250.0	5.00	6630.43421	6543.25467	6366.20594	6288.59821	6278.90609
6500.0	5.00	6868.89643	6813.69517	6621.12111	6535.15047	6525.91462
7000.0	5.00	7302.85528	7368.56556	7145.34994	7039.20725	7028.10399
7500.0	5.00	7694.49291	7952.10772	7697.92745	7563.60498	7545.48120
8000.0	5.00	8066.79881	8567.21058	8277.42779	8102.38188	8072.49762
8500.0	5.00	8439.29670	9207.22641	8866.95441	8633.39715	8588.73903
9000.0	5.00	8807.33944	9864.09642	9423.43447	9103.37239	9043.46942
9500.0	5.00	9116.97721	10452.04247	9823.52678	9404.63788	9333.04527
10000.0	5.00	9462.22438	10919.30314	10204.69913	9725.98254	9652.38085
10500.0	5.00	9827.14023	11320.09731	10565.88882	10056.81519	9988.41372
11000.0	5.00	10210.36126	11698.14391	10912.86710	10381.89593	10323.52432
11500.0	5.00	10601.56767	12060.97205	11253.26878	10706.49789	10660.13284
12000.0	5.00	10962.90323	12406.82060	11579.02984	11016.24674	10976.54468
12500.0	5.00	11324.00996	12747.58605	11904.55171	11329.68898	11294.95682
13000.0	5.00	11676.59497	13082.74981	12226.12132	11640.65735	11607.54505
13500.0	5.00	12024.83572	13415.82616	12546.62874	11951.24908	11918.30330
14000.0	5.00	12368.82715	13746.84656	12865.38687	12260.37032	12226.44563
14500.0	5.00	12712.76154	14077.31613	13183.99170	12569.67508	12534.06507
15000.0	5.00	13053.73464	14406.83155	13501.27256	12877.38683	12840.18238
15500.0	5.00	13396.14475	14736.95660	13819.32321	13186.14190	13146.94539
16000.0	5.00	13740.32906	15068.02320	14138.38076	13496.11554	13454.91914
16500.0	5.00	14083.74638	15399.51423	14457.43688	13805.56135	13762.87033
17000.0	5.00	14430.18345	15733.16181	14778.64951	14117.34096	14073.19077
20000.0	5.00	16564.01870	17783.94963	16750.15299	16029.61619	15979.74684
25000.0	5.00	20518.69485	21574.02135	20378.98808	19537.77705	19486.09235
30000.0	5.00	25832.38255	26564.87120	25236.72137	24272.02422	24247.76697
35000.0	5.00	31731.35085	32019.56426	30743.58518	29779.82680	29898.80423
40000.0	5.00	36221.37058	36243.07235	34970.29173	33992.79757	34235.44103
45000.0	5.00	39980.81362	39808.34469	38515.01028	37515.04164	37862.21542
50000.0	5.00	43468.33824	43128.74220	41804.85907	40777.42230	41220.84955
55000.0	5.00	46744.19850	46252.69678	44888.40752	43826.54616	44354.89879
60000.0	5.00	49969.22147	49329.15283	47911.32762	46805.09220	47409.36289
3750.0	5.25	3969.71068	3979.70895	3914.99455	3888.87087	3859.70845
4000.0	5.25	4176.19069	4171.23470	4101.94598	4075.72795	4049.77601
4250.0	5.25	4406.81163	4389.88492	4316.29601	4288.54123	4264.89248
4500.0	5.25	4660.54083	4632.50789	4554.08564	4524.02116	4502.78906
4750.0	5.25	4937.03184	4893.70690	4807.42317	4773.50670	4754.76912
5000.0	5.25	5226.78791	5188.53720	5091.29791	5051.91279	5035.45576
5250.0	5.25	5538.99894	5464.51551	5349.61603	5302.98395	5288.20172
5500.0	5.25	5830.27003	5734.88634	5605.05123	5551.75967	5538.58593
5750.0	5.25	6106.42900	6001.01419	5857.77310	5798.09671	5786.61808
6000.0	5.25	6371.20265	6265.75356	6109.44362	6043.27707	6033.41531
6250.0	5.25	6625.06507	6531.24150	6361.45821	6288.33543	6279.74201
6500.0	5.25	6866.28599	6798.65933	6614.69650	6534.11729	6526.19915
7000.0	5.25	7307.91710	7345.31461	7133.00567	7034.62018	7025.20902
7500.0	5.25	7704.43501	7917.57993	7676.73059	7553.70679	7536.92742
8000.0	5.25	8077.13356	8520.83125	8248.11563	8089.15440	8058.11404
8500.0	5.25	8443.87014	9149.52771	8834.87692	8625.02372	8575.06514
9000.0	5.25	8808.09247	9788.00918	9401.35876	9118.27866	9045.93786
9500.0	5.25	9121.02169	10387.09424	9849.37587	9471.49633	9377.91749
10000.0	5.25	9416.39127	10886.85829	10211.15658	9753.69575	9650.65626
10500.0	5.25	9771.71668	11305.16098	10580.09149	10085.32483	9982.84138
11000.0	5.25	10141.20347	11688.38887	10928.32791	10409.20908	10312.86724
11500.0	5.25	10516.08644	12052.71544	11264.71074	10726.07726	10638.00385
12000.0	5.25	10886.78735	12403.84541	11594.00335	11039.37920	10959.08369
12500.0	5.25	11249.35336	12746.18509	11918.85819	11350.89282	11276.23555
13000.0	5.25	11603.59645	13081.97745	12239.68846	11660.05549	11588.41151
13500.0	5.25	11952.53722	13415.09383	12559.34558	11969.20464	11898.88902
14000.0	5.25	12297.73176	13746.03212	12877.57563	12277.43501	12207.17123
14500.0	5.25	12640.77871	14075.71568	13194.92941	12585.06876	12514.31256
15000.0	5.25	12982.85684	14404.90988	13511.90936	12892.59909	12820.88709
15500.0	5.25	13324.62208	14733.94714	13828.69994	13199.99185	13127.02872
16000.0	5.25	13667.39971	15064.04578	14146.63176	13508.58095	13434.58021
16500.0	5.25	14011.28461	15394.90340	14465.26948	13817.84178	13742.76618
17000.0	5.25	14356.37593	15726.88102	14784.79237	14127.98527	14052.00155
20000.0	5.25	16483.03384	17768.68176	16748.50625	16033.14463	15955.07889
25000.0	5.25	20407.84298	21525.65197	20349.53065	19516.83273	19442.17764
30000.0	5.25	25617.53422	26414.07689	25106.39321	24153.76056	24111.34774
35000.0	5.25	31441.32024	31788.86023	30524.91269	29569.29137	29672.19883
40000.0	5.25	35877.81489	35955.61463	34695.24471	33727.66853	33957.53017
45000.0	5.25	39552.65406	39435.82952	38159.18789	37173.90117	37511.37266
50000.0	5.25	42928.53329	42647.67019	41349.18902	40344.77223	40782.73900
55000.0	5.25	46056.99992	45630.89767	44305.26916	43278.67357	43807.47185
60000.0	5.25	49091.93105	48528.45942	47169.63941	46116.06315	46729.58268
3750.0	5.50	3993.76142	3998.25048	3931.21727	3903.48087	3873.30384
4000.0	5.50	4191.22052	4182.56900	4111.86079	4084.89875	4058.54582
4250.0	5.50	4415.87320	4396.11053	4321.59722	4293.47505	4269.62071
4500.0	5.50	4664.20402	4633.94773	4555.01152	4524.83309	4503.43779
4750.0	5.50	4933.16730	4890.56442	4805.53053	4772.32323	4753.60798
5000.0	5.50	5208.33856	5183.38034	5091.14212	5053.87566	5037.78539
5250.0	5.50	5526.60041	5459.26668	5348.67573	5304.41546	5290.16352
5500.0	5.50	5822.36308	5730.01315	5603.90301	5553.05306	5540.45819
5750.0	5.50	6100.67891	5995.54186	5856.21987	5799.24737	5788.40721
6000.0	5.50	6366.34696	6258.53023	6106.80068	6044.15411	6035.07385
6250.0	5.50	6621.13457	6521.53577	6357.65679	6288.75927	6281.22673
6500.0	5.50	6864.30565	6785.92511	6609.52625	6533.94776	6527.40353
7000.0	5.50	7312.91717	7324.79238	7122.59107	7031.23153	7023.81018
7500.0	5.50	7716.04832	7886.35856	7657.97622	7545.19802	7530.76993
8000.0	5.50	8090.79135	8477.28201	8220.51783	8076.51302	8047.19856
8500.0	5.50	8455.02700	9094.47839	8802.35579	8614.03290	8563.30171
9000.0	5.50	8814.50107	9725.47181	9377.71727	9126.56143	9050.13722
9500.0	5.50	9151.85367	10339.33313	9880.60777	9540.58515	9433.80243
10000.0	5.50	9419.37465	10856.06922	10236.79097	9810.56422	9687.63921
10500.0	5.50	9733.19319	11287.01977	10595.53944	10117.65391	9987.73813
11000.0	5.50	10086.81981	11676.30098	10945.91611	10440.46522	10312.35794
11500.0	5.50	10451.71000	12045.25834	11283.41368	10756.69146	10634.38735
12000.0	5.50	10818.10500	12399.61639	11612.05458	11067.32009	10951.20947
12500.0	5.50	11180.35120	12744.19805	11936.49239	11376.80822	11266.37053
13000.0	5.50	11536.37931	13082.62524	12258.19540	11685.77741	11579.60973
13500.0	5.50	11885.92565	13415.19147	12575.98713	11992.18648	11887.69429
14000.0	5.50	12232.23379	13746.43934	12893.78207	12299.42751	12196.17291
14500.0	5.50	12576.07199	14076.16288	13210.68884	12606.35632	12503.38785
15000.0	5.50	12918.44882	14404.95619	13526.99767	12913.00578	12809.76219
15500.0	5.50	13260.75544	14734.08394	13843.83554	13220.28651	13116.63454
16000.0	5.50	13603.92996	15063.64126	14161.10035	13528.18322	13424.17614
16500.0	5.50	13946.88313	15393.50669	14478.68297	13836.23178	13731.82153
17000.0	5.50	14292.24923	15725.34890	14798.18840	14146.40075	14041.76535
20000.0	5.50	16414.48735	17760.57334	16756.02918	16045.89260	15942.32600
25000.0	5.50	20323.53214	21496.39631	20340.07778	19514.97387	19419.52982
30000.0	5.50	25465.98982	26313.78058	25028.44028	24086.57138	24028.61264
35000.0	5.50	31220.59110	31615.31774	30366.10148	29417.87934	29506.39215
40000.0	5.50	35610.88761	35731.90597	34486.28537	33527.00602	33744.63933
45000.0	5.50	39220.06479	39146.74358	37887.00013	36912.89820	37240.35752
50000.0	5.50	42515.51512	42279.01702	41001.32237	40012.65180	40442.12306
55000.0	5.50	45534.95793	45157.00731	43860.77707	42856.83788	43380.43777
60000.0	5.50	48443.75234	47934.47745	46616.43737	45595.36884	46207.65890
3750.0	5.75	4017.19042	4016.93188	3947.87882	3918.50063	3887.22915
4000.0	5.75	4206.79322	4194.94685	4122.95274	4095.20677	4068.40038
4250.0	5.75	4425.28051	4403.20903	4327.89253	4299.39031	4275.32008
4500.0	5.75	4668.79629	4636.78133	4557.53551	4527.32001	4505.82016
4750.0	5.75	4931.75873	4888.91201	4804.43262	4771.58662	4752.80848
5000.0	5.75	5188.48143	5179.60683	5092.62790	5057.38831	5041.64760
5250.0	5.75	5512.09549	5454.26248	5348.44335	5306.59444	5292.84149
5500.0	5.75	5813.51324	5725.57094	5603.36831	5555.06853	5543.08483
5750.0	5.75	6095.65624	5991.37994	5855.63606	5801.26258	5791.04156
6000.0	5.75	6363.18590	6253.26940	6105.54016	6045.78243	6037.42774
6250.0	5.75	6618.84779	6513.89347	6354.75909	6289.70005	6283.07478
6500.0	5.75	6863.75220	6775.75745	6605.40203	6534.43211	6529.13861
7000.0	5.75	7317.94831	7307.07486	7114.01196	7028.89478	7023.53395
7500.0	5.75	7728.33345	7858.55292	7641.71112	7538.14533	7526.65735
8000.0	5.75	8106.95052	8436.97832	8195.10651	8064.86983	8039.15999
8500.0	5.75	8470.96092	9041.83569	8770.03493	8601.50508	8553.60939
9000.0	5.75	8830.21553	9663.84722	9347.91144	9125.07956	9048.57301
9500.0	5.75	9171.89499	10270.33619	9877.01947	9579.44524	9469.82098
10000.0	5.75	9442.31530	10802.23537	10269.66004	9885.51413	9749.05449
10500.0	5.75	9716.31216	11261.31556	10612.18805	10157.27165	10007.09760
11000.0	5.75	10049.44179	11660.37632	10963.72220	10473.96849	10319.97482
11500.0	5.75	10401.40538	12034.27917	11303.26050	10790.17085	10638.90436
12000.0	5.75	10760.38934	12392.69569	11632.60301	11099.82424	10953.09749
12500.0	5.75	11119.19124	12739.56055	11955.68466	11406.05666	11263.79780
13000.0	5.75	11474.65132	13079.43588	12276.50196	11712.66917	11574.74961
13500.0	5.75	11825.78154	13414.38587	12595.38110	12019.46429	11884.49328
14000.0	5.75	12173.15806	13746.36748	12912.92155	12325.77852	12192.70991
14500.0	5.75	12517.95994	14076.58653	13229.66590	12631.96488	12500.08297
15000.0	5.75	12861.46198	14405.83601	13546.07475	12938.44854	12807.08113
15500.0	5.75	13204.35247	14734.85914	13862.57109	13245.13224	13114.10233
16000.0	5.75	13547.49935	15064.18062	14179.47757	13552.45202	13421.52513
16500.0	5.75	13891.49143	15394.23831	14497.22867	13860.57741	13729.97526
17000.0	5.75	14237.78617	15725.85232	14816.50311	14170.49076	14040.12478
20000.0	5.75	16358.97610	17757.26790	16771.23325	16066.77361	15940.33922
25000.0	5.75	20261.55901	21479.85811	20345.47953	19527.75867	19413.53983
30000.0	5.75	25362.78328	26248.70571	24988.25216	24056.94383	23984.97254
35000.0	5.75	31056.09860	31484.93473	30254.36769	29314.05670	29390.18579
40000.0	5.75	35399.19160	35551.30725	34322.67146	33371.22179	33577.39320
45000.0	5.75	38955.56341	38912.70315	37671.20843	36706.54276	37023.33445
50000.0	5.75	42179.78516	41974.57790	40718.38730	39741.77761	40161.69739
55000.0	5.75	45124.68445	44779.97677	43508.58498	42520.55232	43035.37649
60000.0	5.75	47940.81675	47468.60327	46182.79296	45183.69741	45790.10754
3750.0	6.00	4041.70880	4037.11034	3966.14110	3934.95322	3902.39921
4000.0	6.00	4223.24492	4208.54604	4135.33703	4106.72767	4079.37889
4250.0	6.00	4435.35198	4411.31481	4335.24903	4306.32312	4282.00164
4500.0	6.00	4673.57835	4640.06083	4560.43989	4530.09035	4508.44769
4750.0	6.00	4932.03460	4888.42321	4804.10739	4771.41764	4752.54006
5000.0	6.00	5164.92730	5175.47038	5093.95194	5060.41602	5044.94374
5250.0	6.00	5495.86663	5450.11389	5349.53861	5310.04676	5296.75958
5500.0	6.00	5803.20145	5721.43105	5603.57626	5557.77429	5546.38570
5750.0	6.00	6090.25335	5987.81817	5855.63606	5803.78010	5794.20955
6000.0	6.00	6360.70322	6249.25823	6104.98801	6047.94660	6040.27160
6250.0	6.00	6618.41675	6508.59229	6353.48484	6291.60648	6285.83604
6500.0	6.00	6864.67155	6767.69450	6602.18487	6535.28768	6531.10075
7000.0	6.00	7323.84691	7292.44318	7106.79271	7027.68527	7024.36261
7500.0	6.00	7740.84222	7833.90144	7627.75167	7532.60791	7524.48196
8000.0	6.00	8125.34265	8400.46275	8172.32795	8054.50845	8033.38731
8500.0	6.00	8491.34134	8992.48525	8739.10467	8588.62329	8545.93724
9000.0	6.00	8850.39074	9603.81688	9315.44237	9118.70567	9046.90995
9500.0	6.00	9195.91732	10208.66228	9862.13873	9601.27252	9494.97195
10000.0	6.00	9496.89483	10767.71351	10315.23915	9971.75454	9830.41538
10500.0	6.00	9733.40149	11224.21150	10639.14987	10219.38682	10057.24836
11000.0	6.00	10030.92194	11640.15448	10983.24981	10512.89413	10339.88904
11500.0	6.00	10368.12135	12019.25768	11323.74331	10826.44903	10651.72833
12000.0	6.00	10716.91652	12381.95506	11654.15620	11135.28731	10962.66926
12500.0	6.00	11070.27715	12732.70353	11978.26446	11441.14293	11272.18282
13000.0	6.00	11423.45736	13075.09929	12298.81054	11746.01454	11580.91255
13500.0	6.00	11774.20126	13411.84675	12617.30264	12050.92403	11889.12372
14000.0	6.00	12122.21654	13744.97809	12934.73631	12356.32518	12196.98770
14500.0	6.00	12467.99852	14075.97459	13251.39321	12661.88507	12504.19718
15000.0	6.00	12812.45172	14405.83601	13567.87163	12967.81879	12811.43778
15500.0	6.00	13156.35444	14735.29232	13884.41480	13274.27299	13118.70021
16000.0	6.00	13500.42628	15064.92222	14201.41370	13581.42870	13426.76077
16500.0	6.00	13845.36255	15395.16943	14519.30055	13889.64821	13735.64578
17000.0	6.00	14191.50529	15726.53083	14838.21277	14198.88822	14045.76815
20000.0	6.00	16316.41271	17756.93939	16792.56334	16094.74646	15947.96568
25000.0	6.00	20220.32818	21472.15920	20362.69556	19552.82582	19421.71362
30000.0	6.00	25300.01862	26209.67993	24977.24172	24056.89967	23972.97509
35000.0	6.00	30935.97068	31385.56460	30177.37713	29245.52251	29310.66646
40000.0	6.00	35235.19862	35405.47707	34197.61071	33254.22896	33449.62312
45000.0	6.00	38742.59518	38717.30565	37496.91471	36540.88974	36847.08675
50000.0	6.00	41902.06260	41715.38342	40481.77151	39515.21938	39924.63170
55000.0	6.00	44780.18885	44455.29436	43209.01610	42233.74942	42738.48500
60000.0	6.00	47697.85746	47240.31703	45983.34890	45000.00210	45602.82233
65000.0	6.00	56616.65678	55583.98319	53588.75659	52038.55257	52487.11642
70000.0	6.00	59597.73234	58408.20846	56378.74230	54807.24799	55349.03501
75000.0	6.00	62571.46235	61230.06401	59166.46692	57574.44099	58208.66918
80000.0	6.00	65549.43263	64059.41949	61960.26562	60345.16652	61069.92890
85000.0	6.00	68544.17310	66906.93404	64768.34905	63126.06936	63938.79966
90000.0	6.00	71561.07560	69776.87159	67595.77302	65924.15008	66819.79432
100000.0	6.00	77741.62135	75659.43651	73375.76456	71623.64754	72675.66601
3750.0	6.25	4066.79072	4058.25488	3985.46031	3952.23360	3918.16420
4000.0	6.25	4240.72253	4223.42151	4149.02128	4119.43990	4091.42055
4250.0	6.25	4446.22575	4420.42390	4343.61160	4314.19479	4289.55804
4500.0	6.25	4679.03003	4644.28669	4564.31883	4533.79674	4511.99213
4750.0	6.25	4933.34374	4888.79826	4804.45036	4771.80290	4752.79729
5000.0	6.25	5141.35608	5173.39227	5097.42144	5065.21477	5049.95864
5250.0	6.25	5476.08550	5445.62738	5350.60014	5313.34144	5300.49493
5500.0	6.25	5790.61748	5717.39366	5604.41780	5561.18903	5550.39309
5750.0	6.25	6083.74314	5984.61986	5856.29172	5806.99821	5798.04920
6000.0	6.25	6358.36138	6246.26681	6105.28470	6050.87810	6043.85001
6250.0	6.25	6618.77596	6504.65546	6352.84372	6293.87626	6288.87108
6500.0	6.25	6866.99019	6761.81929	6600.26181	6536.90159	6533.67821
7000.0	6.25	7330.62001	7280.11200	7100.33942	7027.05446	7025.60992
7500.0	6.25	7753.87167	7812.62127	7615.66414	7528.22223	7523.35600
8000.0	6.25	8144.77002	8367.27844	8151.84224	8045.36782	8029.38061
8500.0	6.25	8514.87377	8946.83061	8710.10867	8575.94383	8539.76393
9000.0	6.25	8875.63243	9546.22873	9281.72425	9108.40628	9043.82642
9500.0	6.25	9226.00020	10147.10561	9838.26788	9610.06724	9510.07339
10000.0	6.25	9546.90463	10711.46713	10328.55044	10029.44648	9890.94237
10500.0	6.25	9790.15760	11184.68358	10684.84863	10308.85147	10141.19808
11000.0	6.25	10039.60680	11611.29866	11006.07378	10563.68301	10379.17285
11500.0	6.25	10353.18032	12000.28684	11345.82792	10867.33735	10675.30596
12000.0	6.25	10690.29874	12366.75718	11677.47097	11175.41273	10982.65975
12500.0	6.25	11035.90383	12721.73578	12002.46370	11480.31703	11289.42626
13000.0	6.25	11384.69724	13067.14579	12323.01061	11783.66893	11595.64715
13500.0	6.25	11733.56878	13406.10792	12641.30911	12086.91163	11901.98635
14000.0	6.25	12081.21055	13740.80929	12958.50287	12391.00520	12208.66462
14500.0	6.25	12427.46522	14072.98520	13275.12081	12695.65336	12515.52626
15000.0	6.25	12772.75961	14403.72901	13591.68220	13001.05763	12822.62933
15500.0	6.25	13117.78096	14733.85593	13908.42504	13307.30360	13130.15992
16000.0	6.25	13462.90625	15064.02331	14225.70148	13614.41594	13438.55580
16500.0	6.25	13808.82542	15394.74822	14543.80485	13922.50801	13747.77634
17000.0	6.25	14156.12405	15726.48706	14863.10946	14232.11924	14058.56240
20000.0	6.25	16286.51229	17757.47321	16818.62555	16128.58136	15963.72940
25000.0	6.25	20197.10835	21469.37670	20388.25301	19587.22281	19440.92990
30000.0	6.25	25267.06127	26186.37755	24985.32203	24076.19554	23981.36111
35000.0	6.25	30853.38974	31310.26243	30128.38357	29206.08209	29261.25635
40000.0	6.25	35109.46482	35286.21641	34102.86164	33168.24782	33353.88872
45000.0	6.25	38571.13914	38551.75976	37355.53661	36408.49779	36704.67914
50000.0	6.25	41751.06234	41567.40183	40358.33887	39401.55830	39803.06506
55000.0	6.25	44624.35656	44301.70759	43081.48561	42117.15864	42615.87059
60000.0	6.25	47334.51239	46887.61987	45658.36415	44687.35008	45278.52315
3750.0	6.50	4092.40195	4080.23715	4005.65532	3970.08963	3934.20533
4000.0	6.50	4259.44714	4239.69562	4164.09782	4133.38833	4104.53912
4250.0	6.50	4458.25905	4430.79968	4353.20691	4323.20284	4298.16876
4500.0	6.50	4685.47060	4649.64691	4569.29884	4538.53052	4516.52432
4750.0	6.50	4935.36799	4889.97319	4805.53939	4772.87046	4753.71699
5000.0	6.50	5116.91915	5171.21208	5100.83215	5069.83733	5054.68626
5250.0	6.50	5455.91000	5443.50047	5354.15690	5318.94510	5306.49046
5500.0	6.50	5775.78322	5713.83193	5606.10000	5565.44249	5555.19507
5750.0	6.50	6075.53113	5981.77683	5857.76412	5811.16159	5802.89014
6000.0	6.50	6355.50917	6244.09736	6106.57004	6054.79854	6048.47821
6250.0	6.50	6619.97619	6502.47330	6353.69852	6297.50735	6293.21000
6500.0	6.50	6870.92521	6758.29483	6599.89133	6539.66023	6537.34381
7000.0	6.50	7339.33653	7271.23984	7096.43908	7027.70011	7027.88134
7500.0	6.50	7768.16350	7795.19411	7605.64359	7525.56474	7523.82164
8000.0	6.50	8165.31742	8338.64181	8134.47758	8037.83634	8026.88999
8500.0	6.50	8540.93143	8905.70193	8684.05473	8564.57111	8535.41219
9000.0	6.50	8905.07263	9492.48530	9249.06102	9096.89921	9041.21337
9500.0	6.50	9260.20330	10087.04100	9810.10252	9611.75334	9521.59075
10000.0	6.50	9593.62334	10653.48641	10321.85710	10062.70163	9933.31006
10500.0	6.50	9871.92304	11157.32572	10738.21023	10406.63739	10240.47181
11000.0	6.50	10089.98050	11574.99858	11043.46214	10642.10220	10453.46239
11500.0	6.50	10361.70234	11975.29765	11369.54696	10915.59599	10712.49068
12000.0	6.50	10682.55152	12348.29254	11702.46494	11219.75524	11011.59955
12500.0	6.50	11018.65947	12706.29039	12028.23938	11523.87478	11315.38318
13000.0	6.50	11361.61200	13055.64471	12349.57399	11826.23590	11619.32905
13500.0	6.50	11706.69545	13397.11723	12667.75683	12127.87201	11923.32628
14000.0	6.50	12052.74164	13733.81120	12984.68112	12430.41413	12228.27762
14500.0	6.50	12398.69349	14067.47599	13301.33865	12734.01271	12534.19987
15000.0	6.50	12744.41865	14399.32910	13617.92120	13038.85285	12840.98619
15500.0	6.50	13090.19434	14730.38997	13934.90829	13344.70935	13148.54374
16000.0	6.50	13436.38811	15061.30390	14252.47288	13651.69939	13457.03875
16500.0	6.50	13783.57392	15392.73070	14571.07605	13959.97805	13766.89039
17000.0	6.50	14132.02112	15725.06435	14890.74940	14269.64121	14078.04432
20000.0	6.50	16270.12893	17758.35606	16849.05859	16168.45794	15987.24211
25000.0	6.50	20192.09549	21470.36774	20421.77720	19630.76095	19470.81077
30000.0	6.50	25262.28347	26175.95323	25010.30054	24113.59060	24008.84371
35000.0	6.50	30801.48112	31251.53867	30100.39611	29188.74972	29234.88648
40000.0	6.50	35015.21359	35185.47655	34030.48367	33105.48909	33281.72024
45000.0	6.50	38437.11336	38411.33721	37242.88720	36305.47802	36591.86756
50000.0	6.50	41554.75006	41366.30162	40184.76168	39237.67269	39628.14238
55000.0	6.50	44364.02914	44038.46298	42846.40882	41892.00924	42378.25936
60000.0	6.50	47014.54720	46566.71875	45366.49592	44406.91706	44985.36081
65000.0	6.50	55568.00146	54556.29671	52633.14503	51113.68614	51518.94919
70000.0	6.50	58330.54138	57172.23445	55216.13240	53676.98269	54170.89245
75000.0	6.50	61061.63359	59763.71229	57776.82910	56219.96358	56802.37113
80000.0	6.50	63775.53760	62343.09280	60327.19715	58753.16125	59424.17622
85000.0	6.50	66481.76396	64918.57266	62872.93157	61283.20676	62041.38979
90000.0	6.50	69188.24778	67497.54804	65422.98258	63816.24522	64661.71765
100000.0	6.50	74625.26382	72689.80266	70559.51919	68920.71514	69944.12912
3750.0	6.75	4118.55934	4102.99437	4026.63327	3988.35644	3950.29006
4000.0	6.75	4279.46737	4257.35203	4180.52554	4148.48517	4118.60508
4250.0	6.75	4471.51557	4442.42796	4363.99925	4333.28590	4307.73731
4500.0	6.75	4693.06060	4656.19673	4575.38399	4544.26177	4521.97529
4750.0	6.75	4938.35883	4892.36147	4807.92032	4775.24296	4755.95215
5000.0	6.75	5093.99131	5169.98739	5105.30462	5075.14453	5060.09420
5250.0	6.75	5431.61211	5440.53181	5357.05763	5323.55399	5311.37088
5500.0	6.75	5758.42543	5710.88295	5608.75948	5570.57207	5560.83406
5750.0	6.75	6065.09659	5979.18036	5859.92640	5816.07786	5808.46282
6000.0	6.75	6351.62593	6242.60292	6108.75223	6059.69629	6054.06188
6250.0	6.75	6620.70411	6501.04089	6355.20915	6301.70211	6298.10497
6500.0	6.75	6875.31325	6756.19902	6600.48978	6543.19115	6541.64166
7000.0	6.75	7349.34975	7264.79948	7093.45944	7028.88736	7030.43710
7500.0	6.75	7783.70784	7780.96770	7597.27169	7523.43948	7524.36344
8000.0	6.75	8186.97071	8314.33606	8119.25440	8031.83295	8025.59176
8500.0	6.75	8568.38355	8868.70022	8660.50260	8554.08078	8532.09278
9000.0	6.75	8937.52173	9443.01918	9218.23163	9085.06724	9038.82788
9500.0	6.75	9298.09986	10028.56614	9778.93691	9607.46318	9528.75167
10000.0	6.75	9641.17644	10596.20210	10306.02402	10082.90426	9965.86227
10500.0	6.75	9950.35454	11118.02986	10764.53722	10478.06712	10321.68868
11000.0	6.75	10181.97217	11548.35355	11102.58314	10748.23407	10561.19554
11500.0	6.75	10406.80354	11942.08860	11400.91603	10983.52082	10777.21031
12000.0	6.75	10696.04172	12323.89582	11727.88062	11269.13715	11050.92746
12500.0	6.75	11020.01318	12686.76223	12055.28739	11571.58682	11349.58358
13000.0	6.75	11354.91866	13038.36474	12376.94993	11872.76548	11650.69635
13500.0	6.75	11695.46553	13383.89122	12696.05829	12173.68379	11952.80941
14000.0	6.75	12038.57975	13722.92523	13012.94195	12474.63685	12255.81621
14500.0	6.75	12383.07322	14058.33761	13329.36842	12776.94871	12560.27678
15000.0	6.75	12728.47089	14391.59225	13646.09310	13080.84281	12866.09899
15500.0	6.75	13074.57094	14723.73016	13963.16689	13386.18213	13173.24564
16000.0	6.75	13421.56207	15055.63932	14281.07152	13692.92498	13481.87230
16500.0	6.75	13769.79230	15387.85252	14600.09027	14001.12168	13791.99349
17000.0	6.75	14119.53080	15720.92713	14920.28601	14311.10574	14103.61809
20000.0	6.75	16266.59855	17757.80171	16882.59901	16213.00549	16017.21744
25000.0	6.75	20203.27702	21472.99774	20461.11406	19681.71047	19509.04342
30000.0	6.75	25281.51199	26174.67045	25048.29419	24165.54541	24051.86867
35000.0	6.75	30775.01351	31205.38651	30089.02095	29189.66197	29227.32610
40000.0	6.75	34947.48633	35098.80493	33976.07779	33062.46807	33229.57480
45000.0	6.75	38331.16316	38287.38072	37150.39003	36223.34456	36500.08768
50000.0	6.75	41406.84592	41201.30032	40050.79830	39114.05677	39494.11067
55000.0	6.75	44195.01589	43857.68351	42696.80719	41752.98245	42230.54255
60000.0	6.75	46746.80086	46286.19970	45117.06205	44168.17697	44733.60409
3750.0	7.00	4145.23850	4126.45258	4048.27200	4006.80045	3966.11952
4000.0	7.00	4300.76540	4276.33162	4198.21458	4164.58740	4133.42821
4250.0	7.00	4486.17144	4455.44064	4376.07962	4344.50258	4318.30457
4500.0	7.00	4701.82999	4663.92630	4582.59964	4551.05387	4528.44232
4750.0	7.00	4942.25054	4895.75037	4811.27257	4778.53091	4759.07716
5000.0	7.00	5073.12534	5168.98300	5109.94957	5080.57223	5065.58275
5250.0	7.00	5407.59964	5439.26938	5361.62696	5329.61914	5317.68287
5500.0	7.00	5738.67155	5708.92459	5612.75809	5576.89740	5567.66569
5750.0	7.00	6051.93522	5976.93188	5863.02778	5821.92373	5814.96737
6000.0	7.00	6345.25638	6241.08982	6111.50863	6065.38993	6060.55750
6250.0	7.00	6620.42733	6500.39876	6357.73301	6307.05862	6304.17198
6500.0	7.00	6879.72631	6755.53535	6602.35576	6547.99201	6547.27044
7000.0	7.00	7360.68369	7261.08376	7092.35819	7031.58753	7034.38062
7500.0	7.00	7800.79965	7770.61502	7591.10056	7523.01021	7526.32726
8000.0	7.00	8209.89384	8294.20771	8105.90818	8027.34098	8025.40513
8500.0	7.00	8596.96699	8836.89957	8639.95842	8545.50016	8530.37800
9000.0	7.00	8971.38277	9398.86881	9190.25862	9073.85561	9036.91318
9500.0	7.00	9338.23668	9973.21896	9747.14996	9599.74025	9533.09449
10000.0	7.00	9691.26989	10539.87322	10284.47728	10093.90023	9990.80355
10500.0	7.00	10018.15957	11065.74421	10764.57738	10520.38793	10378.59325
11000.0	7.00	10293.84276	11534.68464	11164.11126	10856.62967	10678.13147
11500.0	7.00	10500.34606	11912.61366	11454.40696	11085.15659	10882.34308
12000.0	7.00	10742.04974	12292.58666	11758.03167	11333.37329	11112.85948
12500.0	7.00	11042.16744	12662.21230	12083.34226	11624.42111	11394.07551
13000.0	7.00	11367.45117	13018.21388	12406.78598	11924.83629	11691.36626
13500.0	7.00	11700.89777	13364.51011	12725.15809	12223.81627	11990.27525
14000.0	7.00	12040.34860	13707.68822	13042.95720	12523.70551	12290.79153
14500.0	7.00	12382.64894	14045.80063	13360.15750	12825.54818	12594.55279
15000.0	7.00	12726.87869	14380.76971	13676.85554	13128.35678	12899.36300
15500.0	7.00	13072.46365	14714.17026	13993.99058	13432.69711	13205.52126
16000.0	7.00	13419.79072	15047.11740	14312.17692	13738.96410	13513.71022
16500.0	7.00	13768.68463	15380.24509	14631.41952	14047.19531	13823.67112
17000.0	7.00	14119.56666	15714.27121	14952.31976	14357.13229	14135.73555
20000.0	7.00	16276.02177	17755.62533	16919.24120	16262.87220	16053.84159
25000.0	7.00	20230.92940	21477.19027	20506.71615	19740.83216	19556.62002
30000.0	7.00	25320.07158	26178.46454	25096.12966	24228.87354	24106.45275
35000.0	7.00	30770.97556	31169.36643	30091.97333	29206.64679	29236.33807
40000.0	7.00	34903.04619	35024.49386	33938.10420	33036.90404	33195.35078
45000.0	7.00	38252.36385	38179.90652	37078.14017	36163.21959	36430.78333
50000.0	7.00	41277.80285	41046.04998	39929.84143	39004.58629	39374.36286
55000.0	7.00	43956.28567	43592.37645	42465.29679	41532.97377	41995.32866
60000.0	7.00	46494.08550	46011.92690	44876.86077	43939.66527	44491.59845
65000.0	7.00	54890.88686	53833.33642	51982.78321	50486.42828	50845.40341
70000.0	7.00	57495.98385	56298.49290	54412.69673	52894.36845	53335.10739
75000.0	7.00	60056.05906	58725.69026	56807.17724	55270.32269	55792.66395
80000.0	7.00	62586.07460	61128.94400	59180.41472	57625.23839	58231.11322
85000.0	7.00	65099.07115	63519.90349	61542.55196	59971.23801	60660.21606
90000.0	7.00	67597.90066	65901.17604	63896.67354	62311.06853	63082.74185
100000.0	7.00	72581.97909	70663.08161	68611.02073	67001.18985	67943.77996
3750.0	7.25	4172.13861	4150.26568	4070.19489	4024.90919	3981.04917
4000.0	7.25	4323.26570	4296.52603	4217.02378	4181.49656	4148.73717
4250.0	7.25	4502.27062	4469.83878	4389.45525	4356.82642	4329.79286
4500.0	7.25	4712.03667	4672.97857	4590.97992	4558.84372	4535.77739
4750.0	7.25	4947.08139	4899.97671	4815.27011	4782.30117	4762.59325
5000.0	7.25	5054.64573	5168.36220	5114.84889	5086.13162	5071.15154
5250.0	7.25	5383.79478	5438.68412	5366.98779	5335.93366	5324.06805
5500.0	7.25	5716.64214	5707.71625	5617.39028	5583.37257	5574.46480
5750.0	7.25	6036.07884	5975.31414	5867.05615	5828.59120	5822.24068
6000.0	7.25	6336.75365	6240.17440	6115.27308	6071.99192	6067.80936
6250.0	7.25	6618.36543	6500.24212	6361.13079	6313.40435	6311.28054
6500.0	7.25	6883.37817	6755.83897	6605.20993	6553.71357	6553.67909
7000.0	7.25	7373.04764	7259.65300	7092.72530	7035.36885	7039.10521
7500.0	7.25	7819.69473	7763.47452	7586.67856	7523.44640	7528.62076
8000.0	7.25	8234.22926	8277.60775	8094.47655	8023.23888	8024.95071
8500.0	7.25	8626.93435	8808.75960	8620.17012	8536.98139	8527.95035
9000.0	7.25	9006.71025	9358.37718	9163.48223	9062.14032	9034.04836
9500.0	7.25	9379.95090	9921.87315	9715.78652	9589.68216	9534.59130
10000.0	7.25	9742.65432	10483.60915	10257.56322	10096.13541	10007.11938
10500.0	7.25	10083.63595	11012.47097	10753.61020	10547.07402	10420.85839
11000.0	7.25	10392.68758	11498.13223	11190.11951	10929.65290	10766.45915
11500.0	7.25	10630.88929	11904.66372	11527.75155	11207.96304	11013.49807
12000.0	7.25	10836.21116	12260.17407	11804.30184	11427.35529	11212.06633
12500.0	7.25	11093.41792	12629.84152	12112.36288	11686.86812	11455.24724
13000.0	7.25	11399.44168	12991.52248	12435.33679	11979.54093	11739.05144
13500.0	7.25	11725.09782	13342.43430	12756.02891	12278.24981	12034.93929
14000.0	7.25	12058.39057	13686.40679	13073.61520	12577.09518	12333.45720
14500.0	7.25	12397.40170	14027.82932	13391.44099	12877.63708	12634.58930
15000.0	7.25	12739.22129	14364.46723	13707.96946	13179.14062	12937.62040
15500.0	7.25	13083.76296	14699.49151	14025.30177	13482.70991	13242.89768
16000.0	7.25	13430.68088	15033.61992	14343.62954	13788.23590	13550.42518
16500.0	7.25	13779.84878	15367.84203	14663.22943	14096.04535	13860.07109
17000.0	7.25	14131.30466	15702.61934	14984.39389	14406.06564	14172.02970
20000.0	7.25	16296.37574	17748.91061	16956.01984	16315.00155	16094.09976
25000.0	7.25	20271.68326	21479.30549	20554.80805	19804.58671	19609.29491
30000.0	7.25	25375.90148	26185.04069	25150.75334	24301.13997	24170.63268
35000.0	7.25	30783.64978	31136.83784	30102.59584	29233.49096	29255.69216
40000.0	7.25	34875.80999	34955.15355	33909.14925	33022.89294	33173.21572
45000.0	7.25	38191.96082	38079.38686	37016.32635	36115.70865	36374.48545
50000.0	7.25	41154.52189	40885.67001	39807.44709	38895.83118	39254.78460
55000.0	7.25	43802.07533	43402.52718	42312.52184	41393.52175	41844.41451
60000.0	7.25	46337.19058	45819.68110	44719.98080	43796.25172	44336.82656
3750.0	7.50	4199.20160	4174.48848	4092.62380	4042.94557	3995.39037
4000.0	7.50	4347.01564	4317.92332	4236.91686	4199.08317	4164.33375
4250.0	7.50	4520.00318	4485.76567	4404.22819	4370.31547	4342.21313
4500.0	7.50	4723.77432	4683.44846	4600.64984	4567.76551	4544.10429
4750.0	7.50	4953.27227	4905.44046	4820.34603	4787.00387	4766.94847
5000.0	7.50	5038.20913	5168.24472	5120.42015	5092.10667	5077.12922
5250.0	7.50	5361.55903	5438.40733	5372.63097	5342.36557	5330.60898
5500.0	7.50	5693.31461	5707.66603	5623.37947	5590.92331	5582.29322
5750.0	7.50	6017.64005	5974.67067	5872.19496	5836.33030	5830.50269
6000.0	7.50	6325.35121	6239.73415	6120.03368	6079.64012	6076.18061
6250.0	7.50	6614.15171	6500.68070	6365.65846	6320.93749	6319.61298
6500.0	7.50	6885.78816	6757.22949	6609.48360	6561.04367	6561.79052
7000.0	7.50	7385.03921	7259.70031	7094.25673	7040.23686	7044.88519
7500.0	7.50	7839.71547	7759.52378	7584.36578	7525.64088	7532.44498
8000.0	7.50	8260.18116	8265.62164	8085.84627	8021.14796	8025.99747
8500.0	7.50	8658.22657	8786.09379	8604.30854	8530.60208	8527.08883
9000.0	7.50	9043.21197	9323.62917	9139.54626	9052.41145	9032.66518
9500.0	7.50	9421.72972	9874.72629	9685.73714	9578.51428	9534.67281
10000.0	7.50	9793.87155	10430.17681	10229.09812	10093.99499	10019.08616
10500.0	7.50	10148.03908	10961.36324	10737.88839	10565.15763	10455.07518
11000.0	7.50	10477.20559	11450.05190	11192.46410	10975.03042	10829.75424
11500.0	7.50	10765.45134	11896.35545	11587.74041	11317.00035	11137.54014
12000.0	7.50	10977.31991	12250.56667	11878.54067	11554.21353	11349.29224
12500.0	7.50	11191.37573	12596.39316	12155.52116	11777.81945	11553.74394
13000.0	7.50	11459.97065	12958.43219	12465.97285	12045.02460	11805.38634
13500.0	7.50	11769.14283	13314.53429	12787.11282	12337.98027	12089.82180
14000.0	7.50	12095.16581	13662.54921	13106.62386	12636.09679	12384.87377
14500.0	7.50	12428.20387	14003.86499	13423.28784	12934.60074	12682.65709
15000.0	7.50	12765.01657	14339.62922	13737.65776	13233.03364	12982.12971
15500.0	7.50	13110.70007	14681.96918	14059.47757	13538.86712	13288.62004
16000.0	7.50	13456.62451	15017.57029	14378.02310	13843.66394	13595.18048
16500.0	7.50	13805.25559	15352.79032	14697.78549	14150.82138	13904.01320
17000.0	7.50	14156.82122	15688.55144	15019.29247	14460.45679	14215.63592
20000.0	7.50	16329.17485	17739.83255	16995.44208	16372.38605	16140.80199
25000.0	7.50	20326.68487	21481.68742	20607.80426	19875.77092	19670.42834
30000.0	7.50	25449.19680	26196.09646	25214.02131	24384.36538	24246.72721
35000.0	7.50	30813.70356	31111.30091	30123.72399	29273.10255	29288.59268
40000.0	7.50	34866.76661	34894.57426	33892.22216	33023.23783	33166.35855
45000.0	7.50	38152.54010	37990.77005	36969.84767	36085.62121	36336.41235
50000.0	7.50	41083.38564	40767.03975	39729.80625	38833.70451	39183.89432
55000.0	7.50	43711.61423	43266.32595	42215.64644	41311.85773	41753.51331
60000.0	7.50	46149.79357	45591.15530	44530.67777	43621.37487	44149.59370
65000.0	7.50	51508.03662	50611.93711	49182.39453	47987.95880	48460.33776
70000.0	7.50	53875.94603	52866.70059	51418.15057	50214.33408	50769.90828
75000.0	7.50	56178.17786	55058.65864	53602.46417	52393.12937	53032.74835
80000.0	7.50	58430.56684	57212.27323	55742.62132	54527.58637	55249.33507
85000.0	7.50	60669.42526	59357.78258	57877.31447	56657.83096	57462.49111
90000.0	7.50	62880.80963	61481.26732	59991.75387	58768.39513	59656.98422
100000.0	7.50	67266.95788	65705.58605	64206.00739	62981.93404	64039.51143
3750.0	7.75	4226.98434	4199.22830	4115.14524	4059.87530	4007.64281
4000.0	7.75	4371.97572	4340.45806	4257.79320	4217.15740	4179.94457
4250.0	7.75	4539.32085	4503.17303	4420.33997	4384.84866	4355.39312
4500.0	7.75	4737.17329	4695.42126	4611.66770	4577.83979	4553.40620
4750.0	7.75	4960.95563	4912.24392	4826.58669	4792.71493	4772.18225
5000.0	7.75	5023.36809	5168.59881	5126.55641	5098.67218	5083.62743
5250.0	7.75	5341.13963	5438.14432	5378.32511	5348.74055	5337.02123
5500.0	7.75	5669.68399	5708.13781	5629.88320	5598.51786	5590.08613
5750.0	7.75	5997.12981	5975.33424	5878.88341	5844.89036	5839.48359
6000.0	7.75	6310.95409	6240.05994	6125.97413	6088.38218	6085.61574
6250.0	7.75	6607.26369	6501.81591	6371.44060	6329.85423	6329.34033
6500.0	7.75	6885.72641	6758.97895	6614.62553	6569.39034	6570.96756
7000.0	7.75	7396.71922	7261.70434	7097.58361	7046.95866	7052.50905
7500.0	7.75	7859.59832	7757.64904	7583.30376	7528.72042	7536.91051
8000.0	7.75	8287.37770	8257.46977	8079.38860	8020.61862	8028.11508
8500.0	7.75	8690.83200	8768.04470	8590.38914	8525.38278	8526.59540
9000.0	7.75	9080.38463	9293.19703	9117.54254	9042.60987	9030.42299
9500.0	7.75	9463.83850	9833.05665	9657.63894	9567.78702	9534.46533
10000.0	7.75	9843.55634	10379.09008	10199.07965	10087.37705	10026.15900
10500.0	7.75	10210.24339	10910.36810	10716.87290	10575.02024	10481.05256
11000.0	7.75	10555.26784	11402.69280	11186.25020	11007.16553	10879.95842
11500.0	7.75	10874.16986	11859.14206	11608.08712	11385.16078	11225.33712
12000.0	7.75	11138.19667	12260.91281	11960.62967	11686.81619	11496.92961
12500.0	7.75	11339.98043	12583.95522	12227.26765	11904.84373	11693.68936
13000.0	7.75	11564.47693	12923.53349	12507.48661	12135.39261	11905.91067
13500.0	7.75	11840.49341	13279.57450	12818.80558	12407.19031	12162.34603
14000.0	7.75	12150.79157	13631.83845	13138.59458	12699.67724	12446.09292
14500.0	7.75	12477.23703	13978.16736	13457.84150	12997.71510	12740.20972
15000.0	7.75	12809.84179	14317.45847	13775.83987	13299.08559	13041.88448
15500.0	7.75	13149.92592	14656.10554	14091.68870	13597.60589	13339.54910
16000.0	7.75	13496.03887	14996.93493	14413.57565	13904.20118	13647.10022
16500.0	7.75	13843.69340	15333.59618	14733.72827	14210.63077	13954.95667
17000.0	7.75	14194.60666	15670.35288	15055.36607	14519.71051	14265.62489
20000.0	7.75	16372.63726	17727.11549	17035.92859	16433.93793	16192.91663
25000.0	7.75	20394.04315	21482.98315	20664.19812	19953.19841	19739.07766
30000.0	7.75	25536.57016	26209.35481	25283.38345	24476.51117	24332.77176
35000.0	7.75	30856.75236	31088.38483	30151.24628	29322.09072	29332.25564
40000.0	7.75	34871.45179	34838.28566	33883.25713	33034.70539	33171.95256
45000.0	7.75	38129.07716	37909.12093	36932.98646	36067.80857	36311.82905
50000.0	7.75	41002.48827	40632.12470	39637.70277	38760.23424	39101.75291
55000.0	7.75	43573.04135	43076.86526	42067.91093	41181.81548	41612.85186
60000.0	7.75	46050.53482	45440.04381	44419.67057	43527.36528	44046.45619
65000.0	7.75	54274.19922	53048.41178	51336.91133	49896.94596	50198.72647
70000.0	7.75	56721.30399	55362.28371	53609.73754	52142.89522	52516.31172
75000.0	7.75	59099.93529	57605.97332	55826.16426	54339.01048	54784.84760
80000.0	7.75	61427.96739	59813.90847	57996.77428	56487.18032	57004.96100
85000.0	7.75	63737.32708	62009.26879	60159.06310	58629.17186	59220.68287
90000.0	7.75	66017.41323	64179.94722	62299.06922	60751.19990	61416.65308
100000.0	7.75	70531.49006	68490.17039	66556.57588	64978.69116	65795.42434
3750.0	8.00	4257.03482	4225.92882	4139.16202	4077.04602	4019.19491
4000.0	8.00	4398.13348	4364.06466	4279.53245	4235.46038	4195.18564
4250.0	8.00	4560.27162	4522.03469	4437.71349	4400.27278	4369.09414
4500.0	8.00	4752.23738	4708.87003	4623.96363	4588.94200	4563.50249
4750.0	8.00	4970.28851	4920.50100	4834.09658	4799.50292	4778.36902
5000.0	8.00	5009.68980	5169.58841	5133.55714	5106.02453	5090.83246
5250.0	8.00	5322.77004	5438.15817	5384.49435	5355.30799	5343.58868
5500.0	8.00	5646.72850	5708.81488	5636.80952	5606.26624	5597.94397
5750.0	8.00	5974.63903	5976.79126	5886.45308	5854.06917	5848.98916
6000.0	8.00	6294.00340	6241.59137	6133.21830	6098.11434	6095.90710
6250.0	8.00	6597.35642	6503.59201	6378.22845	6339.71085	6339.95956
6500.0	8.00	6883.18382	6761.58682	6621.07859	6579.13313	6581.56392
7000.0	8.00	7406.90520	7264.89394	7102.22835	7055.07042	7061.50184
7500.0	8.00	7879.82290	7758.67082	7584.54946	7534.01164	7543.41944
8000.0	8.00	8315.33876	8252.59038	8074.87186	8021.54004	8031.25434
8500.0	8.00	8724.67892	8754.60370	8578.93498	8521.74214	8526.99485
9000.0	8.00	9118.69976	9268.56576	9098.14299	9034.49604	9028.94832
9500.0	8.00	9506.57657	9796.61458	9631.67798	9557.40917	9533.83550
10000.0	8.00	9892.03557	10332.55543	10169.53946	10078.99942	10030.66280
10500.0	8.00	10270.01101	10861.94164	10693.64822	10579.52296	10501.19317
11000.0	8.00	10628.70836	11356.54742	11174.55860	11030.34420	10920.86648
11500.0	8.00	10967.18024	11816.15326	11611.74942	11431.75974	11292.12912
12000.0	8.00	11275.64924	12244.14901	12005.71549	11782.84076	11613.57869
12500.0	8.00	11518.62847	12603.49565	12320.61758	12051.07792	11856.06299
13000.0	8.00	11720.92785	12910.31246	12578.13473	12263.68208	12050.06663
13500.0	8.00	11952.42545	13244.31816	12862.36572	12502.41739	12271.74827
14000.0	8.00	12234.75994	13595.88134	13172.33880	12774.33885	12527.32452
14500.0	8.00	12545.34527	13945.35063	13491.36939	13066.60221	12809.89624
15000.0	8.00	12872.52455	14291.32923	13811.71552	13365.57451	13104.30555
15500.0	8.00	13203.69142	14626.38505	14125.72516	13662.54937	13399.71597
16000.0	8.00	13546.91570	14968.79088	14447.52441	13967.78054	13704.71539
16500.0	8.00	13896.27706	15311.94052	14772.16801	14276.66739	14014.32982
17000.0	8.00	14245.70512	15649.26635	15093.61599	14584.96708	14323.81313
20000.0	8.00	16427.32199	17711.72192	17078.27965	16500.86302	16252.22454
25000.0	8.00	20471.97345	21482.77355	20723.06693	20036.40732	19814.67434
30000.0	8.00	25636.89908	26224.59828	25358.12407	24577.39149	24429.06467
35000.0	8.00	30911.66175	31068.44043	30184.23502	29379.54041	29385.52982
40000.0	8.00	34889.42863	34786.97904	33880.76521	33055.09642	33187.35095
45000.0	8.00	38120.50560	37834.61470	36905.03294	36061.79939	36300.07684
50000.0	8.00	40967.22059	40533.57832	39583.85196	38727.49819	39062.62488
55000.0	8.00	43514.55035	42957.25911	41991.34924	41125.62733	41549.47577
60000.0	8.00	45931.22393	45263.56000	44284.41621	43411.99666	43921.53882
3750.0	8.25	4286.55935	4252.28450	4162.83780	4092.40568	4027.82818
4000.0	8.25	4425.63637	4388.82345	4302.15069	4253.81507	4209.73229
4250.0	8.25	4582.82211	4542.33602	4456.31466	4416.46250	4383.10025
4500.0	8.25	4769.00444	4723.83338	4637.59158	4601.09790	4574.36788
4750.0	8.25	4981.54988	4930.42896	4843.02467	4807.44748	4785.46008
5000.0	8.25	4996.78577	5171.11830	5141.41790	5114.20442	5098.82812
5250.0	8.25	5306.07082	5438.46131	5391.26493	5362.21788	5350.42845
5500.0	8.25	5625.53917	5709.51269	5643.96983	5613.85735	5605.57738
5750.0	8.25	5951.76690	5978.84928	5894.65766	5863.33874	5858.46709
6000.0	8.25	6274.44973	6244.18523	6141.70823	6108.70663	6106.97950
6250.0	8.25	6584.28153	6506.33567	6386.30334	6350.71931	6351.69015
6500.0	8.25	6877.45021	6764.91687	6628.78666	6590.22461	6593.53593
7000.0	8.25	7415.38636	7269.60152	7108.69792	7065.17207	7072.54188
7500.0	8.25	7899.29608	7761.81613	7587.59078	7541.13019	7551.71479
8000.0	8.25	8343.42531	8251.35159	8073.06747	8024.86556	8036.48477
8500.0	8.25	8759.26722	8745.34236	8569.84340	8519.83734	8528.56121
9000.0	8.25	9157.98883	9248.90988	9080.96455	9027.55358	9027.80043
9500.0	8.25	9549.73915	9765.35046	9607.10318	9547.12807	9532.35346
10000.0	8.25	9939.68995	10290.61755	10140.38382	10069.23367	10032.93253
10500.0	8.25	10325.92977	10814.19551	10666.54610	10577.83727	10514.66214
11000.0	8.25	10697.95478	11312.88934	11159.60942	11047.00513	10954.74679
11500.0	8.25	11051.24628	11774.21474	11608.08712	11466.86403	11346.64231
12000.0	8.25	11385.15622	12208.91437	12021.36907	11845.66240	11698.39012
12500.0	8.25	11683.10673	12610.20885	12390.68023	12173.73488	11999.73026
13000.0	8.25	11912.55352	12936.06397	12678.23340	12419.20990	12223.59572
13500.0	8.25	12119.54617	13233.16614	12932.90718	12632.31762	12419.61507
14000.0	8.25	12360.08949	13561.42383	13216.96872	12873.23240	12643.13065
14500.0	8.25	12641.93258	13907.98953	13526.92751	13147.24685	12901.23640
15000.0	8.25	12952.16151	14255.90905	13845.95254	13439.16167	13182.16491
15500.0	8.25	13277.44884	14598.55095	14164.87969	13737.29790	13474.19157
16000.0	8.25	13605.87786	14928.59016	14480.58904	14039.69798	13774.53438
16500.0	8.25	13954.66368	15277.19398	14803.75459	14342.76254	14076.86376
17000.0	8.25	14309.11005	15626.00987	15134.77185	14657.79278	14392.13964
20000.0	8.25	16490.82795	17692.86701	17121.17633	16572.26051	16317.50046
25000.0	8.25	20559.61843	21480.98238	20783.94825	20125.56817	19897.95698
30000.0	8.25	25747.75629	26240.77879	25436.43589	24685.80708	24534.31433
35000.0	8.25	30976.06400	31049.71884	30220.40279	29444.18924	29447.44530
40000.0	8.25	34917.75192	34739.45164	33883.77269	33084.58246	33213.51554
45000.0	8.25	38124.04141	37765.37975	36883.39788	36065.66244	36299.53720
50000.0	8.25	40931.94838	40429.25057	39524.61121	38692.92089	39022.05982
55000.0	8.25	43473.16981	42848.91586	41925.79998	41083.78334	41501.32986
60000.0	8.25	45826.48360	45096.25542	44158.16164	43308.68092	43809.55995
65000.0	8.25	54034.47744	52630.45784	51029.56277	49654.92429	49928.38878
70000.0	8.25	56412.42815	54879.79174	53234.55890	51831.12608	52172.55235
75000.0	8.25	58720.88526	57067.16772	55379.62799	53949.10378	54358.10249
80000.0	8.25	60973.81339	59203.83459	57474.78610	56019.21772	56494.87492
85000.0	8.25	63179.00582	61299.83777	59532.98723	58054.86790	58597.80272
90000.0	8.25	65365.36327	63381.70276	61580.45271	60080.79795	60691.66964
100000.0	8.25	69666.93563	67488.50852	65625.30069	64090.08742	64839.86936
3750.0	8.50	4317.87918	4279.96768	4187.13994	4106.27246	4033.55953
4000.0	8.50	4454.66129	4414.85327	4325.67717	4272.02590	4223.22325
4250.0	8.50	4607.18647	4564.17013	4476.14437	4433.27348	4397.13175
4500.0	8.50	4787.69691	4740.49012	4652.67326	4614.33979	4585.95461
4750.0	8.50	4994.50740	4941.84063	4853.25219	4816.47439	4793.42844
5000.0	8.50	4983.55089	5172.78526	5149.76153	5122.85248	5107.10729
5250.0	8.50	5290.58655	5439.24310	5398.73947	5369.83432	5357.90382
5500.0	8.50	5606.12239	5710.18338	5651.43981	5621.45196	5613.16507
5750.0	8.50	5929.02137	5980.95517	5903.38566	5872.66114	5867.90701
6000.0	8.50	6253.35686	6247.89024	6151.49060	6119.95946	6118.58647
6250.0	8.50	6568.89443	6510.72979	6396.19903	6363.10563	6364.70103
6500.0	8.50	6868.86972	6769.54227	6638.08781	6602.76018	6606.89575
7000.0	8.50	7421.38204	7275.49078	7116.63207	7076.94517	7085.26775
7500.0	8.50	7917.39326	7766.87573	7592.45915	7550.11255	7561.83468
8000.0	8.50	8371.41714	8253.05144	8073.35324	8030.19441	8043.53644
8500.0	8.50	8794.47962	8740.29146	8563.47344	8520.18595	8531.86572
9000.0	8.50	9198.52221	9234.50587	9066.59187	9022.63255	9027.89165
9500.0	8.50	9593.84839	9739.76111	9584.70052	9537.86004	9530.85649
10000.0	8.50	9987.34665	10254.05460	10112.29776	10058.90973	10033.60688
10500.0	8.50	10379.97790	10770.82976	10638.62329	10573.36682	10524.34504
11000.0	8.50	10762.78767	11270.08227	11140.37458	11057.16212	10981.50976
11500.0	8.50	11129.29093	11735.84260	11601.10384	11495.28005	11393.55590
12000.0	8.50	11480.10992	12172.36164	12025.99932	11893.14077	11766.96800
12500.0	8.50	11810.65405	12587.12369	12421.04762	12255.07078	12104.58950
13000.0	8.50	12099.79758	12963.90616	12769.28326	12564.47501	12390.35030
13500.0	8.50	12323.31928	13266.96879	13040.24298	12797.51986	12604.64914
14000.0	8.50	12535.69805	13556.19486	13293.66344	13012.47991	12803.59553
14500.0	8.50	12777.91808	13875.76365	13575.54218	13254.30294	13028.47052
15000.0	8.50	13061.99945	14219.02448	13884.69209	13527.88778	13285.29844
15500.0	8.50	13372.61869	14565.94804	14204.02172	13819.94526	13564.97264
16000.0	8.50	13699.29866	14911.63060	14526.37150	14120.40326	13857.57049
16500.0	8.50	14034.84845	15251.25229	14846.16533	14422.39864	14155.65386
17000.0	8.50	14380.56805	15593.05529	15170.03822	14730.37685	14462.55373
20000.0	8.50	16564.76896	17672.50047	17166.09179	16650.17187	16391.22203
25000.0	8.50	20656.13510	21477.87630	20846.22806	20220.48977	19988.16933
30000.0	8.50	25870.63236	26260.00835	25519.55404	24803.28972	24650.22360
35000.0	8.50	31050.39160	31033.97034	30260.03779	29515.94723	29517.27402
40000.0	8.50	34955.32751	34693.63847	33887.95448	33119.80003	33245.33304
45000.0	8.50	38140.11255	37702.78374	36867.76888	36079.48341	36309.73045
50000.0	8.50	40882.58083	40306.59933	39446.93852	38643.53485	38966.53524
55000.0	8.50	43398.90276	42704.64731	41823.51001	41009.22900	41419.55035
60000.0	8.50	45796.95501	45000.41599	44102.63816	43278.75882	43774.53916
65000.0	8.50	53964.40024	52466.11649	50911.59340	49576.19745	49838.17154
70000.0	8.50	56308.65595	54684.14786	53082.05736	51716.16403	52044.33975
75000.0	8.50	58585.93298	56842.27759	55195.17039	53802.02627	54195.37886
80000.0	8.50	60811.05900	58954.54026	57265.67546	55846.41290	56305.03233
85000.0	8.50	62997.56312	61033.75622	59304.26753	57861.01254	58384.65605
90000.0	8.50	65152.01084	63085.00154	61317.36541	59851.52202	60440.27311
100000.0	8.50	69389.38638	67130.01728	65293.56999	63789.19815	64510.24920
3750.0	8.75	4351.15305	4309.13181	4212.21708	4118.22551	4035.76529
4000.0	8.75	4485.46249	4442.26824	4350.09211	4289.72762	4235.04446
4250.0	8.75	4633.36103	4587.52661	4497.15461	4450.47741	4410.80584
4500.0	8.75	4808.29429	4758.78433	4669.11220	4628.47662	4597.96867
4750.0	8.75	5009.28467	4954.79856	4864.76411	4826.46944	4802.06375
5000.0	8.75	4971.20629	5175.51210	5159.68935	5133.13332	5116.95733
5250.0	8.75	5275.89872	5440.53319	5407.01862	5378.28108	5366.09355
5500.0	8.75	5588.20645	5710.88295	5659.39098	5629.26918	5620.88463
5750.0	8.75	5907.62454	5982.72832	5912.22737	5881.62648	5876.94057
6000.0	8.75	6231.25877	6251.70262	6161.77659	6131.08724	6129.94939
6250.0	8.75	6550.45668	6515.76162	6407.04353	6375.87719	6377.97734
6500.0	8.75	6857.32177	6775.55425	6649.11119	6616.75385	6621.63601
7000.0	8.75	7424.53976	7282.78404	7126.39403	7090.75574	7100.10535
7500.0	8.75	7934.02165	7774.30479	7599.67640	7561.73794	7574.59148
8000.0	8.75	8398.01969	8256.98208	8075.49085	8037.26879	8052.23636
8500.0	8.75	8829.75760	8739.09629	8559.65389	8522.91225	8537.20469
9000.0	8.75	9240.25811	9225.69433	9055.70892	9020.60150	9030.16456
9500.0	8.75	9638.92972	9719.72287	9564.54099	9529.98736	9529.76705
10000.0	8.75	10035.32429	10222.97230	10085.23751	10048.33959	10032.86002
10500.0	8.75	10432.47930	10731.45001	10609.54994	10565.97924	10530.01798
11000.0	8.75	10824.14647	11230.12603	11118.21270	11062.35073	11002.37161
11500.0	8.75	11201.98452	11699.13829	11589.99379	11517.13399	11433.00418
12000.0	8.75	11565.93658	12139.03402	12025.92464	11932.20128	11825.51670
12500.0	8.75	11916.21528	12557.62679	12434.38447	12315.04738	12187.00555
13000.0	8.75	12244.42566	12955.69447	12815.02192	12664.35210	12514.58228
13500.0	8.75	12528.06456	13312.44665	13147.38149	12960.67813	12789.71782
14000.0	8.75	12751.36432	13600.97771	13409.62351	13188.72361	13001.03149
14500.0	8.75	12967.87951	13882.06586	13661.25137	13404.90299	13202.06168
15000.0	8.75	13215.07894	14195.17671	13941.68992	13647.72203	13428.21871
15500.0	8.75	13495.79297	14530.39560	14246.33896	13917.96859	13681.42501
16000.0	8.75	13802.66034	14873.70874	14563.60658	14207.28297	13956.53364
16500.0	8.75	14126.18073	15214.40963	14883.04188	14505.43396	14245.54201
17000.0	8.75	14461.03296	15554.48570	15204.10504	14808.57413	14542.80418
20000.0	8.75	16648.31209	17650.66100	17212.31707	16734.53212	16472.98960
25000.0	8.75	20761.95333	21474.44610	20910.14820	20322.06260	20086.17243
30000.0	8.75	26001.68558	26279.55975	25603.46091	24926.65949	24772.87405
35000.0	8.75	31132.83724	31019.79560	30300.91146	29593.94293	29594.16706
40000.0	8.75	35002.69368	34652.29669	33896.06017	33162.98943	33286.35123
45000.0	8.75	38166.46669	37645.29471	36855.78351	36101.28742	36328.49779
50000.0	8.75	40873.15125	40217.97716	39400.44406	38630.09662	38948.52518
55000.0	8.75	43360.76474	42590.68666	41749.75150	40966.86839	41371.34099
60000.0	8.75	45696.56159	44824.81002	43963.67429	43171.68176	43658.37549
3750.0	9.00	4385.66882	4338.92833	4236.93684	4126.40407	4032.48124
4000.0	9.00	4518.32756	4471.25811	4375.43648	4306.50289	4244.50494
4250.0	9.00	4661.53489	4612.48512	4519.29152	4467.75527	4423.58711
4500.0	9.00	4831.03863	4778.87140	4686.96654	4643.40865	4610.16356
4750.0	9.00	5026.79855	4970.21953	4878.53011	4838.42888	4812.38859
5000.0	9.00	4959.15505	5179.02764	5170.91469	5144.67954	5127.80412
5250.0	9.00	5261.56544	5442.34409	5416.24366	5387.78713	5375.25114
5500.0	9.00	5571.40709	5711.88981	5667.89596	5637.71497	5629.17797
5750.0	9.00	5887.70111	5984.27972	5921.41862	5890.62731	5885.88531
6000.0	9.00	6209.08612	6255.30711	6172.60969	6142.14348	6141.14011
6250.0	9.00	6530.26188	6521.60563	6419.24740	6389.25529	6391.69165
6500.0	9.00	6842.69584	6782.61482	6661.58271	6631.59207	6637.16015
7000.0	9.00	7424.84445	7291.70572	7138.22306	7106.65723	7117.07979
7500.0	9.00	7948.58053	7783.96748	7609.21055	7576.07742	7590.14436
8000.0	9.00	8423.94438	8264.39103	8080.69438	8047.75318	8064.27226
8500.0	9.00	8864.61752	8741.62499	8558.86800	8528.37531	8545.15495
9000.0	9.00	9281.61665	9220.76970	9046.96236	9020.39838	9033.85077
9500.0	9.00	9684.97084	9705.23583	9547.11114	9524.15231	9529.90786
10000.0	9.00	10084.83542	10198.85956	10060.95323	10039.72581	10032.92528
10500.0	9.00	10484.94111	10697.99844	10581.10832	10557.97942	10533.80406
11000.0	9.00	10883.21114	11193.68993	11093.93720	11063.76609	11018.34544
11500.0	9.00	11270.66371	11666.13946	11576.39293	11534.53118	11466.74744
12000.0	9.00	11645.15994	12108.82291	12022.41470	11965.03827	11876.62647
12500.0	9.00	12009.00401	12530.21436	12441.04991	12364.45261	12256.83332
13000.0	9.00	12360.15330	12935.53578	12837.89515	12737.32889	12611.04240
13500.0	9.00	12687.70225	13320.28008	13207.92096	13078.00506	12932.07080
14000.0	9.00	12970.16836	13662.28448	13529.97930	13367.25514	13202.12821
14500.0	9.00	13195.15223	13940.51566	13787.62930	13593.96778	13413.70394
15000.0	9.00	13417.04740	14214.79475	14037.58307	13811.48181	13616.25756
15500.0	9.00	13664.43777	14518.49320	14314.22907	14053.08524	13841.77496
16000.0	9.00	13942.11778	14844.61889	14612.94400	14318.41664	14089.65208
16500.0	9.00	14248.58028	15185.60619	14929.39803	14606.39663	14362.09972
17000.0	9.00	14570.11864	15517.20435	15247.38175	14907.83162	14652.57601
20000.0	9.00	16742.23432	17628.78812	17260.48919	16826.67224	16563.86849
25000.0	9.00	20874.97479	21456.45369	20970.76540	20432.25489	20194.37832
30000.0	9.00	26138.98692	26284.27111	25683.02561	25058.06399	24904.64027
35000.0	9.00	31223.27303	31008.07004	30342.79198	29678.17311	29677.81963
40000.0	9.00	35056.90378	34599.74912	33900.52826	33213.93352	33335.78702
45000.0	9.00	38201.81492	37579.09382	36841.97580	36132.31849	36356.73815
50000.0	9.00	40873.46910	40121.20029	39353.66288	38626.24486	38940.44750
55000.0	9.00	43342.48211	42478.55524	41684.46535	40943.63772	41342.84484
60000.0	9.00	45639.04779	44677.53585	43861.05899	43109.65674	43589.58093
65000.0	9.00	53879.02470	52180.07055	50703.93289	49469.69484	49713.73144
70000.0	9.00	56178.99598	54358.76854	52829.90922	51563.43813	51870.50745
75000.0	9.00	58408.44202	56474.15378	54895.24789	53599.41027	53968.04133
80000.0	9.00	60581.66807	58539.27617	56913.01512	55589.72808	56019.71776
85000.0	9.00	62711.99466	60566.63621	58894.74660	57545.65544	58037.06966
90000.0	9.00	64806.48985	62562.63612	60848.25544	59473.73477	60026.71247
100000.0	9.00	68907.16679	66479.60120	64686.78827	63270.19977	63946.33234
3750.0	9.25	4420.84075	4368.88712	4260.87178	4129.89156	4022.95837
4000.0	9.25	4553.29069	4501.64245	4401.29625	4321.35371	4250.33560
4250.0	9.25	4692.27205	4639.38666	4542.66647	4484.80418	4434.86247
4500.0	9.25	4856.06751	4800.80162	4706.18567	4658.87864	4622.09081
4750.0	9.25	5045.43993	4986.33848	4892.47751	4849.89636	4821.50384
5000.0	9.25	4947.74145	5183.46662	5183.78103	5157.98509	5140.24834
5250.0	9.25	5247.67421	5444.89440	5426.64857	5398.47099	5385.37028
5500.0	9.25	5555.56927	5713.47116	5677.23758	5647.01280	5638.13045
5750.0	9.25	5869.06642	5985.70989	5930.89484	5899.73759	5894.86767
6000.0	9.25	6187.86687	6258.25091	6183.49412	6152.70106	6151.68794
6250.0	9.25	6509.18610	6527.31133	6432.04312	6402.41538	6405.07913
6500.0	9.25	6825.63779	6790.60405	6675.55835	6647.10214	6653.11853
7000.0	9.25	7421.90411	7302.14874	7151.99733	7124.20341	7135.58971
7500.0	9.25	7960.35327	7795.39645	7620.57072	7592.43704	7607.67512
8000.0	9.25	8448.62048	8274.83804	8088.35470	8061.02467	8078.96430
8500.0	9.25	8899.23214	8748.07568	8560.85975	8536.78869	8555.61087
9000.0	9.25	9323.54547	9220.56410	9041.44538	9022.80578	9039.61041
9500.0	9.25	9732.01159	9696.32836	9532.56193	9520.53600	9531.37525
10000.0	9.25	10134.56791	10179.52547	10037.29470	10030.91772	10031.47500
10500.0	9.25	10536.92293	10668.76672	10551.10113	10547.49880	10533.51229
11000.0	9.25	10939.99925	11159.33004	11064.90001	11059.49847	11027.05068
11500.0	9.25	11335.84535	11634.29477	11557.15864	11545.02674	11492.19001
12000.0	9.25	11719.84466	12081.37575	12014.30964	11991.72393	11919.72483
12500.0	9.25	12093.82627	12505.28711	12442.22165	12405.71926	12316.26032
13000.0	9.25	12459.23397	12914.09107	12849.41374	12795.16229	12689.30893
13500.0	9.25	12812.10782	13309.32698	13237.99737	13161.70656	13039.08184
14000.0	9.25	13140.73526	13683.30614	13600.32619	13497.05180	13356.86926
14500.0	9.25	13426.11292	14015.95714	13917.28992	13784.17277	13626.03379
15000.0	9.25	13658.73525	14291.63190	14176.31811	14014.81205	13841.84078
15500.0	9.25	13881.91438	14556.84710	14423.32741	14232.74968	14046.16186
16000.0	9.25	14126.95124	14846.09356	14690.78217	14468.47057	14266.27896
16500.0	9.25	14402.89190	15165.92233	14987.71733	14733.16294	14514.13008
17000.0	9.25	14695.77708	15497.40628	15295.20935	15009.83277	14769.14016
20000.0	9.25	16844.26615	17604.65534	17306.99116	16923.82378	16660.65463
25000.0	9.25	21003.31946	21469.96751	21042.34997	20546.86347	20307.05793
30000.0	9.25	26288.38991	26306.05647	25767.24283	25194.41512	25042.09569
35000.0	9.25	31317.77375	30979.36572	30375.44214	29766.46520	29766.29534
40000.0	9.25	35118.60424	34561.66731	33906.82933	33266.98505	33387.02410
45000.0	9.25	38245.29625	37528.92288	36831.32798	36166.78173	36388.75503
50000.0	9.25	40884.27600	40043.55936	39311.98237	38628.25634	38938.35328
55000.0	9.25	43347.73584	42418.34800	41647.72189	40940.90467	41335.67593
60000.0	9.25	45605.85074	44567.18173	43782.11649	43070.18092	43544.05467
3750.0	9.50	4455.65266	4398.67005	4284.36574	4130.28069	4010.03395
4000.0	9.50	4590.02006	4533.12251	4427.26315	4333.38030	4251.53661
4250.0	9.50	4725.58323	4668.17852	4567.10258	4501.02567	4443.76152
4500.0	9.50	4883.66912	4824.67549	4726.65092	4674.40032	4632.94377
4750.0	9.50	5067.60712	5005.49959	4908.98728	4863.24498	4831.85932
5000.0	9.50	4946.03524	5197.34064	5206.65287	5181.52548	5163.04717
5250.0	9.50	5232.41708	5447.10603	5437.40939	5409.56547	5395.66323
5500.0	9.50	5539.76464	5715.47075	5687.44490	5657.29436	5647.93676
5750.0	9.50	5851.53149	5987.47860	5941.08012	5909.59447	5904.44289
6000.0	9.50	6168.07799	6261.11218	6194.99799	6163.59091	6162.45797
6250.0	9.50	6487.71596	6532.33121	6445.25338	6415.28492	6418.03588
6500.0	9.50	6806.66842	6798.78434	6690.66718	6662.78983	6669.12718
7000.0	9.50	7415.65831	7313.95282	7167.81819	7143.28687	7155.59978
7500.0	9.50	7969.35484	7809.12511	7634.61627	7611.64012	7628.14736
8000.0	9.50	8471.14778	8288.09538	8098.57397	8077.37708	8096.77180
8500.0	9.50	8933.00507	8758.55555	8566.02205	8548.85371	8569.66881
9000.0	9.50	9365.36075	9225.28721	9039.49521	9028.98654	9048.79323
9500.0	9.50	9780.22500	9694.00773	9523.00066	9521.15320	9536.64368
10000.0	9.50	10185.37255	10166.55624	10016.87778	10024.46129	10031.62728
10500.0	9.50	10589.69206	10645.72896	10522.33636	10537.51960	10532.53734
11000.0	9.50	10995.80662	11129.13569	11033.48212	11052.15337	11031.44795
11500.0	9.50	11398.30862	11604.56054	11532.96254	11549.88151	11510.92378
12000.0	9.50	11790.72613	12056.41550	12001.82824	12012.94246	11955.97098
12500.0	9.50	12173.35380	12484.10383	12439.69501	12441.76663	12368.77847
13000.0	9.50	12548.67666	12895.26423	12855.42287	12845.19033	12757.52296
13500.0	9.50	12916.76812	13295.34262	13255.11309	13228.66932	13126.76223
14000.0	9.50	13272.48611	13683.13788	13637.98684	13591.41108	13474.52266
14500.0	9.50	13604.37951	14049.43060	13995.64840	13924.99719	13791.79586
15000.0	9.50	13895.93007	14377.52415	14312.07431	14214.46348	14064.59781
15500.0	9.50	14136.39067	14644.22680	14572.09450	14454.03522	14290.34443
16000.0	9.50	14364.25737	14912.49019	14820.98766	14671.25936	14493.85597
16500.0	9.50	14607.93743	15189.65281	15081.12690	14902.70765	14710.06761
17000.0	9.50	14880.86078	15486.91615	15366.69665	15164.45625	14955.68251
20000.0	9.50	18125.43931	18656.90635	18442.07470	18150.72483	17763.64947
25000.0	9.50	21138.19702	21453.40364	21103.25586	20672.26381	20431.59001
30000.0	9.50	26446.53665	26332.02410	25852.12993	25338.47442	25188.04090
35000.0	9.50	31422.13224	30971.31375	30414.10315	29860.59525	29860.67981
40000.0	9.50	35188.33094	34529.26770	33914.10409	33327.52980	33446.49628
45000.0	9.50	38299.90370	37487.44957	36824.58045	36210.81353	36430.60347
50000.0	9.50	40879.29640	39949.11640	39249.03140	38614.94629	38920.28302
55000.0	9.50	43300.65936	42266.70137	41534.37180	40883.55183	41271.33351
60000.0	9.50	45575.78296	44450.58991	43689.63244	43025.67331	43492.62006
65000.0	9.50	53851.82930	51940.32881	50516.14393	49415.25237	49645.34962
70000.0	9.50	56120.19119	54092.85080	52609.63249	51475.19190	51765.47810
75000.0	9.50	58312.59459	56176.12715	54637.77286	53472.23734	53821.64644
80000.0	9.50	60450.67697	58210.83808	56620.06243	55424.94646	55833.35871
85000.0	9.50	62541.32389	60202.70268	58562.16546	57339.06917	57806.02368
90000.0	9.50	64591.10330	62158.30325	60469.66978	59221.99527	59745.96127
100000.0	9.50	68595.34358	65987.03830	64211.85407	62916.41635	63559.12874
