Teff	log(g)	T_BB_us	T_BB_gs	T_BB_rs	T_BB_is	T_BB_zs
3750.0	7.0	3738.12306	4011.70989	4064.58184	4046.13752	4024.08467
4000.0	7.0	3932.01814	4174.53872	4211.44734	4196.04636	4186.16750
4250.0	7.0	4169.60439	4378.34913	4397.14233	4381.14956	4375.23232
4500.0	7.0	4437.26818	4613.30684	4615.92999	4597.60118	4592.90906
4750.0	7.0	4730.64170	4871.37706	4857.78938	4837.22716	4833.73685
5000.0	7.0	5056.39721	5140.06867	5106.19273	5081.79039	5078.02916
5250.0	7.0	5393.30470	5414.01232	5359.71379	5332.16427	5327.47392
5500.0	7.0	5728.28397	5690.28790	5616.25683	5584.99972	5581.13718
6000.0	7.0	6334.09261	6224.01719	6112.49902	6068.41709	6059.89484
6500.0	7.0	6873.78338	6747.23649	6612.40066	6557.83357	6544.57951
7000.0	7.0	7351.92356	7250.03074	7095.94735	7032.62354	7010.10485
7500.0	7.0	7792.84765	7763.01917	7596.26294	7521.71249	7490.50409
8000.0	7.0	8201.12112	8287.77160	8109.76454	8025.42072	7971.86735
8500.0	7.0	8584.85606	8830.97429	8647.21607	8539.88609	8458.49756
9000.0	7.0	8952.45317	9391.34066	9198.73996	9068.83480	8948.59218
9500.0	7.0	9310.11235	9963.64392	9759.87419	9589.89167	9420.79919
10000.0	7.0	9658.37335	10542.95535	10312.27501	10093.53555	9872.04059
10500.0	7.0	9978.50322	11068.95006	10791.52898	10516.16046	10243.83020
11000.0	7.0	10240.76251	11515.53974	11172.36136	10835.87916	10517.49581
11500.0	7.0	10456.51174	11895.48049	11468.57311	11068.67881	10718.37383
12000.0	7.0	10730.26674	12308.35643	11811.16035	11353.73092	10984.60005
12500.0	7.0	11037.61391	12679.18679	12138.45507	11645.92156	11257.03381
13000.0	7.0	11361.38178	13035.41543	12454.96711	11943.88905	11536.58566
13500.0	7.0	11705.95625	13404.41480	12795.80511	12257.83690	11849.34083
14000.0	7.0	12039.62826	13746.00987	13106.26450	12553.88649	12129.86237
14500.0	7.0	12393.58247	14101.58031	13439.73964	12872.22878	12444.79759
15000.0	7.0	12733.97443	14433.28444	13748.92722	13169.94267	12730.40820
15500.0	7.0	13077.45314	14763.89811	14059.60442	13460.67838	13013.87623
16000.0	7.0	13432.69877	15116.71599	14391.65968	13785.60391	13324.86924
16500.0	7.0	13793.65963	15466.71008	14730.89687	14102.40437	13640.43131
17000.0	7.0	14137.33760	15791.22226	15032.83959	14399.83360	13920.51487
20000.0	7.0	16315.68878	17880.19102	17020.81888	16314.61012	15781.55836
25000.0	7.0	20322.44910	21705.68318	20666.22644	19819.16113	19181.70312
30000.0	7.0	25486.01532	26529.13645	25311.10611	24344.34446	23590.26043
35000.0	7.0	30953.96074	31608.27007	30327.36056	29357.76748	28585.93422
40000.0	7.0	35117.93195	35576.80006	34246.31513	33269.90098	32490.55948
45000.0	7.0	38502.75809	38825.04537	37455.37230	36452.81674	35692.73364
50000.0	7.0	41575.33715	41795.79093	40373.51055	39408.80561	38630.67214
55000.0	7.0	44382.93711	44512.74684	43064.30362	42098.80292	41357.24346
60000.0	7.0	46964.24074	47023.84372	45594.36415	44616.87072	43878.26988
65000.0	7.0	50061.92065	50031.37031	48545.78813	47570.05379	46831.79401
70000.0	7.0	52608.21295	52525.98985	51037.48642	50064.27016	49318.96081
75000.0	7.0	55111.75555	54988.12976	53486.01265	52520.64909	51798.42267
80000.0	7.0	57595.33237	57404.65281	55880.59571	54914.72048	54223.66080
85000.0	7.0	59973.85014	59768.40716	58214.33819	57286.51613	56583.03105
90000.0	7.0	62414.53600	62183.31547	60594.97529	59664.14053	58984.92286
3750.0	7.5	3762.24735	4051.38985	4116.63741	4095.15224	4064.22200
4000.0	7.5	3942.96165	4210.28632	4260.94191	4244.70562	4229.18157
4250.0	7.5	4161.31658	4398.01531	4431.27053	4415.10361	4407.22070
4500.0	7.5	4422.59947	4623.24404	4637.99935	4621.18021	4615.60407
4750.0	7.5	4705.41762	4870.87376	4868.46732	4849.01925	4844.92886
5000.0	7.5	5021.49154	5139.11888	5117.63000	5094.69938	5090.50778
5250.0	7.5	5347.71745	5414.42106	5374.77729	5349.81373	5345.24891
5500.0	7.5	5678.68392	5684.45880	5623.21244	5595.16987	5589.10515
6000.0	7.5	6312.86829	6222.04967	6122.51104	6082.95567	6074.50382
6500.0	7.5	6874.21234	6743.35869	6613.68157	6565.29426	6552.60866
7000.0	7.5	7377.38198	7252.04290	7103.01606	7045.21721	7028.06615
7500.0	7.5	7833.09525	7754.31320	7595.39763	7533.35590	7504.89645
8000.0	7.5	8255.68819	8263.52803	8098.50288	8029.34454	7984.48872
8500.0	7.5	8654.01440	8784.97354	8619.97163	8540.06079	8471.36973
9000.0	7.5	9031.91726	9317.00263	9152.30940	9049.38916	8948.79314
9500.0	7.5	9406.55055	9868.64873	9703.22407	9580.67434	9434.00046
10000.0	7.5	9775.33542	10427.53027	10257.34119	10100.89360	9906.28401
10500.0	7.5	10117.71274	10952.83813	10760.81456	10559.59779	10313.31300
11000.0	7.5	10439.80032	11439.68381	11218.93389	10964.64545	10664.22091
11500.0	7.5	10714.84894	11868.99484	11596.62284	11292.13981	10947.64096
12000.0	7.5	10937.38882	12229.62439	11899.61204	11538.69387	11171.45031
12500.0	7.5	11175.80315	12593.34293	12200.63019	11785.81509	11388.11408
13000.0	7.5	11461.91091	12968.45699	12526.58948	12068.44132	11649.09912
13500.0	7.5	11778.55486	13327.68929	12851.19049	12364.62125	11928.06840
14000.0	7.5	12105.53749	13680.74324	13169.39479	12664.90610	12216.41964
14500.0	7.5	12453.04646	14045.06809	13505.81138	12982.38424	12522.29709
15000.0	7.5	12790.40240	14389.12548	13820.77910	13280.66865	12806.99356
15500.0	7.5	13134.27553	14726.51724	14144.07422	13584.22096	13102.36317
16000.0	7.5	13483.19806	15072.01398	14459.01961	13885.76061	13400.98886
16500.0	7.5	13833.31049	15407.61980	14779.50091	14190.52214	13696.47087
17000.0	7.5	14187.52678	15750.20743	15105.70633	14498.86787	13993.89408
20000.0	7.5	16389.00325	17855.83311	17109.61480	16432.56744	15876.59696
25000.0	7.5	20441.94519	21709.18526	20787.46602	19976.28523	19307.38570
30000.0	7.5	25630.09121	26544.12126	25433.92151	24509.80210	23727.06949
35000.0	7.5	31035.98774	31585.30210	30394.53128	29454.88357	28643.87405
40000.0	7.5	35160.95206	35470.38351	34241.43434	33271.81002	32469.49639
45000.0	7.5	38468.01728	38665.18348	37356.08832	36385.90261	35599.44117
50000.0	7.5	41404.71756	41477.12779	40144.31048	39181.04533	38374.71903
55000.0	7.5	44122.62368	44118.70901	42734.77354	41742.41173	40965.27165
60000.0	7.5	46676.32570	46595.17826	45200.18893	44226.70724	43484.66114
65000.0	7.5	49441.76227	49270.20006	47848.53457	46873.11106	46067.95396
70000.0	7.5	51818.31490	51619.69292	50157.72410	49154.29533	48409.58686
75000.0	7.5	54131.91632	53875.84758	52405.21571	51402.27765	50645.30903
80000.0	7.5	56506.50045	56215.75319	54686.53230	53722.79134	52954.52595
85000.0	7.5	58742.66475	58388.23122	56874.34517	55908.61261	55165.62900
90000.0	7.5	61074.39154	60686.06375	59143.12245	58172.87200	57455.41177
3750.0	8.0	3782.29196	4088.58361	4168.25504	4142.24736	4099.02670
4000.0	8.0	3956.80405	4245.20820	4310.38972	4293.32591	4270.90992
4250.0	8.0	4162.35907	4425.24764	4473.25947	4457.62182	4445.90705
4500.0	8.0	4407.31635	4637.12721	4666.96331	4649.94849	4642.97074
4750.0	8.0	4686.21856	4878.12819	4889.84835	4870.36009	4865.63224
5000.0	8.0	4992.94387	5140.21627	5131.51885	5110.41401	5105.90360
5250.0	8.0	5306.79191	5410.82646	5384.24262	5360.27500	5354.60598
5500.0	8.0	5632.57792	5685.50877	5639.00557	5613.64720	5607.73395
6000.0	8.0	6280.82919	6222.65494	6136.04268	6103.49758	6096.09799
6500.0	8.0	6872.65691	6749.82040	6628.09390	6584.91286	6574.41130
7000.0	8.0	7397.90241	7256.03503	7110.39240	7060.18332	7044.01707
7500.0	8.0	7873.61236	7754.58918	7595.56497	7543.14309	7517.15332
8000.0	8.0	8308.79772	8248.41056	8087.39933	8026.92597	7989.58460
8500.0	8.0	8720.04689	8751.07062	8595.05972	8528.84457	8471.18175
9000.0	8.0	9111.02271	9260.90374	9111.02827	9038.93868	8953.97692
9500.0	8.0	9499.20250	9787.28130	9651.22059	9560.97735	9439.12908
10000.0	8.0	9882.29003	10324.65443	10195.43056	10085.91651	9919.23319
10500.0	8.0	10253.96138	10849.15787	10721.08894	10580.16821	10367.86331
11000.0	8.0	10609.29761	11348.68902	11209.94425	11037.21963	10768.68519
11500.0	8.0	10943.28804	11803.78058	11648.17398	11433.47967	11125.53580
12000.0	8.0	11236.80366	12213.66600	12031.11340	11764.81640	11415.60468
12500.0	8.0	11471.26031	12556.47111	12333.99187	12022.04411	11638.97437
13000.0	8.0	11692.08223	12882.90611	12606.80246	12250.83830	11846.90038
13500.0	8.0	11948.29115	13240.24706	12916.34518	12515.67221	12078.91750
14000.0	8.0	12248.78007	13603.49339	13241.66236	12801.43845	12345.54122
14500.0	8.0	12572.17488	13962.30105	13572.33299	13106.69508	12634.89104
15000.0	8.0	12896.81122	14307.73274	13889.89916	13401.86601	12914.69203
15500.0	8.0	13239.08949	14659.61791	14215.46878	13704.51838	13208.24307
16000.0	8.0	13585.50352	15004.11272	14534.72696	14010.25637	13504.16974
16500.0	8.0	13935.69738	15356.42533	14865.78933	14320.06453	13802.44211
17000.0	8.0	14289.88280	15697.76824	15187.51744	14632.61771	14103.49129
20000.0	8.0	16491.94131	17806.45567	17198.38474	16562.57632	15974.97382
25000.0	8.0	20594.23262	21688.27709	20896.28188	20134.29038	19433.42784
30000.0	8.0	25828.12101	26564.64533	25594.36782	24717.52623	23923.07984
35000.0	8.0	31161.79435	31519.71190	30476.76369	29546.58150	28738.72161
40000.0	8.0	35164.74197	35319.95641	34208.56332	33249.40010	32449.18449
45000.0	8.0	38444.83251	38494.39987	37291.58675	36332.60319	35517.60490
50000.0	8.0	41295.24804	41229.12613	39981.62542	39027.17878	38219.99504
55000.0	8.0	43937.52375	43810.01701	42517.85025	41528.46148	40721.32851
60000.0	8.0	46416.64259	46197.26494	44869.12592	43899.99862	43088.19297
65000.0	8.0	49332.71688	49034.26281	47656.23808	46660.89341	45854.02510
70000.0	8.0	51632.77515	51261.53189	49880.95653	48889.14263	48066.36491
75000.0	8.0	53898.15766	53500.36985	52072.05104	51040.56804	50237.84225
80000.0	8.0	56121.74678	55677.70548	54230.09358	53192.80715	52411.43324
85000.0	8.0	58359.96614	57852.06879	56336.08720	55331.15699	54527.46856
90000.0	8.0	60522.11321	59969.39241	58462.21200	57446.99105	56664.11928
3750.0	8.5	3803.06797	4123.36312	4217.52872	4185.69661	4126.35392
4000.0	8.5	3969.95508	4277.74568	4359.08989	4338.67307	4306.53149
4250.0	8.5	4168.40853	4454.64456	4519.17400	4503.11313	4485.48882
4500.0	8.5	4401.59543	4657.98095	4703.56081	4687.85913	4677.37945
4750.0	8.5	4666.97932	4888.39998	4915.25805	4897.29710	4890.27597
5000.0	8.5	4969.43290	5144.60509	5150.45167	5130.46554	5124.84796
5250.0	8.5	5274.15218	5410.37396	5398.58110	5374.82089	5370.18437
5500.0	8.5	5589.68624	5683.88938	5652.53235	5627.21465	5622.08613
6000.0	8.5	6239.18997	6227.47584	6155.58928	6127.04318	6120.57294
6500.0	8.5	6857.69247	6755.77068	6646.18136	6611.17053	6599.58844
7000.0	8.5	7411.83825	7266.59224	7125.94426	7085.46092	7069.07472
7500.0	8.5	7909.27981	7761.73339	7603.91629	7557.44748	7534.27036
8000.0	8.5	8364.40815	8251.63316	8087.67026	8040.21733	8008.36977
8500.0	8.5	8790.40290	8738.43424	8580.71358	8529.20541	8479.57973
9000.0	8.5	9194.47014	9228.90147	9085.75449	9031.58030	8958.30488
9500.0	8.5	9588.65587	9731.62818	9605.03256	9543.60950	9445.58405
10000.0	8.5	9984.34829	10245.41686	10137.84739	10071.57564	9931.49169
10500.0	8.5	10374.48202	10758.67842	10670.36307	10583.01491	10401.21585
11000.0	8.5	10754.16935	11258.49542	11175.05560	11068.01557	10835.92808
11500.0	8.5	11116.64300	11717.44020	11639.90078	11501.35314	11230.71309
12000.0	8.5	11465.32890	12153.80241	12066.01360	11900.94252	11586.45782
12500.0	8.5	11784.16614	12560.62599	12455.59528	12248.33031	11902.74773
13000.0	8.5	12059.69639	12915.92708	12787.86844	12539.49231	12160.11968
13500.0	8.5	12284.75383	13217.92967	13064.66569	12773.43140	12374.01919
14000.0	8.5	12512.86929	13523.54479	13332.32965	13006.07288	12577.77240
14500.0	8.5	12780.06740	13864.36416	13633.53769	13265.91809	12807.93222
15000.0	8.5	13079.92634	14222.43208	13966.48549	13555.19170	13074.87558
15500.0	8.5	13400.70147	14574.62768	14291.64041	13856.94296	13356.34245
16000.0	8.5	13739.40834	14932.13703	14625.29858	14167.02921	13647.37279
16500.0	8.5	14081.64065	15281.98785	14946.30086	14468.90908	13943.68635
17000.0	8.5	14428.56803	15625.89388	15270.32600	14777.42890	14232.37050
20000.0	8.5	16639.69760	17761.18907	17301.12378	16717.86730	16118.77951
25000.0	8.5	20787.32952	21665.30312	21036.71031	20316.14176	19608.85846
30000.0	8.5	26065.56047	26573.64807	25771.99185	24944.98664	24140.01124
35000.0	8.5	31308.88374	31477.90958	30559.71613	29684.38375	28859.27480
40000.0	8.5	35245.59350	35235.23743	34221.15493	33320.05167	32498.28047
45000.0	8.5	38453.24885	38311.22369	37236.93099	36314.26745	35475.76198
50000.0	8.5	41264.45555	41037.84146	39876.10247	38932.63252	38124.84810
55000.0	8.5	43861.02710	43557.85911	42356.85910	41379.26502	40571.42209
60000.0	8.5	46298.38924	45922.55461	44659.08010	43698.07556	42884.83753
65000.0	8.5	49118.87433	48649.96939	47372.05181	46390.66712	45547.75498
70000.0	8.5	51387.72487	50841.11491	49527.42493	48547.37371	47687.79397
75000.0	8.5	53562.80067	53015.99721	51617.09927	50637.70351	49797.63894
80000.0	8.5	55720.05919	55117.34866	53702.73478	52676.92860	51855.29986
85000.0	8.5	57847.22831	57209.60212	55769.00043	54736.42429	53888.72984
90000.0	8.5	59879.26282	59234.79774	57719.18308	56712.48690	55886.10282
3750.0	9.0	3824.15096	4157.65346	4267.28359	4226.59482	4145.22970
4000.0	9.0	3984.64063	4309.43950	4407.76849	4384.43141	4337.36837
4250.0	9.0	4175.24504	4483.58684	4566.48867	4549.44815	4523.77140
4500.0	9.0	4398.21271	4680.97382	4745.85282	4729.59281	4714.65856
4750.0	9.0	4654.22662	4903.22541	4946.57109	4929.34253	4920.44302
5000.0	9.0	4948.87215	5150.74461	5172.33319	5154.17761	5146.47847
5250.0	9.0	5244.98767	5412.23245	5415.76205	5392.63810	5387.55112
5500.0	9.0	5555.15188	5683.71486	5669.06377	5643.97341	5638.36391
6000.0	9.0	6194.04726	6232.41435	6176.10138	6148.97257	6142.32541
6500.0	9.0	6830.15230	6766.13871	6669.81596	6639.95734	6629.57978
7000.0	9.0	7413.50433	7280.36489	7148.11537	7114.69046	7098.96057
7500.0	9.0	7938.69609	7777.69318	7621.13405	7584.94553	7563.70335
8000.0	9.0	8416.37782	8261.96232	8096.18221	8057.65310	8025.74903
8500.0	9.0	8860.47039	8739.02439	8576.27964	8538.16534	8497.03384
9000.0	9.0	9278.12451	9218.41433	9069.43768	9031.32595	8969.99495
9500.0	9.0	9682.94096	9698.43067	9571.03598	9535.77296	9449.53261
10000.0	9.0	10084.35417	10188.21973	10086.58951	10050.60713	9935.24031
10500.0	9.0	10484.27311	10686.84974	10611.57562	10570.83674	10417.09260
11000.0	9.0	10884.84002	11180.84081	11130.24182	11076.73348	10882.23774
11500.0	9.0	11270.94490	11651.95690	11619.45722	11548.83809	11316.74434
12000.0	9.0	11641.70872	12089.38379	12068.60815	11974.56072	11704.56349
12500.0	9.0	12000.67527	12505.86773	12488.49436	12369.28745	12063.02164
13000.0	9.0	12343.79989	12907.65966	12881.51082	12736.71296	12398.55157
13500.0	9.0	12662.75469	13283.49259	13246.19696	13070.22943	12699.19039
14000.0	9.0	12928.81755	13606.32669	13550.39022	13342.83840	12945.58362
14500.0	9.0	13158.61399	13885.52875	13809.96078	13567.64680	13148.50277
15000.0	9.0	13399.41548	14176.50942	14084.50394	13806.21089	13361.87931
15500.0	9.0	13667.18868	14500.55416	14381.89413	14066.19084	13597.13508
16000.0	9.0	13964.26013	14844.32348	14701.30927	14350.16098	13854.90187
16500.0	9.0	14282.77516	15189.66953	15020.03217	14641.46167	14121.35987
17000.0	9.0	14616.59897	15546.27379	15357.71872	14953.10542	14409.27311
20000.0	9.0	16824.57439	17701.56350	17404.87582	16897.92832	16286.81281
25000.0	9.0	21005.04288	21634.59486	21157.48617	20519.49153	19793.06591
30000.0	9.0	26344.81014	26593.88341	25947.13636	25191.26914	24376.14575
35000.0	9.0	31469.42837	31433.61925	30636.93958	29838.11255	28997.57108
40000.0	9.0	35322.98219	35104.47662	34201.71544	33387.65007	32518.33143
45000.0	9.0	38475.55074	38142.50450	37166.81902	36310.39597	35446.26228
50000.0	9.0	41263.90564	40854.36653	39801.03943	38900.15293	38064.45051
55000.0	9.0	43801.05858	43324.56769	42210.59434	41307.86873	40437.81081
60000.0	9.0	46172.96631	45612.80381	44439.06709	43522.22617	42674.78304
65000.0	9.0	48944.53230	48323.14188	47096.29535	46164.30970	45287.98484
70000.0	9.0	51163.95397	50482.84268	49227.38852	48265.81517	47405.63869
75000.0	9.0	53315.92897	52592.59644	51254.02022	50290.70551	49449.03762
80000.0	9.0	55412.11316	54663.52688	53269.66941	52303.58481	51398.67020
85000.0	9.0	57468.11442	56677.58710	55262.28285	54241.92233	53352.75173
90000.0	9.0	59464.81622	58660.19000	57213.00338	56179.44189	55307.88355
