Teff	log(g)	T_BB_us	T_BB_gs	T_BB_rs	T_BB_is	T_BB_zs
3750.0	7.0	3787.73078	4021.83336	4045.76455	4047.49407	4007.86378
4000.0	7.0	3983.10972	4184.79555	4192.70435	4197.36652	4171.13744
4250.0	7.0	4222.36895	4388.74301	4378.56401	4382.41730	4361.73925
4500.0	7.0	4491.72643	4623.81780	4597.64545	4598.79744	4581.37555
4750.0	7.0	4786.72465	4881.96662	4839.95261	4838.33188	4824.59800
5000.0	7.0	5114.00178	5150.68514	5088.94708	5082.78877	5071.55105
5250.0	7.0	5452.17255	5424.59936	5343.20485	5333.04078	5323.94113
5500.0	7.0	5788.09770	5700.78812	5600.62656	5585.74041	5580.82384
6000.0	7.0	6394.84250	6234.19115	6098.93310	6068.86439	6066.23177
6500.0	7.0	6934.54374	6756.89476	6601.37456	6557.94198	6558.34845
7000.0	7.0	7412.06147	7259.01874	7087.78856	7032.36639	7031.60874
7500.0	7.0	7851.89939	7771.15517	7591.46684	7521.04413	7520.54250
8000.0	7.0	8258.74065	8294.86916	8108.80890	8024.29533	8010.96543
8500.0	7.0	8640.76557	8836.82867	8650.67090	8538.26190	8507.22105
9000.0	7.0	9006.40274	9395.74357	9207.10433	9066.66707	9007.43816
9500.0	7.0	9361.86077	9966.39797	9773.60074	9587.16083	9489.76687
10000.0	7.0	9707.70715	10543.87981	10331.61306	10090.23662	9950.98829
10500.0	7.0	10025.38758	11068.08214	10815.98259	10512.36822	10331.20836
11000.0	7.0	10285.48020	11513.05772	11201.03267	10831.70436	10611.19117
11500.0	7.0	10499.34129	11891.56193	11500.61331	11064.22065	10816.76335
12000.0	7.0	10770.56601	12302.81388	11847.18868	11348.92054	11089.28202
12500.0	7.0	11074.89713	12672.13219	12178.38130	11640.74438	11368.23529
13000.0	7.0	11395.29239	13026.86276	12498.74070	11938.33212	11654.55736
13500.0	7.0	11736.06341	13394.26520	12843.80350	12251.87389	11974.97853
14000.0	7.0	12065.84798	13734.34262	13158.18167	12547.53524	12262.45421
14500.0	7.0	12415.46531	14088.29474	13495.93767	12865.45455	12585.28029
15000.0	7.0	12751.48582	14418.45505	13809.15775	13162.76796	12878.11973
15500.0	7.0	13090.36004	14747.49841	14123.94575	13453.10820	13168.82744
16000.0	7.0	13440.64536	15098.60706	14460.45720	13777.58687	13487.83411
16500.0	7.0	13796.36627	15446.87274	14804.31084	14093.94690	13811.59985
17000.0	7.0	14134.87393	15769.75418	15110.41453	14390.95857	14099.02279
20000.0	7.0	16276.68071	17847.63724	17126.88546	16302.96318	16010.05617
25000.0	7.0	20202.15066	21650.68761	20828.45487	19802.14820	19505.75674
30000.0	7.0	25241.43630	26443.03499	25549.94080	24320.02681	24043.56032
35000.0	7.0	30561.51433	31487.14028	30653.02494	29325.04624	29190.17168
40000.0	7.0	34605.06853	35427.17566	34641.79920	33230.47393	33214.88714
45000.0	7.0	37888.29033	38651.55080	37908.96802	36407.86572	36516.51363
50000.0	7.0	40866.31583	41600.12033	40880.52690	39358.68201	39546.28442
55000.0	7.0	43585.89958	44296.55422	43620.97914	42043.94329	42358.48562
60000.0	7.0	46085.11355	46788.50967	46198.02807	44557.55690	44958.97392
65000.0	7.0	49083.00706	49772.92107	49204.57416	47505.49436	48005.88669
70000.0	7.0	51546.36590	52248.23122	51743.03090	49995.26474	50571.90598
75000.0	7.0	53967.66491	54691.20712	54237.67756	52447.25305	53130.13987
80000.0	7.0	56369.04049	57088.83022	56677.51054	54837.03507	55632.56553
85000.0	7.0	58668.32021	59434.01936	59055.47630	57204.57255	58067.14236
90000.0	7.0	61027.22563	61829.88914	61481.33713	59577.92056	60545.69972
3750.0	7.5	3812.04550	4061.54778	4097.84076	4096.49750	4048.28487
4000.0	7.5	3994.13379	4220.56958	4242.23512	4246.01279	4214.48737
4250.0	7.5	4214.02546	4408.42067	4412.73099	4416.36086	4394.00304
4500.0	7.5	4476.97014	4633.75899	4619.75036	4622.36803	4604.28624
4750.0	7.5	4761.37037	4881.46322	4850.65325	4850.11914	4835.90690
5000.0	7.5	5078.94722	5149.73535	5100.41471	5095.69179	5084.17163
5250.0	7.5	5406.43273	5425.00802	5358.31628	5350.68117	5341.93449
5500.0	7.5	5738.37697	5694.96143	5607.60782	5595.90483	5588.89646
6000.0	7.5	6373.60205	6232.22521	6108.99156	6083.39349	6081.05484
6500.0	7.5	6934.97242	6753.02147	6602.66254	6565.39720	6566.50623
7000.0	7.5	7437.47041	7261.02788	7094.90204	7044.94990	7049.87938
7500.0	7.5	7892.02385	7762.46503	7590.59538	7532.67735	7535.19863
8000.0	7.5	8313.08583	8270.67715	8097.45899	8028.21547	8023.83073
8500.0	7.5	8709.57897	8790.93960	8623.19375	8538.43642	8520.35377
9000.0	7.5	9085.40258	9321.60760	9160.24625	9047.24193	9007.64335
9500.0	7.5	9457.65682	9871.68766	9716.39335	9577.95370	9503.25597
10000.0	7.5	9823.79951	10428.83165	10276.10718	10097.58621	9986.00060
10500.0	7.5	10163.46474	10952.37621	10784.93377	10555.75404	10402.28636
11000.0	7.5	10482.77950	11437.48173	11248.12986	10960.31440	10761.34033
11500.0	7.5	10755.29466	11865.17825	11630.14241	11287.40601	11051.44465
12000.0	7.5	10975.67567	12224.39644	11936.68550	11533.65195	11280.59521
12500.0	7.5	11211.67110	12586.64273	12241.30626	11780.46032	11502.48018
13000.0	7.5	11494.73440	12960.18923	12571.24394	12062.72400	11769.81777
13500.0	7.5	11807.83312	13317.87543	12899.88315	12358.51879	12055.65046
14000.0	7.5	12130.96608	13669.36881	13222.11678	12658.40797	12351.17158
14500.0	7.5	12474.17966	14032.04229	13562.86610	12975.46237	12664.73461
15000.0	7.5	12807.17053	14374.50347	13881.95520	13273.34383	12956.65479
15500.0	7.5	13146.40239	14710.29663	14209.54311	13576.48146	13259.58710
16000.0	7.5	13490.42353	15054.12347	14528.72873	13877.60482	13565.92609
16500.0	7.5	13835.42954	15388.07651	14853.58142	14181.94136	13869.10360
17000.0	7.5	14184.29360	15728.94691	15184.29254	14489.85295	14174.33356
20000.0	7.5	16348.66043	17823.41399	17216.99419	16420.74549	16107.69853
25000.0	7.5	20318.99035	21654.16810	20951.63175	19959.02476	19635.05264
30000.0	7.5	25381.80177	26457.91943	25674.83874	24485.21151	24184.44975
35000.0	7.5	30641.22624	31464.33469	30721.37972	29421.99720	29249.88201
40000.0	7.5	34646.81636	35321.53352	34636.83061	33232.37968	33193.17246
45000.0	7.5	37854.60681	38492.87350	37807.87549	36341.06824	36420.31355
50000.0	7.5	40700.99795	41283.84989	40647.11362	39131.32154	39282.31166
55000.0	7.5	43333.80526	43905.50551	43285.34909	41688.18096	41954.18250
60000.0	7.5	45806.40530	46363.12264	45796.51514	44168.08476	44552.94244
65000.0	7.5	48482.92821	49017.61893	48494.27109	46809.79150	47217.86687
70000.0	7.5	50782.27614	51348.96261	50846.73785	49086.91348	49633.68115
75000.0	7.5	53020.09211	53587.59461	53136.50308	51330.88201	51940.37309
80000.0	7.5	55316.31759	55909.23976	55460.86627	53647.24264	54323.02224
85000.0	7.5	57478.21014	58064.69238	57690.07701	55829.14383	56604.54675
90000.0	7.5	59732.04187	60344.44949	60001.89143	58089.33508	58967.35699
3750.0	8.0	3832.24707	4098.77269	4149.48503	4143.58122	4083.34159
4000.0	8.0	4008.07762	4255.51630	4291.72470	4294.61954	4256.54938
4250.0	8.0	4215.07497	4435.66837	4454.77121	4458.86555	4433.02830
4500.0	8.0	4461.59511	4647.64761	4648.76260	4651.12585	4631.91577
4750.0	8.0	4742.07102	4888.71911	4872.08047	4871.45116	4856.82780
5000.0	8.0	5050.27526	5150.83274	5114.34080	5111.39911	5099.74338
5250.0	8.0	5365.36535	5421.41417	5367.81197	5361.13704	5351.40696
5500.0	8.0	5692.15278	5696.01098	5623.45954	5614.37171	5607.77078
6000.0	8.0	6341.53632	6232.82999	6122.58625	6103.92195	6102.96665
6500.0	8.0	6933.41805	6759.47565	6617.15467	6585.00137	6588.65904
7000.0	8.0	7457.94977	7265.01402	7102.32519	7059.90390	7066.10567
7500.0	8.0	7932.41297	7762.74051	7590.76391	7542.45596	7547.68048
8000.0	8.0	8365.97258	8255.59166	8086.26861	8025.79917	8029.02518
8500.0	8.0	8775.27175	8757.11823	8598.06988	8527.23139	8520.16198
9000.0	8.0	9164.03173	9265.65929	9118.58716	9036.80245	9012.93635
9500.0	8.0	9549.67264	9790.56075	9663.88138	9558.27844	9508.49649
10000.0	8.0	9929.93335	10326.28663	10213.55547	10082.62634	9999.24094
10500.0	8.0	10298.56628	10849.05359	10744.77694	10576.30001	10458.09323
11000.0	8.0	10650.73334	11346.81966	11239.03881	11032.79999	10868.25773
11500.0	8.0	10981.51635	11800.21392	11682.29296	11428.56974	11233.58055
12000.0	8.0	11272.03536	12208.50154	12069.75204	11759.48837	11530.63671
12500.0	8.0	11503.98174	12549.92233	12376.28613	12016.38665	11759.44532
13000.0	8.0	11722.34672	12875.00015	12652.44785	12244.88441	11972.47790
13500.0	8.0	11975.59463	13230.81349	12965.85728	12509.37136	12210.24108
14000.0	8.0	12272.46322	13592.46382	13295.30889	12794.75876	12483.52772
14500.0	8.0	12591.78832	13949.65398	13630.25302	13099.60584	12780.17754
15000.0	8.0	12912.16356	14293.49149	13951.98783	13394.37617	13067.10293
15500.0	8.0	13249.76404	14643.71684	14281.89393	13696.61332	13368.19424
16000.0	8.0	13591.25610	14986.55298	14605.46367	14001.92748	13671.78719
16500.0	8.0	13936.28831	15337.13607	14941.05627	14311.30186	13977.84954
17000.0	8.0	14285.06903	15676.77250	15267.24229	14623.41323	14286.82225
20000.0	8.0	16449.71370	17774.30915	17307.07970	16550.56097	16208.77530
25000.0	8.0	20467.87523	21633.38877	21062.18969	20116.78046	19764.72337
30000.0	8.0	25574.71315	26478.30599	25838.00944	24692.59248	24386.31222
35000.0	8.0	30763.47730	31399.20807	30805.06235	29513.53916	29347.62870
40000.0	8.0	34650.49417	35172.20020	34603.36831	33210.00846	33172.23224
45000.0	8.0	37832.12748	38323.35436	37742.19931	36287.86172	36335.92720
50000.0	8.0	40594.92701	41037.70816	40481.43975	38977.72497	39122.74145
55000.0	8.0	43154.54269	43599.15228	43064.41299	41474.60805	41702.56841
60000.0	8.0	45555.01566	45968.24869	45459.29397	43841.95473	44143.96716
65000.0	8.0	48377.40842	48783.49822	48298.37851	46597.95116	46997.16929
70000.0	8.0	50602.78819	50993.57504	50564.77453	48822.23355	49279.57606
75000.0	8.0	52794.01670	53215.03905	52797.06301	50969.81890	51519.96222
80000.0	8.0	54944.29744	55375.39831	54995.80463	53118.20778	53762.64840
85000.0	8.0	57108.25353	57532.73780	57141.62426	55252.72453	55946.05129
90000.0	8.0	59198.25243	59633.42275	59308.05377	57364.75907	58150.81719
3750.0	8.5	3853.18458	4133.58032	4198.78987	4187.01946	4110.87055
4000.0	8.5	4021.32451	4288.07604	4340.47144	4339.95357	4292.46184
4250.0	8.5	4221.16507	4465.08124	4500.74636	4504.34193	4472.96340
4500.0	8.5	4455.83963	4668.50924	4685.42373	4689.02241	4666.65932
4750.0	8.5	4722.73024	4898.99290	4897.54634	4898.37689	4881.73261
5000.0	8.5	5026.66023	5155.22154	5133.32504	5131.44124	5118.90543
5250.0	8.5	5332.60916	5420.96177	5382.19678	5375.67537	5367.17816
5500.0	8.5	5649.14592	5694.39225	5637.03690	5627.93145	5622.31288
6000.0	8.5	6299.85839	6237.64702	6142.22453	6127.45203	6127.80327
6500.0	8.5	6918.46356	6765.41897	6635.34278	6611.23963	6614.24212
7000.0	8.5	7471.85711	7275.55534	7117.97602	7085.16099	7091.59716
7500.0	8.5	7967.96442	7769.87173	7599.17460	7556.74779	7565.11226
8000.0	8.5	8421.34257	8258.80746	8086.54165	8039.07803	8048.17417
8500.0	8.5	8845.25475	8744.51209	8583.60205	8527.59188	8528.73010
9000.0	8.5	9246.96152	9233.74219	9093.08297	9029.45181	9017.35553
9500.0	8.5	9638.49413	9735.07028	9617.24421	9540.92973	9515.09234
10000.0	8.5	10031.18592	10247.30053	10155.37951	10068.30194	10011.77528
10500.0	8.5	10418.04058	10758.88242	10693.50262	10579.14332	10492.21586
11000.0	8.5	10794.24065	11256.95250	11203.75722	11063.55822	10937.08627
11500.0	8.5	11153.12129	11714.20187	11673.92341	11496.35816	11341.28125
12000.0	8.5	11498.11510	12148.87526	12105.06991	11895.44067	11705.64558
12500.0	8.5	11813.37993	12554.06018	12499.37658	12242.37969	12029.70381
13000.0	8.5	12085.67603	12907.88177	12835.76752	12533.16005	12293.46585
13500.0	8.5	12307.99308	13208.59276	13116.05398	12766.78904	12512.72102
14000.0	8.5	12533.24229	13512.87013	13387.14095	12999.11918	12721.61231
14500.0	8.5	12796.97205	13852.16254	13692.25631	13258.61330	12957.61738
15000.0	8.5	13092.79940	14208.58778	14029.58865	13547.49206	13231.39287
15500.0	8.5	13409.10293	14559.13074	14359.08903	13848.82714	13520.12232
16000.0	8.5	13742.91514	14914.92652	14697.26878	14158.48134	13818.72258
16500.0	8.5	14080.02666	15263.06674	15022.67835	14459.93653	14122.80382
17000.0	8.5	14421.58877	15605.25993	15351.20682	14768.01835	14419.11158
20000.0	8.5	16594.74290	17729.29202	17411.34519	16705.62023	16356.53614
25000.0	8.5	20656.63048	21610.55629	21204.87083	20298.34413	19945.21249
30000.0	8.5	25805.98768	26487.24840	26018.65444	24919.67651	24609.72855
35000.0	8.5	30906.40225	31357.70107	30889.47843	29651.10688	29471.86823
40000.0	8.5	34728.95310	35088.09676	34616.18640	33280.53801	33222.84700
45000.0	8.5	37840.28775	38141.53319	37686.54844	36269.55794	36292.78058
50000.0	8.5	40565.09008	40847.85672	40373.97893	38883.34456	39024.61498
55000.0	8.5	43080.45676	43348.90288	42900.44510	41325.67463	41547.94941
60000.0	8.5	45440.53562	45695.63446	45245.34331	43640.38912	43934.19895
65000.0	8.5	48170.47522	48402.16110	48008.88007	46328.20516	46681.21137
70000.0	8.5	50365.72467	50576.41059	50204.60946	48481.07378	48889.00500
75000.0	8.5	52469.67233	52734.43261	52333.54674	50567.67413	51065.77957
80000.0	8.5	54555.88887	54819.41757	54458.48938	52603.25285	53188.82579
85000.0	8.5	56612.56763	56895.30815	56563.80351	54659.05865	55286.96730
90000.0	8.5	58576.89293	58904.60729	58550.92876	56631.57463	57347.98801
3750.0	9.0	3874.43020	4167.89744	4248.58185	4227.90690	4129.88765
4000.0	9.0	4036.11652	4319.79074	4389.20196	4385.69815	4323.55499
4250.0	9.0	4228.04738	4494.03855	4548.12841	4550.66125	4511.59397
4500.0	9.0	4452.43642	4691.51043	4727.79294	4730.74023	4704.30660
4750.0	9.0	4709.90966	4913.82107	4928.93051	4930.40870	4912.22245
5000.0	9.0	5006.00721	5161.36100	5155.26691	5155.14208	5140.78611
5250.0	9.0	5303.33812	5422.81988	5399.43378	5393.48327	5384.76084
5500.0	9.0	5614.51516	5694.21780	5653.63062	5644.68063	5638.80690
6000.0	9.0	6254.66849	6242.58155	6162.83360	6149.36688	6149.87867
6500.0	9.0	6890.94017	6775.77482	6659.10974	6640.00503	6644.71922
7000.0	9.0	7473.51975	7289.30715	7140.28889	7114.36669	7122.00240
7500.0	9.0	7997.28270	7785.80239	7616.51510	7584.22160	7595.08794
8000.0	9.0	8473.08091	8269.11477	8095.12016	8056.49738	8065.89064
8500.0	9.0	8914.93947	8745.10083	8579.13055	8536.54286	8546.53825
9000.0	9.0	9330.08140	9223.28285	9076.61782	9029.19773	9029.29214
9500.0	9.0	9732.09451	9701.96905	9582.91855	9533.10182	9519.12711
10000.0	9.0	10130.38118	10190.28311	10103.59681	10047.35748	10015.60829
10500.0	9.0	10526.85288	10687.29593	10634.08260	10566.97963	10508.45966
11000.0	9.0	10923.64533	11179.57625	11158.44027	11072.26544	10984.49091
11500.0	9.0	11305.81744	11648.96564	11653.24203	11543.78342	11429.38519
12000.0	9.0	11672.54150	12084.71052	12107.69555	11968.96438	11826.64080
12500.0	9.0	12027.35899	12499.52597	12532.67983	12363.17888	12193.94998
13000.0	9.0	12366.30572	12899.64927	12930.58445	12730.11947	12537.87018
13500.0	9.0	12681.19670	13273.87126	13299.90162	13063.18937	12846.10854
14000.0	9.0	12943.74044	13595.28450	13608.02451	13335.42901	13098.78489
14500.0	9.0	13170.40517	13873.23111	13870.99431	13559.93007	13306.91412
15000.0	9.0	13407.83518	14162.87795	14149.17721	13798.16533	13525.80264
15500.0	9.0	13671.75377	14485.40777	14450.55969	14057.78394	13767.17387
16000.0	9.0	13964.42199	14827.53715	14774.31810	14341.35595	14031.68568
16500.0	9.0	14278.07162	15171.20298	15097.42965	14632.24464	14305.16300
17000.0	9.0	14606.64043	15526.03909	15439.82322	14943.44374	14600.71204
20000.0	9.0	16776.17196	17669.99443	17516.64292	16885.41163	16529.20340
25000.0	9.0	20869.41265	21580.03703	21327.58816	20501.37139	20134.74144
30000.0	9.0	26077.94865	26507.34813	26196.78269	25165.55079	24852.93159
35000.0	9.0	31062.39248	31313.72351	30968.06511	29804.57386	29614.39542
40000.0	9.0	34804.04994	34958.28536	34596.39726	33348.01965	33243.51829
45000.0	9.0	37861.91102	37974.06092	37615.16024	36265.69321	36262.36183
50000.0	9.0	40564.55723	40665.75539	40297.53775	38850.92194	38962.32628
55000.0	9.0	43022.37738	43117.37559	42751.47694	41254.40418	41410.13868
60000.0	9.0	45319.11246	45388.24492	45021.24209	43464.85092	43717.52213
65000.0	9.0	48001.76183	48077.84537	47727.97168	46102.24992	46413.22672
70000.0	9.0	50149.24082	50220.90748	49898.94634	48200.01688	48597.90854
75000.0	9.0	52230.89992	52314.32071	51963.63678	50221.29583	50706.11144
80000.0	9.0	54258.11244	54369.13637	54017.25296	52230.57721	52717.67719
85000.0	9.0	56246.04700	56367.45987	56047.50072	54165.44329	54733.92360
90000.0	9.0	58176.28398	58334.51535	58035.15268	56099.48689	56751.33534
