Teff	log(g)	T_BB_u	T_BB_g	T_BB_r	T_BB_i	T_BB_z
3750.0	7.0	3676.6323636823354	3940.3735940038814	4028.512838363843	4026.8376755331738	3995.4979767433697
4000.0	7.0	3867.6957737911143	4104.279205271913	4175.795628408968	4176.740500339479	4158.058050055568
4250.0	7.0	4101.313933015803	4309.534493239658	4362.10740453778	4362.198165070259	4348.562466289583
4500.0	7.0	4365.0303084558545	4545.7273049822925	4580.97976026489	4579.07022573741	4570.381044518094
4750.0	7.0	4655.116279759104	4804.393185390055	4823.985340719321	4820.455133836731	4814.851704807656
5000.0	7.0	4980.768396732845	5075.656482585876	5074.062858546582	5067.499460565599	5063.69419025849
5250.0	7.0	5324.393996932092	5352.633843184635	5329.587044831217	5319.745451127854	5320.046324492991
5500.0	7.0	5672.225056849739	5630.511663587874	5588.623374523712	5575.136678003767	5578.2959017340445
6000.0	7.0	6297.762152035451	6168.543605664567	6088.1216954067595	6064.244927841985	6071.360759294455
6500.0	7.0	6845.77493441718	6695.904489061213	6592.078213839817	6559.474469338157	6571.175262195273
7000.0	7.0	7327.9787448298675	7202.65923444265	7082.1339605413095	7039.907719559318	7051.014888721775
7500.0	7.0	7771.610178095504	7718.09801127186	7588.1003693272105	7538.612950950186	7547.899667580325
8000.0	7.0	8181.09382726458	8244.719871533602	8110.480779690841	8048.418992915845	8050.8710602570245
8500.0	7.0	8566.055892370829	8788.46681345287	8652.741271301651	8576.760894301005	8558.998272716928
9000.0	7.0	8933.595971538936	9352.623715216718	9215.576726999107	9115.021648900696	9072.130709395988
9500.0	7.0	9292.451859782099	9927.025501314816	9782.400015578487	9654.068216248817	9568.862704823887
10000.0	7.0	9644.447138731271	10503.284221531272	10343.85798115869	10170.18384975607	10041.46013894558
10500.0	7.0	9966.88310073692	11032.484771117764	10835.466323951021	10610.754599166688	10432.80051637283
11000.0	7.0	10232.826898552627	11486.542443234555	11224.31674341266	10935.068151980904	10722.995212338643
11500.0	7.0	10450.526817110165	11870.953827065181	11527.045200801113	11177.314436030345	10937.960257120778
12000.0	7.0	10727.371704318348	12289.181767665605	11877.611804117952	11477.46788327901	11215.38654321282
12500.0	7.0	11037.386530254973	12665.420549211573	12210.872109956446	11779.831800878064	11498.702361015352
13000.0	7.0	11363.97707271614	13032.999271146384	12534.393592859276	12082.3363016157	11795.370070738702
13500.0	7.0	11711.33068554793	13409.002550399284	12881.841168921412	12407.043437539549	12120.927714665992
14000.0	7.0	12052.692381210032	13757.858441551049	13204.753220287905	12707.954959845058	12419.821626051416
14500.0	7.0	12411.811988259167	14131.90143151523	13545.52662954401	13031.471911109646	12748.066316543966
15000.0	7.0	12758.464419498714	14472.852305331508	13862.06687636365	13334.856413165619	13045.63130861972
15500.0	7.0	13105.825651851314	14812.100647425254	14179.64143413371	13636.924294107568	13348.4309634899
16000.0	7.0	13473.343825858747	15174.88711031713	14519.415233208494	13967.789458123747	13673.286928932741
16500.0	7.0	13840.220668327907	15535.352700169624	14866.749469101755	14296.96253638194	14003.277444516507
17000.0	7.0	14194.756909479935	15870.721552480327	15176.082807748096	14600.568172458725	14303.783849838197
20000.0	7.0	16439.203436542703	18021.624962852424	17222.613953919044	16569.08129356298	16272.224080330363
25000.0	7.0	20580.491610100118	21984.27807184623	20967.990162569997	20171.582381190212	19871.397520973154
30000.0	7.0	25908.18541798701	27003.590047728732	25765.32180784136	24816.842398150584	24537.131329442753
35000.0	7.0	31543.06838160211	32314.937306654232	30941.33697570123	29952.188931765028	29835.69303847951
40000.0	7.0	35841.849823851684	36446.48720900298	34988.11458941941	33962.12363140818	33969.68072122803
45000.0	7.0	39326.216059849234	39837.01504720594	38303.150425708234	37254.06618530297	37388.182301490044
50000.0	7.0	42505.15548290373	42950.48086498228	41347.40812772626	40284.45291652607	40503.26935977419
55000.0	7.0	45396.66063704819	45776.061953271244	44132.108312914446	43046.18124878668	43395.029132117146
60000.0	7.0	48062.02314550595	48415.77050710119	46714.85224929073	45630.312830939896	46068.15375384977
65000.0	7.0	51263.50853567873	51546.22913931151	49807.45602156845	48702.67061208043	49209.11123208319
70000.0	7.0	53899.974599658046	54184.59867586174	52385.55329342883	51228.205676757745	51847.80403190122
75000.0	7.0	56462.57093567935	56749.76965656405	54881.35837804589	53746.595247555175	54482.37442094342
80000.0	7.0	59006.965026811886	59308.5460166818	57403.22882339684	56246.843380481725	57053.400158995835
85000.0	7.0	61483.176880134	61774.74375786344	59818.42368354903	58643.08288923453	59557.381360525396
90000.0	7.0	64027.42957375807	64293.747851133216	62283.724959082785	61129.294924269736	62110.28596756598
3750.0	7.5	3699.0066294710873	3978.4690988869315	4080.4716349869527	4075.865189537138	4037.251451988559
4000.0	7.5	3875.548561456549	4138.015291297128	4225.256212840942	4225.591010881051	4202.01778661228
4250.0	7.5	4091.166789298202	4327.57786788707	4396.188466898126	4396.664245906462	4381.612857756962
4500.0	7.5	4349.003539743917	4554.179461620897	4603.946410402847	4602.440638422579	4593.117866236329
4750.0	7.5	4628.300930869603	4803.256011303003	4835.553850374981	4832.155948582785	4826.103906919305
5000.0	7.5	4942.401370423944	5073.12730779319	5085.4660833013495	5080.2309187434275	5077.624458187954
5250.0	7.5	5270.873512330025	5351.2822069869635	5344.594268987543	5337.0933759732	5337.924544823999
5500.0	7.5	5610.52311586397	5623.806131550931	5595.532092072265	5585.092730588582	5587.982325784553
6000.0	7.5	6268.654868803407	6165.439347211279	6098.229008738412	6078.4207463844705	6086.0960427925065
6500.0	7.5	6844.508202725438	6692.079624980722	6593.463626558827	6564.962878233779	6576.830328793636
7000.0	7.5	7354.145149972118	7204.635997197479	7089.396909067858	7054.6267565700355	7069.471139240556
7500.0	7.5	7816.03795897956	7711.29411145103	7587.2422013072	7547.588177064144	7562.626401437545
8000.0	7.5	8241.876175650616	8222.585351145428	8099.013900222624	8052.352340291725	8063.818669634958
8500.0	7.5	8645.184688350659	8744.974385081061	8628.057825730039	8573.456842646534	8571.882016546735
9000.0	7.5	9027.698090334528	9275.954217455012	9165.205888571158	9095.266691927663	9071.74153147159
9500.0	7.5	9408.592581107747	9829.52647136467	9728.359642963022	9636.739926272576	9581.878446452518
10000.0	7.5	9783.79126982434	10388.021973849072	10287.75095718406	10172.945360170108	10075.64014567933
10500.0	7.5	10134.392437175502	10913.248612350144	10803.794841324665	10644.968226291208	10507.995984136674
11000.0	7.5	10463.782697019447	11403.310288740846	11266.401357607416	11063.73874597572	10883.3408814924
11500.0	7.5	10745.666536836905	11832.677891940602	11656.521691012986	11401.182890251077	11179.451364699593
12000.0	7.5	10973.836457911077	12197.254882257348	11966.48552218913	11662.623877920038	11413.57309423618
12500.0	7.5	11214.8785172708	12570.193450739675	12269.616295617987	11914.411346699257	11646.136014981348
13000.0	7.5	11508.955151600845	12951.292743612037	12607.99981310655	12208.326893685178	11918.806496619414
13500.0	7.5	11832.6443717282	13321.600133496966	12938.93610921271	12515.424098748046	12216.04720041816
14000.0	7.5	12167.368059073802	13681.983757241367	13269.72192868512	12820.47289035736	12517.669117294683
14500.0	7.5	12519.43272792928	14053.483002420868	13607.590391671876	13143.501559595301	12836.587211167303
15000.0	7.5	12865.667699767931	14405.059867683885	13936.123402926674	13453.270700060099	13140.851742092467
15500.0	7.5	13216.271855684865	14756.886941410177	14259.87505050646	13762.235824780071	13449.566327125003
16000.0	7.5	13572.605198005585	15111.379513357531	14589.255596241415	14068.722999136864	13762.0306687988
16500.0	7.5	13930.76295038533	15463.102292668502	14917.31687649348	14386.736575472822	14070.709497777794
17000.0	7.5	14289.790642384172	15809.668003089308	15250.89562789408	14701.040801098385	14390.038464545045
20000.0	7.5	16554.642257088286	17980.494349528668	17314.258025303745	16689.55103528619	16373.577715927298
25000.0	7.5	20738.889572302134	21976.677360689082	21094.4440787841	20332.128320595555	20005.15141485088
30000.0	7.5	26086.517664139195	27002.810828098354	25892.32491117256	24986.972966725014	24698.788967348835
35000.0	7.5	31657.811135138705	32270.619864449218	31011.150365956168	30050.27781385336	29919.520253669623
40000.0	7.5	35883.604265864444	36334.55530292114	34981.66559054145	33987.06850086095	33970.95413413126
45000.0	7.5	39311.143203157946	39672.78099601128	38225.541982079936	37183.923642953734	37261.32741841262
50000.0	7.5	42330.42431952113	42618.5328745935	41110.30734121103	40053.18136288914	40232.29645743146
55000.0	7.5	45132.131423862054	45365.251471215415	43792.685325819984	42712.26220400178	42981.427023692086
60000.0	7.5	47796.73073861145	48002.31321663201	46343.006415590666	45230.674783488095	45616.67095300288
65000.0	7.5	50628.02937800726	50788.88668059755	49083.373282623885	47948.83356508673	48395.60654964955
70000.0	7.5	53093.35782229276	53236.76361150585	51438.55489178448	50328.15716606445	50884.56833763131
75000.0	7.5	55463.410591692314	55588.72289641776	53762.47035943742	52599.00888503002	53257.85984819859
80000.0	7.5	57930.203822243515	58065.90381559552	56164.27738886417	54980.71646115129	55703.13522889604
85000.0	7.5	60263.669848452686	60332.91010932492	58430.716141364486	57227.149480878914	58050.94043762804
90000.0	7.5	62654.41398785013	62735.499816819145	60781.26007571836	59595.74628377136	60481.44613949204
3750.0	8.0	3717.89316154499	4014.118429269017	4131.942170443223	4124.582351335183	4074.57292643858
4000.0	8.0	3887.8941633956406	4171.480912846537	4275.371251703847	4274.446986627067	4245.68238668271
4250.0	8.0	4089.830191710297	4352.981019151319	4438.199038218647	4439.714839640382	4421.444681681733
4500.0	8.0	4331.11980653841	4566.492617063147	4632.923122618758	4632.940532213039	4620.633817063837
4750.0	8.0	4607.260058375021	4808.905212867745	4856.102479426118	4854.373592520072	4848.336738243728
5000.0	8.0	4912.0349163716755	5072.674389180575	5099.423379630292	5095.736203266703	5093.237360107966
5250.0	8.0	5225.426078791775	5346.017835555989	5354.132687292305	5347.446968489385	5347.310113129891
5500.0	8.0	5554.576042018348	5622.94008004566	5611.527200075845	5603.4246448557515	5606.687096665627
6000.0	8.0	6224.6325582828385	6166.113548437817	6111.77131880836	6098.79934561188	6107.746779855169
6500.0	8.0	6836.1424794964605	6697.044794420075	6607.952493859424	6586.301130647547	6601.105673404445
7000.0	8.0	7371.998771028069	7208.627404983498	7096.728941756083	7069.573227844192	7085.516472910606
7500.0	8.0	7855.420040503606	7709.7751361783285	7587.533742622402	7557.251840998143	7574.9818332977575
8000.0	8.0	8297.849602829052	8207.485419144063	8085.379647127251	8049.708527473269	8068.924147224285
8500.0	8.0	8715.093459433	8711.059937541586	8599.832217416139	8562.274152708796	8571.550486021608
9000.0	8.0	9113.287566545654	9222.258440293594	9126.556131756837	9080.948035093466	9072.838219245916
9500.0	8.0	9506.969308024269	9748.293250600658	9672.077154275818	9617.157050346439	9586.181577856774
10000.0	8.0	9899.775437490673	10285.07000720451	10225.02363976514	10153.902459211442	10092.966334736397
10500.0	8.0	10281.682056772712	10812.599482688858	10759.534665311488	10665.578836671453	10563.145577321313
11000.0	8.0	10646.905465579157	11308.581702618414	11257.159504322859	11131.78841796453	10990.1995592122
11500.0	8.0	10989.87703678761	11767.819205925423	11704.049981547088	11543.246124126905	11361.637900503383
12000.0	8.0	11292.190905205445	12182.101383373503	12094.836421163136	11884.459347332817	11670.298222200068
12500.0	8.0	11534.113247545187	12528.983320335603	12404.634442953406	12152.046162724546	11910.600437588508
13000.0	8.0	11760.492615655134	12856.226516048273	12689.021259893754	12385.141324289176	12128.454344703627
13500.0	8.0	12028.432141389327	13218.48782170695	13000.376400008581	12655.449221413875	12378.668146737742
14000.0	8.0	12333.850818962004	13593.37572041578	13338.587962576094	12958.126640097296	12657.541751568831
14500.0	8.0	12665.043364336718	13958.924045398393	13676.73718212496	13269.216811747921	12960.130334082081
15000.0	8.0	13001.077997877426	14311.91589432241	14000.7490753239	13569.563732177003	13252.877813008246
15500.0	8.0	13347.928565229233	14671.693572883558	14333.723166223846	13884.329234264067	13560.114052922345
16000.0	8.0	13703.401434654419	15030.431591117269	14660.458657415986	14202.64338526703	13877.158006623058
16500.0	8.0	14063.323531069325	15385.795159322142	14998.605700879025	14518.252577490457	14189.489872608112
17000.0	8.0	14423.848680221792	15742.961279717943	15335.79648782364	14836.78971010754	14512.872413653713
20000.0	8.0	16688.434845889755	17922.0749900312	17397.320495752567	16812.66621340565	16486.887238401476
25000.0	8.0	20914.565743869032	21932.820713387464	21206.596844862495	20480.863649575535	20151.15726798152
30000.0	8.0	26322.040670657054	27009.305685627583	26058.343977641052	25197.83785959223	24905.32890092002
35000.0	8.0	31784.821798290006	32204.685200682867	31074.439019731515	30165.889604117012	30020.43457359508
40000.0	8.0	35904.59266079555	36179.45965713922	34949.961890779676	33966.303488519035	33924.10455973004
45000.0	8.0	39287.897412742626	39468.894799865295	38134.34397139167	37126.61609278448	37204.15293082142
50000.0	8.0	42244.14289007124	42359.168011707974	40943.11448127544	39895.25145840408	40037.993093626465
55000.0	8.0	44969.25413124196	45040.74258869243	43535.55657621851	42461.25647950754	42720.49335641547
60000.0	8.0	47531.92294764036	47589.02670570947	46001.27421191143	44894.103449704555	45231.33911990527
65000.0	8.0	50543.403568257796	50509.114365392714	48886.756101539904	47766.36897404617	48169.182738860276
70000.0	8.0	52899.194578462506	52865.905754350024	51152.954113066386	50017.115266834866	50517.66094574945
75000.0	8.0	55253.328214903384	55198.04779621364	53419.478225730294	52266.98042123507	52866.20165939229
80000.0	8.0	57571.78754445587	57508.40482829635	55651.10115852912	54477.00816503823	55128.314908308086
85000.0	8.0	59826.65029179331	59776.193424182275	57875.20191917455	56676.98213474352	57423.092824005376
90000.0	8.0	62081.88669362434	61984.45888404043	60031.47127883231	58850.726424861	59645.40085199283
3750.0	8.5	3737.482797822214	4046.893525344757	4181.936572191258	4169.639178104834	4104.499695950442
4000.0	8.5	3899.944871151293	4202.621558930426	4323.35180592866	4320.775950875354	4283.261918083361
4250.0	8.5	4093.6379913649384	4380.46818456792	4484.9130402664	4485.49295472851	4463.392232470628
4500.0	8.5	4323.164236874823	4585.568343936496	4669.569163987225	4670.483012686836	4656.368208497179
4750.0	8.5	4585.749743355916	4817.5809880432025	4881.539316598916	4881.184840088199	4873.084380079867
5000.0	8.5	4886.014707376977	5076.192141795336	5119.337599008579	5115.727563419186	5112.397042527454
5250.0	8.5	5189.431805227134	5343.807882886939	5368.589626315518	5363.381814126643	5363.069186988247
5500.0	8.5	5505.76218052661	5619.355357781511	5623.769877452097	5616.8397159377855	5621.165772955616
6000.0	8.5	6169.416218533966	6168.572829074977	6131.432055013381	6122.0767466277875	6132.279684893405
6500.0	8.5	6811.4698050068955	6703.098336803301	6625.981332331843	6612.170000567399	6626.464744399223
7000.0	8.5	7381.107491597057	7219.104071728129	7112.433793396407	7092.231501197478	7111.011867200844
7500.0	8.5	7889.055440977904	7718.641632128609	7595.904776771003	7571.351877667716	7595.344387635466
8000.0	8.5	8353.789674802862	8210.846773718526	8085.6181723245	8063.011435195352	8085.013499657404
8500.0	8.5	8785.227453810841	8698.466217990674	8585.342896188593	8562.37745272614	8579.769034710838
9000.0	8.5	9197.791646600801	9193.052447069382	9097.705561202143	9073.7285534747	9081.226277218868
9500.0	8.5	9601.085786681706	9695.335890839191	9625.17441668442	9599.227994400331	9588.284659780571
10000.0	8.5	10003.742102792532	10208.994091503044	10166.71592267813	10134.888670987477	10100.051148892238
10500.0	8.5	10403.133354219264	10722.439215399569	10708.270891870041	10659.06297321073	10596.8571910926
11000.0	8.5	10794.592359536802	11222.091923480462	11221.717014579372	11158.120790669183	11058.91850670233
11500.0	8.5	11165.680478084423	11685.422983103736	11695.455651833827	11606.04967793334	11469.378339631005
12000.0	8.5	11521.866756501773	12121.8040125323	12129.805454418674	12016.196562624089	11846.420857302306
12500.0	8.5	11853.399249070531	12529.201484952047	12527.524926885715	12374.294190094359	12182.829016194462
13000.0	8.5	12137.569404316095	12889.809918420859	12867.265375674371	12676.113459785605	12458.665518163174
13500.0	8.5	12372.533500930358	13197.247941831953	13150.593321448086	12920.744443675558	12676.649191495462
14000.0	8.5	12607.636897698976	13502.877082735164	13424.927465770385	13157.69688035705	12896.633183621001
14500.0	8.5	12886.063514682	13850.35966533849	13739.014637058763	13422.417506741484	13145.26826223794
15000.0	8.5	13197.171440660919	14215.012020730614	14073.561443829041	13730.704241632275	13425.68824230532
15500.0	8.5	13528.796658258712	14574.516996068474	14406.027390167244	14031.305824753934	13720.943287563983
16000.0	8.5	13878.410702116742	14945.824608591782	14746.7310572468	14354.229528311049	14033.609281476887
16500.0	8.5	14228.094814246275	15297.946274957198	15081.980475656563	14668.55332032763	14336.425023098085
17000.0	8.5	14586.569977654786	15657.583421962965	15413.256873528653	14983.28513333648	14646.89421171997
20000.0	8.5	16857.63894751143	17860.156002253785	17493.9479871931	16979.565715422024	16636.776628858395
25000.0	8.5	21134.718469451895	21897.850530581796	21339.54840381172	20679.333082758265	20334.24320001236
30000.0	8.5	26574.91644231371	27017.30045603114	26226.20029926973	25431.003141027024	25133.173511880268
35000.0	8.5	31948.53710658476	32141.443319537495	31161.966092338283	30306.80418945163	30146.946380500565
40000.0	8.5	36007.279646715855	36070.30108623347	34963.54325397849	34038.838647535464	33975.64616318357
45000.0	8.5	39318.80020044167	39304.26044764931	38079.76924505575	37107.544660584994	37158.322679805955
50000.0	8.5	42213.76941383053	42135.972729439454	40808.216085745145	39823.95390840524	39935.46289371484
55000.0	8.5	44889.268473061544	44782.19721051889	43369.7127787948	42337.97795539257	42559.65161896713
60000.0	8.5	47410.49114515462	47272.58768011712	45783.91219526429	44719.480179051134	45015.14293087197
65000.0	8.5	50321.99116452406	50113.444266623614	48557.357851395274	47452.11609562754	47843.289251626375
70000.0	8.5	52645.84383900776	52427.72596777449	50786.40874154149	49666.79280903434	50117.54192840943
75000.0	8.5	54909.089409510816	54691.19424590761	52988.38848681713	51852.05779701625	52353.0079075837
80000.0	8.5	57117.93588253007	56883.61024698972	55105.275158605844	53947.04243680983	54536.78463591677
85000.0	8.5	59334.658723888635	59108.612418037286	57246.43841236597	56065.220607002826	56698.72276867832
90000.0	8.5	61462.54359612648	61218.17858833263	59305.77216589206	58096.108845577386	58817.78981633722
3750.0	9.0	3757.041301411819	4080.2130549136746	4232.335742157534	4211.295715979871	4127.921082792238
4000.0	9.0	3913.4753180788102	4232.349828118414	4372.756520239069	4367.654206682926	4316.937819804696
4250.0	9.0	4098.950810804086	4407.49403475463	4532.3238166056	4532.302283219007	4502.80343819857
4500.0	9.0	4317.89521550692	4606.759108510759	4711.846155489628	4712.7671475594925	4695.113176399627
4750.0	9.0	4570.405698839022	4830.747198565314	4913.9751256457075	4913.916238353528	4903.592083236683
5000.0	9.0	4862.925616897119	5080.6265620115555	5141.404421521711	5139.134241824829	5135.501171877542
5250.0	9.0	5156.941062225809	5343.944182791947	5385.7771685206235	5380.977012190597	5380.5621022812375
5500.0	9.0	5466.682672103158	5618.264633473852	5640.227384431815	5633.460427490261	5637.474240508351
6000.0	9.0	6111.870402380598	6172.265932723873	6151.959621710901	6143.6917756444545	6156.488580850439
6500.0	9.0	6770.309109051648	6712.023627705389	6649.831257823243	6640.54453205098	6659.169642002494
7000.0	9.0	7375.795190708179	7232.863596838166	7132.839372192607	7121.2231938069235	7143.8672132070105
7500.0	9.0	7915.431912160158	7734.63422630419	7613.185495361384	7598.765793868127	7622.575842769948
8000.0	9.0	8403.056449592565	8221.214155832104	8091.97183608893	8080.338000412809	8106.070293002414
8500.0	9.0	8855.627345787085	8703.710905963362	8581.000083666615	8571.312119492812	8594.054998941696
9000.0	9.0	9283.448670306558	9182.679833018785	9081.469193058574	9073.393665842743	9089.114245510276
9500.0	9.0	9695.038224940632	9665.12057842904	9587.688842572445	9583.594275056368	9592.130244191785
10000.0	9.0	10103.174329608373	10154.912373320723	10114.649118012847	10113.875596742124	10099.034050420287
10500.0	9.0	10514.193114217442	10653.787084785596	10648.86245728828	10642.006694241023	10607.505234234732
11000.0	9.0	10923.36247368703	11148.4378385034	11176.34372230954	11161.61801852823	11101.074773498634
11500.0	9.0	11317.328867654078	11619.846337400793	11674.913158760373	11648.380815868019	11557.597218726876
12000.0	9.0	11698.20746106834	12061.984286621388	12127.682887997582	12084.643524993018	11967.495909412242
12500.0	9.0	12065.764464611648	12484.112569016419	12555.93155985883	12490.167568853258	12347.714466167603
13000.0	9.0	12422.80219471412	12886.465014536105	12962.122375064779	12869.025814587994	12705.11260119302
13500.0	9.0	12750.498405313941	13268.205454756908	13334.579605265924	13213.929338687307	13020.49047282375
14000.0	9.0	13027.626174701678	13591.706952124347	13646.250403271704	13490.703133403505	13278.527132628024
14500.0	9.0	13264.752296834033	13872.013240352613	13912.062312229245	13726.976258731373	13498.119852845206
15000.0	9.0	13514.368796914297	14169.080343205083	14193.244530904363	13969.424466089973	13722.9817433611
15500.0	9.0	13795.320039515316	14499.957568736298	14498.08078205927	14241.48268463403	13969.646580779467
16000.0	9.0	14106.518564170092	14851.928449685407	14825.27769364325	14530.536970984469	14240.601743113384
16500.0	9.0	14438.99695118325	15205.525926642564	15151.47093867875	14835.443437874212	14528.470900144532
17000.0	9.0	14786.707708465374	15564.508110318813	15496.543351864686	15152.666497930599	14830.645870033864
20000.0	9.0	17060.530909873873	17791.320941541566	17600.850081863286	17161.859532764156	16811.634387289196
25000.0	9.0	21370.853895874672	21866.99473239042	21464.33017601148	20885.943441503387	20527.68788801054
30000.0	9.0	26868.21619854227	27039.386784062277	26392.33265391428	25682.66191939272	25381.60153221187
35000.0	9.0	32128.685007704036	32096.304361155777	31243.285257443833	30465.262701940286	30290.86838970408
40000.0	9.0	36086.06999934631	35932.875767336845	34944.3726120658	34080.95884217835	34022.47722748036
45000.0	9.0	39341.207452811774	39129.91589301624	38008.74393830561	37104.17807681329	37125.11004403652
50000.0	9.0	42211.88178321614	41945.58972234377	40729.91855266505	39790.81328212507	39902.25309301299
55000.0	9.0	44855.99319423114	44539.459597885136	43220.13266285107	42232.46838571789	42419.2839597672
60000.0	9.0	47282.59279971288	46950.59165861077	45556.48305982965	44538.80628056413	44792.86303755471
65000.0	9.0	50144.08306009394	49771.30146316151	48272.95284571004	47254.60290327217	47565.499491572555
70000.0	9.0	52447.004348033246	52058.836589645776	50477.848430061866	49412.787756340076	49815.037066677825
75000.0	9.0	54652.41989026891	54253.744951111585	52614.915933653254	51494.84485117698	51984.1520404254
80000.0	9.0	56800.162606777776	56411.676064962296	54662.142261978544	53562.453958068814	54095.934148881315
85000.0	9.0	58945.290149121436	58511.91289591911	56722.27846980144	55557.56591872044	56173.08479250029
90000.0	9.0	61034.565154734904	60621.63953235335	58737.871521736255	57547.04253672827	58249.68363695515
