Teff	log(g)	T_BB_u	T_BB_g	T_BB_r	T_BB_i	T_BB_z
5000.0	6.50	5065.22431	5132.72107	5079.69693	5055.94891	5047.61732
5000.0	6.75	5042.21075	5131.71545	5082.15925	5059.60988	5051.16683
5000.0	7.00	5018.64405	5130.88737	5084.77203	5062.72924	5054.57577
5000.0	7.25	4995.89909	5130.13388	5087.47500	5065.94783	5057.86698
5000.0	7.50	4974.38998	5129.36031	5090.36867	5068.96957	5061.03499
5000.0	7.75	4954.07549	5128.57655	5093.60676	5072.19589	5064.41081
5000.0	8.00	4934.62218	5127.77759	5097.28313	5076.05671	5068.08454
5000.0	8.25	4915.75756	5126.81311	5101.07823	5079.57697	5071.67459
5000.0	8.50	4897.69956	5126.20307	5105.56787	5084.09117	5076.31492
5000.0	8.75	4879.90680	5125.20188	5110.15153	5088.57628	5080.87582
5000.0	9.00	4862.92803	5124.37387	5115.18820	5093.65077	5086.18662
5000.0	9.25	4846.45145	5123.16805	5120.25371	5098.98713	5091.87843
5000.0	9.50	4831.07942	5121.87868	5125.69585	5105.07999	5098.20554
5250.0	6.50	5413.46360	5404.02235	5334.78872	5306.35844	5296.73766
5250.0	6.75	5391.81531	5402.02078	5336.85836	5309.96514	5300.85523
5250.0	7.00	5367.92280	5400.87960	5339.73984	5314.86673	5305.80682
5250.0	7.25	5342.16567	5400.37800	5343.05174	5319.68563	5310.71353
5250.0	7.50	5316.77075	5400.24689	5346.63592	5323.90845	5315.53260
5250.0	7.75	5292.59317	5400.24268	5350.42580	5328.60065	5320.16672
5250.0	8.00	5269.99478	5400.01130	5354.36436	5333.03660	5324.48578
5250.0	8.25	5249.11738	5399.78811	5358.62688	5337.15041	5328.98527
5250.0	8.50	5229.90838	5399.44052	5363.22802	5341.69704	5333.51551
5250.0	8.75	5212.12614	5399.04604	5368.18230	5346.31178	5338.47384
5250.0	9.00	5195.77665	5398.60654	5373.42845	5351.63822	5343.64893
5250.0	9.25	5180.87218	5397.97947	5378.89343	5356.89324	5349.39583
5250.0	9.50	5167.76588	5397.91263	5385.03622	5363.45604	5356.15695
5500.0	6.50	5746.56175	5676.12930	5591.82795	5558.51073	5547.42276
5500.0	6.75	5726.03550	5672.53574	5592.90671	5561.99657	5551.46176
5500.0	7.00	5707.21163	5669.01242	5593.21056	5564.87105	5554.76483
5500.0	7.25	5685.06102	5667.88767	5595.16644	5568.38673	5558.65641
5500.0	7.50	5659.56701	5667.83808	5599.19781	5573.73761	5564.52150
5500.0	7.75	5633.16136	5668.57453	5604.10486	5580.39509	5571.25267
5500.0	8.00	5607.09994	5669.57714	5609.17289	5587.03071	5577.88982
5500.0	8.25	5582.33196	5670.33080	5614.23240	5593.19257	5584.09006
5500.0	8.50	5559.30829	5670.95191	5619.53691	5598.44705	5589.96653
5500.0	8.75	5538.31159	5671.26021	5625.16942	5604.20859	5595.81881
5500.0	9.00	5519.48806	5671.41577	5631.03554	5610.15488	5601.69663
5500.0	9.25	5502.85966	5671.32434	5637.38558	5616.12641	5607.95280
5500.0	9.50	5488.40390	5671.19546	5643.86073	5622.12555	5614.60959
5750.0	6.50	6056.90401	5943.80419	5842.99768	5803.10273	5790.24560
5750.0	6.75	6042.89553	5942.15385	5846.58667	5809.97898	5797.47039
5750.0	7.00	6027.02866	5939.98376	5849.03090	5815.57454	5803.57541
5750.0	7.25	6012.88755	5936.79558	5850.05501	5819.32349	5808.10699
5750.0	7.50	5993.93986	5934.21257	5851.93894	5824.12039	5813.38102
5750.0	7.75	5970.55698	5933.79709	5854.88604	5829.30841	5819.29761
5750.0	8.00	5945.00233	5935.42174	5859.72929	5835.87301	5825.85266
5750.0	8.25	5918.74860	5937.65130	5866.20393	5844.11678	5834.06442
5750.0	8.50	5892.62623	5939.88546	5872.70117	5851.96398	5842.46575
5750.0	8.75	5867.69752	5941.86943	5879.47669	5859.83543	5850.41085
5750.0	9.00	5844.57447	5943.30575	5886.47576	5866.95332	5857.83593
5750.0	9.25	5823.71879	5944.27375	5893.68376	5874.01595	5865.32190
5750.0	9.50	5805.50599	5944.76156	5901.36121	5881.40438	5872.71849
6000.0	6.50	6341.69445	6201.55421	6086.62392	6041.48782	6026.69741
6000.0	6.75	6336.44281	6202.49518	6090.60893	6048.36705	6034.02355
6000.0	7.00	6328.05071	6203.43601	6096.19682	6056.45425	6042.69170
6000.0	7.25	6318.01088	6203.37794	6101.17050	6065.30018	6051.94767
6000.0	7.50	6308.79493	6201.67891	6103.79158	6071.06520	6058.73210
6000.0	7.75	6294.27421	6200.19904	6106.74912	6077.73084	6066.12916
6000.0	8.00	6274.69619	6199.84049	6110.71294	6085.09757	6073.72571
6000.0	8.25	6251.67999	6200.92715	6115.63526	6092.94019	6081.93704
6000.0	8.50	6226.94202	6204.09677	6121.68202	6101.12547	6090.48432
6000.0	8.75	6201.13959	6208.18794	6129.30217	6110.10609	6099.93263
6000.0	9.00	6175.55533	6212.10602	6137.76327	6119.86371	6109.60822
6000.0	9.25	6150.88766	6215.12862	6146.52076	6128.92073	6119.40390
6000.0	9.50	6128.13533	6217.45097	6155.72562	6138.15562	6128.88602
6250.0	6.50	6605.38194	6456.78875	6329.19433	6280.03360	6263.05995
6250.0	6.75	6605.92921	6457.18763	6333.52490	6285.97764	6269.53047
6250.0	7.00	6605.47281	6458.15481	6338.74317	6295.06811	6279.29793
6250.0	7.25	6602.60612	6460.96589	6343.77594	6303.73247	6288.92656
6250.0	7.50	6598.65131	6463.25712	6350.02013	6311.72943	6297.19480
6250.0	7.75	6594.71795	6463.67959	6354.76576	6321.36918	6307.11613
6250.0	8.00	6585.18056	6463.94470	6359.52134	6330.53379	6316.81939
6250.0	8.25	6570.21208	6464.95061	6364.98387	6339.34480	6326.80117
6250.0	8.50	6551.20916	6467.10557	6370.82793	6348.68919	6336.91677
6250.0	8.75	6529.48358	6470.56911	6377.91525	6358.94209	6347.55185
6250.0	9.00	6505.62541	6475.17879	6385.67497	6369.21290	6358.56623
6250.0	9.25	6480.73624	6481.24567	6394.96494	6380.15913	6369.46171
6250.0	9.50	6455.99497	6486.70202	6405.56049	6391.59557	6380.87268
6500.0	6.50	6855.51673	6709.13817	6572.86061	6519.17610	6499.86447
6500.0	6.75	6860.80371	6708.33626	6574.33174	6524.28513	6505.78761
6500.0	7.00	6865.17222	6709.44304	6577.60624	6529.76264	6512.62478
6500.0	7.25	6868.03704	6711.74328	6583.18891	6537.91016	6520.22434
6500.0	7.50	6870.24062	6714.67050	6590.04328	6548.96807	6532.18597
6500.0	7.75	6872.47097	6718.34071	6595.39375	6558.76134	6542.39166
6500.0	8.00	6873.87719	6721.46561	6601.41978	6567.32976	6552.01886
6500.0	8.25	6869.47877	6724.48826	6608.80287	6579.20210	6564.71251
6500.0	8.50	6859.50723	6727.55224	6615.98935	6591.27756	6577.79453
6500.0	8.75	6845.37059	6731.40540	6623.73721	6603.17272	6590.49224
6500.0	9.00	6827.69139	6736.56985	6632.17884	6615.51394	6603.51202
6500.0	9.25	6807.02469	6742.78380	6641.35095	6627.97619	6616.88940
6500.0	9.50	6784.59003	6750.10294	6652.11075	6641.47313	6630.29956
6750.0	6.50	7092.26564	6963.00550	6815.90205	6756.39519	6734.71149
6750.0	6.75	7100.91088	6959.00280	6816.55624	6761.91600	6740.51073
6750.0	7.00	7110.05515	6957.26234	6818.34106	6767.17412	6746.61648
6750.0	7.25	7118.33983	6958.09321	6820.86638	6773.53526	6753.55467
6750.0	7.50	7125.47807	6961.05343	6824.70552	6781.70257	6762.40802
6750.0	7.75	7130.99657	6965.17117	6831.47785	6790.12967	6771.92212
6750.0	8.00	7138.56462	6969.14159	6838.54384	6801.05857	6783.35318
6750.0	8.25	7145.11737	6973.92515	6844.97125	6812.85404	6796.01865
6750.0	8.50	7146.36371	6980.22385	6853.16885	6824.50093	6809.50009
6750.0	8.75	7142.37263	6986.56528	6863.46894	6840.26153	6825.62069
6750.0	9.00	7133.72791	6993.57358	6873.99546	6855.99665	6842.34140
6750.0	9.25	7121.01965	7001.47058	6884.67367	6871.88635	6858.88257
6750.0	9.50	7104.87233	7010.36198	6896.35846	6888.11234	6875.28650
7000.0	6.50	7320.19356	7219.55707	7062.85421	7001.93935	6974.42156
7000.0	6.75	7331.86161	7213.16213	7061.42916	7004.06765	6978.41709
7000.0	7.00	7343.60459	7209.43389	7062.24269	7006.65265	6982.41370
7000.0	7.25	7356.46762	7207.76139	7064.00507	7013.83064	6989.78653
7000.0	7.50	7369.29327	7208.39370	7067.09343	7020.23714	6998.58389
7000.0	7.75	7380.75136	7211.71263	7071.54854	7028.79377	7007.84520
7000.0	8.00	7391.47192	7217.34835	7076.97364	7038.57992	7018.77029
7000.0	8.25	7403.67964	7223.16470	7083.90265	7048.93879	7029.71000
7000.0	8.50	7414.05472	7229.42703	7092.42365	7061.80325	7043.72930
7000.0	8.75	7420.66949	7237.16623	7101.26929	7076.94156	7059.97259
7000.0	9.00	7422.01674	7246.28642	7111.39959	7091.24205	7076.03150
7000.0	9.25	7418.25301	7255.51234	7123.54714	7110.98211	7094.71907
7000.0	9.50	7410.23159	7265.41370	7135.88005	7128.42622	7113.77339
7250.0	6.50	7536.34145	7476.30586	7313.32208	7245.57108	7212.83284
7250.0	6.75	7552.31953	7466.89956	7308.66537	7247.02089	7216.84240
7250.0	7.00	7568.09465	7459.94568	7305.73480	7248.07857	7220.46134
7250.0	7.25	7583.54709	7455.39961	7304.95169	7251.20936	7224.85627
7250.0	7.50	7599.25407	7453.62313	7306.13985	7256.01195	7230.31953
7250.0	7.75	7615.41163	7454.08911	7308.39942	7263.02755	7238.77399
7250.0	8.00	7630.74863	7457.23319	7312.52622	7272.21003	7248.90571
7250.0	8.25	7646.66953	7462.53688	7317.78522	7282.28312	7260.28442
7250.0	8.50	7663.29746	7470.11663	7323.77465	7292.50904	7272.13839
7250.0	8.75	7677.74245	7478.96811	7332.98190	7306.21104	7286.26881
7250.0	9.00	7688.81433	7488.77409	7344.56524	7324.02807	7305.18266
7250.0	9.25	7696.06382	7500.66186	7356.00092	7342.49414	7325.31858
7250.0	9.50	7698.16006	7513.93817	7369.73691	7361.16615	7344.81865
7500.0	6.50	7741.83402	7739.27993	7568.27365	7495.82240	7456.30391
7500.0	6.75	7763.38307	7724.99324	7561.41771	7493.75093	7457.37807
7500.0	7.00	7783.37154	7714.00137	7555.08304	7493.36044	7459.88863
7500.0	7.25	7802.89313	7706.29523	7550.99194	7494.69807	7463.54005
7500.0	7.50	7822.62013	7701.56154	7549.66059	7497.40387	7468.23085
7500.0	7.75	7842.10814	7699.52399	7549.46380	7502.20838	7473.70314
7500.0	8.00	7861.54055	7700.41290	7551.47211	7508.28510	7481.80094
7500.0	8.25	7880.78584	7704.04520	7555.39333	7517.22863	7491.90907
7500.0	8.50	7902.06132	7709.97361	7560.58013	7528.32477	7504.51879
7500.0	8.75	7923.59210	7718.60240	7567.80565	7541.96085	7518.47237
7500.0	9.00	7942.07579	7730.16873	7576.86194	7555.96908	7534.60213
7500.0	9.25	7957.55301	7742.69553	7588.81144	7573.71333	7553.90149
7500.0	9.50	7969.83674	7756.52220	7602.61779	7595.25136	7576.39542
7750.0	6.50	7939.38698	8005.70490	7828.13163	7748.90460	7700.36162
7750.0	6.75	7965.64205	7986.15008	7817.34329	7744.64761	7699.90483
7750.0	7.00	7990.32392	7970.33186	7807.84942	7742.25687	7700.60156
7750.0	7.25	8014.35547	7958.41540	7800.31555	7741.21055	7703.50069
7750.0	7.50	8037.34754	7949.58604	7795.15631	7742.31211	7705.76537
7750.0	7.75	8060.04875	7943.95272	7792.16145	7741.88446	7709.89396
7750.0	8.00	8082.93082	7941.70830	7791.12479	7746.26421	7715.43278
7750.0	8.25	8105.71356	7942.79553	7791.82954	7752.42146	7723.13430
7750.0	8.50	8128.85219	7946.84931	7794.86518	7761.22683	7733.32402
7750.0	8.75	8154.50699	7953.51172	7800.08990	7773.34937	7746.52861
7750.0	9.00	8179.85594	7963.36692	7807.43035	7787.96900	7762.09958
7750.0	9.25	8202.93328	7976.51359	7817.67228	7803.24493	7781.02112
7750.0	9.50	8222.80597	7992.67792	7830.12000	7822.90840	7801.40475
8000.0	6.50	8128.73375	8280.33949	8096.54682	8008.95087	7948.12141
8000.0	6.75	8160.25658	8254.12033	8079.89146	8001.15419	7945.97639
8000.0	7.00	8190.04167	8232.53265	8066.90015	7995.91298	7944.99997
8000.0	7.25	8218.56870	8215.47605	8055.88423	7992.70720	7946.56011
8000.0	7.50	8245.71529	8202.06712	8046.89739	7991.26249	7947.90503
8000.0	7.75	8272.20728	8192.30001	8040.16349	7989.55489	7950.64163
8000.0	8.00	8298.76003	8186.36485	8036.01030	7990.66860	7954.42644
8000.0	8.25	8325.12781	8184.15386	8033.68637	7993.09910	7959.28663
8000.0	8.50	8351.27646	8185.63041	8034.09743	8000.05722	7966.85135
8000.0	8.75	8378.99212	8190.36501	8036.89042	8007.95467	7977.39221
8000.0	9.00	8408.56054	8198.39414	8041.39870	8021.47207	7991.69157
8000.0	9.25	8438.02755	8210.19948	8049.77031	8036.62867	8009.78043
8000.0	9.50	8465.88415	8225.46689	8060.83661	8056.26520	8031.03836
8250.0	6.50	8312.20890	8559.15713	8369.48455	8271.30588	8195.76258
8250.0	6.75	8349.38603	8526.17523	8347.37287	8260.82326	8192.81422
8250.0	7.00	8384.15573	8498.41030	8329.82523	8253.11054	8190.59034
8250.0	7.25	8417.28044	8475.55981	8314.76406	8247.27607	8190.83389
8250.0	7.50	8448.99385	8456.75538	8301.63755	8242.66881	8190.72560
8250.0	7.75	8478.86353	8441.92322	8291.50391	8239.33404	8192.00776
8250.0	8.00	8508.59474	8431.62138	8283.62516	8237.58769	8193.51332
8250.0	8.25	8538.34310	8425.18518	8277.33752	8238.10268	8196.06123
8250.0	8.50	8567.71566	8422.82738	8273.37366	8238.74463	8201.67030
8250.0	8.75	8597.23681	8424.43361	8272.66884	8244.72007	8208.91629
8250.0	9.00	8628.91285	8429.90017	8274.43114	8253.05480	8219.50867
8250.0	9.25	8661.71097	8439.33010	8279.46261	8265.71840	8234.55556
8250.0	9.50	8694.48683	8452.94023	8288.15608	8282.87707	8253.96448
8500.0	6.50	8490.30516	8846.26674	8649.58469	8538.38515	8445.83876
8500.0	6.75	8532.83837	8805.71170	8622.78529	8525.88811	8440.98348
8500.0	7.00	8572.99563	8771.12863	8599.92215	8516.46543	8438.10482
8500.0	7.25	8610.52231	8741.63936	8580.61138	8506.59111	8436.99045
8500.0	7.50	8646.27543	8716.78777	8563.59397	8500.22505	8436.34998
8500.0	7.75	8680.51652	8696.37918	8549.18456	8495.40232	8436.00002
8500.0	8.00	8713.93423	8680.91551	8537.10189	8489.28103	8436.44881
8500.0	8.25	8746.99363	8670.09548	8527.22534	8486.92259	8437.69257
8500.0	8.50	8779.76905	8663.66966	8519.02498	8486.75758	8441.08208
8500.0	8.75	8812.30019	8661.54282	8514.33338	8487.77180	8445.94326
8500.0	9.00	8846.21255	8663.81858	8512.42255	8492.85193	8453.74728
8500.0	9.25	8881.61297	8670.77042	8513.74728	8500.62865	8465.90155
8500.0	9.50	8917.79735	8682.36235	8519.48183	8515.12773	8481.91313
8750.0	6.50	8664.09379	9136.53174	8932.43162	8807.10800	8693.47425
8750.0	6.75	8712.84959	9089.05186	8901.62320	8792.43659	8688.63294
8750.0	7.00	8757.84102	9047.48522	8873.89674	8779.39095	8685.08128
8750.0	7.25	8800.29648	9011.34021	8850.07732	8769.70983	8683.33981
8750.0	7.50	8840.59669	8980.09806	8829.51086	8760.02157	8682.33515
8750.0	7.75	8879.00135	8953.58772	8811.17700	8753.90619	8681.89406
8750.0	8.00	8915.74638	8932.48746	8794.77366	8746.13603	8681.06965
8750.0	8.25	8951.81134	8916.73376	8781.11243	8739.16513	8680.52652
8750.0	8.50	8987.52677	8905.48667	8768.45422	8737.18889	8682.12947
8750.0	8.75	9022.85060	8898.88598	8759.11945	8734.02999	8684.68648
8750.0	9.00	9058.61795	8897.33775	8752.99096	8735.44824	8689.92480
8750.0	9.25	9096.04307	8900.48470	8749.81610	8740.07998	8698.39058
8750.0	9.50	9134.87178	8908.79489	8750.58088	8749.28965	8711.02477
9000.0	6.50	8835.16375	9430.62723	9217.07735	9075.00193	8937.18171
9000.0	6.75	8888.82703	9377.40665	9184.07552	9060.00469	8934.17431
9000.0	7.00	8939.25984	9329.48542	9153.28179	9047.34639	8931.32309
9000.0	7.25	8986.44625	9286.18768	9124.99413	9035.11611	8929.79688
9000.0	7.50	9030.95983	9248.05393	9100.56163	9023.73356	8928.83158
9000.0	7.75	9073.57561	9215.38908	9078.45892	9015.52690	8928.28143
9000.0	8.00	9113.76530	9188.42407	9057.49657	9007.07300	8928.25637
9000.0	8.25	9152.97725	9167.11049	9039.59930	8999.31975	8927.80869
9000.0	8.50	9191.67724	9150.88068	9023.64951	8992.68254	8927.81079
9000.0	8.75	9229.95398	9139.46883	9009.80217	8987.18269	8928.39297
9000.0	9.00	9268.73780	9133.63685	8999.26905	8985.47776	8930.52267
9000.0	9.25	9308.12284	9132.97058	8991.22667	8984.61372	8936.14445
9000.0	9.50	9349.27261	9137.54390	8987.66943	8992.97841	8945.51287
9250.0	6.50	9002.91784	9723.73028	9497.90038	9332.66802	9171.03230
9250.0	6.75	9062.31711	9666.59537	9465.16040	9323.52651	9173.69428
9250.0	7.00	9118.49322	9612.84347	9432.99864	9312.16492	9173.62412
9250.0	7.25	9170.59937	9563.18672	9401.68906	9301.55293	9174.06339
9250.0	7.50	9220.00930	9518.71468	9373.80655	9288.29886	9173.89370
9250.0	7.75	9266.70601	9480.19802	9347.41065	9279.52417	9174.39521
9250.0	8.00	9310.94959	9447.07995	9322.70105	9271.17281	9175.13163
9250.0	8.25	9353.03356	9419.69886	9300.75765	9260.33284	9174.74621
9250.0	8.50	9394.26766	9397.86679	9281.63875	9252.30707	9174.21918
9250.0	8.75	9435.03545	9381.32718	9263.33581	9242.78132	9173.00663
9250.0	9.00	9475.58947	9370.41885	9247.64517	9236.30285	9173.46663
9250.0	9.25	9517.01230	9365.40761	9235.78901	9233.16558	9176.54154
9250.0	9.50	9560.00528	9365.58680	9227.17190	9233.00914	9182.06562
9500.0	6.50	9167.23941	10008.17530	9766.99389	9576.85531	9390.28579
9500.0	6.75	9232.12465	9949.99779	9738.31511	9576.06667	9400.92732
9500.0	7.00	9294.29159	9894.13798	9708.60282	9573.41354	9407.14369
9500.0	7.25	9351.90485	9840.65721	9677.93954	9561.77101	9412.12233
9500.0	7.50	9406.31001	9791.23715	9647.70637	9554.53976	9415.45914
9500.0	7.75	9457.34612	9747.63262	9618.59106	9543.02112	9417.92407
9500.0	8.00	9505.59900	9708.89165	9591.39630	9534.49886	9420.34887
9500.0	8.25	9550.84804	9676.10770	9565.45226	9522.80238	9420.89113
9500.0	8.50	9594.88361	9648.80251	9542.33426	9512.63870	9420.55674
9500.0	8.75	9638.46118	9627.00678	9520.69726	9502.16811	9419.31354
9500.0	9.00	9681.62772	9610.37942	9502.19568	9496.62788	9418.98994
9500.0	9.25	9724.55523	9600.68746	9486.02510	9490.20103	9419.31252
9500.0	9.50	9768.74038	9596.38297	9472.23775	9486.58706	9422.62820
9750.0	6.50	9326.23953	10289.18226	10024.89984	9810.46892	9594.43777
9750.0	6.75	9397.58116	10229.62579	10002.46952	9819.44515	9614.75258
9750.0	7.00	9466.02929	10171.95797	9977.38027	9818.80548	9629.92124
9750.0	7.25	9530.24356	10116.14656	9949.90350	9816.38369	9641.25215
9750.0	7.50	9590.40238	10063.54982	9919.62181	9811.69682	9649.94848
9750.0	7.75	9646.60100	10015.83366	9889.08480	9804.70949	9657.03805
9750.0	8.00	9699.08108	9972.52429	9860.48231	9795.15033	9661.62930
9750.0	8.25	9748.36910	9934.76650	9831.62267	9783.58680	9664.64139
9750.0	8.50	9795.22285	9902.27310	9805.19475	9775.93294	9666.02732
9750.0	8.75	9840.99375	9875.25340	9780.55244	9765.49283	9665.41748
9750.0	9.00	9886.25257	9853.24601	9757.63447	9755.48127	9665.21178
9750.0	9.25	9931.44576	9837.46501	9737.49373	9743.09873	9664.17541
9750.0	9.50	9977.00752	9828.08017	9720.49145	9736.60048	9665.08755
10000.0	6.50	9477.82987	10553.85311	10260.97146	10017.85698	9777.02119
10000.0	6.75	9557.79451	10495.54939	10249.63453	10037.54431	9810.48196
10000.0	7.00	9633.10589	10438.19379	10231.14729	10048.39266	9836.43192
10000.0	7.25	9704.47514	10382.72411	10208.87185	10057.31247	9856.55114
10000.0	7.50	9770.69008	10329.66280	10183.00926	10059.47626	9872.58310
10000.0	7.75	9832.50276	10280.04378	10155.35787	10055.55430	9887.05641
10000.0	8.00	9889.84960	10233.95935	10127.43385	10051.52579	9896.25485
10000.0	8.25	9943.39346	10192.39333	10098.92805	10045.67617	9902.89305
10000.0	8.50	9993.39586	10155.59590	10070.79169	10036.43005	9907.68678
10000.0	8.75	10041.92268	10124.57866	10044.15947	10022.71146	9909.88755
10000.0	9.00	10089.67489	10098.41848	10017.30801	10012.58582	9910.96802
10000.0	9.25	10136.88923	10077.58686	9992.60205	10002.71131	9910.77396
10000.0	9.50	10184.29803	10063.45391	9971.47580	9993.71313	9910.74738
10250.0	6.50	9613.03805	10805.96320	10474.24210	10193.54828	9932.84247
10250.0	6.75	9710.40564	10757.47998	10484.58148	10242.53785	9990.02257
10250.0	7.00	9795.39876	10700.33025	10475.82722	10267.42449	10029.57520
10250.0	7.25	9874.65707	10644.28254	10459.62548	10284.65948	10060.64869
10250.0	7.50	9947.49950	10590.71879	10438.99690	10295.34651	10085.91441
10250.0	7.75	10015.60098	10539.85872	10415.06271	10302.01283	10106.93150
10250.0	8.00	10078.70536	10492.12788	10390.45132	10299.66924	10123.31522
10250.0	8.25	10137.07951	10448.31059	10364.70173	10298.00172	10135.16163
10250.0	8.50	10191.32273	10408.28522	10336.69236	10287.68177	10144.19271
10250.0	8.75	10242.79224	10373.63033	10308.93434	10279.12238	10150.12395
10250.0	9.00	10292.93884	10343.79828	10279.90687	10269.12405	10153.14688
10250.0	9.25	10342.41409	10319.04923	10251.04650	10261.20113	10155.32676
10250.0	9.50	10391.50459	10300.09013	10225.29768	10252.28666	10156.14404
10500.0	6.50	9730.42768	11022.87428	10648.90229	10335.65708	10059.59709
10500.0	6.75	9846.37762	10991.27917	10687.42348	10413.75074	10142.27956
10500.0	7.00	9949.32522	10946.44885	10700.62025	10465.95645	10204.28365
10500.0	7.25	10038.65825	10892.70850	10694.04406	10499.45852	10248.93359
10500.0	7.50	10119.65840	10839.86275	10680.58432	10517.83047	10284.59964
10500.0	7.75	10194.32976	10789.40830	10664.29822	10530.46362	10314.16167
10500.0	8.00	10263.68676	10741.81018	10642.79344	10538.54418	10338.72088
10500.0	8.25	10327.46638	10697.66111	10620.97440	10539.97273	10358.42621
10500.0	8.50	10386.11072	10656.96941	10594.68044	10543.93264	10374.40476
10500.0	8.75	10441.23872	10619.89770	10568.71795	10541.88108	10385.29815
10500.0	9.00	10494.59946	10587.38900	10541.04802	10530.41132	10392.61469
10500.0	9.25	10546.73839	10559.98646	10511.59425	10523.00431	10396.86835
10500.0	9.50	10598.15022	10538.01867	10482.79600	10510.97472	10400.49855
10750.0	6.50	9845.89116	11243.62218	10816.77678	10469.62654	10177.16184
10750.0	6.75	9961.60213	11204.74793	10860.60496	10552.94117	10265.21054
10750.0	7.00	10086.75639	11179.89212	10904.14332	10641.88209	10355.51156
10750.0	7.25	10194.96178	11136.37970	10918.87126	10695.40946	10422.96099
10750.0	7.50	10287.11840	11084.61526	10914.67976	10726.94772	10472.55964
10750.0	7.75	10370.03150	11034.69507	10903.75706	10759.13870	10512.39574
10750.0	8.00	10446.00163	10987.41987	10888.41259	10772.84332	10545.50421
10750.0	8.25	10515.78473	10943.75383	10869.74163	10782.87278	10573.84079
10750.0	8.50	10579.51804	10903.07366	10849.62681	10791.37856	10596.77785
10750.0	8.75	10639.22039	10865.00010	10824.74548	10793.20421	10615.19866
10750.0	9.00	10696.05377	10830.49609	10799.26060	10786.62283	10627.47365
10750.0	9.25	10751.16469	10799.89208	10770.92017	10784.70195	10635.79804
10750.0	9.50	10805.05348	10774.79106	10741.20329	10767.84458	10641.76801
11000.0	6.50	9976.22131	11473.27492	10996.22341	10612.90164	10306.37134
11000.0	6.75	10076.60468	11412.78067	11023.53994	10688.28379	10382.03237
11000.0	7.00	10204.24543	11379.54110	11072.19110	10778.13539	10478.46331
11000.0	7.25	10336.15923	11357.36581	11116.56460	10867.29550	10573.93421
11000.0	7.50	10446.43664	11316.14408	11131.00799	10930.71867	10644.04411
11000.0	7.75	10540.19502	11268.65904	11129.64418	10964.60103	10696.89381
11000.0	8.00	10624.03829	11222.80356	11121.42854	10988.25097	10739.72358
11000.0	8.25	10700.09591	11179.33640	11107.80323	11010.05784	10777.06740
11000.0	8.50	10769.31887	11139.54651	11092.65700	11024.12086	10808.79485
11000.0	8.75	10833.54098	11102.51633	11072.54552	11030.77753	10835.26149
11000.0	9.00	10894.50316	11068.41038	11049.19875	11032.55158	10855.34753
11000.0	9.25	10952.99094	11037.41773	11024.81608	11037.37322	10869.58657
11000.0	9.50	11009.88816	11009.79840	10995.94905	11026.15771	10878.91966
11250.0	6.50	10126.85870	11691.59785	11180.90050	10774.70300	10451.22536
11250.0	6.75	10202.99362	11628.05908	11194.19396	10827.37290	10505.24311
11250.0	7.00	10315.68393	11577.53811	11229.74778	10905.98375	10590.33064
11250.0	7.25	10455.15404	11555.41170	11285.59505	11009.02498	10697.00516
11250.0	7.50	10592.41101	11537.93679	11332.69812	11104.00169	10797.08290
11250.0	7.75	10703.86347	11497.91829	11347.04328	11159.31639	10869.60220
11250.0	8.00	10798.72072	11453.45841	11346.95621	11199.40277	10925.40508
11250.0	8.25	10882.23564	11410.73798	11341.05678	11227.83050	10972.76141
11250.0	8.50	10957.25783	11371.29866	11330.25891	11248.47203	11012.87381
11250.0	8.75	11026.65931	11335.47133	11316.64957	11267.00937	11046.97629
11250.0	9.00	11092.40659	11301.98767	11296.83982	11273.15939	11075.08483
11250.0	9.25	11154.30278	11272.02561	11275.47840	11281.96600	11096.69330
11250.0	9.50	11214.42526	11244.35841	11247.71778	11284.05121	11113.08041
11500.0	6.50	10288.25102	11907.66697	11369.96806	10938.34426	10603.75447
11500.0	6.75	10346.63736	11851.37431	11378.32439	10981.78481	10642.96282
11500.0	7.00	10438.71428	11785.17690	11395.12944	11044.47725	10710.29816
11500.0	7.25	10568.35285	11741.11230	11439.86950	11137.43268	10809.67408
11500.0	7.50	10717.69835	11728.39120	11501.55044	11247.58802	10924.03259
11500.0	7.75	10855.84151	11710.67066	11544.31110	11338.19607	11024.79399
11500.0	8.00	10966.39245	11673.03704	11558.96723	11393.06653	11098.27631
11500.0	8.25	11059.61959	11632.36415	11561.46561	11433.71436	11156.92869
11500.0	8.50	11141.52942	11593.84536	11556.21517	11464.48841	11206.11712
11500.0	8.75	11216.77731	11558.71045	11548.30518	11485.29728	11247.98375
11500.0	9.00	11286.66474	11526.47400	11534.51596	11502.14921	11283.33999
11500.0	9.25	11352.61805	11497.81400	11516.94631	11516.72629	11313.18400
11500.0	9.50	11415.93884	11472.34995	11495.02654	11525.42744	11337.27340
11750.0	6.50	10458.36588	12106.65594	11549.27395	11103.77548	10760.45002
11750.0	6.75	10507.04754	12057.93085	11559.79555	11147.08515	10792.96043
11750.0	7.00	10578.79606	11995.31997	11570.47938	11195.19837	10842.84492
11750.0	7.25	10686.43397	11936.31138	11597.94918	11266.36848	10923.04320
11750.0	7.50	10830.31182	11907.29192	11652.77195	11375.68709	11034.58538
11750.0	7.75	10988.12477	11904.49408	11720.09168	11488.31141	11157.41446
11750.0	8.00	11125.03876	11886.12681	11760.99062	11573.44115	11258.19734
11750.0	8.25	11232.49634	11849.99754	11774.95521	11629.10431	11333.13971
11750.0	8.50	11323.63085	11813.06671	11777.74010	11668.42147	11392.96607
11750.0	8.75	11405.32496	11778.78336	11774.20286	11701.74075	11443.98186
11750.0	9.00	11480.04133	11747.90544	11767.14462	11729.95568	11487.21014
11750.0	9.25	11550.23671	11720.56593	11753.59090	11745.32805	11524.20892
11750.0	9.50	11616.55832	11697.08895	11737.71217	11759.08066	11555.45546
12000.0	6.50	10631.01742	12300.04169	11724.49018	11273.20614	10916.40860
12000.0	6.75	10673.94363	12260.95682	11741.82493	11309.06514	10946.37860
12000.0	7.00	10732.37215	12208.62533	11754.58089	11350.86718	10985.97884
12000.0	7.25	10819.13597	12142.08047	11767.29089	11410.47522	11048.20949
12000.0	7.50	10947.06328	12089.63505	11805.28760	11502.96794	11146.66508
12000.0	7.75	11105.69765	12076.15840	11871.80281	11618.25902	11272.26445
12000.0	8.00	11267.04576	12078.04824	11940.18324	11730.48732	11398.31787
12000.0	8.25	11396.63123	12056.29556	11975.06548	11810.69000	11495.78904
12000.0	8.50	11500.53362	12023.97706	11986.98333	11863.50931	11570.36346
12000.0	8.75	11590.00986	11991.35019	11990.27014	11910.23228	11631.48130
12000.0	9.00	11670.05257	11961.59103	11988.28272	11943.82682	11683.34947
12000.0	9.25	11744.31875	11935.88794	11981.25412	11971.40931	11726.73427
12000.0	9.50	11814.19075	11913.52239	11969.08956	11985.61695	11764.57952
12250.0	6.50	10804.92803	12487.97375	11896.01260	11439.52474	11071.24017
12250.0	6.75	10845.39440	12452.63870	11915.78064	11474.44163	11101.13542
12250.0	7.00	10897.40076	12406.43936	11931.59639	11515.55603	11136.68301
12250.0	7.25	10968.81517	12345.58118	11944.16939	11560.67444	11186.91827
12250.0	7.50	11074.92691	12283.47595	11967.54767	11632.17612	11266.95585
12250.0	7.75	11219.71839	12248.56130	12019.18470	11743.11894	11380.86833
12250.0	8.00	11389.09899	12249.63043	12094.44883	11864.77933	11516.45227
12250.0	8.25	11549.06988	12253.48363	12161.79233	11978.23052	11644.25944
12250.0	8.50	11671.50356	12230.54194	12190.82389	12054.27492	11739.07727
12250.0	8.75	11772.03428	12201.36948	12201.77954	12106.55456	11813.73772
12250.0	9.00	11858.98481	12173.30000	12205.20910	12148.27425	11875.22685
12250.0	9.25	11937.62536	12148.74422	12203.87138	12186.43649	11926.73804
12250.0	9.50	12011.36934	12127.46163	12196.53416	12215.13522	11971.05688
12500.0	6.50	10979.25352	12671.55518	12064.54172	11598.26969	11224.46725
12500.0	6.75	11018.20254	12639.86024	12087.38895	11632.09375	11254.91694
12500.0	7.00	11065.90654	12600.50243	12107.82468	11674.68282	11288.69242
12500.0	7.25	11127.36873	12550.08840	12124.09233	11728.15102	11331.79322
12500.0	7.50	11215.31792	12485.76378	12139.53989	11780.14661	11396.52722
12500.0	7.75	11341.85453	12429.35073	12172.57972	11872.06315	11495.12951
12500.0	8.00	11505.45519	12412.44104	12238.96321	11985.01905	11627.01291
12500.0	8.25	11681.27362	12426.12599	12321.88816	12118.37119	11770.98380
12500.0	8.50	11832.48410	12425.56234	12379.49771	12226.70148	11894.39063
12500.0	8.75	11948.08265	12403.98002	12403.56075	12296.42619	11986.01635
12500.0	9.00	12044.12530	12379.17009	12413.59969	12347.18608	12058.04519
12500.0	9.25	12128.59087	12355.17744	12417.16195	12386.13648	12119.41313
12500.0	9.50	12206.38198	12335.23895	12415.87840	12428.82597	12170.24363
12750.0	6.50	11154.01952	12852.23055	12231.34851	11754.09434	11377.10953
12750.0	6.75	11192.02488	12823.40317	12256.23642	11787.59472	11407.79767
12750.0	7.00	11237.64532	12787.44392	12279.13818	11831.49904	11441.52948
12750.0	7.25	11293.54585	12741.66341	12298.17898	11879.52001	11481.18339
12750.0	7.50	11368.53272	12682.06935	12313.13874	11933.41479	11535.64691
12750.0	7.75	11476.28775	12619.26868	12335.80780	12010.47031	11618.42627
12750.0	8.00	11624.61150	12582.11896	12387.20493	12111.93242	11737.70334
12750.0	8.25	11800.85521	12586.30361	12468.69182	12246.97136	11883.62330
12750.0	8.50	11978.82731	12607.75960	12551.58310	12379.34457	12032.92871
12750.0	8.75	12118.10562	12602.93517	12596.80345	12470.65340	12148.65019
12750.0	9.00	12227.22442	12583.81372	12617.56262	12542.61229	12235.30466
12750.0	9.25	12319.36883	12562.05655	12626.99772	12594.11933	12305.53232
12750.0	9.50	12401.99910	12542.28686	12631.16974	12633.19042	12365.11626
13000.0	6.50	11328.71125	13029.57671	12395.70117	11906.42789	11528.11317
13000.0	6.75	11365.99944	13003.33456	12421.50009	11947.43320	11559.54677
13000.0	7.00	11410.67623	12970.80546	12446.35124	11996.22779	11593.52876
13000.0	7.25	11463.48320	12930.54818	12470.44814	12039.55756	11632.27498
13000.0	7.50	11530.14735	12879.46373	12490.16943	12094.78378	11680.60642
13000.0	7.75	11621.85232	12816.72350	12507.53172	12158.09881	11750.50232
13000.0	8.00	11753.34185	12761.51730	12542.12733	12242.14260	11855.59332
13000.0	8.25	11920.37850	12745.43317	12612.20378	12370.97471	11994.50523
13000.0	8.50	12107.31863	12768.31548	12702.20357	12516.04399	12152.67214
13000.0	8.75	12276.38464	12789.08919	12776.54255	12634.64529	12297.35553
13000.0	9.00	12404.07816	12781.75477	12812.07190	12720.70481	12402.28100
13000.0	9.25	12506.56888	12765.15446	12829.96216	12782.93124	12483.87576
13000.0	9.50	12594.97821	12746.31212	12838.93356	12833.69420	12552.51479
13250.0	6.50	11503.86708	13205.36467	12558.67953	12061.89256	11678.96848
13250.0	6.75	11540.46530	13181.18513	12585.67470	12112.37600	11710.52920
13250.0	7.00	11584.16596	13151.13298	12612.83538	12149.79876	11745.08375
13250.0	7.25	11635.46294	13114.09884	12638.87115	12197.50018	11783.81826
13250.0	7.50	11697.26083	13067.16184	12660.94551	12249.99791	11829.62060
13250.0	7.75	11778.21013	13008.09393	12679.39759	12307.62647	11890.31980
13250.0	8.00	11892.34388	12946.97568	12706.09147	12384.45216	11981.05072
13250.0	8.25	12044.86925	12912.02332	12760.27063	12497.36446	12107.33207
13250.0	8.50	12227.86407	12921.65516	12843.83840	12639.61956	12263.50961
13250.0	8.75	12420.00899	12960.82681	12940.60364	12788.33444	12430.01260
13250.0	9.00	12574.18533	12974.32399	13000.29483	12895.08184	12560.71517
13250.0	9.25	12690.49265	12965.67471	13030.06086	12970.46908	12656.96934
13250.0	9.50	12786.78939	12950.66873	13044.95905	13032.02112	12736.04449
13500.0	6.50	11679.14987	13378.72971	12720.09884	12216.26292	11829.04889
13500.0	6.75	11715.06827	13356.39651	12748.54045	12267.29640	11860.91461
13500.0	7.00	11758.42938	13328.58133	12777.52369	12302.11051	11895.79361
13500.0	7.25	11808.62616	13294.67038	12805.39316	12354.45677	11934.94266
13500.0	7.50	11867.73953	13252.45011	12830.59487	12405.51493	11979.95718
13500.0	7.75	11940.82528	13200.09831	12852.97618	12468.62292	12034.58922
13500.0	8.00	12040.12077	13138.24800	12875.45132	12531.51335	12112.90993
13500.0	8.25	12176.42228	13086.52238	12914.76461	12629.45571	12225.43346
13500.0	8.50	12350.38403	13077.43608	12985.57681	12757.97345	12374.81380
13500.0	8.75	12547.62862	13114.18458	13085.65146	12913.90270	12546.33152
13500.0	9.00	12731.80032	13153.39986	13174.73871	13054.46366	12705.81659
13500.0	9.25	12867.65363	13158.52274	13222.24946	13146.17195	12821.46850
13500.0	9.50	12974.27265	13149.85107	13246.40364	13219.56671	12911.94085
13750.0	6.50	11854.29757	13550.58432	12881.35530	12366.29032	11978.82962
13750.0	6.75	11889.94344	13530.00770	12910.52644	12421.92261	12010.75426
13750.0	7.00	11933.10156	13504.37425	12940.01026	12464.09850	12046.13918
13750.0	7.25	11982.40819	13472.63447	12970.05050	12510.60468	12085.45049
13750.0	7.50	12039.93119	13433.55032	12998.20789	12568.59763	12129.60041
13750.0	7.75	12108.62037	13384.64311	13022.30517	12630.02863	12181.84800
13750.0	8.00	12197.32349	13325.92143	13045.21424	12686.65638	12251.42769
13750.0	8.25	12318.17130	13267.80409	13074.86222	12765.47088	12351.69735
13750.0	8.50	12478.06705	13240.42892	13132.99725	12885.06980	12488.40693
13750.0	8.75	12670.73875	13263.68913	13225.80344	13037.32878	12657.13786
13750.0	9.00	12874.49326	13317.56025	13333.95728	13194.53620	12835.36851
13750.0	9.25	13037.80582	13345.15323	13407.56692	13316.99901	12977.85271
13750.0	9.50	13159.41423	13346.44315	13444.87814	13406.55886	13084.16940
14000.0	6.50	12029.34298	13720.75554	13041.39629	12529.03569	12128.28643
14000.0	6.75	12064.84751	13701.82539	13071.68817	12565.79764	12159.83976
14000.0	7.00	12107.69163	13678.19777	13102.79245	12615.09359	12196.27237
14000.0	7.25	12156.67001	13648.27468	13132.54877	12669.37669	12235.49585
14000.0	7.50	12213.25316	13612.20809	13163.41548	12722.12369	12280.16143
14000.0	7.75	12279.25348	13567.69919	13191.16444	12788.17325	12330.84936
14000.0	8.00	12360.39986	13514.66568	13216.34052	12841.96464	12394.47376
14000.0	8.25	12467.95274	13454.79746	13242.91227	12914.16844	12482.98121
14000.0	8.50	12613.08051	13411.42621	13288.24920	13024.20616	12607.71335
14000.0	8.75	12796.65797	13416.15273	13368.06497	13162.39722	12769.51467
14000.0	9.00	13003.88033	13466.96600	13478.24440	13323.60069	12951.77228
14000.0	9.25	13196.15610	13519.30676	13579.97111	13478.11672	13122.10293
14000.0	9.50	13337.18490	13535.35616	13634.61424	13579.36604	13248.15508
14250.0	6.50	12204.56412	13890.31194	13201.34293	12683.43634	12278.45306
14250.0	6.75	12239.82551	13872.64235	13232.27176	12719.38492	12309.76406
14250.0	7.00	12282.57302	13850.49871	13263.60346	12772.99128	12345.89376
14250.0	7.25	12331.52124	13822.66962	13295.57088	12824.48732	12385.67678
14250.0	7.50	12387.14714	13788.67877	13327.44593	12878.05988	12430.36957
14250.0	7.75	12451.48940	13747.19855	13357.97109	12937.92676	12480.60570
14250.0	8.00	12527.80706	13697.19755	13384.35923	12999.08336	12540.20526
14250.0	8.25	12625.12257	13638.86393	13411.06534	13068.87015	12620.55265
14250.0	8.50	12756.43984	13588.15036	13448.34905	13163.97107	12733.21562
14250.0	8.75	12925.99085	13573.76802	13514.09916	13286.02188	12883.17236
14250.0	9.00	13129.38744	13612.70314	13617.43498	13454.98491	13063.53296
14250.0	9.25	13340.73789	13680.08112	13736.92580	13627.11356	13252.29563
14250.0	9.50	13508.96768	13718.20459	13817.23986	13753.74963	13403.50940
14500.0	6.50	12379.96958	14058.89096	13361.00660	12827.95968	12428.04624
14500.0	6.75	12415.03806	14042.22971	13392.19340	12880.69275	12460.01165
14500.0	7.00	12457.33957	14021.21436	13424.28160	12932.61303	12495.49477
14500.0	7.25	12506.41342	13995.35184	13458.57808	12971.37259	12535.48263
14500.0	7.50	12561.70917	13963.20903	13489.92744	13030.17909	12580.55352
14500.0	7.75	12625.15784	13924.94947	13522.82543	13091.28395	12630.52680
14500.0	8.00	12698.24323	13878.84871	13552.53398	13156.46630	12687.72648
14500.0	8.25	12787.64207	13824.53565	13580.49749	13225.09342	12761.22039
14500.0	8.50	12906.21910	13769.83962	13613.72921	13306.80544	12863.20025
14500.0	8.75	13061.56879	13738.63719	13666.44669	13425.81556	13001.83797
14500.0	9.00	13255.64330	13759.87851	13757.30813	13579.62470	13175.52465
14500.0	9.25	13472.95829	13827.22477	13879.93822	13756.98131	13369.60803
14500.0	9.50	13669.67346	13889.78921	13987.65402	13911.82272	13548.01741
14750.0	6.50	12555.43294	14227.09937	13519.63793	12987.42569	12577.94036
14750.0	6.75	12590.51657	14211.39308	13552.05648	13034.54256	12609.77485
14750.0	7.00	12632.90148	14191.61365	13584.80137	13086.37614	12645.23507
14750.0	7.25	12681.51442	14167.07214	13619.69198	13125.37487	12685.12185
14750.0	7.50	12736.16462	14136.30677	13652.30256	13187.84922	12730.18300
14750.0	7.75	12799.26081	14100.33816	13686.13792	13246.55649	12780.46878
14750.0	8.00	12870.35695	14057.46383	13718.38947	13312.43052	12836.59111
14750.0	8.25	12954.39363	14006.00512	13748.55449	13374.48978	12905.50259
14750.0	8.50	13062.21270	13950.35295	13778.10622	13451.31922	12998.16341
14750.0	8.75	13204.71177	13909.58526	13824.09264	13564.19516	13125.50372
14750.0	9.00	13386.15458	13912.68105	13901.27930	13706.74156	13289.69231
14750.0	9.25	13599.87986	13969.36802	14017.90535	13875.67474	13481.88302
14750.0	9.50	13818.65599	14049.40395	14145.73819	14058.71595	13681.08227
15000.0	6.50	12730.66755	14394.41121	13678.95300	13137.43696	12727.01385
15000.0	6.75	12765.95735	14379.57699	13711.30598	13188.07259	12759.22728
15000.0	7.00	12808.28872	14361.04014	13744.73103	13240.93897	12794.94992
15000.0	7.25	12856.90215	14337.85742	13780.25813	13279.12144	12834.79174
15000.0	7.50	12911.20731	14308.32102	13813.85310	13342.11698	12880.08679
15000.0	7.75	12974.08536	14274.30463	13848.91831	13404.87368	12930.20046
15000.0	8.00	13044.34453	14234.64229	13883.88573	13469.43333	12986.43317
15000.0	8.25	13125.02616	14187.14397	13916.49627	13531.05884	13052.35108
15000.0	8.50	13224.17067	14133.45012	13948.57153	13608.90760	13137.34637
15000.0	8.75	13354.45702	14086.12045	13986.22950	13703.20953	13253.74545
15000.0	9.00	13523.24818	14072.47296	14051.55279	13833.68185	13408.79617
15000.0	9.25	13728.95805	14113.67009	14157.26461	14000.75153	13594.92697
15000.0	9.50	13954.89204	14195.75482	14290.34169	14189.62878	13801.10745
15250.0	6.50	12908.19941	14561.30597	13838.40524	13292.35661	12877.06874
15250.0	6.75	12942.82141	14547.33546	13870.82287	13342.48727	12909.30381
15250.0	7.00	12984.53015	14529.42653	13904.40016	13392.22603	12945.23779
15250.0	7.25	13033.02193	14507.44321	13939.86477	13437.43442	12985.17532
15250.0	7.50	13087.83330	14480.08790	13975.95351	13500.73668	13030.94630
15250.0	7.75	13150.44591	14447.97794	14011.64842	13557.27981	13081.44465
15250.0	8.00	13220.73179	14410.95027	14048.03647	13628.70731	13137.77592
15250.0	8.25	13298.85365	14366.22210	14083.41138	13688.80520	13202.04881
15250.0	8.50	13392.13935	14314.41853	14116.60039	13764.26045	13281.75199
15250.0	8.75	13511.51025	14264.00615	14151.10753	13847.36438	13387.31169
15250.0	9.00	13667.37137	14238.52419	14207.20887	13977.02042	13532.15808
15250.0	9.25	13862.87802	14262.98931	14300.80007	14133.00076	13711.28606
15250.0	9.50	14086.95468	14337.05871	14429.08777	14316.36099	13915.86739
15500.0	6.50	13084.47248	14728.36898	13996.94249	13449.02886	13027.62534
15500.0	6.75	13118.82185	14715.13604	14030.30855	13488.81964	13058.46731
15500.0	7.00	13160.48930	14697.77666	14064.01503	13541.42579	13094.80327
15500.0	7.25	13209.05021	14676.70340	14099.72426	13595.39185	13135.21669
15500.0	7.50	13264.21561	14651.07442	14137.02510	13648.33830	13180.88040
15500.0	7.75	13326.64969	14620.26356	14173.70461	13712.02352	13231.47513
15500.0	8.00	13396.60018	14584.69746	14211.51584	13782.19005	13288.40201
15500.0	8.25	13473.57355	14542.99941	14250.07893	13848.79787	13352.08861
15500.0	8.50	13562.20870	14494.36586	14283.43910	13917.78255	13426.75637
15500.0	8.75	13673.12548	14443.95666	14318.18584	14002.54170	13525.32531
15500.0	9.00	13816.22319	14408.75356	14366.51911	14112.67241	13657.73825
15500.0	9.25	13999.98320	14416.15118	14446.55657	14265.54054	13828.24733
15500.0	9.50	14218.43445	14477.30568	14566.48871	14441.55404	14030.59123
15750.0	6.50	13260.76975	14895.27738	14156.30275	13599.25979	13177.09744
15750.0	6.75	13295.31593	14882.67166	14189.90648	13642.38650	13208.40315
15750.0	7.00	13336.94071	14866.19128	14223.90197	13690.98312	13244.79187
15750.0	7.25	13385.61714	14846.04251	14259.67520	13749.30684	13285.53290
15750.0	7.50	13440.66878	14821.27797	14298.65034	13798.38261	13331.02747
15750.0	7.75	13503.32488	14792.07521	14336.08657	13870.83846	13382.16444
15750.0	8.00	13573.35990	14758.40746	14374.24902	13940.06262	13438.99937
15750.0	8.25	13648.57583	14717.35147	14412.05328	13999.59728	13501.46908
15750.0	8.50	13734.70589	14671.99466	14448.31535	14071.48294	13573.96435
15750.0	8.75	13839.12946	14621.95913	14484.54130	14155.79583	13666.15228
15750.0	9.00	13971.70133	14581.16605	14528.72143	14258.21069	13788.81235
15750.0	9.25	14142.47550	14574.54199	14598.16039	14394.29317	13949.15071
15750.0	9.50	14352.31112	14621.15522	14706.33490	14563.43169	14144.70440
16000.0	6.50	13437.49038	15062.03180	14316.65353	13755.49831	13326.49350
16000.0	6.75	13472.05955	15049.98604	14348.53646	13802.86400	13358.60397
16000.0	7.00	13513.65668	15034.23955	14383.45897	13849.19449	13394.91839
16000.0	7.25	13562.47740	15014.86105	14420.39472	13910.59628	13435.57950
16000.0	7.50	13617.52138	14990.96196	14459.60196	13952.74138	13481.59155
16000.0	7.75	13680.29245	14963.24269	14498.05379	14026.28506	13533.14277
16000.0	8.00	13749.28489	14930.46398	14537.48500	14091.05445	13589.19952
16000.0	8.25	13825.12148	14891.19279	14576.65716	14159.31693	13652.11416
16000.0	8.50	13910.12097	14849.83567	14616.84244	14234.87801	13723.94217
16000.0	8.75	14009.58963	14801.63745	14652.65982	14311.82275	13810.35327
16000.0	9.00	14132.58685	14757.88344	14694.95039	14410.51569	13923.87591
16000.0	9.25	14291.43194	14738.59638	14754.02240	14535.32578	14073.99357
16000.0	9.50	14489.32887	14768.95814	14849.83899	14697.82117	14261.46126
16250.0	6.50	13614.20942	15229.18271	14475.21995	13907.12741	13476.87158
16250.0	6.75	13649.08364	15217.45951	14508.93609	13950.18821	13509.38376
16250.0	7.00	13690.91077	15202.49337	14543.33655	14003.89731	13545.46910
16250.0	7.25	13739.65045	15183.92536	14580.94865	14065.13055	13586.33236
16250.0	7.50	13794.80808	15160.79022	14619.38591	14120.42922	13632.08423
16250.0	7.75	13857.88152	15134.08330	14659.37200	14177.67924	13684.15387
16250.0	8.00	13927.71979	15103.27563	14699.70110	14251.86093	13741.13298
16250.0	8.25	14002.72154	15065.51644	14740.32756	14320.93559	13803.37895
16250.0	8.50	14086.62924	15025.51524	14780.07025	14386.45867	13873.73506
16250.0	8.75	14182.15188	14978.85485	14819.20289	14468.19109	13956.86249
16250.0	9.00	14297.61114	14933.45032	14860.20025	14562.15142	14062.33721
16250.0	9.25	14444.32827	14905.59570	14913.16002	14676.17163	14202.56950
16250.0	9.50	14631.43797	14921.14797	14997.47146	14832.36833	14381.11445
16500.0	6.50	13791.38409	15396.38209	14634.96541	14061.65331	13627.21745
16500.0	6.75	13826.33959	15384.92432	14668.61765	14104.66180	13660.04843
16500.0	7.00	13868.19985	15370.51954	14704.06101	14154.71044	13696.09743
16500.0	7.25	13916.68906	15352.67183	14741.40834	14220.81903	13736.75265
16500.0	7.50	13972.26525	15330.34641	14780.11908	14275.19035	13783.13536
16500.0	7.75	14035.64253	15304.39933	14820.57636	14329.06602	13835.41718
16500.0	8.00	14105.10663	15274.59335	14862.62030	14403.46267	13892.26792
16500.0	8.25	14181.12814	15239.43062	14904.11418	14477.64761	13955.36963
16500.0	8.50	14265.30440	15200.80355	14946.63710	14547.30652	14025.89108
16500.0	8.75	14358.21170	15156.51930	14987.45924	14629.11045	14106.84213
16500.0	9.00	14467.91114	15111.91554	15027.48004	14718.73916	14204.86498
16500.0	9.25	14604.15666	15077.85431	15076.80013	14823.90260	14335.43536
16500.0	9.50	14779.73508	15079.20507	15150.55659	14968.41255	14505.56808
16750.0	6.50	13968.95199	15563.56781	14794.64430	14216.23214	13778.23025
16750.0	6.75	14004.28437	15552.65802	14828.89568	14259.17343	13810.91390
16750.0	7.00	14046.52157	15538.83111	14864.04522	14313.27539	13847.02528
16750.0	7.25	14095.12479	15521.67420	14902.24903	14367.94677	13888.39692
16750.0	7.50	14151.02072	15499.89840	14941.64423	14430.94730	13934.45471
16750.0	7.75	14214.18324	15475.09065	14982.46362	14484.52078	13986.67150
16750.0	8.00	14284.03284	15446.04819	15025.45852	14559.52738	14044.28681
16750.0	8.25	14360.33949	15412.87171	15068.03161	14634.79738	14107.50324
16750.0	8.50	14443.91692	15375.68204	15112.85035	14707.99357	14178.32405
16750.0	8.75	14535.72499	15333.43518	15151.92622	14781.49048	14255.86360
16750.0	9.00	14640.23443	15287.83691	15193.99269	14874.42031	14349.61454
16750.0	9.25	14771.42052	15252.92929	15243.87432	14977.05656	14473.92924
16750.0	9.50	14931.75129	15239.17753	15305.54827	15108.60646	14631.27598
17000.0	6.50	14146.75533	15730.73210	14954.44326	14370.93904	13929.25311
17000.0	6.75	14182.67826	15720.52755	14989.49220	14413.98952	13961.76745
17000.0	7.00	14224.82819	15707.07973	15024.20715	14472.24439	13998.17527
17000.0	7.25	14273.74970	15690.48171	15063.22884	14523.13794	14039.93923
17000.0	7.50	14329.63852	15669.34898	15103.12860	14586.65040	14085.88680
17000.0	7.75	14393.28020	15645.84043	15144.72025	14640.36968	14138.91691
17000.0	8.00	14464.02459	15617.40135	15188.15662	14711.84539	14196.74016
17000.0	8.25	14540.28502	15585.90968	15232.73876	14788.83485	14260.36645
17000.0	8.50	14623.89195	15550.17114	15278.10171	14866.36291	14331.36475
17000.0	8.75	14716.17083	15510.35954	15321.31816	14947.70545	14409.95858
17000.0	9.00	14816.97719	15465.45477	15362.15610	15032.96586	14497.84948
17000.0	9.25	14943.84402	15431.53961	15414.30690	15137.98368	14617.04431
17000.0	9.50	15090.19277	15404.93990	15465.68914	15253.74937	14761.44132
17250.0	6.50	14325.47426	15899.26079	15116.80413	14529.71816	14081.28855
17250.0	6.75	14361.80470	15889.45113	15149.84986	14577.47705	14114.34528
17250.0	7.00	14404.22202	15876.41164	15186.96262	14621.11507	14150.73125
17250.0	7.25	14453.37617	15860.27832	15225.28254	14679.52490	14192.43027
17250.0	7.50	14510.04356	15839.74842	15265.67773	14743.51646	14238.84121
17250.0	7.75	14573.88957	15816.83095	15307.59966	14797.19458	14291.84787
17250.0	8.00	14644.42476	15789.41717	15351.78951	14869.15254	14349.88399
17250.0	8.25	14721.12952	15758.95335	15396.73322	14942.48025	14413.94955
17250.0	8.50	14804.63650	15724.49701	15443.37607	15024.75492	14484.63824
17250.0	8.75	14895.83473	15685.92122	15486.14713	15102.81988	14561.28248
17250.0	9.00	14992.79755	15641.18885	15527.73302	15189.31147	14645.66477
17250.0	9.25	15111.46348	15603.45433	15575.76366	15279.25820	14755.65711
17250.0	9.50	15252.21386	15566.22471	15623.74799	15406.52836	14902.51570
17500.0	6.50	14504.69725	16067.91042	15276.84501	14682.85671	14233.32393
17500.0	6.75	14541.35317	16058.51653	15312.52465	14726.32361	14266.30948
17500.0	7.00	14584.25938	16045.72733	15348.75422	14777.36884	14303.16431
17500.0	7.25	14633.54441	16030.25040	15387.59479	14836.30675	14345.26885
17500.0	7.50	14690.46774	16010.32358	15428.29695	14900.18684	14391.92456
17500.0	7.75	14754.60796	15988.00987	15471.14809	14960.27837	14444.84509
17500.0	8.00	14825.45688	15961.45331	15515.53844	15026.79896	14503.35360
17500.0	8.25	14902.51675	15931.94758	15561.14061	15100.47344	14567.78749
17500.0	8.50	14986.57637	15898.81975	15607.59002	15184.83737	14637.92027
17500.0	8.75	15077.16781	15861.52036	15653.78145	15265.15435	14715.31373
17500.0	9.00	15171.60954	15817.56781	15694.21037	15347.36304	14796.24964
17500.0	9.25	15284.37390	15777.80425	15741.15377	15442.09374	14901.01668
17500.0	9.50	15420.20232	15731.65352	15785.28034	15569.54182	15048.22859
17750.0	6.50	14684.16301	16236.71153	15438.24846	14836.38937	14385.65428
17750.0	6.75	14721.29225	16227.74161	15473.19713	14890.64352	14419.07317
17750.0	7.00	14764.38263	16215.42581	15510.47901	14937.96998	14456.19694
17750.0	7.25	14814.31812	16200.28189	15550.05591	14993.33036	14498.56343
17750.0	7.50	14871.54591	16181.08400	15591.15704	15057.35928	14545.46988
17750.0	7.75	14935.85392	16159.30015	15634.49875	15122.61641	14598.21138
17750.0	8.00	15007.01679	16133.55769	15679.43388	15184.63901	14657.17919
17750.0	8.25	15084.67926	16104.96712	15725.55167	15254.56893	14722.03303
17750.0	8.50	15169.22905	16073.14921	15773.08919	15339.96406	14793.26204
17750.0	8.75	15259.98263	16037.16050	15820.67371	15425.04952	14869.94053
17750.0	9.00	15353.01478	15994.46182	15861.68439	15507.13822	14949.11949
17750.0	9.25	15461.15593	15953.61982	15907.19623	15594.42001	15047.84119
17750.0	9.50	15594.00429	15900.92364	15950.24361	15730.84013	15199.65746
18000.0	6.50	14864.28507	16405.91714	15600.14486	14993.11368	14538.26834
18000.0	6.75	14901.93809	16397.39646	15636.48212	15043.86448	14571.61107
18000.0	7.00	14945.66042	16385.47809	15673.13280	15095.30846	14609.52998
18000.0	7.25	14995.57302	16370.80008	15712.37634	15154.78011	14652.36282
18000.0	7.50	15053.27464	16352.08623	15755.01089	15207.05306	14699.55187
18000.0	7.75	15117.77432	16330.87878	15798.22120	15280.58091	14752.08774
18000.0	8.00	15189.34122	16305.91426	15843.85849	15343.06070	14811.68960
18000.0	8.25	15267.50731	16278.14974	15890.98405	15417.67718	14876.88603
18000.0	8.50	15352.53255	16247.45659	15938.93715	15492.75319	14948.20941
18000.0	8.75	15443.76670	16212.82451	15985.35715	15578.88498	15024.10040
18000.0	9.00	15536.32735	16171.72215	16029.94591	15658.61732	15103.08826
18000.0	9.25	15641.47504	16130.77012	16074.75526	15763.88537	15198.31701
18000.0	9.50	15772.55872	16072.75669	16117.76245	15896.14580	15354.31396
18250.0	6.50	15044.99308	16575.48444	15762.78979	15152.40888	14690.86414
18250.0	6.75	15082.86456	16567.34766	15800.20944	15204.35536	14724.85212
18250.0	7.00	15127.09760	16555.86235	15836.71055	15249.05036	14762.86217
18250.0	7.25	15177.61172	16541.67069	15877.14621	15305.03262	14806.01441
18250.0	7.50	15235.44198	16523.37999	15918.07350	15369.00200	14853.53187
18250.0	7.75	15300.50579	16502.77605	15962.33076	15438.97101	14906.64536
18250.0	8.00	15372.11700	16478.48011	16009.00529	15506.35555	14965.84203
18250.0	8.25	15450.79037	16451.53583	16056.37900	15576.78093	15031.89589
18250.0	8.50	15536.65634	16422.05275	16105.31418	15652.72013	15103.86341
18250.0	8.75	15628.71469	16388.76973	16154.24279	15743.27706	15180.93628
18250.0	9.00	15721.83301	16349.37405	16199.01752	15825.70839	15259.99223
18250.0	9.25	15825.02176	16309.18285	16244.24407	15916.50304	15351.53180
18250.0	9.50	15956.10670	16247.37222	16287.77154	16064.68408	15513.74944
18500.0	6.50	15226.04133	16745.35762	15925.08600	15310.50114	14844.11752
18500.0	6.75	15264.35875	16737.57227	15960.78077	15355.93086	14878.60628
18500.0	7.00	15309.05954	16726.56880	15998.94381	15415.06416	14917.13691
18500.0	7.25	15360.11696	16712.88090	16039.70444	15471.51812	14960.55593
18500.0	7.50	15418.51453	16695.11300	16082.43676	15527.86152	15008.27811
18500.0	7.75	15483.83525	16675.09638	16127.08154	15598.14954	15061.63745
18500.0	8.00	15555.63498	16651.36619	16173.69912	15661.09598	15121.29764
18500.0	8.25	15634.98564	16625.32438	16222.34162	15736.65066	15187.54623
18500.0	8.50	15721.23957	16596.85222	16271.95690	15813.09349	15259.91781
18500.0	8.75	15814.17429	16564.94745	16323.46521	15908.21655	15338.31685
18500.0	9.00	15908.85573	16527.33266	16370.18583	15992.78319	15418.36059
18500.0	9.25	16011.15215	16488.37137	16415.07459	16078.48192	15507.93673
18500.0	9.50	16143.69863	16424.20125	16460.29674	16231.09123	15677.18781
18750.0	6.50	15407.68020	16915.73651	16089.16450	15469.26312	14998.05124
18750.0	6.75	15446.67255	16908.42830	16125.40618	15516.54034	15032.74961
18750.0	7.00	15491.76188	16897.74676	16164.09427	15565.69449	15071.33277
18750.0	7.25	15543.29009	16884.50755	16204.08093	15630.61981	15115.34129
18750.0	7.50	15602.08819	16867.19684	16246.48225	15691.28177	15163.33074
18750.0	7.75	15667.90202	16847.70079	16292.20708	15757.85997	15217.15260
18750.0	8.00	15740.05743	16824.76367	16340.06106	15825.84377	15277.00975
18750.0	8.25	15819.90387	16799.44107	16389.19299	15901.72830	15343.88767
18750.0	8.50	15906.69295	16771.85837	16439.82298	15983.40581	15416.90982
18750.0	8.75	16000.95459	16741.28259	16490.48448	16066.81263	15495.28824
18750.0	9.00	16097.06771	16705.72337	16540.48630	16156.73493	15577.24372
18750.0	9.25	16199.77850	16668.48808	16586.41811	16244.55090	15665.80853
18750.0	9.50	16335.42463	16602.82718	16634.50481	16406.41760	15844.70962
19000.0	6.50	15590.09857	17086.62807	16252.83674	15624.58803	15151.87043
19000.0	6.75	15629.42484	17079.64282	16288.91022	15673.00704	15187.56633
19000.0	7.00	15675.02507	17069.33702	16328.40809	15724.70423	15226.44077
19000.0	7.25	15727.14046	17056.60692	16370.12417	15781.92326	15270.64655
19000.0	7.50	15786.57559	17039.93662	16411.89763	15851.34106	15318.97751
19000.0	7.75	15852.74660	17020.99933	16457.87692	15917.91686	15373.46316
19000.0	8.00	15925.25948	16998.55270	16505.84497	15981.69830	15433.53874
19000.0	8.25	16005.63892	16973.84297	16555.67949	16057.87086	15500.30859
19000.0	8.50	16093.37556	16947.30232	16607.10985	16140.27849	15573.85417
19000.0	8.75	16188.65950	16918.03359	16660.71259	16233.03171	15653.95485
19000.0	9.00	16286.14928	16884.39226	16708.63227	16314.08376	15735.79821
19000.0	9.25	16390.39662	16849.25691	16759.14199	16410.80615	15826.11999
19000.0	9.50	16530.78763	16782.90353	16810.55433	16584.66521	16015.44692
19250.0	6.50	15772.99392	17257.83920	16416.45760	15791.32952	15306.55469
19250.0	6.75	15812.76077	17251.22349	16453.25265	15835.31126	15342.49767
19250.0	7.00	15858.92249	17241.39209	16491.98829	15892.62730	15381.36063
19250.0	7.25	15911.69540	17229.20000	16535.48468	15941.94944	15426.24172
19250.0	7.50	15971.67169	17213.00890	16577.70757	16011.78294	15475.15527
19250.0	7.75	16038.31311	17194.57861	16624.30615	16079.09523	15529.73420
19250.0	8.00	16110.90953	17172.79407	16672.13798	16137.97205	15590.39813
19250.0	8.25	16191.82940	17148.53465	16722.93537	16219.14432	15657.34153
19250.0	8.50	16280.61235	17123.10047	16775.32600	16302.47654	15731.61840
19250.0	8.75	16376.84257	17095.12207	16828.35540	16385.85556	15812.01807
19250.0	9.00	16476.39132	17063.48258	16882.49775	16486.60154	15897.18282
19250.0	9.25	16582.55767	17030.65456	16933.06094	16576.83819	15988.17693
19250.0	9.50	16729.89416	16964.14584	16988.45229	16760.74840	16189.26627
19500.0	6.50	15956.62467	17429.66176	16581.01423	15950.88651	15461.60419
19500.0	6.75	15996.96566	17423.52593	16618.18222	15995.17128	15498.00629
19500.0	7.00	16043.60535	17414.08122	16657.41512	16052.85739	15537.42799
19500.0	7.25	16097.04748	17402.31239	16700.76284	16106.80555	15582.69476
19500.0	7.50	16157.63175	17386.68680	16744.83831	16168.50278	15632.04093
19500.0	7.75	16224.46122	17368.77035	16791.36702	16240.96076	15686.61100
19500.0	8.00	16297.75578	17347.64034	16841.38910	16310.16500	15747.62327
19500.0	8.25	16378.97642	17324.04317	16890.61020	16376.46149	15814.93480
19500.0	8.50	16468.67455	17299.43955	16944.12179	16465.29186	15889.98229
19500.0	8.75	16565.75967	17272.63223	16998.77515	16554.69061	15971.70822
19500.0	9.00	16667.50855	17243.00004	17051.57565	16645.26248	16056.31846
19500.0	9.25	16776.04708	17212.60874	17107.11254	16744.98187	16150.74723
19500.0	9.50	16931.28299	17146.73054	17168.31530	16949.13445	16367.01228
19750.0	6.50	16141.03035	17602.14914	16745.54913	16105.58303	15617.32185
19750.0	6.75	16181.79700	17596.36089	16783.62480	16155.52210	15653.93759
19750.0	7.00	16229.07523	17587.28937	16823.99822	16209.22798	15693.84533
19750.0	7.25	16282.91959	17576.08505	16867.92896	16263.69345	15739.79068
19750.0	7.50	16344.13390	17560.97987	16912.65073	16325.79841	15789.87239
19750.0	7.75	16411.73074	17543.56103	16958.62782	16402.46657	15845.00104
19750.0	8.00	16485.70436	17523.05470	17008.20364	16469.06133	15905.52702
19750.0	8.25	16567.67829	17500.14446	17060.26357	16540.27672	15973.86468
19750.0	8.50	16657.98216	17476.35179	17114.00361	16633.94786	16049.22184
19750.0	8.75	16755.78011	17450.64869	17169.23666	16719.16638	16131.57483
19750.0	9.00	16859.79576	17423.16275	17224.04983	16811.94357	16218.34223
19750.0	9.25	16970.95608	17395.17682	17281.96591	16914.09160	16314.56818
19750.0	9.50	17135.09503	17330.28951	17348.76209	17134.02504	16546.57331
20000.0	6.50	16325.90952	17775.18408	16910.48802	16267.00428	15773.99448
20000.0	6.75	16367.35924	17769.80112	16949.65966	16316.47838	15810.47991
20000.0	7.00	16415.56769	17761.33784	16990.79179	16370.79814	15851.06768
20000.0	7.25	16470.08960	17750.60066	17035.21982	16425.68595	15897.31348
20000.0	7.50	16532.23557	17736.09628	17079.83475	16492.71434	15947.07530
20000.0	7.75	16599.85051	17719.10958	17127.36932	16556.03785	16002.96572
20000.0	8.00	16674.09856	17699.20672	17178.35594	16636.07740	16064.67554
20000.0	8.25	16756.98974	17677.04372	17228.93097	16709.87084	16133.84158
20000.0	8.50	16848.10619	17653.99760	17284.18845	16798.41588	16209.09117
20000.0	8.75	16946.79670	17629.38225	17340.36800	16884.41569	16292.20385
20000.0	9.00	17052.89794	17603.80688	17398.88664	16986.21477	16382.46012
20000.0	9.25	17166.99445	17578.39878	17457.46396	17083.99635	16479.28602
20000.0	9.50	17341.18674	17514.98534	17530.51049	17320.77619	16728.41538
21000.0	6.50	17080.28091	18483.37951	17588.22004	16922.17722	16410.75670
21000.0	6.75	17123.58491	18478.93562	17627.93992	16973.48902	16448.62208
21000.0	7.00	17174.25248	18472.13546	17671.34319	17029.55319	16491.62657
21000.0	7.25	17231.86205	18463.14142	17716.33151	17095.82926	16539.97590
21000.0	7.50	17297.04317	18450.83119	17764.62454	17155.72970	16591.87841
21000.0	7.75	17367.91151	18435.91876	17813.80067	17225.63683	16649.98990
21000.0	8.00	17445.15590	18418.28280	17866.87470	17299.50146	16713.66432
21000.0	8.25	17530.59877	18398.73334	17922.60170	17367.05043	16784.06282
21000.0	8.50	17624.31889	18378.08759	17977.82691	17464.66073	16861.91230
21000.0	8.75	17726.20644	18356.38694	18037.15491	17558.38557	16946.88509
21000.0	9.00	17835.77800	18334.52730	18098.83147	17663.33689	17039.76590
21000.0	9.25	17954.34122	18314.16613	18161.71643	17764.68073	17139.80855
21000.0	9.50	18127.05520	18261.98646	18237.22738	17980.55009	17370.04247
22000.0	6.50	17851.61404	19207.06422	18278.33843	17590.90113	17060.60729
22000.0	6.75	17896.74136	19203.42992	18320.86634	17644.46991	17100.36406
22000.0	7.00	17950.06867	19198.37714	18365.99673	17698.86111	17145.29656
22000.0	7.25	18011.41417	19191.12686	18414.39912	17762.29620	17195.61034
22000.0	7.50	18079.71470	19181.35470	18463.72409	17838.57077	17250.26984
22000.0	7.75	18154.19177	19168.94474	18517.32461	17900.76444	17310.50020
22000.0	8.00	18235.05428	19153.80144	18571.26228	17982.74643	17377.35403
22000.0	8.25	18324.05539	19137.05320	18630.57787	18051.74646	17449.46318
22000.0	8.50	18421.97759	19119.20821	18688.18344	18146.92371	17529.92452
22000.0	8.75	18527.19805	19100.55749	18751.08195	18255.13078	17616.93850
22000.0	9.00	18639.93995	19081.79621	18814.80362	18352.34081	17712.06843
22000.0	9.25	18763.65565	19065.87792	18882.21383	18470.73928	17815.49963
22000.0	9.50	18932.50846	19024.86754	18959.87658	18665.17141	18025.35967
23000.0	6.50	18643.16640	19949.93183	18989.50589	18279.97882	17725.83517
23000.0	6.75	18690.92838	19947.21442	19031.99406	18333.99789	17767.89226
23000.0	7.00	18747.74592	19943.94918	19078.91736	18392.45131	17814.49497
23000.0	7.25	18812.62027	19938.72384	19129.83219	18454.48757	17868.15213
23000.0	7.50	18884.88930	19931.76146	19183.53825	18532.68079	17925.33321
23000.0	7.75	18964.08286	19922.32620	19238.82015	18603.62688	17989.13404
23000.0	8.00	19049.12975	19910.15991	19296.68271	18695.08153	18058.64336
23000.0	8.25	19142.47347	19896.81154	19358.85838	18756.39584	18134.14952
23000.0	8.50	19244.88930	19881.89587	19420.50094	18870.10119	18217.58407
23000.0	8.75	19354.40867	19866.74193	19485.38251	18970.26947	18307.25727
23000.0	9.00	19471.89829	19851.33135	19551.87561	19070.46708	18406.23307
23000.0	9.25	19599.92196	19839.97034	19624.00276	19181.12461	18514.88763
23000.0	9.50	19763.85057	19810.86507	19702.29992	19356.67812	18697.44587
24000.0	6.50	19461.93009	20717.51223	19719.73455	18988.82563	18412.21354
24000.0	6.75	19511.81169	20715.64248	19764.83420	19041.06117	18455.38407
24000.0	7.00	19572.03052	20714.25043	19814.04441	19103.56758	18504.66826
24000.0	7.25	19641.61487	20711.40787	19868.68752	19177.08884	18560.24917
24000.0	7.50	19718.45975	20707.70462	19925.37885	19246.48315	18622.12655
24000.0	7.75	19802.46248	20701.57728	19984.94820	19330.37304	18689.59034
24000.0	8.00	19893.37083	20693.23618	20047.05926	19421.40161	18761.03472
24000.0	8.25	19991.98454	20683.89063	20110.19007	19498.77726	18843.80951
24000.0	8.50	20099.36090	20672.83010	20178.55270	19604.81315	18929.62861
24000.0	8.75	20214.12002	20661.76885	20247.30676	19705.27219	19023.20238
24000.0	9.00	20337.03962	20650.28732	20318.23463	19809.96365	19125.12387
24000.0	9.25	20470.72236	20643.93624	20394.04238	19927.99864	19238.74340
24000.0	9.50	20627.73193	20628.14980	20473.80368	20085.89646	19394.42100
25000.0	6.50	20314.61310	21516.21834	20480.49432	19727.21268	19124.63247
25000.0	6.75	20367.74645	21515.33673	20528.83639	19778.94604	19169.14381
25000.0	7.00	20431.20558	21516.02568	20578.94616	19843.14138	19221.23549
25000.0	7.25	20505.20970	21515.84161	20636.49901	19911.07712	19280.84476
25000.0	7.50	20587.35129	21515.75669	20697.48776	19988.82081	19347.04038
25000.0	7.75	20677.32762	21513.82840	20761.78859	20077.56328	19418.08763
25000.0	8.00	20774.64190	21509.82966	20828.09793	20171.43665	19495.91666
25000.0	8.25	20880.11589	21505.59257	20896.99914	20267.77100	19580.95702
25000.0	8.50	20993.44132	21499.59674	20970.56930	20372.74494	19673.41190
25000.0	8.75	21114.55200	21493.36833	21043.26562	20481.91485	19771.45735
25000.0	9.00	21244.38520	21486.79354	21120.21137	20593.65674	19879.84267
25000.0	9.25	21384.44544	21486.27862	21200.61446	20710.93192	19997.58295
25000.0	9.50	21535.22906	21485.77740	21281.60781	20842.69467	20123.14371
26000.0	6.50	21235.67439	22380.15543	21303.63947	20523.20619	19894.10200
26000.0	6.75	21288.51638	22377.28497	21351.95012	20573.62534	19938.31637
26000.0	7.00	21352.44128	22376.06034	21401.57361	20638.38455	19989.83324
26000.0	7.25	21426.03413	22373.61562	21456.28533	20708.70828	20048.93723
26000.0	7.50	21506.60010	22371.02856	21515.68794	20790.25447	20114.49297
26000.0	7.75	21595.22741	22366.24554	21577.48606	20872.37801	20183.96983
26000.0	8.00	21691.02346	22359.36339	21641.55338	20962.53539	20260.46152
26000.0	8.25	21794.27519	22351.62050	21708.16022	21048.28925	20343.03453
26000.0	8.50	21905.55413	22342.20850	21778.67317	21147.45855	20431.65501
26000.0	8.75	22024.78670	22333.59127	21847.49559	21262.50870	20528.09231
26000.0	9.00	22152.78668	22324.32987	21920.85727	21364.71947	20633.39436
26000.0	9.25	22291.00399	22321.32298	21998.77967	21486.56545	20749.23971
26000.0	9.50	22438.53576	22318.42489	22076.45577	21615.47970	20871.40836
27000.0	6.50	22193.52125	23272.82210	22158.98792	21346.22795	20697.95753
27000.0	6.75	22249.61753	23271.18782	22206.65175	21405.69131	20744.17406
27000.0	7.00	22317.90905	23272.34390	22258.96214	21470.57097	20799.84300
27000.0	7.25	22397.05009	23273.31817	22320.53196	21547.30952	20861.93732
27000.0	7.50	22484.95080	23275.20266	22383.30437	21628.28917	20933.15901
27000.0	7.75	22580.83165	23275.65143	22450.96685	21721.43855	21009.49142
27000.0	8.00	22684.46168	23274.62181	22521.21545	21815.12093	21092.09621
27000.0	8.25	22795.70965	23273.04782	22592.68003	21923.64528	21181.31368
27000.0	8.50	22915.25884	23269.96376	22668.67235	22016.15928	21276.62339
27000.0	8.75	23041.93267	23268.10423	22746.69055	22124.32152	21380.17058
27000.0	9.00	23178.20273	23265.24613	22822.99979	22248.24267	21491.74444
27000.0	9.25	23323.45553	23268.65121	22906.98062	22376.81855	21613.76795
27000.0	9.50	23477.19256	23272.63183	22989.32560	22536.90776	21742.41617
28000.0	6.50	23226.44617	24228.14842	23077.59914	22229.72257	21565.83125
28000.0	6.75	23284.90833	24226.90340	23126.41009	22305.52632	21614.12773
28000.0	7.00	23356.94565	24229.85995	23182.41405	22370.82255	21673.16942
28000.0	7.25	23440.65840	24234.09406	23244.85851	22447.50222	21740.29831
28000.0	7.50	23534.31517	24240.08872	23313.99930	22540.71264	21816.24280
28000.0	7.75	23637.65689	24245.45576	23386.56712	22628.50937	21899.07872
28000.0	8.00	23748.64879	24250.24786	23462.55614	22728.81623	21988.64471
28000.0	8.25	23867.55539	24255.04440	23541.41246	22824.68307	22085.17931
28000.0	8.50	23994.57995	24258.41996	23622.36665	22948.78671	22187.11666
28000.0	8.75	24128.61613	24263.46727	23707.85040	23074.69707	22298.73930
28000.0	9.00	24271.80225	24267.18458	23788.41659	23203.32891	22416.99562
28000.0	9.25	24423.28433	24276.73193	23876.80869	23328.06706	22545.56238
28000.0	9.50	24581.66768	24287.39455	23963.65418	23467.37749	22678.58364
29000.0	6.50	24342.78924	25251.57624	24069.49458	23207.74705	22513.52002
29000.0	6.75	24400.67788	25248.71302	24118.39264	23270.47252	22562.10683
29000.0	7.00	24474.32082	25252.07416	24175.22276	23342.24716	22622.99265
29000.0	7.25	24560.47483	25257.49977	24239.26669	23421.18278	22693.27151
29000.0	7.50	24658.02006	25265.98146	24310.56298	23511.98111	22772.57560
29000.0	7.75	24765.66299	25274.86579	24387.24766	23609.68795	22860.34130
29000.0	8.00	24880.99381	25283.78756	24466.59114	23708.59579	22955.84718
29000.0	8.25	25004.67894	25292.67965	24549.36948	23835.83654	23057.87874
29000.0	8.50	25136.02733	25300.86234	24632.81359	23960.92375	23164.51738
29000.0	8.75	25273.74516	25310.80842	24720.59588	24076.58753	23281.12062
29000.0	9.00	25420.63654	25318.83918	24806.24165	24206.44102	23406.61804
29000.0	9.25	25572.99546	25332.14954	24898.73445	24339.14304	23538.42470
29000.0	9.50	25731.44034	25346.65692	24983.83440	24473.19732	23671.47987
30000.0	6.50	25531.24775	26333.13935	25129.77101	24248.66639	23538.72766
30000.0	6.75	25585.08657	26326.02418	25174.27423	24310.57738	23584.54150
30000.0	7.00	25655.59367	26326.36535	25228.13433	24391.10024	23642.72871
30000.0	7.25	25739.57749	26329.83865	25289.59986	24462.62313	23715.64664
30000.0	7.50	25836.05791	26337.46148	25362.25276	24549.02076	23793.25305
30000.0	7.75	25942.85257	26346.07845	25436.13437	24644.56236	23882.26632
30000.0	8.00	26057.47183	26355.14894	25514.85196	24749.73249	23978.11897
30000.0	8.25	26180.73652	26364.57235	25597.23742	24854.36970	24082.09865
30000.0	8.50	26309.43154	26373.11305	25679.56872	24976.55687	24188.67329
30000.0	8.75	26445.47080	26383.66731	25766.12543	25110.67571	24303.88186
30000.0	9.00	26588.40961	26391.45251	25852.39108	25235.63038	24431.84452
30000.0	9.25	26736.12065	26403.75695	25934.40202	25370.41684	24556.15414
30000.0	9.50	26888.06922	26417.17230	26018.49036	25496.54516	24687.46140
32000.0	6.50	27934.98004	28518.14725	27294.13171	26417.47791	25663.58507
32000.0	6.75	27969.56731	28495.67036	27321.05060	26431.91223	25690.54070
32000.0	7.00	28023.46680	28481.59557	27362.13832	26491.06184	25736.74538
32000.0	7.25	28091.43459	28472.14165	27408.38192	26559.43436	25793.15735
32000.0	7.50	28171.47986	28467.48876	27464.10102	26634.91298	25859.09305
32000.0	7.75	28263.03370	28464.80676	27527.78742	26723.24543	25934.73590
32000.0	8.00	28361.94139	28463.89528	27592.91436	26814.19338	26019.54473
32000.0	8.25	28467.88567	28462.75651	27658.68999	26903.87271	26108.69461
32000.0	8.50	28580.86679	28461.90636	27727.25943	26996.91246	26205.26327
32000.0	8.75	28698.01086	28462.23589	27795.11913	27123.65450	26308.74744
32000.0	9.00	28822.32439	28460.41812	27865.86408	27211.41127	26416.59998
32000.0	9.25	28951.06046	28460.52465	27934.37278	27341.36684	26527.41660
32000.0	9.50	29081.99519	28462.19933	28000.88861	27454.35856	26641.70747
34000.0	6.50	30142.92458	30539.47616	29310.62739	28407.74236	27663.95259
34000.0	6.75	30155.13435	30498.64932	29315.47322	28437.20144	27671.72681
34000.0	7.00	30185.44965	30465.40565	29331.47728	28456.05302	27693.41578
34000.0	7.25	30230.17555	30437.37822	29360.17637	28502.19655	27728.79219
34000.0	7.50	30288.02364	30414.41811	29394.54270	28570.38068	27775.42443
34000.0	7.75	30354.70854	30394.09054	29433.46033	28616.17611	27830.30104
34000.0	8.00	30429.85019	30376.71441	29481.35195	28693.04012	27890.51217
34000.0	8.25	30512.87125	30358.51195	29529.28743	28768.62194	27962.14285
34000.0	8.50	30601.98470	30342.39722	29577.95525	28850.54506	28038.49934
34000.0	8.75	30697.31212	30326.67504	29624.83845	28917.54168	28123.89409
34000.0	9.00	30798.27898	30310.47825	29674.54014	29007.86649	28209.13902
34000.0	9.25	30902.73393	30293.68397	29721.89732	29119.76984	28299.17156
34000.0	9.50	31010.23229	30280.48158	29765.82823	29192.25031	28387.37403
35000.0	6.50	31138.20259	31457.62981	30228.94331	29312.91797	28578.08837
35000.0	6.75	31139.60591	31407.67923	30221.57367	29342.85291	28575.91251
35000.0	7.00	31158.65219	31365.49965	30226.64098	29373.01153	28585.26081
35000.0	7.25	31192.43671	31328.49587	30248.28284	29382.88768	28611.85770
35000.0	7.50	31239.16117	31296.86216	30270.02514	29429.09243	28647.90147
35000.0	7.75	31294.67452	31268.12823	30301.65710	29479.47797	28693.39409
35000.0	8.00	31359.61086	31242.81625	30330.15137	29528.77975	28745.62461
35000.0	8.25	31432.24874	31216.78206	30371.80860	29602.45621	28803.17782
35000.0	8.50	31509.78790	31193.53668	30414.62176	29682.88563	28869.60530
35000.0	8.75	31595.19703	31170.40753	30451.26912	29750.39639	28943.82969
35000.0	9.00	31685.15897	31147.80157	30492.61502	29819.55246	29021.85967
35000.0	9.25	31779.81757	31123.22066	30529.15901	29910.20336	29099.82787
35000.0	9.50	31876.96054	31103.62319	30566.66145	29996.08968	29182.34841
36000.0	6.50	32096.40659	32345.60662	31109.28803	30187.92350	29450.38746
36000.0	6.75	32087.89675	32286.83694	31091.76001	30195.85433	29438.10110
36000.0	7.00	32097.07387	32236.24178	31087.74190	30229.19140	29441.80406
36000.0	7.25	32120.76432	32190.59114	31095.20604	30228.08685	29455.00849
36000.0	7.50	32156.21984	32150.27038	31109.57858	30267.81853	29483.47127
36000.0	7.75	32202.61119	32113.17393	31130.13018	30305.02699	29517.08144
36000.0	8.00	32257.00342	32079.95117	31153.56734	30345.52206	29559.67227
36000.0	8.25	32319.19365	32045.99359	31182.56711	30401.36988	29608.14457
36000.0	8.50	32388.41201	32015.64575	31216.95817	30473.02952	29670.55208
36000.0	8.75	32463.02919	31985.09234	31244.92287	30530.61042	29728.46294
36000.0	9.00	32544.46175	31954.94691	31278.55580	30610.85619	29797.86007
36000.0	9.25	32628.55945	31924.08594	31309.24212	30674.50909	29870.98318
36000.0	9.50	32716.78049	31897.64306	31337.54930	30758.32910	29943.17640
38000.0	6.50	33841.64792	33971.69272	32723.08744	31811.81527	31048.45602
38000.0	6.75	33816.24023	33897.26014	32684.87497	31781.13026	31018.44760
38000.0	7.00	33807.06502	33831.26008	32664.20978	31797.97522	31005.73837
38000.0	7.25	33812.73951	33770.73004	32654.70768	31791.74091	31001.40256
38000.0	7.50	33830.07888	33715.05598	32652.25113	31800.43268	31012.04622
38000.0	7.75	33858.19855	33663.15737	32656.36241	31826.98293	31030.05018
38000.0	8.00	33896.12523	33616.17317	32668.53364	31857.51959	31052.89449
38000.0	8.25	33940.91343	33568.54261	32676.95441	31883.82910	31085.59095
38000.0	8.50	33993.95236	33525.87520	32696.29051	31940.22178	31134.53003
38000.0	8.75	34052.10626	33482.61838	32709.39545	31980.66505	31177.41237
38000.0	9.00	34117.11197	33439.42393	32728.81041	32046.36026	31230.47930
38000.0	9.25	34186.12045	33398.51769	32744.01368	32119.92553	31287.24867
38000.0	9.50	34257.53251	33360.38122	32756.61830	32150.17865	31344.52181
40000.0	6.50	35407.04750	35438.75292	34169.86885	33263.69341	32496.86361
40000.0	6.75	35365.70057	35349.65971	34123.57208	33199.78178	32447.99496
40000.0	7.00	35340.29799	35269.67811	34088.90128	33175.21242	32414.32622
40000.0	7.25	35329.21790	35195.92255	34062.23422	33180.34231	32401.15557
40000.0	7.50	35332.22199	35126.94472	34044.28057	33178.00529	32391.64710
40000.0	7.75	35344.62668	35062.55042	34039.94018	33189.64940	32393.50873
40000.0	8.00	35367.01358	35003.62330	34028.83728	33222.53302	32406.38653
40000.0	8.25	35399.29777	34944.87163	34032.68662	33239.06063	32428.80269
40000.0	8.50	35437.88773	34892.31406	34030.82853	33259.10688	32458.69288
40000.0	8.75	35483.44184	34838.70720	34043.38292	33314.61035	32496.40374
40000.0	9.00	35534.46064	34784.87484	34046.19725	33358.55533	32534.44993
40000.0	9.25	35591.24628	34735.98759	34046.90379	33410.00828	32576.13847
40000.0	9.50	35651.25399	34688.78294	34047.55329	33459.89075	32621.33595
45000.0	6.50	38884.98703	38716.01747	37410.87291	36476.85976	35712.85116
45000.0	6.75	38804.49696	38591.17542	37317.91439	36381.62191	35626.52074
45000.0	7.00	38740.87281	38473.67050	37247.95915	36332.26868	35555.42927
45000.0	7.25	38693.57294	38367.57144	37188.35039	36285.34113	35503.13649
45000.0	7.50	38659.09290	38270.22135	37137.47762	36254.66069	35459.63638
45000.0	7.75	38641.58919	38178.46349	37103.14158	36230.64336	35432.82679
45000.0	8.00	38634.40815	38091.87618	37066.30795	36223.07943	35417.06606
45000.0	8.25	38635.64078	38011.61511	37038.49135	36202.93965	35416.59472
45000.0	8.50	38646.06764	37933.14393	37012.36255	36228.00811	35412.98597
45000.0	8.75	38666.67517	37860.74209	36993.98895	36232.58443	35418.45817
45000.0	9.00	38692.41144	37788.00531	36974.57059	36250.93298	35431.31961
45000.0	9.25	38722.79459	37720.45813	36954.15644	36274.64048	35450.49767
45000.0	9.50	38762.33096	37657.21040	36934.89953	36317.79779	35472.24274
50000.0	6.50	41958.90002	41629.78886	40290.23141	39333.24351	38570.43945
50000.0	6.75	41834.73470	41464.69129	40153.98826	39208.77770	38437.49758
50000.0	7.00	41730.99610	41311.04775	40044.55288	39109.84331	38332.23414
50000.0	7.25	41645.47996	41171.26823	39950.93144	39014.33287	38249.15654
50000.0	7.50	41582.93233	41043.36656	39864.19673	38979.36685	38176.06967
50000.0	7.75	41534.12672	40925.17062	39797.63061	38943.38071	38111.72075
50000.0	8.00	41499.59442	40814.64085	39741.21743	38880.23314	38070.48071
50000.0	8.25	41475.94963	40712.95057	39689.23723	38851.93453	38044.42947
50000.0	8.50	41467.72070	40618.98559	39643.66504	38828.05849	38020.33646
50000.0	8.75	41464.29655	40528.69074	39604.41235	38824.01392	38006.01942
50000.0	9.00	41470.46769	40441.13164	39566.11517	38802.46465	38001.01807
50000.0	9.25	41482.60994	40358.64051	39529.09666	38806.77377	37999.93902
50000.0	9.50	41505.87848	40284.36521	39492.01531	38833.19274	38003.13447
60000.0	6.50	47530.81433	46945.87300	45554.16414	44584.98463	43830.76891
60000.0	6.75	47303.49295	46682.68987	45324.46991	44361.43897	43586.36434
60000.0	7.00	47106.50302	46441.53650	45119.68837	44168.86349	43388.41500
60000.0	7.25	46939.16822	46224.90333	44941.93406	43982.40698	43212.58073
60000.0	7.50	46803.79462	46029.34442	44787.27541	43859.78773	43067.75226
60000.0	7.75	46689.47373	45851.59694	44649.65236	43778.95867	42937.56070
60000.0	8.00	46597.05569	45688.87343	44536.44647	43665.63931	42846.45704
60000.0	8.25	46521.63324	45540.54544	44436.03917	43594.96783	42762.46225
60000.0	8.50	46465.05798	45406.08898	44344.79008	43503.18616	42689.74642
60000.0	8.75	46421.18538	45282.49499	44261.90927	43445.87599	42630.46011
60000.0	9.00	46392.34159	45166.14868	44189.31255	43409.33422	42586.59707
60000.0	9.25	46371.81166	45057.90416	44121.47015	43399.79040	42550.19812
60000.0	9.50	46364.17006	44959.64470	44065.04613	43370.38023	42528.23347
70000.0	6.50	53177.21614	52324.20028	50869.05423	49882.28645	49071.70212
70000.0	6.75	52852.37761	51971.07799	50551.29640	49541.07544	48765.56050
70000.0	7.00	52559.90955	51642.46506	50261.74966	49268.69586	48486.57817
70000.0	7.25	52187.99466	51230.18733	49883.35847	48938.20500	48108.85337
70000.0	7.50	51852.75097	50847.56075	49541.20713	48583.59666	47777.36220
70000.0	7.75	51916.64973	50841.41523	49597.54203	48668.03455	47846.33462
70000.0	8.00	51759.74388	50623.88807	49413.30664	48521.46699	47684.14295
70000.0	8.25	51631.11656	50427.09201	49257.78402	48369.93249	47552.89670
70000.0	8.50	51523.39442	50252.07188	49120.70672	48254.65317	47433.38752
70000.0	8.75	51435.41941	50094.08253	48999.01236	48182.41818	47331.58453
70000.0	9.00	51363.99912	49949.35463	48888.83257	48105.98321	47247.49537
70000.0	9.25	51312.21448	49817.97949	48783.53383	48020.49061	47179.58760
70000.0	9.50	51277.04858	49699.53660	48684.70356	47951.53479	47119.18429
80000.0	6.50	58216.25559	57172.14399	55634.56522	54611.32956	53722.44124
80000.0	6.75	57758.10237	56686.67863	55193.20984	54135.07016	53292.52798
80000.0	7.00	57351.65034	56243.74063	54779.12604	53728.27432	52900.49356
80000.0	7.25	56857.79846	55714.56708	54292.70707	53268.11115	52432.57103
80000.0	7.50	56412.41430	55226.51460	53840.69647	52840.72744	52003.82718
80000.0	7.75	56431.92403	55179.34794	53839.84832	52885.61824	52023.57915
80000.0	8.00	56200.79937	54893.62312	53593.43002	52625.68681	51799.98585
80000.0	8.25	56004.26935	54638.70411	53384.19232	52478.47453	51616.49166
80000.0	8.50	55839.89665	54409.99773	53190.28122	52313.28451	51447.68770
80000.0	8.75	55704.09005	54207.39753	53016.41083	52131.50410	51297.62117
80000.0	9.00	55588.00046	54023.28920	52873.85506	52055.43976	51179.15785
80000.0	9.25	55498.53240	53859.95634	52733.60779	51954.66595	51077.22103
80000.0	9.50	55429.17565	53714.42335	52609.02428	51872.73941	50989.87090
