Teff	log(g)	T_BB_u	T_BB_g	T_BB_r	T_BB_i	T_BB_z
3750.0	7.0	3711.42825	3986.81506	4062.69087	4049.60676	4023.85219
4000.0	7.0	3903.57697	4151.37188	4209.83777	4198.94257	4184.42631
4250.0	7.0	4138.42567	4357.30218	4395.84808	4383.57630	4372.35427
4500.0	7.0	4403.40380	4594.07994	4614.18473	4599.31784	4590.84765
4750.0	7.0	4694.72220	4853.15346	4856.37093	4839.23974	4831.26696
5000.0	7.0	5021.56454	5124.58604	5105.36496	5084.57192	5075.59071
5250.0	7.0	5366.22559	5401.46774	5359.53773	5334.85467	5326.89371
5500.0	7.0	5714.87595	5678.98181	5616.95995	5588.04632	5579.67500
6000.0	7.0	6341.31431	6215.56699	6112.68221	6072.38130	6061.31300
6500.0	7.0	6889.52304	6740.59340	6611.99357	6562.08155	6548.34132
7000.0	7.0	7371.45144	7244.28924	7096.78357	7036.53914	7014.88554
7500.0	7.0	7814.46824	7755.83673	7596.59448	7528.46022	7497.05843
8000.0	7.0	8223.08492	8277.71260	8111.91038	8030.77317	7984.25914
8500.0	7.0	8606.97613	8815.78752	8646.13423	8550.80821	8475.64788
9000.0	7.0	8973.26828	9373.27956	9199.93127	9080.09148	8971.13748
9500.0	7.0	9330.69852	9940.12993	9756.99376	9609.67476	9450.15206
10000.0	7.0	9681.10157	10508.08640	10308.18580	10116.32620	9905.36440
10500.0	7.0	10001.91485	11029.06242	10790.35544	10548.53177	10281.95168
11000.0	7.0	10266.40493	11475.63245	11171.46321	10866.53092	10561.01219
11500.0	7.0	10482.83886	11853.40982	11468.00416	11103.97879	10767.62865
12000.0	7.0	10757.97699	12264.12776	11811.23946	11398.09422	11034.15966
12500.0	7.0	11065.95466	12633.36187	12137.37286	11694.27675	11306.21474
13000.0	7.0	11390.25880	12993.87972	12453.83574	11990.50238	11590.95295
13500.0	7.0	11735.02693	13362.44735	12793.55625	12308.36960	11903.26522
14000.0	7.0	12073.69770	13704.21975	13109.15708	12602.85425	12189.86390
14500.0	7.0	12429.83058	14070.47844	13442.08544	12919.37141	12504.46528
15000.0	7.0	12773.45291	14404.16970	13751.22466	13216.11083	12789.54128
15500.0	7.0	13117.63731	14736.04546	14061.26856	13511.48826	13079.52012
16000.0	7.0	13481.64579	15090.78940	14392.87333	13834.94406	13390.50179
16500.0	7.0	13844.87151	15443.10803	14731.74232	14156.66541	13706.27829
17000.0	7.0	14195.74379	15770.76292	15033.44332	14453.33041	13993.74027
20000.0	7.0	16414.15653	17869.41205	17027.50231	16375.44441	15874.65441
25000.0	7.0	20496.78496	21725.64820	20669.83567	19888.15698	19306.65752
30000.0	7.0	25734.34807	26596.86113	25326.13942	24411.41273	23746.71830
35000.0	7.0	31261.77359	31740.74951	30342.68834	29406.77188	28781.52566
40000.0	7.0	35472.76262	35736.79103	34261.26794	33304.96318	32706.22014
45000.0	7.0	38883.21831	39013.57778	37469.62195	36504.03797	35950.03768
50000.0	7.0	41993.00278	42020.99269	40414.87645	39448.23661	38904.97326
55000.0	7.0	44820.41315	44749.22499	43108.30245	42130.94351	41647.39654
60000.0	7.0	47425.83259	47297.18114	45605.87928	44640.79279	44182.00234
65000.0	7.0	50554.37617	50317.96213	48595.95144	47624.47014	47159.71152
70000.0	7.0	53130.10142	52863.26104	51088.17968	50076.85507	49660.91509
75000.0	7.0	55633.14821	55337.45833	53500.55974	52522.10521	52157.94104
80000.0	7.0	58117.97208	57805.06546	55937.87242	54949.57067	54594.51283
85000.0	7.0	60535.82938	60183.03624	58271.86749	57275.91456	56967.35660
90000.0	7.0	63019.77199	62611.60046	60654.08733	59689.47725	59386.39099
3750.0	7.5	3733.93328	4025.07084	4114.61214	4098.45870	4065.11466
4000.0	7.5	3911.47284	4185.22962	4259.23234	4247.58906	4227.81503
4250.0	7.5	4128.22728	4375.39745	4429.85852	4417.87462	4404.93105
4500.0	7.5	4387.30420	4602.54925	4637.08397	4622.55592	4613.22447
4750.0	7.5	4667.79975	4852.01502	4867.89465	4850.86430	4842.32328
5000.0	7.5	4983.06788	5122.05649	5116.71309	5097.20942	5089.25667
5250.0	7.5	5312.55866	5400.11722	5374.45807	5352.05982	5344.40546
5500.0	7.5	5653.04538	5672.28818	5623.82233	5597.91244	5589.14916
6000.0	7.5	6312.18123	6212.47383	6122.70441	6086.40828	6075.68799
6500.0	7.5	6888.25648	6736.78863	6613.36511	6567.50499	6553.84530
7000.0	7.5	7397.59111	7246.25256	7103.96319	7051.06617	7032.81189
7500.0	7.5	7858.81574	7749.08915	7595.74734	7537.30825	7511.33551
8000.0	7.5	8283.71450	8255.79267	8100.60592	8034.64665	7996.78993
8500.0	7.5	8685.85467	8772.77655	8621.83135	8547.55771	8488.09741
9000.0	7.5	9067.01614	9297.56067	9150.39671	9060.67463	8970.76195
9500.0	7.5	9446.33486	9843.96495	9703.91093	9592.65758	9462.69567
10000.0	7.5	9819.76347	10394.54065	10253.12998	10119.03608	9938.26833
10500.0	7.5	10168.52053	10911.72760	10759.30406	10582.08535	10354.27746
11000.0	7.5	10496.01547	11393.80159	11212.69584	10992.66131	10715.13843
11500.0	7.5	10776.15526	11815.80618	11594.79326	11323.35328	10999.64322
12000.0	7.5	11002.83287	12173.87699	11898.22728	11579.47645	11224.48289
12500.0	7.5	11242.22168	12539.92934	12194.84542	11826.07434	11447.73705
13000.0	7.5	11534.17676	12913.76081	12525.81742	12113.85104	11709.38587
13500.0	7.5	11855.40112	13276.79209	12849.36741	12414.44502	11994.48555
14000.0	7.5	12187.43678	13629.90045	13172.64020	12712.94804	12283.65949
14500.0	7.5	12536.52586	13993.70784	13502.70657	13028.95617	12589.28263
15000.0	7.5	12879.69056	14337.83287	13823.53436	13331.91102	12880.74192
15500.0	7.5	13227.04462	14682.04157	14139.58341	13634.00334	13176.34907
16000.0	7.5	13579.93367	15028.70123	14461.02067	13933.60102	13475.43465
16500.0	7.5	13934.49059	15372.50273	14781.06796	14244.39378	13770.79140
17000.0	7.5	14289.77327	15711.12310	15106.39746	14551.49235	14076.23369
20000.0	7.5	16528.13398	17829.32203	17116.72409	16493.00415	15971.41449
25000.0	7.5	20652.71316	21718.26186	20792.68485	20044.58655	19434.06177
30000.0	7.5	25909.44453	26596.10578	25449.30696	24576.97811	23900.42715
35000.0	7.5	31374.23004	31697.86385	30410.31269	29502.14908	28861.13473
40000.0	7.5	35513.64465	35628.57851	34255.02516	33329.20779	32707.42872
45000.0	7.5	38868.46969	38854.89804	37394.52540	36435.88304	35829.68651
50000.0	7.5	41822.11040	41700.41596	40185.51753	39223.56318	38647.96316
55000.0	7.5	44561.79011	44352.62665	42780.03720	41806.60022	41255.18842
60000.0	7.5	47166.54028	46898.14198	45246.32275	44252.66209	43753.94361
65000.0	7.5	49933.45054	49587.23273	47895.92392	46892.42505	46388.53369
70000.0	7.5	52342.12755	51948.92316	50172.76145	49202.89975	48747.90225
75000.0	7.5	54657.26247	54217.64359	52419.10554	51407.86989	50997.38657
80000.0	7.5	57066.47122	56606.74824	54740.49362	53720.32080	53314.88730
85000.0	7.5	59345.10577	58792.82371	56930.83995	55901.29805	55539.83150
90000.0	7.5	61679.34513	61109.33500	59202.27850	58200.75504	57842.98375
3750.0	8.0	3752.92944	4060.86526	4166.03430	4146.99187	4101.98602
4000.0	8.0	3923.88594	4218.81174	4309.27013	4296.23165	4270.89839
4250.0	8.0	4126.88391	4400.87165	4471.77552	4460.70929	4444.18181
4500.0	8.0	4369.33861	4614.88693	4665.97262	4652.88007	4640.30008
4750.0	8.0	4646.67386	4857.67045	4888.36242	4872.93580	4864.16666
5000.0	8.0	4952.59682	5121.60350	5130.60227	5112.59952	5104.57195
5250.0	8.0	5266.98258	5394.85714	5383.94084	5362.32774	5353.59790
5500.0	8.0	5596.97546	5671.42365	5639.70950	5616.07795	5607.44260
6000.0	8.0	6268.11694	6213.14562	6136.13215	6106.57192	6096.80745
6500.0	8.0	6879.89185	6741.72770	6627.70855	6588.58990	6577.47049
7000.0	8.0	7415.42580	7250.21678	7111.21096	7065.81713	7048.39546
7500.0	8.0	7898.12383	7747.58272	7596.03514	7546.83477	7523.31310
8000.0	8.0	8339.54181	8240.83838	8087.16436	8032.04308	8001.73090
8500.0	8.0	8755.53390	8739.23424	8594.03925	8536.55613	8487.77706
9000.0	8.0	9152.27126	9244.52239	9112.38506	9046.60063	8971.82019
9500.0	8.0	9544.26814	9763.82715	9648.61981	9573.42577	9466.84262
10000.0	8.0	9935.15765	10293.09855	10191.57139	10100.34904	9954.94674
10500.0	8.0	10314.98188	10812.66185	10715.90775	10602.29764	10407.31546
11000.0	8.0	10678.01788	11300.65231	11203.64131	11059.35974	10817.82662
11500.0	8.0	11018.76586	11752.08083	11641.32904	11462.53601	11174.61458
12000.0	8.0	11318.98735	12158.99843	12023.83560	11796.74309	11470.92721
12500.0	8.0	11559.14811	12499.49131	12326.92383	12058.75239	11701.51315
13000.0	8.0	11783.81038	12820.52886	12605.04288	12286.93201	11910.48379
13500.0	8.0	12049.63352	13175.72649	12909.42188	12551.47586	12150.41071
14000.0	8.0	12352.53113	13543.09851	13239.92629	12847.62103	12417.71759
14500.0	8.0	12680.86242	13901.12478	13570.24118	13151.91540	12707.64026
15000.0	8.0	13013.86220	14246.67907	13886.63101	13445.62590	12988.02465
15500.0	8.0	13357.44508	14598.70742	14211.65982	13753.36061	13282.17609
16000.0	8.0	13709.43082	14949.55549	14530.49290	14064.48939	13585.60526
16500.0	8.0	14065.68399	15296.94914	14860.35572	14372.90285	13884.41856
17000.0	8.0	14422.39904	15645.95626	15189.18310	14684.10865	14193.69862
20000.0	8.0	16660.21896	17772.37809	17197.58620	16613.13785	16079.57954
25000.0	8.0	20825.63304	21675.64144	20901.63464	20189.50087	19573.12686
30000.0	8.0	26140.67538	26602.40170	25610.30544	24782.17681	24096.80092
35000.0	8.0	31498.70597	31634.05844	30471.61614	29614.56323	28956.96950
40000.0	8.0	35534.19439	35478.63247	34224.33515	33309.02570	32662.96408
45000.0	8.0	38845.72388	38657.90121	37306.27832	36380.19913	35775.44280
50000.0	8.0	41737.72301	41449.92575	40023.78091	39070.13714	38463.66844
55000.0	8.0	44402.54532	44039.33072	42531.35521	41562.78887	41007.74613
60000.0	8.0	46907.71444	46499.25076	44915.87674	43925.77679	43388.59490
65000.0	8.0	49850.76011	49317.27932	47705.83370	46715.23203	46173.88531
70000.0	8.0	52152.44427	51591.15332	49896.67624	48900.86919	48400.11545
75000.0	8.0	54452.06484	53840.82213	52087.57785	51085.48385	50626.17464
80000.0	8.0	56716.44694	56069.10511	54244.51962	53231.27225	52770.12146
85000.0	8.0	58918.38021	58256.00870	56393.99364	55367.17241	54944.85532
90000.0	8.0	61120.37789	60385.23397	58477.74287	57477.49541	57050.76324
3750.0	8.5	3772.63205	4093.76957	4215.97107	4191.87012	4131.54426
4000.0	8.5	3936.00224	4250.05708	4357.16700	4342.34969	4307.96655
4250.0	8.5	4130.71098	4428.43302	4518.37704	4506.25011	4485.50540
4500.0	8.5	4361.34642	4633.99956	4702.50250	4690.20154	4675.45502
4750.0	8.5	4625.07575	4866.35557	4913.69689	4899.56837	4888.47710
5000.0	8.5	4926.48557	5125.12177	5150.41804	5132.44118	5123.36439
5250.0	8.5	5230.88362	5392.64897	5398.31280	5378.13004	5369.03159
5500.0	8.5	5548.04958	5667.84521	5651.86896	5629.37059	5621.60158
6000.0	8.5	6212.84287	6215.59611	6155.62548	6129.60234	6120.73562
6500.0	8.5	6855.22166	6747.74932	6645.55553	6614.15006	6602.14769
7000.0	8.5	7424.52465	7260.62186	7126.73480	7088.17802	7073.15510
7500.0	8.5	7931.69394	7756.37585	7604.29851	7560.73434	7543.05180
8000.0	8.5	8395.33065	8244.16737	8087.39952	8045.14335	8017.30131
8500.0	8.5	8825.42968	8726.77797	8579.77176	8536.65776	8495.71839
9000.0	8.5	9236.43395	9215.67115	9084.00879	9039.50438	8979.91408
9500.0	8.5	9637.94656	9711.57598	9602.53859	9555.81762	9468.86936
10000.0	8.5	10038.57853	10218.12406	10134.34384	10081.69009	9961.76649
10500.0	8.5	10435.72676	10723.90298	10665.64056	10595.90776	10439.73345
11000.0	8.5	10824.76711	11215.58990	11168.91602	11085.16781	10883.85295
11500.0	8.5	11193.36740	11671.11369	11632.91442	11524.05920	11278.06233
12000.0	8.5	11546.99263	12099.79123	12058.05358	11925.74331	11639.93718
12500.0	8.5	11875.99339	12499.70539	12447.11833	12276.31477	11962.63052
13000.0	8.5	12157.88306	12853.46587	12779.30757	12571.69671	12227.10081
13500.0	8.5	12390.88640	13154.90624	13056.23193	12811.04994	12436.02872
14000.0	8.5	12623.96125	13454.43293	13324.27745	13042.84095	12646.81069
14500.0	8.5	12899.90116	13794.81384	13631.06222	13301.74002	12884.97173
15000.0	8.5	13208.12485	14151.83359	13957.71552	13603.17655	13153.48880
15500.0	8.5	13536.55610	14503.64036	14282.22418	13897.02867	13436.11275
16000.0	8.5	13882.67320	14866.82365	14614.66177	14212.62812	13735.29774
16500.0	8.5	14228.73045	15211.08444	14941.67190	14519.75276	14024.95898
17000.0	8.5	14583.35755	15562.54200	15264.70822	14827.21001	14321.84555
20000.0	8.5	16827.24236	17712.01959	17291.64818	16775.98350	16222.64921
25000.0	8.5	21042.30662	21641.65617	21030.78212	20382.86067	19747.49559
30000.0	8.5	26388.91948	26610.15155	25773.07797	25009.06662	24313.41734
35000.0	8.5	31659.14793	31572.85778	30556.39653	29751.57809	29077.11090
40000.0	8.5	35634.73395	35373.09542	34237.48228	33379.52444	32711.88189
45000.0	8.5	38875.96198	38498.82504	37253.46906	36361.66798	35731.96159
50000.0	8.5	41708.01605	41234.36026	39893.28303	39000.87238	38366.41842
55000.0	8.5	44324.34236	43789.71029	42370.95678	41443.04260	40855.21836
60000.0	8.5	46789.02334	46193.82208	44705.68942	43756.17697	43183.60688
65000.0	8.5	49634.40834	48935.48405	47387.36538	46410.05530	45864.93600
70000.0	8.5	51904.93459	51168.42371	49542.33737	48560.69228	48020.84138
75000.0	8.5	54115.82325	53351.92625	51670.88978	50682.60644	50139.76327
80000.0	8.5	56273.20983	55466.54021	53716.97881	52716.72331	52209.50804
85000.0	8.5	58437.96401	57612.26959	55786.34623	54773.24022	54258.39586
90000.0	8.5	60515.68379	59646.41051	57776.46821	56744.90643	56266.51677
3750.0	9.0	3792.30260	4127.21637	4266.30159	4233.35444	4154.67253
4000.0	9.0	3949.60601	4279.88194	4406.47564	4389.00609	4341.17552
4250.0	9.0	4136.05063	4455.52912	4565.66463	4552.80864	4524.31923
4500.0	9.0	4356.05309	4655.22977	4744.63886	4732.23058	4713.56210
4750.0	9.0	4609.66854	4879.53545	4945.99854	4932.07819	4918.44049
5000.0	9.0	4903.31460	5129.55677	5172.37402	5155.67085	5146.02272
5250.0	9.0	5198.29625	5392.78516	5415.39832	5395.57794	5386.16165
5500.0	9.0	5508.87714	5666.75639	5668.21376	5645.83884	5637.54861
6000.0	9.0	6155.23087	6219.27597	6175.97690	6150.98665	6144.34495
6500.0	9.0	6814.06266	6756.62734	6669.16336	6642.18399	6633.96912
7000.0	9.0	7419.21812	7274.28688	7146.90413	7116.78743	7105.05861
7500.0	9.0	7958.01786	7772.23554	7621.35639	7587.75727	7569.44672
8000.0	9.0	8444.45996	8254.43473	8093.66344	8062.20545	8037.67772
8500.0	9.0	8895.58252	8731.96546	8575.49535	8545.44774	8509.52203
9000.0	9.0	9321.73355	9205.42404	9068.03858	9039.17521	8987.52525
9500.0	9.0	9731.44833	9681.76076	9565.70653	9540.46334	9472.57532
10000.0	9.0	10137.47394	10164.81788	10083.23648	10061.06858	9960.78745
10500.0	9.0	10546.12218	10656.30706	10607.38164	10579.18101	10449.97245
11000.0	9.0	10952.69514	11143.14025	11124.45810	11088.59534	10924.35335
11500.0	9.0	11343.94584	11606.66576	11612.80105	11565.52498	11362.75235
12000.0	9.0	11722.00421	12041.04696	12055.97664	11992.76137	11756.09537
12500.0	9.0	12086.66384	12455.45812	12474.89906	12389.72667	12120.73436
13000.0	9.0	12440.72691	12850.18543	12872.03122	12760.45148	12463.30502
13500.0	9.0	12765.55812	13224.45922	13236.01004	13097.84159	12765.45992
14000.0	9.0	13040.16507	13541.46365	13540.46585	13368.51477	13012.58583
14500.0	9.0	13275.06471	13816.01926	13800.04144	13599.53185	13222.83094
15000.0	9.0	13522.26972	14106.87321	14074.54680	13836.54224	13438.06366
15500.0	9.0	13800.42549	14430.69130	14372.05513	14102.44694	13674.10142
16000.0	9.0	14108.42957	14774.99822	14691.28721	14384.90578	13933.30849
16500.0	9.0	14437.38433	15120.74170	15009.44184	14682.79350	14208.61424
17000.0	9.0	14781.29114	15471.59789	15345.90815	14992.65003	14497.51452
20000.0	9.0	17027.48881	17644.91527	17395.70477	16953.83406	16389.53088
25000.0	9.0	21274.67988	21611.66880	21151.98663	20584.13877	19931.71360
30000.0	9.0	26676.81756	26631.56117	25934.17130	25253.94060	24549.58716
35000.0	9.0	31835.68606	31529.17511	30635.16260	29905.64846	29213.78259
40000.0	9.0	35711.87521	35240.22603	34218.92457	33420.46189	32756.32867
45000.0	9.0	38897.88717	38330.36169	37184.74092	36358.39677	35700.45115
50000.0	9.0	41706.16984	41050.47999	39817.53889	38968.67653	38334.91871
55000.0	9.0	44291.80849	43555.34480	42226.28620	41340.55554	40722.10495
60000.0	9.0	46664.00997	45883.01920	44485.76390	43580.69915	42972.84777
65000.0	9.0	49460.56333	48605.32789	47112.39238	46218.24471	45601.58531
70000.0	9.0	51710.67575	50812.52960	49244.04730	48314.04079	47734.09155
75000.0	9.0	53865.11095	52929.96105	51309.88724	50335.75929	49790.15100
80000.0	9.0	55962.86044	55011.38055	53288.68194	52343.31787	51791.69134
85000.0	9.0	58057.74601	57036.85870	55279.77831	54280.37392	53760.25774
90000.0	9.0	60097.81577	59071.22483	57227.66881	56211.86052	55728.16700
