Teff	log(g)	T_BB_us	T_BB_gs	T_BB_rs	T_BB_is	T_BB_zs
5000.0	6.50	5090.04761	5130.96730	5077.42524	5054.23722	5048.38505
5000.0	6.75	5070.27711	5130.28324	5080.10299	5058.02855	5051.78222
5000.0	7.00	5049.75994	5129.76320	5082.70765	5061.49762	5055.44296
5000.0	7.25	5029.73728	5129.29858	5085.48759	5064.81478	5058.83265
5000.0	7.50	5010.33818	5128.85981	5088.46884	5068.38590	5061.73137
5000.0	7.75	4991.91953	5128.29996	5091.60691	5071.65563	5064.93878
5000.0	8.00	4974.17684	5127.86066	5094.98635	5074.43151	5069.14263
5000.0	8.25	4956.93146	5127.25502	5098.83863	5078.44502	5072.57198
5000.0	8.50	4940.30336	5126.96432	5103.18832	5082.54601	5077.08346
5000.0	8.75	4923.66254	5126.39822	5107.59127	5087.09581	5081.73974
5000.0	9.00	4907.77580	5125.90643	5112.52959	5092.30379	5087.13924
5000.0	9.25	4892.26526	5125.09778	5117.47457	5097.46209	5092.97795
5000.0	9.50	4877.44694	5124.17913	5122.84095	5103.60274	5099.37236
5250.0	6.50	5425.22790	5400.93813	5332.25211	5304.35057	5297.53473
5250.0	6.75	5407.85339	5399.25384	5334.53081	5308.63732	5301.73528
5250.0	7.00	5388.49784	5398.39663	5337.29308	5312.76692	5306.84329
5250.0	7.25	5366.91942	5398.20285	5340.67364	5317.51800	5311.89632
5250.0	7.50	5345.68268	5398.41580	5344.22997	5322.91353	5316.68896
5250.0	7.75	5324.91314	5398.69234	5348.16295	5327.47634	5321.07730
5250.0	8.00	5305.09085	5398.79524	5352.04067	5331.20487	5325.67541
5250.0	8.25	5286.51835	5398.90407	5356.38778	5336.07433	5329.80870
5250.0	8.50	5269.02329	5398.88686	5360.83233	5340.51522	5334.39786
5250.0	8.75	5252.77266	5398.82185	5365.35323	5344.63505	5339.62872
5250.0	9.00	5237.74595	5398.67739	5370.62828	5350.10241	5344.56665
5250.0	9.25	5223.70102	5398.47765	5375.75513	5355.25765	5350.56124
5250.0	9.50	5211.09766	5398.68598	5381.98464	5362.08013	5357.10067
5500.0	6.50	5745.84275	5671.95819	5589.16405	5556.68718	5548.51487
5500.0	6.75	5729.59884	5668.68635	5590.26514	5560.35480	5552.75154
5500.0	7.00	5714.63413	5665.33109	5590.69243	5563.32195	5555.60743
5500.0	7.25	5696.85268	5664.47930	5591.95946	5567.35177	5559.78251
5500.0	7.50	5676.79253	5664.75210	5596.45534	5572.53622	5565.57763
5500.0	7.75	5655.40874	5665.89839	5602.09950	5579.94792	5571.83461
5500.0	8.00	5634.23466	5667.15359	5606.73296	5585.83413	5578.82161
5500.0	8.25	5613.33120	5668.31200	5612.21099	5592.07838	5584.71733
5500.0	8.50	5593.46400	5669.25644	5616.80669	5597.47536	5591.24015
5500.0	8.75	5575.12719	5669.87715	5622.23553	5602.24719	5597.09268
5500.0	9.00	5558.14151	5670.33404	5628.35135	5608.44341	5602.78903
5500.0	9.25	5542.76194	5670.57494	5634.38045	5614.28645	5609.28418
5500.0	9.50	5529.20153	5670.81602	5640.46536	5620.40962	5615.99406
5750.0	6.50	6046.76419	5938.62454	5840.06943	5800.94278	5790.77238
5750.0	6.75	6036.02396	5937.25757	5843.42473	5806.95143	5798.96835
5750.0	7.00	6024.04871	5935.36855	5845.63078	5812.22342	5804.74467
5750.0	7.25	6012.80771	5932.27755	5847.30120	5817.90317	5809.53738
5750.0	7.50	5997.95926	5930.05590	5849.37868	5822.39015	5814.41617
5750.0	7.75	5979.80170	5929.87566	5851.87712	5828.11102	5820.46105
5750.0	8.00	5960.09658	5931.78150	5857.33132	5834.64301	5826.79741
5750.0	8.25	5939.75869	5934.45756	5863.67919	5841.95094	5834.93288
5750.0	8.50	5918.88839	5937.06519	5869.94663	5849.57589	5843.90407
5750.0	8.75	5898.40322	5939.28570	5876.62242	5857.20465	5850.94818
5750.0	9.00	5878.62236	5941.07189	5883.68268	5866.30995	5858.51255
5750.0	9.25	5860.44839	5942.33435	5891.23402	5872.90866	5866.26954
5750.0	9.50	5843.97132	5943.19620	5897.61190	5879.08492	5874.12633
6000.0	6.50	6325.40262	6195.52886	6083.75963	6040.30499	6027.54807
6000.0	6.75	6322.10199	6196.70573	6086.70056	6045.40961	6034.86838
6000.0	7.00	6316.45260	6197.94111	6093.09488	6054.36443	6043.90169
6000.0	7.25	6309.51617	6198.09562	6098.07293	6061.98439	6053.02406
6000.0	7.50	6302.84649	6196.63835	6100.88114	6069.41945	6060.15754
6000.0	7.75	6291.75851	6195.27305	6104.03816	6076.16316	6066.83262
6000.0	8.00	6276.72056	6195.25255	6107.94948	6082.54461	6074.62656
6000.0	8.25	6259.52307	6196.66356	6113.06964	6090.59600	6082.84039
6000.0	8.50	6241.08210	6200.11695	6118.75879	6098.00448	6091.07960
6000.0	8.75	6221.50451	6204.58096	6126.29268	6108.21148	6100.87538
6000.0	9.00	6201.58591	6208.86858	6136.09589	6118.77002	6110.13902
6000.0	9.25	6181.43903	6212.24269	6144.25830	6127.97434	6120.41335
6000.0	9.50	6162.31835	6214.88260	6153.35095	6137.09997	6130.01062
6250.0	6.50	6585.87290	6450.22577	6324.94687	6275.33894	6263.77856
6250.0	6.75	6587.06153	6450.84181	6330.15854	6283.45582	6270.00373
6250.0	7.00	6588.27233	6452.10222	6335.67948	6292.33715	6280.12559
6250.0	7.25	6587.44444	6454.91683	6340.62637	6301.51764	6289.71311
6250.0	7.50	6585.94071	6457.47244	6346.94885	6309.63030	6298.89562
6250.0	7.75	6583.95607	6458.11657	6351.83226	6318.18775	6308.72017
6250.0	8.00	6577.24327	6458.57191	6356.97743	6327.95203	6317.88644
6250.0	8.25	6566.48581	6459.86664	6361.41176	6337.51099	6327.46779
6250.0	8.50	6552.95660	6462.32107	6367.64150	6346.50302	6337.92330
6250.0	8.75	6537.35321	6465.98862	6374.82827	6356.77278	6348.52062
6250.0	9.00	6520.00240	6470.92446	6382.75545	6367.33586	6359.45812
6250.0	9.25	6501.55518	6477.33465	6392.71147	6377.53746	6370.92124
6250.0	9.50	6482.40539	6483.21261	6403.19447	6388.53692	6381.53041
6500.0	6.50	6834.30396	6702.33159	6569.19413	6516.17452	6500.98887
6500.0	6.75	6839.28674	6701.65680	6571.15265	6521.40353	6506.65865
6500.0	7.00	6844.08198	6702.87372	6573.47714	6527.42233	6513.05933
6500.0	7.25	6847.87209	6705.34476	6580.61008	6535.23725	6521.05039
6500.0	7.50	6851.91236	6708.42403	6586.56539	6545.15151	6533.02429
6500.0	7.75	6855.91191	6712.21075	6592.20549	6555.23925	6544.04237
6500.0	8.00	6858.83705	6715.53845	6598.58167	6565.22581	6553.65787
6500.0	8.25	6856.93705	6718.67254	6605.19070	6576.31113	6566.34607
6500.0	8.50	6850.71363	6721.93607	6612.91388	6587.19862	6578.27863
6500.0	8.75	6841.43548	6726.17412	6621.53516	6601.62962	6591.40349
6500.0	9.00	6829.61474	6731.50957	6630.55201	6614.16285	6604.51685
6500.0	9.25	6815.73749	6738.01845	6640.46504	6628.19645	6617.22465
6500.0	9.50	6799.97598	6745.59975	6650.63330	6640.16250	6631.23680
6750.0	6.50	7070.70396	6956.14746	6811.30572	6753.22106	6735.30993
6750.0	6.75	7078.10502	6952.36054	6813.70373	6758.65565	6740.84301
6750.0	7.00	7086.53225	6950.67179	6814.80375	6764.29855	6747.24829
6750.0	7.25	7094.96858	6951.47987	6816.73585	6768.93407	6756.52055
6750.0	7.50	7102.85930	6954.49784	6821.12628	6777.60122	6763.16292
6750.0	7.75	7109.63631	6958.73341	6828.44199	6787.55990	6772.57874
6750.0	8.00	7118.44748	6962.85303	6834.20104	6799.16545	6785.25468
6750.0	8.25	7126.32821	6967.58822	6841.21059	6809.63358	6797.64360
6750.0	8.50	7129.79340	6974.05914	6850.10063	6822.80962	6811.53739
6750.0	8.75	7129.15752	6980.67362	6861.72734	6838.19891	6826.40365
6750.0	9.00	7125.11198	6987.86322	6871.67997	6855.59416	6843.58593
6750.0	9.25	7118.17114	6996.05501	6883.35506	6870.52409	6859.75715
6750.0	9.50	7108.44389	7005.19413	6895.34266	6886.84610	6875.59999
7000.0	6.50	7299.64362	7212.87074	7058.63348	6996.83610	6975.06382
7000.0	6.75	7309.12060	7206.69755	7058.55609	7000.40199	6977.76187
7000.0	7.00	7319.14750	7203.02088	7057.74100	7001.21081	6983.06789
7000.0	7.25	7331.30377	7201.32179	7060.87451	7009.52941	6989.93303
7000.0	7.50	7343.94461	7202.04965	7063.71667	7017.35094	6999.07738
7000.0	7.75	7356.04501	7205.23251	7066.76981	7026.54881	7008.80269
7000.0	8.00	7367.89067	7210.92503	7072.79485	7034.75089	7019.61729
7000.0	8.25	7380.89885	7216.67987	7080.00156	7045.36587	7030.77750
7000.0	8.50	7392.29723	7223.11805	7089.72471	7059.12064	7045.16118
7000.0	8.75	7400.96523	7230.85445	7099.24328	7072.92422	7061.16094
7000.0	9.00	7405.33898	7240.11427	7109.61363	7089.56203	7077.04747
7000.0	9.25	7405.73243	7249.62755	7121.83450	7108.05702	7095.56580
7000.0	9.50	7402.84070	7259.72458	7135.24303	7127.14215	7114.26997
7250.0	6.50	7517.08281	7470.17403	7308.95801	7239.42899	7213.61459
7250.0	6.75	7529.77639	7460.81605	7304.43441	7241.24280	7216.80593
7250.0	7.00	7543.26055	7453.92586	7301.45858	7245.80580	7221.53159
7250.0	7.25	7557.08673	7449.39904	7301.56965	7247.82130	7224.94626
7250.0	7.50	7571.73854	7447.60807	7301.26545	7251.37325	7230.50221
7250.0	7.75	7587.74122	7448.01064	7303.76177	7258.60258	7238.81807
7250.0	8.00	7603.60998	7451.04856	7308.42953	7268.09117	7248.11483
7250.0	8.25	7620.36537	7456.23352	7314.07497	7276.37317	7260.30559
7250.0	8.50	7637.66901	7463.75694	7321.35032	7287.92366	7272.82645
7250.0	8.75	7653.01477	7472.55295	7330.93749	7301.72852	7287.38944
7250.0	9.00	7665.85964	7482.40481	7343.19854	7321.93086	7306.71734
7250.0	9.25	7676.05477	7494.34344	7355.04213	7340.74667	7325.85508
7250.0	9.50	7682.01294	7507.76149	7369.02289	7359.70363	7345.57648
7500.0	6.50	7725.09314	7734.10596	7564.15962	7487.70824	7456.38190
7500.0	6.75	7741.78102	7719.60693	7557.04925	7488.26164	7457.18158
7500.0	7.00	7758.58133	7708.70157	7549.69092	7487.74631	7460.08733
7500.0	7.25	7775.92860	7701.01128	7546.20607	7487.21544	7462.83557
7500.0	7.50	7793.93089	7696.09680	7544.30099	7494.54410	7467.83796
7500.0	7.75	7812.59371	7694.09436	7545.02192	7497.60812	7473.69502
7500.0	8.00	7831.80954	7694.76963	7546.55804	7505.83408	7482.98403
7500.0	8.25	7851.41415	7698.30219	7552.19051	7515.75575	7491.65742
7500.0	8.50	7873.22021	7704.00060	7557.64250	7527.06613	7506.02299
7500.0	8.75	7895.23974	7712.34305	7566.43279	7539.26671	7519.16438
7500.0	9.00	7914.77958	7723.80372	7575.68968	7553.71831	7535.86111
7500.0	9.25	7931.91392	7736.37038	7587.83476	7571.85167	7554.02959
7500.0	9.50	7946.65677	7750.16056	7601.87592	7593.69951	7577.04956
7750.0	6.50	7925.22127	8001.60930	7822.38991	7741.40111	7699.33758
7750.0	6.75	7945.35748	7981.90754	7811.70765	7737.59280	7699.48472
7750.0	7.00	7965.68107	7966.09315	7802.81270	7733.37280	7700.36757
7750.0	7.25	7986.55703	7954.13602	7796.08736	7737.80771	7703.04708
7750.0	7.50	8007.55128	7945.07270	7789.96012	7734.38186	7705.56726
7750.0	7.75	8029.10258	7939.42276	7787.99253	7738.51991	7710.18689
7750.0	8.00	8051.20336	7936.83271	7787.50801	7744.23771	7715.57013
7750.0	8.25	8073.71580	7937.69598	7788.94229	7748.59866	7723.59721
7750.0	8.50	8097.23912	7941.45453	7793.07423	7758.08897	7733.69140
7750.0	8.75	8122.98804	7947.76228	7798.89145	7770.41331	7747.15266
7750.0	9.00	8148.92921	7957.38283	7807.41615	7785.31063	7762.85423
7750.0	9.25	8173.10495	7970.30466	7815.59823	7801.51379	7782.88270
7750.0	9.50	8194.71957	7986.32982	7829.59626	7821.22793	7801.53986
8000.0	6.50	8118.22003	8277.67123	8091.89478	8002.93421	7946.41942
8000.0	6.75	8142.16779	8251.40273	8076.49427	7994.83985	7944.68290
8000.0	7.00	8166.07929	8229.71143	8063.61303	7990.29553	7943.80189
8000.0	7.25	8190.42708	8212.55494	8050.25560	7988.38338	7945.37148
8000.0	7.50	8215.15286	8198.89720	8043.62646	7983.34818	7947.91914
8000.0	7.75	8239.96899	8189.07286	8037.39801	7982.39559	7949.04494
8000.0	8.00	8265.29379	8182.65032	8032.95220	7986.12102	7954.24072
8000.0	8.25	8291.16552	8179.98269	8031.27971	7989.48788	7959.37386
8000.0	8.50	8317.17818	8181.04875	8032.82637	7996.36740	7967.91751
8000.0	8.75	8345.02052	8185.31084	8035.40420	8004.89967	7978.19020
8000.0	9.00	8374.87896	8193.09140	8041.60221	8018.47469	7991.98859
8000.0	9.25	8404.66667	8204.54220	8049.06350	8034.41335	8010.77120
8000.0	9.50	8433.82235	8219.46831	8060.57699	8054.38991	8032.22646
8250.0	6.50	8305.64056	8558.32885	8365.09170	8264.29040	8194.14324
8250.0	6.75	8333.30468	8525.35772	8344.06847	8249.92159	8190.28798
8250.0	7.00	8361.07019	8497.40480	8326.28751	8245.49635	8188.28081
8250.0	7.25	8389.10333	8474.35393	8311.74085	8237.87711	8188.74163
8250.0	7.50	8417.15843	8455.20031	8298.80611	8234.07232	8188.66650
8250.0	7.75	8445.09167	8440.16535	8288.64062	8233.77984	8190.40948
8250.0	8.00	8473.35416	8429.36018	8281.73452	8232.93938	8193.03780
8250.0	8.25	8502.26176	8422.38156	8275.98444	8233.71110	8195.21896
8250.0	8.50	8531.28322	8419.51260	8271.73278	8235.01430	8200.82035
8250.0	8.75	8560.86554	8420.52785	8271.37799	8241.35155	8208.58016
8250.0	9.00	8592.72951	8425.50798	8273.54307	8250.03905	8220.09572
8250.0	9.25	8625.67805	8434.42007	8279.04234	8263.28593	8235.29872
8250.0	9.50	8658.86935	8447.66506	8286.61986	8280.40823	8254.85450
8500.0	6.50	8488.26204	8847.65925	8646.52653	8527.48275	8443.48767
8500.0	6.75	8519.49007	8807.15196	8620.43051	8516.46064	8437.62233
8500.0	7.00	8550.93894	8772.32455	8598.24844	8507.76569	8434.37984
8500.0	7.25	8582.20309	8742.54588	8578.12767	8499.16750	8433.94996
8500.0	7.50	8613.77181	8717.24202	8561.61594	8493.72011	8433.51742
8500.0	7.75	8645.25988	8696.45243	8548.02989	8489.45779	8432.92625
8500.0	8.00	8676.65510	8680.47171	8535.29468	8483.95034	8435.35361
8500.0	8.25	8708.85062	8669.03942	8525.87947	8482.03052	8436.14595
8500.0	8.50	8741.18531	8661.99254	8519.55074	8482.27977	8440.71030
8500.0	8.75	8773.61749	8659.14838	8513.55994	8483.83427	8444.61181
8500.0	9.00	8807.61711	8660.68664	8511.96589	8489.57946	8454.00030
8500.0	9.25	8843.34021	8666.94308	8512.21597	8498.44897	8467.15489
8500.0	9.50	8879.57611	8678.07797	8518.23599	8512.47766	8482.24757
8750.0	6.50	8667.13696	9140.42319	8930.99180	8793.33682	8688.98541
8750.0	6.75	8702.24984	9092.93174	8899.94920	8780.87985	8684.19330
8750.0	7.00	8736.94937	9051.18774	8871.88157	8769.22717	8680.97387
8750.0	7.25	8772.09029	9014.63108	8848.65392	8760.73553	8679.59032
8750.0	7.50	8807.07983	8982.92094	8827.74807	8752.30208	8677.71285
8750.0	7.75	8842.13317	8955.97271	8810.57420	8746.83886	8679.44209
8750.0	8.00	8876.92322	8934.28488	8793.61975	8740.04607	8677.49652
8750.0	8.25	8911.76835	8917.72927	8778.33911	8734.11825	8678.04598
8750.0	8.50	8946.69099	8905.63616	8769.63835	8732.02084	8681.44048
8750.0	8.75	8981.81741	8898.29162	8758.81134	8729.87577	8682.78260
8750.0	9.00	9017.60398	8895.73883	8752.95480	8731.75520	8689.74262
8750.0	9.25	9055.23643	8898.02851	8748.46925	8736.77643	8698.44677
8750.0	9.50	9094.10261	8905.67101	8753.33335	8749.88274	8710.42227
9000.0	6.50	8843.38862	9437.23838	9217.88640	9058.68380	8931.54429
9000.0	6.75	8880.98358	9384.01279	9182.89078	9046.09856	8928.45615
9000.0	7.00	8919.79872	9335.99385	9152.08374	9035.09221	8925.67951
9000.0	7.25	8958.50380	9292.17676	9123.95824	9024.62529	8924.39094
9000.0	7.50	8996.76586	9253.60610	9097.82559	9014.79924	8923.54136
9000.0	7.75	9035.34278	9220.42100	9077.70030	9007.42323	8923.80863
9000.0	8.00	9073.31521	9192.73853	9056.92405	9000.06534	8923.94815
9000.0	8.25	9111.12231	9170.46139	9039.30303	8993.10180	8924.51976
9000.0	8.50	9148.77341	9153.15389	9023.72470	8987.12351	8925.49011
9000.0	8.75	9186.45669	9140.99682	9010.03403	8982.75893	8926.41743
9000.0	9.00	9225.07706	9133.90759	8997.19496	8977.68998	8927.30946
9000.0	9.25	9264.72031	9132.20205	8994.27741	8984.49624	8935.07461
9000.0	9.50	9306.05132	9135.88501	8987.69454	8988.38410	8944.39051
9250.0	6.50	9016.32575	9733.24727	9497.23023	9313.98437	9164.42689
9250.0	6.75	9057.67185	9676.08021	9464.75772	9307.06805	9166.22895
9250.0	7.00	9100.38135	9622.40483	9432.54618	9297.62043	9165.84979
9250.0	7.25	9142.80025	9572.23074	9403.54566	9288.62215	9166.06505
9250.0	7.50	9185.18679	9527.21928	9371.61494	9277.70120	9166.55778
9250.0	7.75	9227.21868	9487.97733	9347.54350	9269.87922	9168.57049
9250.0	8.00	9268.68837	9453.96107	9324.97398	9262.41884	9169.03271
9250.0	8.25	9309.28239	9425.54134	9301.19758	9253.24710	9170.37880
9250.0	8.50	9349.31064	9402.64718	9279.56202	9242.24751	9169.78299
9250.0	8.75	9389.53973	9385.04901	9262.14430	9237.13630	9168.89225
9250.0	9.00	9429.96806	9372.84435	9250.88541	9235.12012	9170.48559
9250.0	9.25	9471.10777	9366.63630	9239.55646	9232.76529	9175.69904
9250.0	9.50	9514.15533	9365.79668	9226.40067	9228.23409	9181.23714
9500.0	6.50	9184.95118	10020.53783	9767.37728	9556.22192	9382.50629
9500.0	6.75	9230.15601	9962.34788	9735.02227	9555.32418	9391.99524
9500.0	7.00	9277.16516	9906.87573	9708.07911	9553.33977	9397.92558
9500.0	7.25	9323.96151	9852.92784	9678.35801	9547.01069	9402.83589
9500.0	7.50	9370.75718	9802.84562	9650.72162	9541.03595	9407.03113
9500.0	7.75	9416.39199	9758.36459	9617.20508	9530.95644	9411.04817
9500.0	8.00	9461.63588	9718.56158	9589.34049	9520.37643	9414.46782
9500.0	8.25	9504.90207	9684.69533	9567.47669	9513.88214	9414.73546
9500.0	8.50	9547.78538	9656.34177	9544.62283	9504.98289	9415.02726
9500.0	8.75	9590.62063	9633.16690	9524.86198	9499.76801	9416.16156
9500.0	9.00	9633.50135	9615.25451	9504.86591	9492.79778	9416.02151
9500.0	9.25	9676.66724	9604.26552	9489.25150	9486.94562	9415.09684
9500.0	9.50	9720.58911	9598.77652	9474.76000	9479.70842	9420.20746
9750.0	6.50	9348.13096	10304.12529	10025.54249	9781.93712	9585.08412
9750.0	6.75	9398.26112	10245.04269	10003.68620	9793.57577	9604.83703
9750.0	7.00	9450.04258	10187.62157	9974.72071	9797.26962	9619.04509
9750.0	7.25	9502.00991	10131.53528	9947.39568	9797.20541	9629.90832
9750.0	7.50	9553.54561	10078.33623	9917.71562	9794.77947	9639.57838
9750.0	7.75	9603.96046	10029.82560	9891.99503	9790.54399	9647.22070
9750.0	8.00	9652.92475	9985.46581	9863.41043	9782.75066	9652.98812
9750.0	8.25	9700.37916	9946.49352	9836.42183	9777.83412	9656.54426
9750.0	8.50	9746.02951	9912.74584	9808.12670	9766.48574	9659.05278
9750.0	8.75	9790.87643	9884.18168	9783.20660	9754.61798	9660.76633
9750.0	9.00	9835.76241	9860.74626	9760.93722	9748.38975	9659.81690
9750.0	9.25	9880.79566	9843.56554	9737.60205	9736.00708	9659.79867
9750.0	9.50	9926.53643	9832.73498	9720.93500	9730.50963	9662.81374
10000.0	6.50	9502.55360	10571.12003	10260.97879	9986.28816	9766.30539
10000.0	6.75	9559.90310	10513.84566	10247.85495	10004.26980	9799.03661
10000.0	7.00	9617.38718	10456.60748	10229.17566	10022.89196	9823.73884
10000.0	7.25	9675.49284	10401.13422	10207.14856	10028.62267	9843.48892
10000.0	7.50	9732.52184	10347.58927	10182.05386	10033.49644	9860.03853
10000.0	7.75	9788.13433	10297.40062	10154.63172	10037.51069	9874.47623
10000.0	8.00	9841.53993	10250.33952	10126.88380	10029.94404	9885.87010
10000.0	8.25	9892.88036	10207.47886	10102.76973	10032.76190	9893.63436
10000.0	8.50	9941.96500	10169.27818	10074.19552	10022.59480	9900.01917
10000.0	8.75	9989.61248	10136.57049	10044.22915	10011.88572	9902.88752
10000.0	9.00	10036.95379	10108.85362	10017.85373	10003.33329	9904.08475
10000.0	9.25	10083.70787	10086.41827	9993.48653	9995.05391	9905.18442
10000.0	9.50	10131.17449	10070.52156	9974.09324	9992.84393	9903.46137
10250.0	6.50	9640.43122	10825.41834	10470.92324	10160.41101	9921.24226
10250.0	6.75	9713.74090	10778.24533	10482.23171	10205.11181	9977.18476
10250.0	7.00	9779.74205	10721.51839	10474.35325	10238.75220	10015.08413
10250.0	7.25	9844.81981	10665.63003	10458.62303	10258.85321	10046.37722
10250.0	7.50	9907.73120	10611.65230	10438.83795	10272.10001	10071.55560
10250.0	7.75	9969.31782	10560.50555	10414.88806	10275.72764	10093.82996
10250.0	8.00	10027.92242	10511.82562	10390.75564	10281.28544	10111.20747
10250.0	8.25	10084.15086	10466.79317	10366.09176	10283.80820	10124.30759
10250.0	8.50	10137.54643	10425.18431	10337.38927	10279.10646	10134.53748
10250.0	8.75	10188.43451	10388.95867	10309.70012	10272.30811	10141.35626
10250.0	9.00	10237.90727	10357.38238	10281.13911	10264.26039	10145.27766
10250.0	9.25	10287.04076	10330.83636	10254.12353	10258.66440	10150.59823
10250.0	9.50	10336.22306	10310.00786	10227.16003	10244.96180	10149.92186
10500.0	6.50	9759.45878	11043.96299	10645.51693	10298.92420	10047.09629
10500.0	6.75	9850.26482	11014.08784	10685.24644	10379.41664	10127.68680
10500.0	7.00	9933.18782	10970.13353	10699.59959	10434.24070	10189.12103
10500.0	7.25	10007.59647	10916.80565	10693.68498	10464.83289	10233.18286
10500.0	7.50	10077.97203	10863.62805	10681.16852	10491.80763	10268.38258
10500.0	7.75	10145.77561	10813.13075	10664.56349	10507.51519	10298.77716
10500.0	8.00	10210.55922	10764.65559	10643.92843	10517.67072	10325.05236
10500.0	8.25	10272.41190	10719.40277	10622.28875	10527.58235	10345.58519
10500.0	8.50	10329.86539	10676.89762	10597.16580	10529.92837	10362.76870
10500.0	8.75	10384.72848	10638.51126	10570.45316	10525.37784	10375.13220
10500.0	9.00	10437.18869	10604.13527	10542.96304	10518.47071	10382.81704
10500.0	9.25	10489.23813	10574.82988	10513.87120	10506.98750	10387.21516
10500.0	9.50	10540.32865	10551.14009	10485.25433	10502.88012	10393.19327
10750.0	6.50	9876.91820	11266.20823	10812.84388	10430.42983	10164.28272
10750.0	6.75	9966.54111	11229.15058	10858.32520	10522.42685	10249.93644
10750.0	7.00	10070.36273	11205.90270	10904.16729	10609.59223	10338.67054
10750.0	7.25	10162.46262	11163.11559	10918.82238	10663.96504	10405.41559
10750.0	7.50	10243.60536	11111.30148	10915.63895	10704.82292	10454.81973
10750.0	7.75	10319.04486	11061.16028	10908.11465	10732.66203	10495.30432
10750.0	8.00	10390.51959	11013.27585	10889.30550	10752.27679	10530.34619
10750.0	8.25	10458.22814	10968.48064	10872.71443	10764.64640	10559.94744
10750.0	8.50	10521.12035	10926.22537	10851.13195	10775.66617	10583.53895
10750.0	8.75	10580.32312	10886.63039	10827.45633	10774.74656	10603.76019
10750.0	9.00	10636.31361	10850.21995	10802.26169	10772.99012	10616.50541
10750.0	9.25	10691.03978	10817.80752	10774.24117	10769.83758	10626.69707
10750.0	9.50	10745.04286	10790.93507	10744.78267	10764.85637	10630.97143
11000.0	6.50	10009.07234	11497.35571	10991.85491	10577.70230	10292.63010
11000.0	6.75	10082.02748	11438.53026	11020.79242	10649.26864	10366.15005
11000.0	7.00	10187.70743	11407.31074	11070.90469	10747.79454	10460.55111
11000.0	7.25	10302.33638	11386.36023	11116.73190	10833.14140	10554.86684
11000.0	7.50	10400.69639	11345.50986	11134.42901	10899.41748	10625.08149
11000.0	7.75	10486.50485	11297.64082	11131.39892	10932.67425	10678.46533
11000.0	8.00	10565.70520	11251.45963	11124.96942	10965.29668	10722.97901
11000.0	8.25	10640.13328	11206.91739	11113.11269	10991.11777	10761.30281
11000.0	8.50	10708.44292	11165.87218	11096.27183	11001.24437	10794.74565
11000.0	8.75	10771.87092	11127.15033	11076.92660	11015.58563	10820.58274
11000.0	9.00	10832.47104	11091.11846	11055.09932	11024.96406	10842.12197
11000.0	9.25	10890.62860	11058.33888	11029.05030	11021.05665	10858.96535
11000.0	9.50	10947.46796	11028.91459	11003.92589	11015.21699	10866.85402
11250.0	6.50	10161.09703	11716.64164	11176.09720	10730.91234	10437.73168
11250.0	6.75	10209.17782	11655.42705	11191.12519	10785.81584	10488.57761
11250.0	7.00	10299.10711	11606.86013	11228.22017	10873.39390	10571.60437
11250.0	7.25	10420.29554	11586.41233	11285.63075	10972.37389	10676.85906
11250.0	7.50	10544.34213	11569.68708	11334.04639	11066.44601	10776.49951
11250.0	7.75	10647.63897	11529.55112	11348.05863	11131.23519	10850.10535
11250.0	8.00	10737.74601	11484.63893	11349.81782	11167.95837	10907.34150
11250.0	8.25	10819.48291	11441.05948	11345.40706	11198.72519	10954.52369
11250.0	8.50	10893.62457	11400.29238	11334.40911	11223.56665	10997.02557
11250.0	8.75	10962.51149	11362.96524	11321.78778	11237.17716	11032.37021
11250.0	9.00	11027.80673	11327.78527	11302.56044	11259.20000	11060.90376
11250.0	9.25	11089.84143	11296.15481	11280.79682	11264.98103	11082.10594
11250.0	9.50	11149.57032	11266.48881	11257.44252	11272.01953	11099.45423
11500.0	6.50	10324.03831	11933.36401	11365.02785	10899.41774	10589.87887
11500.0	6.75	10353.31177	11880.28394	11374.81227	10937.63886	10625.67254
11500.0	7.00	10421.49947	11816.04457	11393.22375	11002.72829	10690.71249
11500.0	7.25	10532.39125	11773.78863	11439.67172	11098.61393	10788.60848
11500.0	7.50	10667.99066	11762.04768	11501.65074	11214.39560	10901.69198
11500.0	7.75	10797.08285	11744.61761	11547.93968	11293.97348	11004.03475
11500.0	8.00	10902.81913	11706.49070	11565.38786	11357.78727	11078.74485
11500.0	8.25	10993.92325	11665.15067	11573.43844	11405.38785	11138.08816
11500.0	8.50	11075.17251	11625.21195	11561.74478	11429.71661	11189.08015
11500.0	8.75	11149.88239	11588.78637	11559.22805	11466.20337	11231.30013
11500.0	9.00	11219.81663	11555.06421	11540.77414	11486.49266	11268.21474
11500.0	9.25	11285.86530	11524.99932	11523.00035	11498.22267	11297.26129
11500.0	9.50	11348.92647	11497.45673	11505.19098	11509.95709	11324.60271
11750.0	6.50	10495.43095	12132.77267	11544.49504	11063.82072	10746.55231
11750.0	6.75	10514.04152	12087.67157	11555.97206	11094.18814	10775.40016
11750.0	7.00	10561.18559	12027.47280	11567.96409	11144.13954	10822.93769
11750.0	7.25	10649.52375	11970.48762	11597.29524	11225.54102	10901.14749
11750.0	7.50	10779.03438	11942.65279	11653.78362	11333.54862	11012.23700
11750.0	7.75	10926.79193	11940.59687	11722.24448	11448.65973	11135.09688
11750.0	8.00	11058.15445	11921.86142	11768.98613	11543.30353	11236.90455
11750.0	8.25	11163.53967	11885.15134	11783.56708	11601.81030	11312.95374
11750.0	8.50	11254.13065	11847.04966	11789.06217	11644.72771	11374.97748
11750.0	8.75	11335.87614	11811.16965	11786.07486	11680.94263	11425.03029
11750.0	9.00	11410.83030	11778.89446	11772.96409	11705.67059	11470.83743
11750.0	9.25	11481.15193	11750.04122	11761.18266	11730.68752	11509.73842
11750.0	9.50	11547.54481	11724.79890	11745.93888	11747.25088	11541.54080
12000.0	6.50	10669.18615	12326.33259	11719.41207	11226.43281	10902.57860
12000.0	6.75	10680.99713	12291.27737	11737.68682	11262.03395	10928.37724
12000.0	7.00	10713.79755	12241.85407	11751.42636	11305.09992	10964.85388
12000.0	7.25	10780.99827	12177.75882	11766.05394	11360.08150	11025.69602
12000.0	7.50	10894.16111	12126.68642	11805.98475	11458.73881	11123.30980
12000.0	7.75	11042.40347	12114.02282	11877.00850	11579.95146	11247.96945
12000.0	8.00	11197.59860	12115.73037	11947.71801	11691.61265	11376.43444
12000.0	8.25	11324.96836	12093.59352	11983.95610	11774.57387	11475.03137
12000.0	8.50	11428.43785	12060.38787	12001.75671	11845.31614	11552.84266
12000.0	8.75	11518.29698	12025.82222	12003.03996	11878.92762	11612.68721
12000.0	9.00	11598.79561	11994.74678	12001.24192	11915.60010	11665.77308
12000.0	9.25	11673.51490	11967.34992	11991.75771	11947.48542	11708.36213
12000.0	9.50	11743.54787	11943.55158	11983.80157	11983.51372	11746.94145
12250.0	6.50	10844.00860	12514.32588	11895.19767	11389.63363	11057.26153
12250.0	6.75	10852.82508	12483.09987	11911.30345	11418.56463	11082.84237
12250.0	7.00	10878.07799	12440.54097	11928.54713	11460.55910	11115.76757
12250.0	7.25	10929.11813	12382.24074	11942.69746	11515.66936	11163.20696
12250.0	7.50	11020.44846	12321.97281	11970.05151	11598.78519	11242.33985
12250.0	7.75	11154.56588	12287.88819	12024.50117	11700.39502	11355.77319
12250.0	8.00	11317.40400	12289.26221	12100.36503	11832.87536	11492.84298
12250.0	8.25	11474.26997	12292.76300	12170.84763	11939.86615	11622.23035
12250.0	8.50	11596.47204	12269.01161	12200.67437	12019.37101	11720.07446
12250.0	8.75	11697.40793	12237.92881	12215.18955	12084.06879	11792.46911
12250.0	9.00	11785.05677	12208.30425	12213.17362	12127.97098	11856.10484
12250.0	9.25	11864.64631	12182.36092	12218.25073	12159.87743	11907.01965
12250.0	9.50	11938.43742	12159.65828	12209.02136	12195.01709	11955.03345
12500.0	6.50	11019.36992	12697.82488	12065.20683	11546.96168	11211.18312
12500.0	6.75	11025.63401	12670.24531	12083.01162	11582.83240	11236.29829
12500.0	7.00	11046.05475	12635.19990	12104.93706	11626.02181	11267.08395
12500.0	7.25	11086.10810	12587.47361	12126.67933	11680.23780	11307.33314
12500.0	7.50	11158.59706	12525.55764	12140.59142	11738.87332	11370.98918
12500.0	7.75	11274.66947	12470.09485	12177.95576	11827.45499	11469.19759
12500.0	8.00	11431.76155	12453.81079	12252.06659	11957.27429	11602.27213
12500.0	8.25	11603.55292	12467.00497	12333.86490	12085.80383	11747.37178
12500.0	8.50	11754.47347	12465.93151	12389.69447	12189.85518	11874.28029
12500.0	8.75	11870.89726	12442.47537	12408.73871	12271.98531	11963.84781
12500.0	9.00	11967.51892	12415.82068	12427.94726	12326.54606	12038.05504
12500.0	9.25	12053.13341	12390.76192	12427.50602	12374.55005	12104.13532
12500.0	9.50	12131.13570	12369.36857	12428.81600	12407.41308	12153.29287
12750.0	6.50	11194.59415	12878.28503	12231.23111	11702.50574	11362.22851
12750.0	6.75	11199.38596	12853.77294	12251.75703	11745.45210	11389.23683
12750.0	7.00	11217.14075	12822.16453	12275.79561	11789.92748	11419.10052
12750.0	7.25	11251.02780	12779.72086	12296.29861	11831.22187	11456.41476
12750.0	7.50	11309.62531	12722.75782	12313.93375	11890.15042	11509.13362
12750.0	7.75	11406.77848	12661.32227	12340.86371	11963.85255	11592.35818
12750.0	8.00	11548.21475	12624.82758	12397.43390	12074.86715	11711.74256
12750.0	8.25	11721.09366	12628.85193	12477.83785	12204.74603	11858.75246
12750.0	8.50	11897.42326	12649.77614	12564.88745	12348.72984	12009.26739
12750.0	8.75	12037.78693	12643.29310	12611.27414	12456.31675	12125.39127
12750.0	9.00	12147.79821	12622.47368	12632.42001	12509.25684	12214.18277
12750.0	9.25	12241.16186	12599.28171	12640.92122	12570.70642	12290.07524
12750.0	9.50	12324.25932	12578.29725	12644.40245	12617.64354	12346.92125
13000.0	6.50	11370.17477	13055.36983	12396.19946	11861.12261	11513.37204
13000.0	6.75	11373.64846	13033.61055	12416.38141	11896.57770	11540.75852
13000.0	7.00	11389.69385	13005.36881	12442.32071	11937.56443	11571.69419
13000.0	7.25	11419.78158	12969.09992	12468.51114	11990.15625	11606.85373
13000.0	7.50	11468.71755	12920.83086	12489.52483	12043.05988	11653.75947
13000.0	7.75	11549.54997	12859.99243	12512.18605	12109.41229	11723.31919
13000.0	8.00	11673.98943	12805.47401	12555.44148	12211.24677	11828.85117
13000.0	8.25	11838.27318	12789.58583	12621.36398	12326.97359	11968.28828
13000.0	8.50	12023.13533	12811.66649	12707.93779	12476.40529	12127.98868
13000.0	8.75	12192.85716	12831.15661	12791.32694	12619.10540	12273.13776
13000.0	9.00	12321.27544	12822.42329	12821.37710	12696.08666	12379.71470
13000.0	9.25	12425.48756	12803.90120	12840.19962	12761.86663	12464.32086
13000.0	9.50	12514.92547	12784.00706	12852.87045	12817.19312	12533.85791
13250.0	6.50	11545.71575	13230.81854	12559.27630	12015.93180	11664.25042
13250.0	6.75	11548.14642	13211.44085	12585.12769	12060.09523	11692.27285
13250.0	7.00	11563.11789	13185.72672	12608.77515	12098.72396	11722.95286
13250.0	7.25	11590.83604	13152.68793	12636.52575	12147.14398	11757.93596
13250.0	7.50	11634.46457	13109.01268	12661.47967	12203.65472	11801.85661
13250.0	7.75	11702.93130	13052.22636	12683.86056	12266.70612	11862.57322
13250.0	8.00	11810.28684	12992.52926	12716.26660	12343.50663	11952.79576
13250.0	8.25	11959.39435	12957.76387	12769.05383	12451.72076	12080.43132
13250.0	8.50	12140.94381	12966.30429	12849.37867	12598.24277	12238.57412
13250.0	8.75	12332.83315	13004.66784	12947.27796	12750.70226	12404.33426
13250.0	9.00	12488.22107	13016.72195	13016.71929	12870.14043	12536.97298
13250.0	9.25	12606.61144	13006.42909	13040.62229	12948.39109	12635.96103
13250.0	9.50	12704.73438	12990.10008	13058.07651	13015.14443	12715.60746
13500.0	6.50	11721.11257	13403.81989	12720.81317	12169.69459	11814.58177
13500.0	6.75	11722.69338	13386.59185	12747.76662	12214.57360	11842.43692
13500.0	7.00	11736.72871	13363.14602	12773.67366	12258.99651	11872.46956
13500.0	7.25	11762.94835	13333.21724	12802.62532	12303.19427	11908.78881
13500.0	7.50	11803.10586	13294.63589	12832.34996	12364.88374	11951.32574
13500.0	7.75	11862.96988	13244.94420	12857.95121	12416.30169	12005.44678
13500.0	8.00	11954.78536	13185.29760	12885.48125	12488.47169	12083.61979
13500.0	8.25	12087.83450	13133.85072	12923.11983	12582.11396	12197.86484
13500.0	8.50	12260.88674	13123.33819	13002.08452	12731.26842	12346.48782
13500.0	8.75	12457.35215	13159.56508	13100.63072	12884.15213	12519.69425
13500.0	9.00	12642.70088	13197.43822	13191.72545	13028.18412	12680.69745
13500.0	9.25	12781.10767	13201.17367	13234.11934	13130.41544	12795.71958
13500.0	9.50	12889.66710	13191.02396	13261.97215	13201.53538	12892.25902
13750.0	6.50	11895.91075	13575.52410	12882.87889	12326.85040	11965.18732
13750.0	6.75	11897.24466	13560.14777	12909.68079	12368.60873	11991.25787
13750.0	7.00	11910.53232	13538.90435	12935.21357	12402.82713	12023.38970
13750.0	7.25	11935.72542	13511.21277	12967.18211	12458.74263	12059.24530
13750.0	7.50	11973.75754	13475.71867	12997.46844	12513.41433	12101.02262
13750.0	7.75	12028.35426	13430.08085	13027.45267	12565.97880	12151.60946
13750.0	8.00	12108.60383	13373.64601	13048.69539	12633.51955	12221.72670
13750.0	8.25	12226.08828	13316.32138	13089.83398	12733.51183	12322.87542
13750.0	8.50	12384.74711	13288.04334	13149.45312	12857.05396	12459.33398
13750.0	8.75	12577.64999	13310.36346	13240.86143	13006.12668	12629.71651
13750.0	9.00	12782.29315	13363.31207	13351.23206	13179.46454	12809.11808
13750.0	9.25	12948.02319	13389.43265	13419.59131	13299.94944	12951.35996
13750.0	9.50	13071.63030	13388.98725	13459.86023	13386.90522	13062.41721
14000.0	6.50	12070.44887	13745.53508	13040.77607	12474.39892	12114.85581
14000.0	6.75	12071.44656	13731.89342	13074.68764	12526.58193	12140.87395
14000.0	7.00	12084.39740	13712.65219	13097.89677	12562.21558	12173.41103
14000.0	7.25	12108.76695	13686.80418	13129.49295	12607.79207	12209.46415
14000.0	7.50	12145.72633	13654.32382	13163.59231	12673.47148	12250.51666
14000.0	7.75	12196.87530	13613.59994	13196.00937	12722.60859	12299.84351
14000.0	8.00	12268.52439	13562.87458	13222.03639	12798.66310	12363.80835
14000.0	8.25	12371.99572	13504.37838	13245.85187	12859.29669	12453.32885
14000.0	8.50	12516.62083	13460.79646	13292.84317	12977.71990	12580.21283
14000.0	8.75	12700.62769	13464.14784	13383.19086	13129.72786	12741.32074
14000.0	9.00	12908.39163	13514.22247	13495.46391	13307.72270	12924.71720
14000.0	9.25	13102.66515	13565.04031	13590.94300	13452.11622	13098.25553
14000.0	9.50	13246.72553	13579.21411	13649.46657	13569.93796	13224.22856
14250.0	6.50	12244.90682	13914.89584	13198.45120	12628.85189	12264.70175
14250.0	6.75	12245.52715	13902.25397	13235.06307	12680.07585	12290.45942
14250.0	7.00	12258.05396	13884.91656	13259.42160	12711.08919	12323.91087
14250.0	7.25	12282.25014	13861.20603	13292.06274	12762.03241	12358.99775
14250.0	7.50	12318.17116	13831.02287	13327.40378	12828.68819	12400.50016
14250.0	7.75	12367.23538	13793.43907	13358.18346	12881.90675	12450.01423
14250.0	8.00	12433.13149	13746.00083	13390.37424	12942.06105	12509.17169
14250.0	8.25	12525.92249	13689.28621	13414.05032	13016.69536	12589.46765
14250.0	8.50	12656.12026	13638.53760	13452.93031	13115.64440	12704.55590
14250.0	8.75	12826.10830	13623.21504	13529.58151	13264.68298	12854.36768
14250.0	9.00	13030.31376	13661.10961	13631.80472	13419.26710	13035.87095
14250.0	9.25	13244.05017	13727.01679	13751.10991	13589.15631	13231.42041
14250.0	9.50	13414.66268	13763.69765	13833.05752	13731.74137	13380.06504
14500.0	6.50	12418.91494	14083.27985	13354.70343	12779.35289	12414.00759
14500.0	6.75	12419.55285	14071.30939	13392.37155	12825.67535	12439.46421
14500.0	7.00	12432.02451	14055.60891	13424.46298	12877.78947	12472.34603
14500.0	7.25	12455.80035	14033.85143	13454.95149	12927.15737	12508.52311
14500.0	7.50	12491.04664	14005.72079	13491.07694	12987.55831	12550.07701
14500.0	7.75	12539.42707	13971.45284	13524.11475	13041.93835	12598.91533
14500.0	8.00	12600.94383	13928.07715	13558.39466	13097.90002	12655.44058
14500.0	8.25	12684.61971	13875.64737	13584.86141	13161.67489	12729.52894
14500.0	8.50	12801.41433	13821.10652	13616.61991	13266.08236	12831.08196
14500.0	8.75	12958.20983	13789.52652	13672.50583	13380.28702	12971.57546
14500.0	9.00	13153.95853	13809.42464	13770.80255	13539.19022	13147.62899
14500.0	9.25	13372.43920	13875.18778	13895.01669	13720.52905	13343.61849
14500.0	9.50	13571.79317	13936.87292	14003.96557	13888.64094	13523.87318
14750.0	6.50	12592.95839	14251.11983	13523.76444	12936.58004	12563.51916
14750.0	6.75	12593.89203	14240.48526	13552.16492	12978.88861	12589.68382
14750.0	7.00	12606.30485	14225.62260	13586.78818	13029.95590	12622.52431
14750.0	7.25	12629.76837	14205.34549	13615.87242	13080.69223	12658.12850
14750.0	7.50	12664.54212	14178.97770	13651.61268	13137.35867	12699.94602
14750.0	7.75	12711.78617	14146.69321	13687.22404	13196.82771	12748.28969
14750.0	8.00	12771.38295	14106.85403	13724.26662	13259.14515	12804.26799
14750.0	8.25	12848.61519	14057.56658	13760.45194	13327.96973	12872.18153
14750.0	8.50	12953.42539	14002.70543	13795.23596	13417.54945	12964.82972
14750.0	8.75	13097.25341	13961.70197	13829.81184	13516.80966	13094.34814
14750.0	9.00	13280.77166	13963.62911	13914.77139	13665.01547	13260.49060
14750.0	9.25	13496.02331	14018.82748	14028.78450	13846.00003	13454.73567
14750.0	9.50	13716.84622	14097.96492	14160.49916	14035.04414	13654.59625
15000.0	6.50	12766.93575	14418.11653	13677.63801	13087.45976	12712.97693
15000.0	6.75	12768.12328	14408.64837	13711.34923	13131.78988	12739.15664
15000.0	7.00	12781.01421	14394.62492	13744.19643	13184.42111	12771.58059
15000.0	7.25	12804.09220	14375.86516	13776.21891	13233.98630	12807.32532
15000.0	7.50	12838.42341	14351.12335	13812.72820	13291.22288	12849.63607
15000.0	7.75	12884.56587	14320.46433	13848.46383	13346.90171	12897.79705
15000.0	8.00	12943.42916	14284.09026	13885.13228	13410.69089	12953.53121
15000.0	8.25	13016.22804	14239.03183	13928.46856	13483.58931	13017.71267
15000.0	8.50	13111.32448	14186.77840	13958.43743	13554.27789	13107.93547
15000.0	8.75	13242.62830	14139.39254	14001.21650	13664.50683	13221.73717
15000.0	9.00	13413.81627	14124.87569	14060.67504	13798.42617	13378.01725
15000.0	9.25	13621.59273	14164.63086	14168.04831	13970.19688	13566.82454
15000.0	9.50	13850.13274	14245.73469	14306.32200	14164.02009	13774.69826
15250.0	6.50	12941.42654	14584.92491	13836.89635	13241.91151	12861.91421
15250.0	6.75	12942.61164	14576.25126	13870.75830	13285.71174	12888.76507
15250.0	7.00	12955.79262	14563.21417	13905.62026	13335.71775	12920.21916
15250.0	7.25	12979.17670	14545.59583	13935.43687	13382.07025	12956.75860
15250.0	7.50	13013.79802	14522.67331	13973.27236	13440.55052	12998.17231
15250.0	7.75	13059.93692	14494.15443	14012.30494	13506.49531	13046.79983
15250.0	8.00	13118.20141	14460.52277	14050.78946	13558.21439	13103.64276
15250.0	8.25	13187.71932	14418.50560	14095.56118	13640.28717	13165.83674
15250.0	8.50	13275.96212	14368.33374	14126.50931	13707.18026	13242.99899
15250.0	8.75	13395.07034	14318.57945	14166.84144	13821.31405	13353.93854
15250.0	9.00	13553.45553	14292.21611	14219.66368	13928.18558	13501.24662
15250.0	9.25	13751.40132	14315.17125	14310.20173	14091.47614	13679.96618
15250.0	9.50	13978.81115	14388.38912	14445.48145	14289.51254	13888.55697
15500.0	6.50	13115.73686	14751.77470	14000.87051	13396.94253	13010.44775
15500.0	6.75	13117.13126	14743.73671	14024.62370	13439.15035	13038.58970
15500.0	7.00	13130.18594	14731.67638	14066.56146	13492.47955	13070.29155
15500.0	7.25	13153.88811	14714.98809	14094.91396	13541.66108	13106.98277
15500.0	7.50	13188.55000	14693.40187	14133.97274	13592.63740	13148.92246
15500.0	7.75	13234.72776	14666.40431	14174.13405	13660.55777	13197.68034
15500.0	8.00	13292.00693	14634.28566	14212.19455	13721.77819	13253.55130
15500.0	8.25	13360.31264	14595.61732	14258.46752	13788.37084	13313.82656
15500.0	8.50	13443.42546	14548.81982	14297.22539	13870.12093	13388.95913
15500.0	8.75	13553.10489	14499.69158	14334.02366	13960.22919	13489.42289
15500.0	9.00	13698.32710	14463.77601	14383.71292	14075.51816	13625.65129
15500.0	9.25	13884.93873	14469.59645	14461.65069	14223.59131	13798.30115
15500.0	9.50	14106.79174	14529.97463	14583.26660	14413.49549	13999.85111
15750.0	6.50	13290.30041	14918.61778	14154.54932	13548.19092	13160.82931
15750.0	6.75	13291.84068	14911.26781	14183.74476	13592.43245	13188.30811
15750.0	7.00	13305.37681	14899.96843	14227.73134	13649.55625	13220.19781
15750.0	7.25	13329.23252	14884.24975	14255.58243	13682.78277	13256.96676
15750.0	7.50	13363.76506	14863.62573	14295.32589	13753.68896	13299.80197
15750.0	7.75	13409.98479	14838.32698	14334.58701	13809.53865	13347.89249
15750.0	8.00	13467.23202	14808.06341	14376.44983	13867.60175	13404.02181
15750.0	8.25	13532.83119	14769.99014	14428.42250	13959.98339	13466.13813
15750.0	8.50	13613.42856	14726.77588	14466.47355	14033.77541	13537.49162
15750.0	8.75	13715.08151	14678.13274	14500.48224	14112.01276	13629.46832
15750.0	9.00	13849.10671	14636.99708	14546.00923	14219.68109	13755.56338
15750.0	9.25	14022.98168	14629.41118	14608.63222	14359.17427	13917.69768
15750.0	9.50	14236.14449	14674.89064	14722.46185	14547.08996	14110.45269
16000.0	6.50	13464.52980	15085.30281	14313.10934	13692.54734	13311.18332
16000.0	6.75	13466.77497	15078.55446	14353.78640	13750.31601	13337.40540
16000.0	7.00	13480.34399	15067.90638	14385.85063	13799.44872	13369.75281
16000.0	7.25	13504.59370	15053.00863	14418.46974	13854.71036	13407.46054
16000.0	7.50	13539.13695	15033.30061	14455.73121	13907.96411	13448.14210
16000.0	7.75	13584.83513	15009.61794	14496.15954	13964.18074	13498.31049
16000.0	8.00	13641.06448	14980.08314	14537.86105	14029.73867	13554.05114
16000.0	8.25	13707.50006	14943.73757	14583.25025	14111.07673	13613.47218
16000.0	8.50	13786.14497	14904.89797	14627.11567	14173.71470	13682.87092
16000.0	8.75	13881.54683	14858.12691	14668.65861	14266.68313	13772.88457
16000.0	9.00	14005.72757	14814.49572	14702.04000	14359.46397	13884.59124
16000.0	9.25	14166.85186	14794.83107	14766.99435	14501.30601	14043.16436
16000.0	9.50	14369.31851	14823.79685	14866.18241	14667.85261	14229.29689
16250.0	6.50	13639.39977	15252.33807	14475.37779	13853.62562	13460.33802
16250.0	6.75	13641.95645	15246.03725	14502.15056	13899.66900	13487.60764
16250.0	7.00	13655.68974	15236.08187	14544.44174	13951.95633	13519.95648
16250.0	7.25	13680.03161	15221.68034	14581.28543	14006.62148	13557.42053
16250.0	7.50	13714.79536	15202.89365	14624.67148	14065.56046	13599.89850
16250.0	7.75	13761.26928	15180.29344	14659.09774	14124.65095	13649.17674
16250.0	8.00	13817.81834	15152.82269	14701.61977	14177.63001	13705.03133
16250.0	8.25	13883.42361	15117.93853	14747.38842	14260.30515	13765.54250
16250.0	8.50	13960.07225	15080.78963	14798.83915	14347.78830	13835.94733
16250.0	8.75	14050.88013	15035.90073	14835.18973	14420.59155	13918.92912
16250.0	9.00	14166.50343	14990.86072	14867.29487	14509.18421	14022.05989
16250.0	9.25	14315.87346	14962.73764	14923.66365	14637.76535	14168.68189
16250.0	9.50	14507.50463	14977.21228	15012.45522	14801.46873	14344.96996
16500.0	6.50	13814.55184	15419.39285	14634.96984	14007.55564	13611.64064
16500.0	6.75	13818.10999	15413.49482	14661.70208	14053.88111	13638.03581
16500.0	7.00	13830.82868	15404.05457	14698.80765	14103.10729	13670.62298
16500.0	7.25	13855.37050	15389.98720	14739.11065	14163.06698	13708.12009
16500.0	7.50	13890.47532	15372.24772	14784.00574	14214.54973	13750.52622
16500.0	7.75	13937.26877	15350.45926	14822.01433	14285.35101	13800.29893
16500.0	8.00	13993.70124	15324.03570	14863.02353	14340.81694	13855.82050
16500.0	8.25	14059.95054	15291.70526	14911.10777	14416.29864	13916.79075
16500.0	8.50	14136.08238	15256.23490	14961.28802	14496.66409	13985.19971
16500.0	8.75	14224.33360	15214.00405	14999.51755	14568.88325	14067.19025
16500.0	9.00	14332.60911	15170.06884	15044.90810	14659.13076	14163.75932
16500.0	9.25	14470.90722	15135.83765	15087.41376	14783.63525	14300.28823
16500.0	9.50	14650.61298	15136.37808	15167.06615	14936.30584	14470.94914
16750.0	6.50	13989.87196	15586.54249	14794.71438	14162.09642	13761.68625
16750.0	6.75	13993.92083	15581.18128	14821.45069	14208.26072	13788.83741
16750.0	7.00	14007.67780	15572.17325	14864.81507	14260.63157	13821.06857
16750.0	7.25	14032.35292	15558.95127	14904.50847	14315.10498	13858.87297
16750.0	7.50	14067.87979	15541.66940	14947.01632	14374.88037	13901.94242
16750.0	7.75	14114.32111	15520.72256	14983.63720	14440.56323	13952.13673
16750.0	8.00	14171.09490	15495.44402	15025.30052	14496.16668	14007.64655
16750.0	8.25	14237.70342	15465.07653	15075.13478	14572.84297	14070.97227
16750.0	8.50	14313.24026	15430.89105	15123.31799	14644.33898	14135.54189
16750.0	8.75	14399.32451	15390.78568	15172.63421	14744.07883	14217.17747
16750.0	9.00	14501.26417	15346.58823	15211.88806	14813.38075	14307.69316
16750.0	9.25	14633.42902	15311.94232	15254.36485	14935.71251	14437.67930
16750.0	9.50	14797.57449	15297.72508	15322.23344	15074.19877	14595.56054
17000.0	6.50	14165.38353	15753.67314	14954.55195	14316.77487	13912.37328
17000.0	6.75	14170.10831	15749.05877	14981.52061	14362.94640	13940.57209
17000.0	7.00	14183.93485	15740.26939	15031.26698	14418.52186	13972.47749
17000.0	7.25	14209.28082	15727.68820	15065.31089	14470.21590	14010.21152
17000.0	7.50	14244.60347	15710.97417	15110.05300	14535.34478	14053.62911
17000.0	7.75	14291.92974	15691.08510	15145.51667	14596.16432	14104.09955
17000.0	8.00	14350.02190	15666.67069	15188.98697	14658.01228	14159.67550
17000.0	8.25	14416.18104	15637.99573	15234.64634	14725.37120	14223.42883
17000.0	8.50	14491.61401	15605.08035	15288.68255	14801.68078	14288.25879
17000.0	8.75	14577.32987	15567.56775	15333.51510	14884.48850	14368.91342
17000.0	9.00	14674.56426	15524.63014	15380.48889	14970.68494	14455.11386
17000.0	9.25	14801.32629	15491.47848	15423.16830	15084.92163	14578.50669
17000.0	9.50	14950.96412	15464.79105	15482.44840	15217.69218	14724.77331
17250.0	6.50	14341.86037	15922.09434	15112.52604	14464.14548	14065.09389
17250.0	6.75	14347.07587	15917.82139	15154.87230	14523.53737	14090.94382
17250.0	7.00	14361.39997	15909.51172	15180.90084	14567.94568	14124.04919
17250.0	7.25	14387.18911	15897.40665	15227.28226	14626.19974	14162.41802
17250.0	7.50	14423.96550	15881.31143	15272.52298	14691.89631	14205.94433
17250.0	7.75	14471.69316	15861.95467	15308.18985	14752.74125	14256.55201
17250.0	8.00	14528.91113	15838.56045	15352.37791	14814.87576	14312.52412
17250.0	8.25	14595.15865	15810.98442	15399.93179	14888.82891	14376.85442
17250.0	8.50	14670.58073	15779.27516	15453.84762	14959.28179	14441.09236
17250.0	8.75	14754.46737	15743.06314	15502.78870	15051.36734	14520.62843
17250.0	9.00	14847.61805	15700.55352	15546.29041	15125.82585	14602.29523
17250.0	9.25	14965.31170	15663.90681	15587.79333	15246.33128	14719.42539
17250.0	9.50	15111.07832	15626.62552	15641.32725	15369.24424	14864.70857
17500.0	6.50	14518.38620	16090.69837	15275.50397	14629.42206	14215.90598
17500.0	6.75	14524.39864	16086.80059	15304.25292	14674.56320	14245.10168
17500.0	7.00	14540.04469	16078.74315	15342.46238	14723.91061	14276.14354
17500.0	7.25	14565.83062	16067.29881	15389.52189	14782.58588	14314.96123
17500.0	7.50	14602.46308	16051.83605	15433.62360	14842.73205	14358.78066
17500.0	7.75	14650.53417	16033.06543	15479.26029	14904.67494	14409.37705
17500.0	8.00	14708.38746	16010.46125	15515.88931	14972.09162	14466.41104
17500.0	8.25	14774.95327	15983.88404	15564.09930	15046.36911	14530.31637
17500.0	8.50	14850.47450	15953.40701	15619.20961	15130.85218	14597.42874
17500.0	8.75	14933.54979	15918.60871	15665.77075	15200.10345	14673.32854
17500.0	9.00	15023.39722	15877.01287	15712.96896	15282.71035	14752.26785
17500.0	9.25	15134.39440	15838.53698	15750.26674	15386.26735	14860.41072
17500.0	9.50	15277.26181	15792.48937	15809.29488	15524.48109	15009.64304
17750.0	6.50	14695.55198	16259.46957	15435.10453	14782.79895	14368.04055
17750.0	6.75	14702.06000	16255.89089	15478.43951	14835.89298	14396.91080
17750.0	7.00	14718.04215	16248.36212	15510.77296	14883.78464	14429.23496
17750.0	7.25	14744.61250	16237.26643	15551.91932	14939.21845	14467.04898
17750.0	7.50	14782.03015	16222.56497	15594.95709	14993.91540	14512.06033
17750.0	7.75	14830.35564	16204.27384	15642.90171	15070.67510	14562.42641
17750.0	8.00	14888.43667	16182.42192	15679.55260	15129.50745	14619.94632
17750.0	8.25	14955.79319	16156.82660	15729.90232	15210.74725	14681.62679
17750.0	8.50	15031.29652	16127.53086	15781.60871	15289.96410	14752.15974
17750.0	8.75	15114.44603	16094.12711	15832.59359	15359.14268	14827.57275
17750.0	9.00	15202.38851	16053.92213	15880.65991	15441.35254	14904.59176
17750.0	9.25	15308.22434	16014.58739	15918.01332	15548.55582	15008.42588
17750.0	9.50	15449.13160	15961.99543	15975.61220	15695.04591	15162.99462
18000.0	6.50	14873.10951	16428.60637	15596.88613	14939.20667	14520.32918
18000.0	6.75	14880.11184	16425.40882	15637.27700	14988.03570	14548.85593
18000.0	7.00	14897.02010	16418.35255	15673.33625	15040.84318	14582.21889
18000.0	7.25	14924.18724	16407.69330	15721.22750	15099.82727	14620.64339
18000.0	7.50	14961.99686	16393.48812	15751.92036	15152.95769	14665.39241
18000.0	7.75	15010.62335	16375.76658	15806.58481	15228.27979	14716.14450
18000.0	8.00	15069.12991	16354.65029	15843.75633	15287.51199	14772.79733
18000.0	8.25	15136.70592	16329.89385	15893.47984	15362.70563	14838.71017
18000.0	8.50	15212.95809	16301.64726	15945.52556	15449.85837	14904.57291
18000.0	8.75	15296.39615	16269.63655	16006.95522	15538.74188	14982.88063
18000.0	9.00	15383.18579	16231.08770	16049.92690	15628.15080	15065.02637
18000.0	9.25	15485.65172	16191.82423	16093.35057	15707.52092	15158.68390
18000.0	9.50	15626.36279	16133.96041	16143.62640	15848.64640	15313.47971
18250.0	6.50	15050.97357	16598.06884	15757.36193	15093.39017	14672.08600
18250.0	6.75	15058.92114	16595.24928	15796.44576	15136.17828	14702.92520
18250.0	7.00	15076.53942	16588.65417	15829.75614	15194.75883	14734.56401
18250.0	7.25	15104.23797	16578.57846	15871.75669	15250.60360	14773.56014
18250.0	7.50	15142.10882	16564.70998	15921.89765	15314.11767	14819.23437
18250.0	7.75	15191.42908	16547.57413	15969.13893	15380.48395	14870.67584
18250.0	8.00	15250.53699	16527.07055	16006.75987	15439.25630	14927.68594
18250.0	8.25	15318.37316	16503.18401	16058.65739	15521.34547	14993.40801
18250.0	8.50	15395.39285	16476.05261	16111.74013	15609.52618	15059.85749
18250.0	8.75	15479.80343	16445.36847	16171.01315	15689.34111	15138.59175
18250.0	9.00	15566.96737	16408.61812	16218.74361	15776.56265	15219.53399
18250.0	9.25	15666.36749	16370.22957	16266.00459	15870.26115	15311.69378
18250.0	9.50	15808.98890	16308.56855	16314.99675	16027.10742	15474.83690
18500.0	6.50	15229.37782	16767.87576	15919.36515	15253.29454	14824.75028
18500.0	6.75	15237.98706	16765.36697	15966.36651	15311.27456	14855.17446
18500.0	7.00	15256.29141	16759.32646	16006.23954	15359.54591	14888.80871
18500.0	7.25	15284.77251	16749.70542	16048.72373	15415.76118	14928.26969
18500.0	7.50	15323.27808	16736.38725	16086.16988	15472.63205	14973.65453
18500.0	7.75	15373.08281	16719.80570	16133.84280	15539.20009	15025.48559
18500.0	8.00	15432.15707	16699.82509	16173.18734	15604.71165	15081.88051
18500.0	8.25	15500.85482	16676.87712	16224.41019	15680.76407	15148.73347
18500.0	8.50	15578.05842	16650.64448	16278.22103	15769.61645	15215.54175
18500.0	8.75	15662.90634	16621.31785	16335.21903	15839.90907	15294.97372
18500.0	9.00	15752.46595	16586.40563	16384.72085	15926.99561	15375.33179
18500.0	9.25	15849.85645	16549.29943	16426.16889	16029.80253	15467.17239
18500.0	9.50	15995.06546	16485.23429	16481.91386	16188.59549	15633.70397
18750.0	6.50	15408.60231	16938.23491	16081.38947	15421.84823	14978.56341
18750.0	6.75	15417.56737	16936.09519	16121.00531	15456.24588	15008.51024
18750.0	7.00	15436.67658	16930.47108	16156.72088	15510.85200	15042.24752
18750.0	7.25	15465.51157	16921.26168	16213.11103	15574.44895	15082.70008
18750.0	7.50	15504.84589	16908.38028	16257.58252	15635.22289	15128.56808
18750.0	7.75	15555.40080	16892.32476	16298.92722	15698.46718	15179.78363
18750.0	8.00	15614.67507	16873.08880	16337.29447	15757.52475	15237.23750
18750.0	8.25	15683.87907	16850.86013	16389.30850	15833.75043	15307.46864
18750.0	8.50	15761.78411	16825.44157	16442.42596	15916.35059	15372.34932
18750.0	8.75	15848.43929	16797.48067	16507.30989	16011.82527	15452.23325
18750.0	9.00	15938.76802	16764.59366	16555.05574	16090.12014	15533.81301
18750.0	9.25	16036.07492	16729.21722	16608.68115	16196.72763	15624.62844
18750.0	9.50	16186.21763	16663.55534	16656.93973	16363.02878	15800.14872
19000.0	6.50	15587.92755	17109.03181	16240.11733	15563.48447	15131.47591
19000.0	6.75	15597.72296	17107.21912	16286.66991	15617.31074	15162.80199
19000.0	7.00	15617.25534	17101.93590	16320.84840	15669.59391	15195.98253
19000.0	7.25	15647.13978	17093.32704	16364.25639	15726.34164	15237.03172
19000.0	7.50	15687.36227	17081.05534	16423.05350	15794.93829	15283.73549
19000.0	7.75	15738.31941	17065.56051	16462.95241	15851.93532	15335.36161
19000.0	8.00	15798.32679	17046.73103	16504.94594	15924.48244	15392.57061
19000.0	8.25	15868.00388	17025.20301	16557.35092	16001.09758	15460.77262
19000.0	8.50	15947.24946	17000.71130	16611.28526	16084.48512	15530.18370
19000.0	8.75	16034.91082	16974.02012	16672.34270	16163.20909	15612.68284
19000.0	9.00	16125.97249	16943.01319	16733.44720	16275.42463	15694.02983
19000.0	9.25	16224.46371	16909.74142	16781.63325	16362.24538	15784.51374
19000.0	9.50	16381.10459	16843.19695	16833.72679	16540.55274	15969.77278
19250.0	6.50	15768.26075	17280.18063	16402.85934	15722.55726	15285.96006
19250.0	6.75	15778.75171	17278.65601	16452.95312	15779.05108	15317.44161
19250.0	7.00	15798.82836	17273.94013	16499.49414	15836.24207	15353.18245
19250.0	7.25	15829.56656	17265.87505	16529.46426	15885.98283	15390.67396
19250.0	7.50	15870.46659	17254.15089	16588.91196	15955.03390	15439.57852
19250.0	7.75	15922.20601	17239.04452	16630.96773	16018.80083	15491.81846
19250.0	8.00	15981.58043	17220.79112	16673.18842	16092.06796	15550.58667
19250.0	8.25	16052.47813	17199.79646	16724.41579	16161.91994	15617.47586
19250.0	8.50	16132.76373	17176.29240	16779.32654	16246.21601	15687.62814
19250.0	8.75	16221.34130	17150.92422	16836.01565	16342.48812	15766.17100
19250.0	9.00	16314.33999	17121.86563	16897.15982	16418.36392	15852.91541
19250.0	9.25	16414.44895	17090.84927	16944.19819	16525.88993	15945.78143
19250.0	9.50	16580.68905	17023.87833	17008.80717	16726.21274	16139.34909
19500.0	6.50	15949.17588	17451.94337	16567.15076	15881.57207	15440.57474
19500.0	6.75	15960.59878	17450.83409	16617.94926	15938.51175	15472.55426
19500.0	7.00	15981.20935	17446.56952	16665.00077	15996.18089	15508.43822
19500.0	7.25	16012.97994	17438.91573	16702.35678	16049.94321	15547.92986
19500.0	7.50	16054.59743	17427.75088	16748.25508	16111.91821	15594.74491
19500.0	7.75	16105.87427	17413.12422	16799.68355	16186.56472	15648.90630
19500.0	8.00	16166.67180	17395.47713	16845.89217	16236.97619	15705.30220
19500.0	8.25	16237.19556	17375.19249	16894.02753	16330.79486	15772.07713
19500.0	8.50	16319.06803	17352.41334	16947.95447	16408.55909	15845.63016
19500.0	8.75	16407.83998	17328.18884	17004.47931	16498.76430	15927.54353
19500.0	9.00	16503.55982	17301.13802	17077.00862	16605.83107	16016.36055
19500.0	9.25	16605.79931	17272.48220	17118.33510	16693.37595	16108.08007
19500.0	9.50	16781.67420	17205.86637	17187.55148	16902.48280	16319.34172
19750.0	6.50	16130.96483	17624.36609	16739.13066	16046.54914	15594.73032
19750.0	6.75	16142.95625	17623.54463	16783.46357	16098.46146	15628.12396
19750.0	7.00	16164.50812	17619.75099	16823.74021	16152.79299	15664.32278
19750.0	7.25	16196.10981	17612.64306	16861.61461	16206.94325	15703.58728
19750.0	7.50	16238.38863	17601.97623	16908.04404	16269.37676	15751.47168
19750.0	7.75	16291.31525	17587.87746	16963.55689	16334.80469	15807.56789
19750.0	8.00	16353.52894	17570.76318	17018.10809	16409.90424	15864.62437
19750.0	8.25	16424.77450	17551.20713	17058.74479	16476.80533	15933.45440
19750.0	8.50	16507.17885	17529.05786	17115.79633	16564.20733	16003.32561
19750.0	8.75	16596.01868	17505.97381	17174.79843	16662.73283	16087.06461
19750.0	9.00	16693.93336	17481.05460	17249.73645	16772.20753	16171.30090
19750.0	9.25	16798.61923	17454.71244	17293.19536	16861.85102	16271.50330
19750.0	9.50	16986.24898	17388.74324	17368.64294	17086.82111	16497.90020
20000.0	6.50	16312.64772	17797.30178	16915.26116	16226.81707	15749.95548
20000.0	6.75	16326.03847	17796.85417	16949.58244	16259.01245	15784.23424
20000.0	7.00	16348.66838	17793.73350	16990.48753	16314.08076	15821.17233
20000.0	7.25	16381.08749	17787.11053	17028.76597	16368.54058	15860.59228
20000.0	7.50	16425.05098	17777.05679	17083.12045	16435.44138	15910.25088
20000.0	7.75	16477.53458	17763.28756	17124.47746	16499.16932	15963.02974
20000.0	8.00	16539.46468	17746.70946	17182.72120	16561.54389	16021.77085
20000.0	8.25	16611.60422	17728.02715	17227.02328	16630.02314	16095.67904
20000.0	8.50	16695.50413	17706.48186	17285.78647	16728.01097	16162.80633
20000.0	8.75	16785.18396	17684.46722	17345.79188	16827.48808	16247.33441
20000.0	9.00	16885.13302	17661.46369	17405.60222	16918.63741	16344.26430
20000.0	9.25	16992.83756	17637.58904	17468.70390	17031.11707	16435.89676
20000.0	9.50	17193.08189	17572.69703	17551.03872	17273.05595	16678.72754
21000.0	6.50	17056.21988	18505.18451	17581.28607	16861.18388	16385.70701
21000.0	6.75	17071.62413	18505.90628	17622.84205	16911.74702	16420.90209
21000.0	7.00	17097.37389	18504.33587	17672.32097	16970.76823	16459.77331
21000.0	7.25	17133.22430	18499.54825	17726.44285	17036.26200	16502.53806
21000.0	7.50	17180.96803	18491.49964	17767.73256	17096.98449	16554.40162
21000.0	7.75	17237.76885	18479.91006	17818.93891	17166.83354	16609.83773
21000.0	8.00	17303.00909	18465.35426	17861.26547	17236.07460	16671.68833
21000.0	8.25	17377.03439	18448.90339	17920.30407	17317.58530	16739.24502
21000.0	8.50	17463.18019	18429.89271	17980.76517	17405.09213	16815.38618
21000.0	8.75	17556.65724	18410.59816	18042.23199	17499.51345	16901.06026
21000.0	9.00	17660.01254	18391.05586	18105.00208	17592.78554	17000.32990
21000.0	9.25	17771.71820	18372.26521	18172.51283	17709.47368	17094.98562
21000.0	9.50	17966.68918	18319.09696	18258.34439	17942.93566	17315.77880
22000.0	6.50	17817.06712	19228.48082	18273.51238	17515.69569	17034.67633
22000.0	6.75	17834.28527	19230.30457	18315.27211	17581.11221	17071.82396
22000.0	7.00	17862.25584	19230.37917	18364.78918	17637.54305	17109.53307
22000.0	7.25	17903.16441	19227.44836	18414.95839	17700.29798	17157.18565
22000.0	7.50	17953.85357	19221.68120	18475.92317	17777.66505	17211.65481
22000.0	7.75	18014.65021	19212.74855	18513.18394	17841.07085	17267.63049
22000.0	8.00	18083.69915	19200.33573	18567.12364	17897.89855	17330.62377
22000.0	8.25	18162.00483	19186.44197	18627.63332	18001.19305	17403.18261
22000.0	8.50	18252.87644	19170.26678	18693.14557	18099.60424	17482.99323
22000.0	8.75	18349.76338	19153.86731	18753.75587	18179.69133	17564.76180
22000.0	9.00	18454.78709	19137.13814	18829.14872	18288.60557	17666.07590
22000.0	9.25	18571.59628	19122.89847	18889.82584	18397.61654	17769.64789
22000.0	9.50	18756.68046	19081.55675	18977.50314	18611.94165	17973.18066
23000.0	6.50	18596.79751	19970.86255	18971.61542	18208.25331	17697.69201
23000.0	6.75	18617.82591	19973.94764	19033.07631	18273.87902	17736.75930
23000.0	7.00	18650.69732	19975.64683	19080.19808	18330.40739	17779.58477
23000.0	7.25	18694.43095	19974.89388	19130.35625	18390.91346	17828.58574
23000.0	7.50	18749.64414	19971.76710	19190.37307	18471.09662	17884.92780
23000.0	7.75	18816.24426	19965.81490	19245.96455	18545.23487	17945.86577
23000.0	8.00	18888.72181	19956.21205	19304.56732	18619.98016	18018.83260
23000.0	8.25	18971.42057	19945.38349	19355.70722	18704.69650	18086.03130
23000.0	8.50	19065.44997	19932.18411	19419.45527	18790.48021	18168.00635
23000.0	8.75	19166.20938	19919.14811	19487.11258	18891.07198	18260.57215
23000.0	9.00	19276.90588	19905.46672	19575.80723	19004.03205	18362.74104
23000.0	9.25	19398.03582	19895.87512	19634.13264	19121.13456	18463.03112
23000.0	9.50	19572.25735	19867.21198	19720.57646	19315.01367	18640.17857
24000.0	6.50	19405.21871	20737.83044	19703.95831	18898.20707	18382.19926
24000.0	6.75	19428.08890	20742.18022	19758.36011	18974.16900	18422.35851
24000.0	7.00	19464.80929	20745.58668	19809.71398	19036.17499	18467.51341
24000.0	7.25	19513.07845	20747.27065	19874.47708	19114.08178	18520.40168
24000.0	7.50	19574.72896	20747.17221	19929.86942	19182.08747	18579.47153
24000.0	7.75	19643.99682	20744.68745	19994.49447	19267.25917	18646.33125
24000.0	8.00	19723.28538	20738.58027	20058.66010	19340.52464	18728.74069
24000.0	8.25	19811.24468	20731.36789	20125.79781	19436.19931	18793.07413
24000.0	8.50	19909.74228	20722.24437	20176.94731	19521.99663	18879.36175
24000.0	8.75	20015.76720	20713.18674	20252.72064	19632.92276	18967.39799
24000.0	9.00	20131.99303	20703.08570	20333.05341	19741.03160	19074.99688
24000.0	9.25	20258.89985	20698.67833	20403.91427	19865.49506	19185.04546
24000.0	9.50	20419.08055	20684.17219	20487.96736	20026.94357	19339.73302
25000.0	6.50	20244.81813	21535.94471	20473.08100	19648.48862	19091.87951
25000.0	6.75	20272.53092	21541.54894	20518.95534	19725.22211	19135.50144
25000.0	7.00	20313.66420	21546.90885	20574.51480	19773.61848	19181.77309
25000.0	7.25	20366.61030	21551.40054	20637.11384	19844.09728	19238.31420
25000.0	7.50	20432.72564	21554.61595	20699.32102	19921.34884	19301.59828
25000.0	7.75	20510.78655	21556.51035	20768.94488	20011.53429	19370.29801
25000.0	8.00	20596.55993	21554.36772	20841.89278	20097.42328	19454.30501
25000.0	8.25	20691.40952	21551.93316	20912.87115	20193.84191	19534.16553
25000.0	8.50	20794.62711	21548.02496	20968.39418	20286.57975	19621.32844
25000.0	8.75	20907.54692	21543.63059	21062.23987	20411.06930	19722.16710
25000.0	9.00	21030.02606	21538.18679	21124.86471	20510.15612	19833.15857
25000.0	9.25	21163.21412	21539.76168	21210.20127	20645.84849	19941.88317
25000.0	9.50	21308.24088	21541.49896	21293.75645	20780.75974	20067.86542
26000.0	6.50	21153.88565	22399.32207	21295.95548	20441.52383	19862.45911
26000.0	6.75	21180.57206	22402.88689	21328.99727	20512.18505	19902.92414
26000.0	7.00	21221.92279	22406.26353	21393.75287	20582.90108	19952.95215
26000.0	7.25	21276.82713	22408.73308	21459.83433	20641.04950	20006.14476
26000.0	7.50	21342.25324	22409.20492	21523.77690	20721.79911	20067.14176
26000.0	7.75	21417.89675	22407.86556	21588.09965	20804.32752	20135.42465
26000.0	8.00	21502.20996	22402.86390	21649.63065	20881.96755	20217.48720
26000.0	8.25	21594.68421	22396.80346	21701.99854	20974.52363	20290.61722
26000.0	8.50	21696.58340	22389.41844	21772.40387	21096.65174	20378.73580
26000.0	8.75	21807.48636	22382.43152	21867.02654	21189.54438	20478.53943
26000.0	9.00	21928.25868	22374.23237	21928.05724	21296.65987	20581.15583
26000.0	9.25	22059.51723	22373.20701	22008.57020	21419.49078	20693.41288
26000.0	9.50	22201.21305	22372.66190	22088.97870	21551.15594	20814.10786
27000.0	6.50	22100.65424	23291.20145	22136.97219	21263.98551	20663.84631
27000.0	6.75	22131.36282	23295.91445	22186.14649	21322.86885	20704.28306
27000.0	7.00	22177.45880	23301.66300	22254.04746	21396.87587	20754.25912
27000.0	7.25	22237.96333	23307.70462	22313.80836	21490.72812	20818.55081
27000.0	7.50	22310.17417	23312.49219	22388.88659	21558.07826	20883.66176
27000.0	7.75	22392.89757	23315.98780	22462.12520	21651.58504	20960.89074
27000.0	8.00	22484.61789	23316.70701	22535.16140	21745.12380	21038.10638
27000.0	8.25	22585.48445	23316.50202	22604.90327	21839.32749	21125.63242
27000.0	8.50	22695.90341	23315.58613	22664.57416	21940.09658	21223.01995
27000.0	8.75	22814.27489	23314.88094	22747.23605	22045.28760	21319.75788
27000.0	9.00	22943.98169	23313.04008	22844.23835	22179.26371	21440.12021
27000.0	9.25	23082.41837	23318.16483	22934.99974	22306.85401	21556.00851
27000.0	9.50	23230.51134	23324.56916	23013.52645	22434.06730	21688.12429
28000.0	6.50	23120.43353	24245.43399	23060.36639	22162.47770	21529.31390
28000.0	6.75	23154.38360	24250.36890	23108.97244	22223.72466	21573.13238
28000.0	7.00	23204.80059	24257.90192	23163.01842	22285.22078	21628.37995
28000.0	7.25	23270.73672	24267.37349	23240.97345	22371.69290	21694.01820
28000.0	7.50	23348.92211	24275.97345	23323.38846	22468.45282	21768.45165
28000.0	7.75	23440.31500	24283.84280	23394.89210	22557.26093	21847.29586
28000.0	8.00	23540.04781	24290.45843	23473.69133	22657.51530	21931.28631
28000.0	8.25	23648.43727	24296.32617	23558.95685	22778.47160	22027.33654
28000.0	8.50	23766.52360	24301.85975	23617.35436	22870.89574	22134.49063
28000.0	8.75	23892.61840	24307.78498	23720.72237	22977.69086	22254.79894
28000.0	9.00	24029.25885	24312.28687	23808.95576	23114.61802	22363.70862
28000.0	9.25	24174.72937	24323.29811	23905.57102	23256.59876	22486.18754
28000.0	9.50	24329.21011	24336.40264	23995.36870	23398.21378	22618.24348
29000.0	6.50	24225.40079	25267.56129	24065.38289	23136.54264	22475.12914
29000.0	6.75	24259.07788	25270.56100	24095.43214	23182.29292	22518.88247
29000.0	7.00	24311.91553	25278.40420	24154.38248	23254.40354	22576.01853
29000.0	7.25	24381.32006	25289.22775	24234.77579	23343.79564	22645.09333
29000.0	7.50	24464.45525	25300.05912	24308.81479	23433.64777	22721.27780
29000.0	7.75	24560.35285	25310.77711	24395.69890	23537.32071	22810.78374
29000.0	8.00	24664.18846	25321.52101	24474.30522	23636.50618	22902.42362
29000.0	8.25	24778.44487	25331.15777	24560.47171	23748.06378	22999.95677
29000.0	8.50	24901.21530	25341.51101	24642.73016	23874.44509	23111.17043
29000.0	8.75	25032.89810	25351.91675	24740.43879	23998.30392	23225.89406
29000.0	9.00	25172.19673	25360.77973	24826.52914	24115.64222	23342.98544
29000.0	9.25	25318.81112	25375.02246	24917.79150	24241.99712	23484.64924
29000.0	9.50	25474.52206	25392.13619	25015.97760	24402.95670	23609.79294
30000.0	6.50	25402.65338	26347.40027	25114.48178	24186.04543	23497.01646
30000.0	6.75	25433.76073	26345.86922	25149.76893	24220.46428	23539.97882
30000.0	7.00	25484.11243	26350.53754	25203.33810	24282.30900	23595.97665
30000.0	7.25	25552.59642	26359.38564	25272.69270	24348.87626	23662.39848
30000.0	7.50	25635.36968	26369.09640	25355.96164	24490.54071	23742.19478
30000.0	7.75	25732.49574	26378.90120	25444.50764	24571.80316	23832.58508
30000.0	8.00	25836.62195	26389.77039	25526.35256	24677.21775	23920.97065
30000.0	8.25	25949.29615	26399.92359	25606.71127	24781.56685	24023.83800
30000.0	8.50	26071.01151	26410.44303	25697.45250	24910.57402	24133.78907
30000.0	8.75	26199.04737	26421.17340	25788.73689	25046.17702	24257.25329
30000.0	9.00	26338.78713	26429.64460	25867.15537	25135.10162	24378.06906
30000.0	9.25	26481.56084	26442.72287	25960.98489	25294.42120	24497.26649
30000.0	9.50	26629.84171	26458.78548	26050.72827	25425.83466	24627.35520
32000.0	6.50	27786.82163	28528.20002	27294.03227	26330.28813	25615.74606
32000.0	6.75	27804.12337	28510.85124	27310.89104	26365.10869	25643.50203
32000.0	7.00	27840.69959	28500.76009	27330.47279	26426.59746	25689.10591
32000.0	7.25	27894.90921	28495.91645	27396.66478	26499.56609	25738.22661
32000.0	7.50	27963.38778	28493.50079	27441.61847	26543.21569	25807.83256
32000.0	7.75	28044.94508	28491.76261	27527.70367	26617.97038	25879.83774
32000.0	8.00	28134.12722	28491.55799	27595.83634	26709.61101	25961.29020
32000.0	8.25	28232.69006	28491.21022	27674.42979	26827.68767	26052.93344
32000.0	8.50	28337.97591	28491.65602	27723.29046	26929.34588	26157.66617
32000.0	8.75	28449.84992	28492.56151	27827.76810	27049.81831	26241.42051
32000.0	9.00	28569.13528	28491.26171	27870.44289	27161.66378	26349.76214
32000.0	9.25	28692.93887	28492.58728	27962.14255	27268.17797	26467.09963
32000.0	9.50	28820.58785	28496.57181	28006.83869	27384.32704	26580.00956
34000.0	6.50	29985.92179	30545.13208	29304.58971	28337.34856	27616.70953
34000.0	6.75	29980.70363	30509.22237	29303.89552	28340.85375	27624.50113
34000.0	7.00	29996.25899	30479.80540	29328.35828	28385.97214	27642.26479
34000.0	7.25	30028.16692	30455.40533	29331.78189	28410.71782	27672.99122
34000.0	7.50	30074.74187	30434.95067	29365.17204	28455.04999	27723.57163
34000.0	7.75	30133.42750	30415.56472	29444.54809	28539.18217	27771.44915
34000.0	8.00	30199.57926	30398.05885	29482.88300	28586.34902	27829.93052
34000.0	8.25	30275.40890	30380.80857	29532.26857	28662.30043	27919.58593
34000.0	8.50	30354.63058	30365.35645	29584.04471	28744.13381	27993.14274
34000.0	8.75	30443.57491	30350.47734	29619.66746	28851.49453	28068.71061
34000.0	9.00	30539.46373	30334.84666	29672.60871	28942.30953	28155.29964
34000.0	9.25	30639.60261	30319.90714	29716.20972	29022.00957	28244.00278
34000.0	9.50	30744.27238	30308.70726	29773.14152	29148.00371	28320.68533
35000.0	6.50	30977.84429	31461.41673	30202.78542	29247.04230	28528.47949
35000.0	6.75	30962.51881	31416.14926	30209.09363	29246.24546	28532.63032
35000.0	7.00	30968.14053	31377.78465	30228.94307	29286.24001	28537.70018
35000.0	7.25	30985.27755	31344.01086	30212.69732	29322.28084	28560.07020
35000.0	7.50	31020.98136	31315.06675	30241.63309	29338.25127	28596.24524
35000.0	7.75	31068.86556	31287.19231	30271.45950	29416.43883	28636.17533
35000.0	8.00	31124.35830	31261.10972	30356.98846	29485.69049	28701.79798
35000.0	8.25	31189.41310	31236.45201	30387.03693	29528.10494	28748.52578
35000.0	8.50	31262.17908	31213.54653	30419.87070	29575.79864	28817.68517
35000.0	8.75	31340.40587	31191.42762	30471.26252	29675.41371	28882.81897
35000.0	9.00	31425.78708	31169.44830	30489.33453	29754.48912	28967.45340
35000.0	9.25	31515.67997	31146.99112	30527.07764	29838.74944	29038.68960
35000.0	9.50	31610.12221	31129.05045	30567.10602	29925.89238	29120.75632
36000.0	6.50	31926.91828	32347.70967	31081.99174	30122.85022	29404.20154
36000.0	6.75	31902.02946	32293.43524	31085.63716	30125.87643	29395.01558
36000.0	7.00	31898.34182	32246.53703	31089.78790	30142.19144	29386.75994
36000.0	7.25	31909.62623	32203.70435	31093.69976	30159.81543	29406.75616
36000.0	7.50	31935.54935	32166.36130	31085.80282	30144.11877	29422.64721
36000.0	7.75	31973.43961	32129.88874	31133.56548	30234.33054	29458.80325
36000.0	8.00	32019.63813	32095.97750	31180.27958	30303.48705	29515.90306
36000.0	8.25	32074.64513	32063.26458	31210.79374	30360.13736	29538.40261
36000.0	8.50	32137.98504	32032.92247	31234.49528	30398.27878	29608.39003
36000.0	8.75	32206.77997	32003.81701	31277.93904	30489.44915	29660.84560
36000.0	9.00	32282.61224	31974.35634	31294.38977	30542.65764	29736.54162
36000.0	9.25	32363.08435	31945.72566	31307.30288	30611.55020	29815.99761
36000.0	9.50	32448.23323	31920.88999	31336.75314	30688.39117	29881.05979
38000.0	6.50	33663.91829	33970.89863	32709.82145	31702.50053	31008.68188
38000.0	6.75	33622.68324	33900.30699	32678.59387	31712.60262	30966.16540
38000.0	7.00	33601.26166	33837.68258	32665.88584	31710.67720	30945.98133
38000.0	7.25	33596.06045	33779.66805	32645.41019	31695.72815	30950.75538
38000.0	7.50	33604.17992	33726.85719	32626.64502	31673.66073	30954.41107
38000.0	7.75	33624.82210	33675.57475	32633.14908	31697.96915	30980.80183
38000.0	8.00	33654.56714	33628.23384	32641.12935	31763.17391	30995.86410
38000.0	8.25	33692.27238	33581.63748	32705.40283	31844.42417	31033.80805
38000.0	8.50	33739.43392	33538.36634	32713.25717	31865.00931	31072.61147
38000.0	8.75	33792.15534	33497.11019	32743.19309	31942.06431	31108.32867
38000.0	9.00	33851.77420	33455.12437	32751.11217	31972.94592	31169.59499
38000.0	9.25	33916.46121	33416.12321	32765.48016	32042.59655	31226.46458
38000.0	9.50	33986.25036	33379.96042	32759.67921	32110.31979	31272.88841
40000.0	6.50	35223.26724	35435.71238	34185.92560	33193.41034	32452.90962
40000.0	6.75	35166.98894	35349.69398	34093.90369	33137.13027	32393.45154
40000.0	7.00	35128.96378	35272.43845	34059.81103	33112.80981	32361.01315
40000.0	7.25	35109.04431	35201.20939	34037.43548	33074.07066	32347.53153
40000.0	7.50	35101.50660	35134.93329	34044.20819	33111.63623	32333.65417
40000.0	7.75	35107.41642	35070.90334	34000.74216	33131.32606	32326.71663
40000.0	8.00	35123.51729	35012.32988	34054.87824	33149.08461	32337.60886
40000.0	8.25	35146.62504	34954.37978	34004.53480	33143.94921	32380.64909
40000.0	8.50	35180.61764	34900.62556	34062.29611	33220.86212	32390.13841
40000.0	8.75	35220.38882	34849.48667	34048.40589	33203.09403	32441.36272
40000.0	9.00	35266.84294	34797.57152	34052.27704	33248.14942	32479.19961
40000.0	9.25	35318.39753	34750.21083	34067.83162	33332.91256	32515.20471
40000.0	9.50	35376.51920	34705.02235	34071.91349	33384.33634	32559.19428
45000.0	6.50	38684.47635	38707.25153	37362.73494	36382.50813	35658.71874
45000.0	6.75	38591.65096	38585.18358	37336.32644	36351.75573	35578.40589
45000.0	7.00	38516.89884	38472.17237	37241.27922	36266.02207	35505.20720
45000.0	7.25	38459.66178	38367.25835	37182.91526	36221.02148	35455.25344
45000.0	7.50	38419.69896	38270.27247	37111.03723	36143.98941	35392.09915
45000.0	7.75	38393.52852	38179.81615	37056.74244	36177.18922	35397.14460
45000.0	8.00	38378.93426	38094.15884	37030.37535	36129.61434	35369.14409
45000.0	8.25	38374.12308	38012.59393	37016.20725	36142.50558	35363.24435
45000.0	8.50	38379.19864	37936.17109	36987.98969	36093.68535	35340.39947
45000.0	8.75	38393.36371	37863.50523	37012.96415	36161.07177	35357.26198
45000.0	9.00	38415.60573	37792.82283	36994.53298	36179.47184	35369.95631
45000.0	9.25	38443.49684	37726.66227	36977.88231	36203.77920	35389.44740
45000.0	9.50	38478.74084	37666.79199	36956.42367	36241.71099	35411.10179
50000.0	6.50	41745.46188	41616.49455	40231.02974	39284.14425	38525.97914
50000.0	6.75	41608.15879	41453.68356	40144.42139	39147.16149	38392.51252
50000.0	7.00	41495.69070	41302.95404	40048.14340	39040.48077	38275.58234
50000.0	7.25	41403.81395	41166.19894	39915.98099	38957.46743	38185.80045
50000.0	7.50	41331.95804	41038.68322	39890.12837	38909.66208	38137.09356
50000.0	7.75	41275.15134	40921.43984	39803.96281	38855.30928	38061.31564
50000.0	8.00	41233.43711	40812.39821	39700.42581	38782.43341	38024.18454
50000.0	8.25	41203.34543	40708.59579	39650.99243	38756.31257	37980.02015
50000.0	8.50	41188.63994	40614.32381	39646.87776	38765.75526	37959.00943
50000.0	8.75	41181.46897	40525.83876	39571.34143	38729.11477	37942.61123
50000.0	9.00	41184.73872	40439.10934	39548.33030	38745.21594	37948.78655
50000.0	9.25	41195.87579	40360.12954	39514.40144	38749.69014	37946.93872
50000.0	9.50	41214.21142	40288.11599	39507.51869	38771.54249	37941.53975
60000.0	6.50	47294.08506	46923.70448	45553.03323	44518.22933	43791.27841
60000.0	6.75	47057.97057	46664.46994	45326.39306	44294.15722	43538.36592
60000.0	7.00	46853.14658	46426.71391	45111.89211	44111.07347	43324.49814
60000.0	7.25	46679.04770	46208.64169	44901.59205	43930.96995	43150.60700
60000.0	7.50	46535.32776	46016.79927	44793.20109	43790.61090	43024.99570
60000.0	7.75	46414.00196	45839.11102	44656.26691	43689.57960	42886.95397
60000.0	8.00	46314.83144	45675.84768	44523.08632	43562.74176	42781.40563
60000.0	8.25	46234.81375	45530.31078	44383.97327	43455.89175	42709.65555
60000.0	8.50	46172.26517	45392.12550	44300.04361	43406.28707	42625.54679
60000.0	8.75	46124.46365	45270.55637	44268.11469	43388.15285	42567.42991
60000.0	9.00	46091.19647	45154.84946	44198.01322	43349.39902	42521.95904
60000.0	9.25	46069.90874	45051.57662	44113.72268	43343.09020	42501.01400
60000.0	9.50	46061.34133	44956.20261	44069.37667	43250.25698	42475.42562
70000.0	6.50	52922.48138	52299.31685	50842.21506	49777.31886	49032.52854
70000.0	6.75	52591.72436	51946.99322	50577.79183	49535.34035	48729.22763
70000.0	7.00	52292.76028	51617.82816	50289.20539	49261.10028	48451.97793
70000.0	7.25	51911.71685	51208.07891	49911.17748	48874.69424	48058.74077
70000.0	7.50	51566.64794	50827.55391	49531.36221	48527.73635	47730.56381
70000.0	7.75	51628.86750	50821.36594	49577.22991	48539.23632	47789.46358
70000.0	8.00	51467.27132	50602.86446	49394.77994	48415.90123	47616.65319
70000.0	8.25	51331.85154	50405.31554	49218.85076	48250.09814	47496.98115
70000.0	8.50	51222.96511	50232.19484	49134.17115	48186.11105	47363.41453
70000.0	8.75	51132.89423	50073.38938	48958.80990	48093.89460	47262.38982
70000.0	9.00	51059.58187	49928.49878	48851.00263	48018.53505	47180.24286
70000.0	9.25	51004.26866	49801.16537	48803.34774	47954.52953	47111.12341
70000.0	9.50	50965.20377	49687.07939	48730.87969	47945.41636	47036.42237
80000.0	6.50	57939.48952	57141.42047	55632.40203	54518.36221	53680.33739
80000.0	6.75	57476.04239	56657.94622	55193.65056	54068.79942	53239.89047
80000.0	7.00	57062.17787	56215.94985	54807.25383	53730.97218	52865.44459
80000.0	7.25	56562.30301	55688.60419	54295.87656	53201.62210	52395.05886
80000.0	7.50	56110.08350	55201.89685	53831.32309	52784.38945	51960.44782
80000.0	7.75	56123.76244	55152.39849	53874.18481	52822.23487	51938.96958
80000.0	8.00	55890.03738	54866.68125	53629.15122	52625.17148	51719.81766
80000.0	8.25	55692.43037	54611.96526	53365.58763	52370.57426	51546.27490
80000.0	8.50	55524.94934	54383.77896	53175.37268	52203.93938	51378.00707
80000.0	8.75	55385.55704	54182.11162	53057.26418	52129.64890	51213.36657
80000.0	9.00	55268.45740	53999.37423	52827.28608	51965.53304	51109.88363
80000.0	9.25	55177.02089	53839.09054	52691.23464	51864.95575	51006.55876
80000.0	9.50	55106.35600	53697.04204	52560.93507	51746.81737	50918.06438
