Teff	log(g)	T_BB_u	T_BB_g	T_BB_r	T_BB_i	T_BB_z
3750.0	7.0	3676.63236	3940.37359	4028.51284	4026.83768	3995.49798
4000.0	7.0	3867.69577	4104.27921	4175.79563	4176.74050	4158.05805
4250.0	7.0	4101.31393	4309.53449	4362.10740	4362.19817	4348.56247
4500.0	7.0	4365.03031	4545.72730	4580.97976	4579.07023	4570.38104
4750.0	7.0	4655.11628	4804.39319	4823.98534	4820.45513	4814.85170
5000.0	7.0	4980.76840	5075.65648	5074.06286	5067.49946	5063.69419
5250.0	7.0	5324.39400	5352.63384	5329.58704	5319.74545	5320.04632
5500.0	7.0	5672.22506	5630.51166	5588.62337	5575.13668	5578.29590
6000.0	7.0	6297.76215	6168.54361	6088.12170	6064.24493	6071.36076
6500.0	7.0	6845.77493	6695.90449	6592.07821	6559.47447	6571.17526
7000.0	7.0	7327.97874	7202.65923	7082.13396	7039.90772	7051.01489
7500.0	7.0	7771.61018	7718.09801	7588.10037	7538.61295	7547.89967
8000.0	7.0	8181.09383	8244.71987	8110.48078	8048.41899	8050.87106
8500.0	7.0	8566.05589	8788.46681	8652.74127	8576.76089	8558.99827
9000.0	7.0	8933.59597	9352.62372	9215.57673	9115.02165	9072.13071
9500.0	7.0	9292.45186	9927.02550	9782.40002	9654.06822	9568.86270
10000.0	7.0	9644.44714	10503.28422	10343.85798	10170.18385	10041.46014
10500.0	7.0	9966.88310	11032.48477	10835.46632	10610.75460	10432.80052
11000.0	7.0	10232.82690	11486.54244	11224.31674	10935.06815	10722.99521
11500.0	7.0	10450.52682	11870.95383	11527.04520	11177.31444	10937.96026
12000.0	7.0	10727.37170	12289.18177	11877.61180	11477.46788	11215.38654
12500.0	7.0	11037.38653	12665.42055	12210.87211	11779.83180	11498.70236
13000.0	7.0	11363.97707	13032.99927	12534.39359	12082.33630	11795.37007
13500.0	7.0	11711.33069	13409.00255	12881.84117	12407.04344	12120.92771
14000.0	7.0	12052.69238	13757.85844	13204.75322	12707.95496	12419.82163
14500.0	7.0	12411.81199	14131.90143	13545.52663	13031.47191	12748.06632
15000.0	7.0	12758.46442	14472.85231	13862.06688	13334.85641	13045.63131
15500.0	7.0	13105.82565	14812.10065	14179.64143	13636.92429	13348.43096
16000.0	7.0	13473.34383	15174.88711	14519.41523	13967.78946	13673.28693
16500.0	7.0	13840.22067	15535.35270	14866.74947	14296.96254	14003.27744
17000.0	7.0	14194.75691	15870.72155	15176.08281	14600.56817	14303.78385
20000.0	7.0	16439.20344	18021.62496	17222.61395	16569.08129	16272.22408
25000.0	7.0	20580.49161	21984.27807	20967.99016	20171.58238	19871.39752
30000.0	7.0	25908.18542	27003.59005	25765.32181	24816.84240	24537.13133
35000.0	7.0	31543.06838	32314.93731	30941.33698	29952.18893	29835.69304
40000.0	7.0	35841.84982	36446.48721	34988.11459	33962.12363	33969.68072
45000.0	7.0	39326.21606	39837.01505	38303.15043	37254.06619	37388.18230
50000.0	7.0	42505.15548	42950.48086	41347.40813	40284.45292	40503.26936
55000.0	7.0	45396.66064	45776.06195	44132.10831	43046.18125	43395.02913
60000.0	7.0	48062.02315	48415.77051	46714.85225	45630.31283	46068.15375
65000.0	7.0	51263.50854	51546.22914	49807.45602	48702.67061	49209.11123
70000.0	7.0	53899.97460	54184.59868	52385.55329	51228.20568	51847.80403
75000.0	7.0	56462.57094	56749.76966	54881.35838	53746.59525	54482.37442
80000.0	7.0	59006.96503	59308.54602	57403.22882	56246.84338	57053.40016
85000.0	7.0	61483.17688	61774.74376	59818.42368	58643.08289	59557.38136
90000.0	7.0	64027.42957	64293.74785	62283.72496	61129.29492	62110.28597
3750.0	7.5	3699.00663	3978.46910	4080.47163	4075.86519	4037.25145
4000.0	7.5	3875.54856	4138.01529	4225.25621	4225.59101	4202.01779
4250.0	7.5	4091.16679	4327.57787	4396.18847	4396.66425	4381.61286
4500.0	7.5	4349.00354	4554.17946	4603.94641	4602.44064	4593.11787
4750.0	7.5	4628.30093	4803.25601	4835.55385	4832.15595	4826.10391
5000.0	7.5	4942.40137	5073.12731	5085.46608	5080.23092	5077.62446
5250.0	7.5	5270.87351	5351.28221	5344.59427	5337.09338	5337.92454
5500.0	7.5	5610.52312	5623.80613	5595.53209	5585.09273	5587.98233
6000.0	7.5	6268.65487	6165.43935	6098.22901	6078.42075	6086.09604
6500.0	7.5	6844.50820	6692.07962	6593.46363	6564.96288	6576.83033
7000.0	7.5	7354.14515	7204.63600	7089.39691	7054.62676	7069.47114
7500.0	7.5	7816.03796	7711.29411	7587.24220	7547.58818	7562.62640
8000.0	7.5	8241.87618	8222.58535	8099.01390	8052.35234	8063.81867
8500.0	7.5	8645.18469	8744.97439	8628.05783	8573.45684	8571.88202
9000.0	7.5	9027.69809	9275.95422	9165.20589	9095.26669	9071.74153
9500.0	7.5	9408.59258	9829.52647	9728.35964	9636.73993	9581.87845
10000.0	7.5	9783.79127	10388.02197	10287.75096	10172.94536	10075.64015
10500.0	7.5	10134.39244	10913.24861	10803.79484	10644.96823	10507.99598
11000.0	7.5	10463.78270	11403.31029	11266.40136	11063.73875	10883.34088
11500.0	7.5	10745.66654	11832.67789	11656.52169	11401.18289	11179.45136
12000.0	7.5	10973.83646	12197.25488	11966.48552	11662.62388	11413.57309
12500.0	7.5	11214.87852	12570.19345	12269.61630	11914.41135	11646.13601
13000.0	7.5	11508.95515	12951.29274	12607.99981	12208.32689	11918.80650
13500.0	7.5	11832.64437	13321.60013	12938.93611	12515.42410	12216.04720
14000.0	7.5	12167.36806	13681.98376	13269.72193	12820.47289	12517.66912
14500.0	7.5	12519.43273	14053.48300	13607.59039	13143.50156	12836.58721
15000.0	7.5	12865.66770	14405.05987	13936.12340	13453.27070	13140.85174
15500.0	7.5	13216.27186	14756.88694	14259.87505	13762.23582	13449.56633
16000.0	7.5	13572.60520	15111.37951	14589.25560	14068.72300	13762.03067
16500.0	7.5	13930.76295	15463.10229	14917.31688	14386.73658	14070.70950
17000.0	7.5	14289.79064	15809.66800	15250.89563	14701.04080	14390.03846
20000.0	7.5	16554.64226	17980.49435	17314.25803	16689.55104	16373.57772
25000.0	7.5	20738.88957	21976.67736	21094.44408	20332.12832	20005.15141
30000.0	7.5	26086.51766	27002.81083	25892.32491	24986.97297	24698.78897
35000.0	7.5	31657.81114	32270.61986	31011.15037	30050.27781	29919.52025
40000.0	7.5	35883.60427	36334.55530	34981.66559	33987.06850	33970.95413
45000.0	7.5	39311.14320	39672.78100	38225.54198	37183.92364	37261.32742
50000.0	7.5	42330.42432	42618.53287	41110.30734	40053.18136	40232.29646
55000.0	7.5	45132.13142	45365.25147	43792.68533	42712.26220	42981.42702
60000.0	7.5	47796.73074	48002.31322	46343.00642	45230.67478	45616.67095
65000.0	7.5	50628.02938	50788.88668	49083.37328	47948.83357	48395.60655
70000.0	7.5	53093.35782	53236.76361	51438.55489	50328.15717	50884.56834
75000.0	7.5	55463.41059	55588.72290	53762.47036	52599.00889	53257.85985
80000.0	7.5	57930.20382	58065.90382	56164.27739	54980.71646	55703.13523
85000.0	7.5	60263.66985	60332.91011	58430.71614	57227.14948	58050.94044
90000.0	7.5	62654.41399	62735.49982	60781.26008	59595.74628	60481.44614
3750.0	8.0	3717.89316	4014.11843	4131.94217	4124.58235	4074.57293
4000.0	8.0	3887.89416	4171.48091	4275.37125	4274.44699	4245.68239
4250.0	8.0	4089.83019	4352.98102	4438.19904	4439.71484	4421.44468
4500.0	8.0	4331.11981	4566.49262	4632.92312	4632.94053	4620.63382
4750.0	8.0	4607.26006	4808.90521	4856.10248	4854.37359	4848.33674
5000.0	8.0	4912.03492	5072.67439	5099.42338	5095.73620	5093.23736
5250.0	8.0	5225.42608	5346.01784	5354.13269	5347.44697	5347.31011
5500.0	8.0	5554.57604	5622.94008	5611.52720	5603.42464	5606.68710
6000.0	8.0	6224.63256	6166.11355	6111.77132	6098.79935	6107.74678
6500.0	8.0	6836.14248	6697.04479	6607.95249	6586.30113	6601.10567
7000.0	8.0	7371.99877	7208.62740	7096.72894	7069.57323	7085.51647
7500.0	8.0	7855.42004	7709.77514	7587.53374	7557.25184	7574.98183
8000.0	8.0	8297.84960	8207.48542	8085.37965	8049.70853	8068.92415
8500.0	8.0	8715.09346	8711.05994	8599.83222	8562.27415	8571.55049
9000.0	8.0	9113.28757	9222.25844	9126.55613	9080.94804	9072.83822
9500.0	8.0	9506.96931	9748.29325	9672.07715	9617.15705	9586.18158
10000.0	8.0	9899.77544	10285.07001	10225.02364	10153.90246	10092.96633
10500.0	8.0	10281.68206	10812.59948	10759.53467	10665.57884	10563.14558
11000.0	8.0	10646.90547	11308.58170	11257.15950	11131.78842	10990.19956
11500.0	8.0	10989.87704	11767.81921	11704.04998	11543.24612	11361.63790
12000.0	8.0	11292.19091	12182.10138	12094.83642	11884.45935	11670.29822
12500.0	8.0	11534.11325	12528.98332	12404.63444	12152.04616	11910.60044
13000.0	8.0	11760.49262	12856.22652	12689.02126	12385.14132	12128.45434
13500.0	8.0	12028.43214	13218.48782	13000.37640	12655.44922	12378.66815
14000.0	8.0	12333.85082	13593.37572	13338.58796	12958.12664	12657.54175
14500.0	8.0	12665.04336	13958.92405	13676.73718	13269.21681	12960.13033
15000.0	8.0	13001.07800	14311.91589	14000.74908	13569.56373	13252.87781
15500.0	8.0	13347.92857	14671.69357	14333.72317	13884.32923	13560.11405
16000.0	8.0	13703.40143	15030.43159	14660.45866	14202.64339	13877.15801
16500.0	8.0	14063.32353	15385.79516	14998.60570	14518.25258	14189.48987
17000.0	8.0	14423.84868	15742.96128	15335.79649	14836.78971	14512.87241
20000.0	8.0	16688.43485	17922.07499	17397.32050	16812.66621	16486.88724
25000.0	8.0	20914.56574	21932.82071	21206.59684	20480.86365	20151.15727
30000.0	8.0	26322.04067	27009.30569	26058.34398	25197.83786	24905.32890
35000.0	8.0	31784.82180	32204.68520	31074.43902	30165.88960	30020.43457
40000.0	8.0	35904.59266	36179.45966	34949.96189	33966.30349	33924.10456
45000.0	8.0	39287.89741	39468.89480	38134.34397	37126.61609	37204.15293
50000.0	8.0	42244.14289	42359.16801	40943.11448	39895.25146	40037.99309
55000.0	8.0	44969.25413	45040.74259	43535.55658	42461.25648	42720.49336
60000.0	8.0	47531.92295	47589.02671	46001.27421	44894.10345	45231.33912
65000.0	8.0	50543.40357	50509.11437	48886.75610	47766.36897	48169.18274
70000.0	8.0	52899.19458	52865.90575	51152.95411	50017.11527	50517.66095
75000.0	8.0	55253.32821	55198.04780	53419.47823	52266.98042	52866.20166
80000.0	8.0	57571.78754	57508.40483	55651.10116	54477.00817	55128.31491
85000.0	8.0	59826.65029	59776.19342	57875.20192	56676.98213	57423.09282
90000.0	8.0	62081.88669	61984.45888	60031.47128	58850.72642	59645.40085
3750.0	8.5	3737.48280	4046.89353	4181.93657	4169.63918	4104.49970
4000.0	8.5	3899.94487	4202.62156	4323.35181	4320.77595	4283.26192
4250.0	8.5	4093.63799	4380.46818	4484.91304	4485.49295	4463.39223
4500.0	8.5	4323.16424	4585.56834	4669.56916	4670.48301	4656.36821
4750.0	8.5	4585.74974	4817.58099	4881.53932	4881.18484	4873.08438
5000.0	8.5	4886.01471	5076.19214	5119.33760	5115.72756	5112.39704
5250.0	8.5	5189.43181	5343.80788	5368.58963	5363.38181	5363.06919
5500.0	8.5	5505.76218	5619.35536	5623.76988	5616.83972	5621.16577
6000.0	8.5	6169.41622	6168.57283	6131.43206	6122.07675	6132.27968
6500.0	8.5	6811.46981	6703.09834	6625.98133	6612.17000	6626.46474
7000.0	8.5	7381.10749	7219.10407	7112.43379	7092.23150	7111.01187
7500.0	8.5	7889.05544	7718.64163	7595.90478	7571.35188	7595.34439
8000.0	8.5	8353.78967	8210.84677	8085.61817	8063.01144	8085.01350
8500.0	8.5	8785.22745	8698.46622	8585.34290	8562.37745	8579.76903
9000.0	8.5	9197.79165	9193.05245	9097.70556	9073.72855	9081.22628
9500.0	8.5	9601.08579	9695.33589	9625.17442	9599.22799	9588.28466
10000.0	8.5	10003.74210	10208.99409	10166.71592	10134.88867	10100.05115
10500.0	8.5	10403.13335	10722.43922	10708.27089	10659.06297	10596.85719
11000.0	8.5	10794.59236	11222.09192	11221.71701	11158.12079	11058.91851
11500.0	8.5	11165.68048	11685.42298	11695.45565	11606.04968	11469.37834
12000.0	8.5	11521.86676	12121.80401	12129.80545	12016.19656	11846.42086
12500.0	8.5	11853.39925	12529.20148	12527.52493	12374.29419	12182.82902
13000.0	8.5	12137.56940	12889.80992	12867.26538	12676.11346	12458.66552
13500.0	8.5	12372.53350	13197.24794	13150.59332	12920.74444	12676.64919
14000.0	8.5	12607.63690	13502.87708	13424.92747	13157.69688	12896.63318
14500.0	8.5	12886.06351	13850.35967	13739.01464	13422.41751	13145.26826
15000.0	8.5	13197.17144	14215.01202	14073.56144	13730.70424	13425.68824
15500.0	8.5	13528.79666	14574.51700	14406.02739	14031.30582	13720.94329
16000.0	8.5	13878.41070	14945.82461	14746.73106	14354.22953	14033.60928
16500.0	8.5	14228.09481	15297.94627	15081.98048	14668.55332	14336.42502
17000.0	8.5	14586.56998	15657.58342	15413.25687	14983.28513	14646.89421
20000.0	8.5	16857.63895	17860.15600	17493.94799	16979.56572	16636.77663
25000.0	8.5	21134.71847	21897.85053	21339.54840	20679.33308	20334.24320
30000.0	8.5	26574.91644	27017.30046	26226.20030	25431.00314	25133.17351
35000.0	8.5	31948.53711	32141.44332	31161.96609	30306.80419	30146.94638
40000.0	8.5	36007.27965	36070.30109	34963.54325	34038.83865	33975.64616
45000.0	8.5	39318.80020	39304.26045	38079.76925	37107.54466	37158.32268
50000.0	8.5	42213.76941	42135.97273	40808.21609	39823.95391	39935.46289
55000.0	8.5	44889.26847	44782.19721	43369.71278	42337.97796	42559.65162
60000.0	8.5	47410.49115	47272.58768	45783.91220	44719.48018	45015.14293
65000.0	8.5	50321.99116	50113.44427	48557.35785	47452.11610	47843.28925
70000.0	8.5	52645.84384	52427.72597	50786.40874	49666.79281	50117.54193
75000.0	8.5	54909.08941	54691.19425	52988.38849	51852.05780	52353.00791
80000.0	8.5	57117.93588	56883.61025	55105.27516	53947.04244	54536.78464
85000.0	8.5	59334.65872	59108.61242	57246.43841	56065.22061	56698.72277
90000.0	8.5	61462.54360	61218.17859	59305.77217	58096.10885	58817.78982
3750.0	9.0	3757.04130	4080.21305	4232.33574	4211.29572	4127.92108
4000.0	9.0	3913.47532	4232.34983	4372.75652	4367.65421	4316.93782
4250.0	9.0	4098.95081	4407.49403	4532.32382	4532.30228	4502.80344
4500.0	9.0	4317.89522	4606.75911	4711.84616	4712.76715	4695.11318
4750.0	9.0	4570.40570	4830.74720	4913.97513	4913.91624	4903.59208
5000.0	9.0	4862.92562	5080.62656	5141.40442	5139.13424	5135.50117
5250.0	9.0	5156.94106	5343.94418	5385.77717	5380.97701	5380.56210
5500.0	9.0	5466.68267	5618.26463	5640.22738	5633.46043	5637.47424
6000.0	9.0	6111.87040	6172.26593	6151.95962	6143.69178	6156.48858
6500.0	9.0	6770.30911	6712.02363	6649.83126	6640.54453	6659.16964
7000.0	9.0	7375.79519	7232.86360	7132.83937	7121.22319	7143.86721
7500.0	9.0	7915.43191	7734.63423	7613.18550	7598.76579	7622.57584
8000.0	9.0	8403.05645	8221.21416	8091.97184	8080.33800	8106.07029
8500.0	9.0	8855.62735	8703.71091	8581.00008	8571.31212	8594.05500
9000.0	9.0	9283.44867	9182.67983	9081.46919	9073.39367	9089.11425
9500.0	9.0	9695.03822	9665.12058	9587.68884	9583.59428	9592.13024
10000.0	9.0	10103.17433	10154.91237	10114.64912	10113.87560	10099.03405
10500.0	9.0	10514.19311	10653.78708	10648.86246	10642.00669	10607.50523
11000.0	9.0	10923.36247	11148.43784	11176.34372	11161.61802	11101.07477
11500.0	9.0	11317.32887	11619.84634	11674.91316	11648.38082	11557.59722
12000.0	9.0	11698.20746	12061.98429	12127.68289	12084.64352	11967.49591
12500.0	9.0	12065.76446	12484.11257	12555.93156	12490.16757	12347.71447
13000.0	9.0	12422.80219	12886.46501	12962.12238	12869.02581	12705.11260
13500.0	9.0	12750.49841	13268.20545	13334.57961	13213.92934	13020.49047
14000.0	9.0	13027.62617	13591.70695	13646.25040	13490.70313	13278.52713
14500.0	9.0	13264.75230	13872.01324	13912.06231	13726.97626	13498.11985
15000.0	9.0	13514.36880	14169.08034	14193.24453	13969.42447	13722.98174
15500.0	9.0	13795.32004	14499.95757	14498.08078	14241.48268	13969.64658
16000.0	9.0	14106.51856	14851.92845	14825.27769	14530.53697	14240.60174
16500.0	9.0	14438.99695	15205.52593	15151.47094	14835.44344	14528.47090
17000.0	9.0	14786.70771	15564.50811	15496.54335	15152.66650	14830.64587
20000.0	9.0	17060.53091	17791.32094	17600.85008	17161.85953	16811.63439
25000.0	9.0	21370.85390	21866.99473	21464.33018	20885.94344	20527.68789
30000.0	9.0	26868.21620	27039.38678	26392.33265	25682.66192	25381.60153
35000.0	9.0	32128.68501	32096.30436	31243.28526	30465.26270	30290.86839
40000.0	9.0	36086.07000	35932.87577	34944.37261	34080.95884	34022.47723
45000.0	9.0	39341.20745	39129.91589	38008.74394	37104.17808	37125.11004
50000.0	9.0	42211.88178	41945.58972	40729.91855	39790.81328	39902.25309
55000.0	9.0	44855.99319	44539.45960	43220.13266	42232.46839	42419.28396
60000.0	9.0	47282.59280	46950.59166	45556.48306	44538.80628	44792.86304
65000.0	9.0	50144.08306	49771.30146	48272.95285	47254.60290	47565.49949
70000.0	9.0	52447.00435	52058.83659	50477.84843	49412.78776	49815.03707
75000.0	9.0	54652.41989	54253.74495	52614.91593	51494.84485	51984.15204
80000.0	9.0	56800.16261	56411.67606	54662.14226	53562.45396	54095.93415
85000.0	9.0	58945.29015	58511.91290	56722.27847	55557.56592	56173.08479
90000.0	9.0	61034.56515	60621.63953	58737.87152	57547.04254	58249.68364
