Teff	log(g)	T_BB_us	T_BB_gs	T_BB_rs	T_BB_is	T_BB_zs
3750.0	7.0	3787.7307804881416	4021.833359782532	4045.7645478329337	4047.4940742911504	4007.8637829927447
4000.0	7.0	3983.109716209377	4184.79555216351	4192.704346168514	4197.366520059363	4171.137436332204
4250.0	7.0	4222.368946279566	4388.743006124424	4378.564014062002	4382.417303492537	4361.739248177481
4500.0	7.0	4491.726433231969	4623.817797185184	4597.645448249281	4598.797439661107	4581.3755510634055
4750.0	7.0	4786.7246498566265	4881.9666197839215	4839.9526091316175	4838.33188009271	4824.5980004531375
5000.0	7.0	5114.001781600529	5150.685141398498	5088.947080855074	5082.788767398327	5071.55105148134
5250.0	7.0	5452.172554957306	5424.599364815132	5343.204847055007	5333.0407842271625	5323.941132580925
5500.0	7.0	5788.097700129588	5700.788121144017	5600.626560410167	5585.740408806533	5580.82383827647
6000.0	7.0	6394.842501551648	6234.191151962864	6098.9331006571465	6068.864388456409	6066.231766896001
6500.0	7.0	6934.543744749586	6756.89475548403	6601.374556908598	6557.941981930835	6558.348453144983
7000.0	7.0	7412.061466633426	7259.018738118008	7087.788562651418	7032.366391931576	7031.608736437428
7500.0	7.0	7851.89939413838	7771.155167609495	7591.466835819695	7521.044134019698	7520.5425030416845
8000.0	7.0	8258.740645473894	8294.869163436526	8108.808902976067	8024.295328316476	8010.965432721982
8500.0	7.0	8640.76556864409	8836.828672144235	8650.670902660118	8538.261898707846	8507.221047372714
9000.0	7.0	9006.402738157558	9395.74356794311	9207.104334773087	9066.667068923382	9007.438161761629
9500.0	7.0	9361.860772615886	9966.39796619312	9773.600744255142	9587.160832112297	9489.766870372101
10000.0	7.0	9707.707152595674	10543.879808714017	10331.613056630633	10090.236615099291	9950.98829203285
10500.0	7.0	10025.387582325699	11068.082138925905	10815.98258501869	10512.368219269987	10331.20836277269
11000.0	7.0	10285.480199091986	11513.057723941485	11201.032667435875	10831.704363415907	10611.191166089782
11500.0	7.0	10499.341292946423	11891.561932073484	11500.613312874862	11064.22064675096	10816.763352100967
12000.0	7.0	10770.566013634123	12302.8138753307	11847.188683452297	11348.920538275765	11089.282021886449
12500.0	7.0	11074.897131008747	12672.132191865594	12178.381299478771	11640.74438038777	11368.235285291905
13000.0	7.0	11395.29239225081	13026.862763244071	12498.740695991135	11938.332119356968	11654.557358262611
13500.0	7.0	11736.063406531308	13394.265202434883	12843.803498201441	12251.873891410674	11974.978525678307
14000.0	7.0	12065.847979555465	13734.342622361333	13158.181667150866	12547.53523574736	12262.45420503938
14500.0	7.0	12415.465314931349	14088.294736754759	13495.937668702309	12865.454553382862	12585.28028598995
15000.0	7.0	12751.485824185034	14418.455047972528	13809.157751829238	13162.767955643554	12878.119732665407
15500.0	7.0	13090.360039680081	14747.498413134086	14123.94575100031	13453.108201052522	13168.827437067439
16000.0	7.0	13440.645355076253	15098.607055171595	14460.45719523118	13777.586867373937	13487.834109908257
16500.0	7.0	13796.366272335532	15446.872738545642	14804.310838341185	14093.94690177471	13811.599846446901
17000.0	7.0	14134.873928582734	15769.754178558034	15110.414529962462	14390.958565025237	14099.022792672286
20000.0	7.0	16276.680710261424	17847.6372432867	17126.885461471407	16302.963183326012	16010.056166242397
25000.0	7.0	20202.150664693185	21650.68760861692	20828.454869647332	19802.14820165369	19505.75673590122
30000.0	7.0	25241.436295258474	26443.034989455602	25549.940799530184	24320.026811618583	24043.56032421156
35000.0	7.0	30561.514325064545	31487.140277137143	30653.024943383323	29325.04624211619	29190.17168152907
40000.0	7.0	34605.06853103981	35427.175663968825	34641.79919733721	33230.47393124051	33214.88714384315
45000.0	7.0	37888.29032909633	38651.55079984958	37908.96802261562	36407.86572351773	36516.51362792621
50000.0	7.0	40866.31582814221	41600.12033048051	40880.52690374454	39358.68200989925	39546.28442451734
55000.0	7.0	43585.89957999012	44296.55422471148	43620.97914377341	42043.943286855974	42358.485618271836
60000.0	7.0	46085.1135490093	46788.50966941611	46198.02807338091	44557.55689729428	44958.9739156495
65000.0	7.0	49083.007063133846	49772.9210713158	49204.574156907045	47505.49436400456	48005.88668830619
70000.0	7.0	51546.36589762287	52248.23121629095	51743.03090015929	49995.264742198146	50571.90597661921
75000.0	7.0	53967.6649110951	54691.20712011429	54237.67756162028	52447.25304941905	53130.13986896445
80000.0	7.0	56369.040486657555	57088.830223919875	56677.51054124115	54837.03506900378	55632.565530548294
85000.0	7.0	58668.32020761308	59434.019357667436	59055.47629772824	57204.57254605635	58067.14235890797
90000.0	7.0	61027.225626885076	61829.88914423049	61481.33713081567	59577.92056354468	60545.6997166152
3750.0	7.5	3812.045495769179	4061.5477816078387	4097.840757847654	4096.4975006152845	4048.284869578565
4000.0	7.5	3994.133792235887	4220.569578675611	4242.235121822325	4246.012792839029	4214.487373602192
4250.0	7.5	4214.0254616887105	4408.420665343341	4412.730985334816	4416.36086169871	4394.0030436756415
4500.0	7.5	4476.970135773983	4633.758990557895	4619.750357740341	4622.368029361269	4604.286237192005
4750.0	7.5	4761.37037283997	4881.463220817376	4850.653249168267	4850.119143086052	4835.906901541392
5000.0	7.5	5078.947224497345	5149.735346184171	5100.414707809888	5095.691791314084	5084.171629272948
5250.0	7.5	5406.432733642627	5425.008016999686	5358.316280434153	5350.68117138819	5341.934488027375
5500.0	7.5	5738.3769733601675	5694.961432730839	5607.607823305327	5595.904829575088	5588.89646492367
6000.0	7.5	6373.602047808968	6232.225212179725	6108.991558543542	6083.393492730536	6081.05484387164
6500.0	7.5	6934.97241785259	6753.02146954498	6602.6625412916355	6565.397198093753	6566.506233426635
7000.0	7.5	7437.47040919985	7261.027881543501	7094.902038424606	7044.949901477154	7049.879378954109
7500.0	7.5	7892.023848792464	7762.465030830935	7590.595378916749	7532.677350876971	7535.198626096605
8000.0	7.5	8313.085832659697	8270.677154689474	8097.458991493169	8028.215469320671	8023.8307280739255
8500.0	7.5	8709.5789657547	8790.93959597053	8623.193749485998	8538.436422062983	8520.35376859188
9000.0	7.5	9085.402575733115	9321.607595042522	9160.246253873618	9047.241929736165	9007.643348063448
9500.0	7.5	9457.656821076254	9871.68765714194	9716.393348381285	9577.953695500617	9503.255973755737
10000.0	7.5	9823.799511867539	10428.831646144437	10276.107181088146	10097.58620656578	9986.000595187057
10500.0	7.5	10163.464740827501	10952.376205870778	10784.933770122196	10555.754035830983	10402.28635624637
11000.0	7.5	10482.779495744437	11437.481730313286	11248.12986218042	10960.314403774833	10761.340330549823
11500.0	7.5	10755.29466482265	11865.178248863005	11630.142408519503	11287.406014230932	11051.444646038917
12000.0	7.5	10975.675668623697	12224.396436245826	11936.68549507777	11533.651953703407	11280.595205205007
12500.0	7.5	11211.671097380837	12586.642728507324	12241.30625822952	11780.460322218138	11502.480179824672
13000.0	7.5	11494.734395489113	12960.189227456212	12571.243941757642	12062.724001353665	11769.817766331918
13500.0	7.5	11807.833116010588	13317.875431956802	12899.883147750772	12358.518792518811	12055.6504567903
14000.0	7.5	12130.966078867554	13669.368807696052	13222.116779487864	12658.407971738248	12351.17157531481
14500.0	7.5	12474.17966066582	14032.042291663949	13562.866100530353	12975.462372826285	12664.734614304543
15000.0	7.5	12807.170534635292	14374.503467488728	13881.95520175174	13273.343826251861	12956.654794730151
15500.0	7.5	13146.402388338878	14710.2966302167	14209.543108400097	13576.481464162971	13259.587101537823
16000.0	7.5	13490.423529153115	15054.123473704312	14528.728728787435	13877.604820410961	13565.926093661994
16500.0	7.5	13835.429539404733	15388.076511710815	14853.581421868337	14181.941362395728	13869.103596265912
17000.0	7.5	14184.293598119633	15728.94691334592	15184.292541062758	14489.852953742678	14174.333555982974
20000.0	7.5	16348.660428118455	17823.41398985815	17216.9941865244	16420.745493303297	16107.698526313245
25000.0	7.5	20318.990345744274	21654.16810447334	20951.63175236409	19959.024755744882	19635.052638596357
30000.0	7.5	25381.801774893076	26457.91943184077	25674.83874238155	24485.211507138738	24184.44975265427
35000.0	7.5	30641.226238724885	31464.334692263896	30721.379719715605	29421.997204532236	29249.88200804414
40000.0	7.5	34646.81636348187	35321.533520827565	34636.830605495124	33232.37968377482	33193.17246247771
45000.0	7.5	37854.60680891	38492.87350204563	37807.87548989402	36341.068238808104	36420.313551098465
50000.0	7.5	40700.997953857164	41283.84988946158	40647.11362325615	39131.32154058798	39282.31165648824
55000.0	7.5	43333.80526044757	43905.50550897595	43285.34909274175	41688.180962856146	41954.182499606584
60000.0	7.5	45806.40529723187	46363.122640731606	45796.51514088603	44168.08476098593	44552.94243637282
65000.0	7.5	48482.92820899224	49017.61893100102	48494.27108755626	46809.79150176615	47217.86686585899
70000.0	7.5	50782.27613597543	51348.96260602197	50846.737853413004	49086.9134841345	49633.68114714213
75000.0	7.5	53020.09210812056	53587.59460897459	53136.50308308384	51330.88201317905	51940.373094157694
80000.0	7.5	55316.3175874899	55909.23976230125	55460.86626534984	53647.24263801014	54323.022244912594
85000.0	7.5	57478.21014218474	58064.6923811628	57690.07701218227	55829.14382713157	56604.546751447284
90000.0	7.5	59732.0418718353	60344.449493838554	60001.891431580174	58089.33507543768	58967.35699126614
3750.0	8.0	3832.2470727909313	4098.772689366933	4149.485031583984	4143.581215133324	4083.341593633109
4000.0	8.0	4008.0776192004496	4255.516295187932	4291.724701532473	4294.619539091879	4256.549382766104
4250.0	8.0	4215.074965362465	4435.668373824742	4454.771214576962	4458.865550952899	4433.02830298368
4500.0	8.0	4461.595111335439	4647.647611670575	4648.762595648884	4651.125845262848	4631.915774248244
4750.0	8.0	4742.071024566652	4888.719108000761	4872.080469905208	4871.451163476796	4856.8277995532235
5000.0	8.0	5050.275263886647	5150.832736193737	5114.3407957405325	5111.399108830158	5099.7433830198015
5250.0	8.0	5365.365346977998	5421.414173806535	5367.811965017096	5361.137038388891	5351.40695979025
5500.0	8.0	5692.152783926183	5696.010978580791	5623.45954459936	5614.371709462482	5607.770777199439
6000.0	8.0	6341.536321200387	6232.829991244405	6122.586252189314	6103.921947185062	6102.966649045148
6500.0	8.0	6933.418046547642	6759.475651614396	6617.154667758103	6585.001368721985	6588.659038670032
7000.0	8.0	7457.949767759439	7265.014021746931	7102.325189999652	7059.9039026751425	7066.105672214039
7500.0	8.0	7932.412968194924	7762.740507423678	7590.7639083182285	7542.455962882568	7547.6804785476215
8000.0	8.0	8365.972584913266	8255.59166388733	8086.268607660631	8025.799170254983	8029.025181937454
8500.0	8.0	8775.27175402466	8757.118233409516	8598.069883754739	8527.231394267214	8520.16198104123
9000.0	8.0	9164.031727008842	9265.659290789845	9118.587156962496	9036.802454052853	9012.936349145359
9500.0	8.0	9549.672642285997	9790.560754364522	9663.881378699203	9558.278441039967	9508.4964905085
10000.0	8.0	9929.93334654108	10326.286625460187	10213.555470780071	10082.626340480801	9999.240944314255
10500.0	8.0	10298.566280159077	10849.053589761616	10744.776938949124	10576.300010463308	10458.093230786042
11000.0	8.0	10650.733340773928	11346.819660732304	11239.038808651307	11032.799985840138	10868.257733974982
11500.0	8.0	10981.51634992433	11800.213915047607	11682.292956335174	11428.56974235978	11233.580550895622
12000.0	8.0	11272.035357448707	12208.501537276132	12069.752044803585	11759.488370653595	11530.63670950824
12500.0	8.0	11503.981743580842	12549.922329554456	12376.286129010454	12016.386645923089	11759.445324532668
13000.0	8.0	11722.346720160098	12875.000147906263	12652.447853186826	12244.884408099957	11972.477902847777
13500.0	8.0	11975.594630074218	13230.813489259053	12965.85727566738	12509.371357622915	12210.241076741364
14000.0	8.0	12272.46322362014	13592.463820503668	13295.308888388072	12794.758759928174	12483.527721421087
14500.0	8.0	12591.788323745315	13949.653976995249	13630.253022882896	13099.605839193608	12780.177536395606
15000.0	8.0	12912.163564062235	14293.491486755365	13951.987829741744	13394.376166639746	13067.102926149337
15500.0	8.0	13249.764044492917	14643.716839256063	14281.89393398151	13696.613324410344	13368.194239600873
16000.0	8.0	13591.256101314471	14986.552976427296	14605.4636726616	14001.927476690238	13671.787192082547
16500.0	8.0	13936.288309811789	15337.136067390698	14941.056268794664	14311.301864081006	13977.849535967443
17000.0	8.0	14285.069025061202	15676.772496760694	15267.242294811316	14623.413228983462	14286.822254746952
20000.0	8.0	16449.713699129232	17774.309148101416	17307.079697140907	16550.56097247534	16208.775299893905
25000.0	8.0	20467.87523181794	21633.38876765712	21062.189688987237	20116.7804630741	19764.723371748187
30000.0	8.0	25574.713146474765	26478.30599012297	25838.009439564714	24692.59247906915	24386.3122240209
35000.0	8.0	30763.477297838817	31399.20807103765	30805.06234720918	29513.53915697778	29347.628703693346
40000.0	8.0	34650.49417415324	35172.20019766875	34603.368309396035	33210.00846079431	33172.23224243373
45000.0	8.0	37832.12747610962	38323.35436383211	37742.19931009168	36287.86172303369	36335.92719887946
50000.0	8.0	40594.927012053544	41037.70816118001	40481.43975235785	38977.724970372525	39122.741445193504
55000.0	8.0	43154.54268599127	43599.15228034507	43064.41298783747	41474.60804972985	41702.56841194622
60000.0	8.0	45555.01566146597	45968.24869272489	45459.29396703222	43841.954729420744	44143.96715559934
65000.0	8.0	48377.408421410044	48783.49821931673	48298.378512408606	46597.95116057001	46997.16929059785
70000.0	8.0	50602.788189631974	50993.57504399834	50564.77453232937	48822.23354869261	49279.57605726513
75000.0	8.0	52794.01669550498	53215.03905109565	52797.063012998486	50969.81889847729	51519.96222133571
80000.0	8.0	54944.297442155905	55375.39831424606	54995.80463094532	53118.20778381997	53762.64839932822
85000.0	8.0	57108.25352531208	57532.73780082414	57141.62426490059	55252.72453240138	55946.0512936769
90000.0	8.0	59198.25243064764	59633.422749057354	59308.05377433429	57364.75906547309	58150.81718989657
3750.0	8.5	3853.1845815290117	4133.580321282104	4198.789871292179	4187.019460098123	4110.870553672834
4000.0	8.5	4021.3245106420063	4288.076042382185	4340.471441768463	4339.953565022413	4292.461837076965
4250.0	8.5	4221.165067635275	4465.081238975098	4500.746355022713	4504.341925409165	4472.963395865771
4500.0	8.5	4455.839625841528	4668.509242011876	4685.423732126025	4689.022411027578	4666.65931846787
4750.0	8.5	4722.730238460236	4898.992900409345	4897.546341631714	4898.376894368755	4881.732607265994
5000.0	8.5	5026.66022860343	5155.221536747136	5133.325035397734	5131.4412378761	5118.905426438284
5250.0	8.5	5332.60916308443	5420.9617720203305	5382.196776698187	5375.675371007556	5367.178155942572
5500.0	8.5	5649.145922667842	5694.392250069731	5637.036901119383	5627.931449273175	5622.312884644945
6000.0	8.5	6299.858394361082	6237.647015689608	6142.224532531217	6127.452026589489	6127.803269916365
6500.0	8.5	6918.463557076738	6765.418968466368	6635.342777118211	6611.239628682076	6614.242118434651
7000.0	8.5	7471.857113278346	7275.555336887285	7117.976018086822	7085.160988088655	7091.597155375468
7500.0	8.5	7967.964419425605	7769.871734568687	7599.174601136379	7556.747789721587	7565.112259014905
8000.0	8.5	8421.342570769642	8258.807457574598	8086.5416475573575	8039.078030497009	8048.174172721106
8500.0	8.5	8845.25475075346	8744.512087792675	8583.60205265215	8527.591879896852	8528.730104110526
9000.0	8.5	9246.961521187894	9233.742189250785	9093.082973294737	9029.451807917383	9017.35552829959
9500.0	8.5	9638.494130424267	9735.070280070626	9617.244209536133	9540.929728678813	9515.092343113984
10000.0	8.5	10031.185915383438	10247.30052815943	10155.379512594027	10068.301935279402	10011.775278653631
10500.0	8.5	10418.040584558612	10758.882423830586	10693.502617363116	10579.143323830118	10492.215856557516
11000.0	8.5	10794.240653210705	11256.95249945622	11203.757215096095	11063.55822369388	10937.086265720645
11500.0	8.5	11153.121285414418	11714.201868970347	11673.92341185652	11496.35815748178	11341.281250845816
12000.0	8.5	11498.11509831918	12148.875259099646	12105.069912102508	11895.440668064635	11705.645581772013
12500.0	8.5	11813.379932856396	12554.060180209046	12499.376582802432	12242.379685354617	12029.703807265365
13000.0	8.5	12085.67603069139	12907.88177137305	12835.76751786207	12533.160052749643	12293.465849243972
13500.0	8.5	12307.99307771512	13208.592761754628	13116.053979682976	12766.789036983017	12512.721016285896
14000.0	8.5	12533.242291592562	13512.870129257926	13387.140951804819	12999.11918079337	12721.612308332022
14500.0	8.5	12796.972050551029	13852.162535509377	13692.256310776676	13258.613297148122	12957.617376438657
15000.0	8.5	13092.799397983921	14208.587782046565	14029.588648271318	13547.49206068796	13231.392873672825
15500.0	8.5	13409.102925095374	14559.130739317685	14359.089026548958	13848.827135631142	13520.122323353045
16000.0	8.5	13742.915135760557	14914.926524429728	14697.268778580827	14158.481342441975	13818.722576356226
16500.0	8.5	14080.026662669969	15263.066735677845	15022.678353572797	14459.936525263274	14122.803824699686
17000.0	8.5	14421.588773287629	15605.259927688387	15351.206818458411	14768.018351364342	14419.111578330007
20000.0	8.5	16594.742902350492	17729.29201705207	17411.345194806516	16705.620226246287	16356.536135456847
25000.0	8.5	20656.630479210242	21610.556286472518	21204.870826638205	20298.344128294037	19945.212494593725
30000.0	8.5	25805.9876805797	26487.248403567624	26018.654436435114	24919.676511084097	24609.72855097385
35000.0	8.5	30906.402245274283	31357.701069636405	30889.47843259878	29651.10687680847	29471.86822944599
40000.0	8.5	34728.95309521808	35088.09675856354	34616.18639823973	33280.538010448785	33222.846995819586
45000.0	8.5	37840.28774848778	38141.5331866325	37686.54844165067	36269.55793806466	36292.780577771344
50000.0	8.5	40565.0900777916	40847.85671787238	40373.97892683707	38883.34456077726	39024.614978793514
55000.0	8.5	43080.45675603223	43348.90288374895	42900.44510246948	41325.67462787238	41547.949411967486
60000.0	8.5	45440.535618358845	45695.63446177024	45245.343314412894	43640.38911852209	43934.198950618054
65000.0	8.5	48170.47522100453	48402.16109811166	48008.880071146035	46328.20515942198	46681.21136619017
70000.0	8.5	50365.724671732045	50576.4105906423	50204.60945689855	48481.07377600214	48889.00499716175
75000.0	8.5	52469.67233192943	52734.43260578053	52333.54673816382	50567.674128297454	51065.779574445405
80000.0	8.5	54555.8888675566	54819.4175651816	54458.48938145061	52603.25285069252	53188.82579049187
85000.0	8.5	56612.56763148086	56895.30815269292	56563.80351226689	54659.05864659276	55286.96730148634
90000.0	8.5	58576.89293445876	58904.60728527688	58550.92875880559	56631.574631729985	57347.9880147017
3750.0	9.0	3874.4302026881915	4167.897443062681	4248.581848296049	4227.906895285984	4129.887650671952
4000.0	9.0	4036.116522624328	4319.79074065583	4389.201959147111	4385.6981546439965	4323.554987926002
4250.0	9.0	4228.047375112319	4494.03855134077	4548.128406576278	4550.661250901056	4511.5939712783775
4500.0	9.0	4452.436420747558	4691.510426689678	4727.792943700378	4730.7402339225655	4704.306597164686
4750.0	9.0	4709.9096562322175	4913.8210741388475	4928.930507092279	4930.408704010014	4912.222448720902
5000.0	9.0	5006.00720700339	5161.3609999822065	5155.266905295612	5155.142080650845	5140.786107625048
5250.0	9.0	5303.33811647869	5422.819876505667	5399.433784014379	5393.483271415119	5384.7608396955975
5500.0	9.0	5614.515157947954	5694.217804232872	5653.6306202151845	5644.680633902624	5638.806897229291
6000.0	9.0	6254.668490179176	6242.581548778317	6162.833597866292	6149.366884357372	6149.878671311495
6500.0	9.0	6890.94017119405	6775.774820747046	6659.109738691114	6640.005028107325	6644.719218868167
7000.0	9.0	7473.519749537488	7289.307149090413	7140.288893695861	7114.366685579021	7122.002403294924
7500.0	9.0	7997.2827006784255	7785.802392361564	7616.515104188267	7584.221604890928	7595.087940051532
8000.0	9.0	8473.080912068017	8269.114765473978	8095.120161425293	8056.497381666555	8065.890642879273
8500.0	9.0	8914.93946784048	8745.100826816799	8579.130545446544	8536.542858983736	8546.538247694367
9000.0	9.0	9330.081400699637	9223.282846469556	9076.617822014663	9029.197731046683	9029.292139600038
9500.0	9.0	9732.094509609875	9701.969054157837	9582.918550756984	9533.101818287829	9519.127111556387
10000.0	9.0	10130.381177828278	10190.283108034897	10103.596806476557	10047.357477599597	10015.60829426779
10500.0	9.0	10526.852879878348	10687.295928668405	10634.082601593458	10566.979628543751	10508.459661559507
11000.0	9.0	10923.645329292287	11179.576252147262	11158.44026924502	11072.26544218511	10984.490910215862
11500.0	9.0	11305.817441636082	11648.965643374531	11653.242025758502	11543.78341842454	11429.385190032892
12000.0	9.0	11672.541502729706	12084.710521103443	12107.695550291413	11968.96438228236	11826.640803166765
12500.0	9.0	12027.358985907738	12499.52597380323	12532.679833024013	12363.178880335903	12193.949984380783
13000.0	9.0	12366.30572011494	12899.649273610936	12930.584447462441	12730.11947059123	12537.87017529274
13500.0	9.0	12681.196700703686	13273.871261575994	13299.901619322405	13063.189370748549	12846.108535317362
14000.0	9.0	12943.74044383577	13595.284498566736	13608.024510100155	13335.429013980836	13098.784894029961
14500.0	9.0	13170.405165412727	13873.231106154051	13870.994306726532	13559.930066059836	13306.914118930767
15000.0	9.0	13407.835182019991	14162.877946657272	14149.177210692493	13798.165334580366	13525.802643069128
15500.0	9.0	13671.753773377764	14485.407771356784	14450.559689490237	14057.783942114698	13767.17386634048
16000.0	9.0	13964.421994003824	14827.537153282035	14774.318099939948	14341.355947125854	14031.685683847008
16500.0	9.0	14278.071624172684	15171.202984481954	15097.429650723408	14632.244635220875	14305.163003046147
17000.0	9.0	14606.640427422342	15526.039091729233	15439.823222740353	14943.443741473413	14600.712042847526
20000.0	9.0	16776.17196034432	17669.99442918615	17516.642915058805	16885.411634231645	16529.20340114578
25000.0	9.0	20869.41265087278	21580.037033661385	21327.588162998967	20501.37139127063	20134.741437742214
30000.0	9.0	26077.9486452235	26507.348125182205	26196.782688147374	25165.55078612556	24852.93159208484
35000.0	9.0	31062.39247773424	31313.72351277372	30968.065105422902	29804.573862026828	29614.395419985107
40000.0	9.0	34804.04993629971	34958.285360711394	34596.397261468206	33348.01965005462	33243.5182891703
45000.0	9.0	37861.911024427514	37974.060919546246	37615.16023850357	36265.69321481143	36262.361829833964
50000.0	9.0	40564.55722784097	40665.755393850784	40297.5377515164	38850.921944394846	38962.32628321931
55000.0	9.0	43022.377379851576	43117.37559468905	42751.47693654341	41254.40418111556	41410.138678621624
60000.0	9.0	45319.11245629195	45388.24491924846	45021.24209171715	43464.85092227383	43717.52212554968
65000.0	9.0	48001.76183286329	48077.84536505907	47727.971675123044	46102.249923986856	46413.22671638681
70000.0	9.0	50149.24082499237	50220.90747986963	49898.94634382086	48200.01687682579	48597.90853557605
75000.0	9.0	52230.89991989629	52314.32071167609	51963.63677847699	50221.295830512034	50706.111436667845
80000.0	9.0	54258.112435147574	54369.13636768911	54017.25295566948	52230.57720544768	52717.67719101808
85000.0	9.0	56246.04699862307	56367.45986986358	56047.50072341336	54165.443288416	54733.92360409938
90000.0	9.0	58176.28397544604	58334.51534503798	58035.15267842348	56099.486890765336	56751.3353364823
