Teff	log(g)	T_BB_us	T_BB_gs	T_BB_rs	T_BB_is	T_BB_zs
3750.0	5.0	3946.6594632631536	3962.7701516256943	3900.522046983023	3875.8731840091978	3847.5501234163316
4000.0	5.0	4161.375356611804	4160.8183258392655	4093.150081191415	4067.671705406427	4042.090634077465
4250.0	5.0	4397.850005803655	4384.474430015391	4312.009992434967	4284.6598142249795	4261.217777446084
4500.0	5.0	4657.724007961136	4632.0078704520665	4554.003812479168	4523.974012550584	4502.890056698256
4750.0	5.0	4943.445992795962	4898.454752925671	4810.172607142825	4775.153885840602	4756.3207848618395
5000.0	5.0	5243.0567624975565	5194.28974310518	5092.381811871478	5050.900673042531	5034.046989188455
5250.0	5.0	5549.911823207535	5470.170402735689	5351.329641067491	5302.345060869915	5287.052899658653
5500.0	5.0	5837.938041985724	5740.49727856526	5606.970336231781	5551.17901880176	5537.435121092448
5750.0	5.0	6113.402012486287	6008.082149658634	5860.491365583844	5797.69721923929	5785.546445277611
6000.0	5.0	6377.788187829274	6274.988823397121	6113.120177036498	6043.124908715748	6032.411771234829
6250.0	5.0	6630.434205432054	6543.25467128819	6366.2059401283095	6288.598212497559	6278.90608930617
6500.0	5.0	6868.896429423132	6813.695167370924	6621.121105838124	6535.150471288998	6525.914618174187
7000.0	5.0	7302.855284547356	7368.56556405626	7145.349935784635	7039.207247794527	7028.103993841739
7500.0	5.0	7694.492911430788	7952.107717436089	7697.927449118976	7563.604975268915	7545.481199367511
8000.0	5.0	8066.798811637738	8567.210578279955	8277.427794951036	8102.381882834325	8072.497615882123
8500.0	5.0	8439.296703719558	9207.226413080658	8866.954407482577	8633.397150415372	8588.739026883966
9000.0	5.0	8807.339437667146	9864.096423525738	9423.434473031786	9103.372394222626	9043.469424353585
9500.0	5.0	9116.977209600976	10452.042472279354	9823.526776905284	9404.637875908731	9333.045271624667
10000.0	5.0	9462.224376726752	10919.303143178087	10204.699130386762	9725.982536225658	9652.38084791309
10500.0	5.0	9827.14022544216	11320.097309584211	10565.888816844366	10056.815187148111	9988.413720286739
11000.0	5.0	10210.361257364619	11698.143908858332	10912.86710473813	10381.895934849297	10323.524323867856
11500.0	5.0	10601.567672791114	12060.972051793096	11253.268777832558	10706.497894091079	10660.132842219618
12000.0	5.0	10962.903231109269	12406.820600507059	11579.029840668902	11016.24674252911	10976.544679168015
12500.0	5.0	11324.009956523778	12747.586054682652	11904.55170735644	11329.688978768514	11294.956819553223
13000.0	5.0	11676.594966577692	13082.749812049991	12226.121319789103	11640.657354959128	11607.545047137983
13500.0	5.0	12024.835724463554	13415.826161031297	12546.628736157269	11951.249076149374	11918.30329957397
14000.0	5.0	12368.827145236455	13746.846557798839	12865.386874706404	12260.370316076942	12226.445631861383
14500.0	5.0	12712.761541025646	14077.316130774105	13183.99170328174	12569.67507862484	12534.065073166516
15000.0	5.0	13053.734639580047	14406.831546188563	13501.272558460823	12877.386829801619	12840.182378088037
15500.0	5.0	13396.144753769166	14736.956595020845	13819.32321112466	13186.141895342686	13146.94538653303
16000.0	5.0	13740.32905591899	15068.023198426154	14138.380759874475	13496.115535753454	13454.919138572337
16500.0	5.0	14083.746375017792	15399.514229998947	14457.436882575816	13805.561345823398	13762.870329219979
17000.0	5.0	14430.183451231627	15733.161814239435	14778.649505871088	14117.340961679856	14073.19076990275
20000.0	5.0	16564.01869997725	17783.94962575429	16750.15299280163	16029.616194842598	15979.746844065545
25000.0	5.0	20518.694845328377	21574.021352215048	20378.988078943647	19537.777054058388	19486.09235171095
30000.0	5.0	25832.382549273043	26564.871203320632	25236.721366528418	24272.024223051154	24247.76696938535
35000.0	5.0	31731.350851810766	32019.564262364336	30743.58517615403	29779.82680324774	29898.804234368712
40000.0	5.0	36221.37058211835	36243.07234625012	34970.291729724995	33992.79756692097	34235.441031949355
45000.0	5.0	39980.81361927155	39808.34469099729	38515.01028240448	37515.04163809113	37862.21541605533
50000.0	5.0	43468.33823521462	43128.74219614605	41804.85907022047	40777.42229652855	41220.84955245687
55000.0	5.0	46744.19849947022	46252.696783686755	44888.40751729055	43826.546164996274	44354.89878709228
60000.0	5.0	49969.221465152754	49329.15282969487	47911.327621569915	46805.092201923675	47409.3628891282
3750.0	5.25	3969.7106845823487	3979.7089500170073	3914.994549978023	3888.870865217408	3859.708445099781
4000.0	5.25	4176.19069240136	4171.234699517476	4101.945976634243	4075.7279474893417	4049.776005179933
4250.0	5.25	4406.811630004724	4389.884918362458	4316.2960125187155	4288.541231495509	4264.892478185997
4500.0	5.25	4660.54082881142	4632.507887017043	4554.085639229277	4524.021157539389	4502.789064625257
4750.0	5.25	4937.031842938812	4893.706902863006	4807.423165492174	4773.506703457938	4754.769117897025
5000.0	5.25	5226.787910431297	5188.53719524403	5091.297909564016	5051.912787613822	5035.455759773827
5250.0	5.25	5538.998943428681	5464.515508792262	5349.616027336631	5302.983954526839	5288.201718198869
5500.0	5.25	5830.270025777611	5734.886338995223	5605.051234172151	5551.759673648324	5538.5859313045385
5750.0	5.25	6106.429001440622	6001.0141887247455	5857.773095771892	5798.096705675616	5786.618079562126
6000.0	5.25	6371.202651032608	6265.753556002143	6109.443616464503	6043.277067330625	6033.415314775325
6250.0	5.25	6625.0650659437915	6531.241503805782	6361.458205240253	6288.3354284388115	6279.742009921917
6500.0	5.25	6866.285989514473	6798.659327160679	6614.696502907221	6534.117285108242	6526.199146563453
7000.0	5.25	7307.917104496487	7345.314608365498	7133.005673137859	7034.620177056786	7025.209016837966
7500.0	5.25	7704.435007468393	7917.5799347539005	7676.730587528402	7553.706785612074	7536.927420822588
8000.0	5.25	8077.133555001015	8520.831252901042	8248.115631169378	8089.154395088309	8058.114042604566
8500.0	5.25	8443.870138393933	9149.527713445941	8834.876916088086	8625.0237204331	8575.06514203538
9000.0	5.25	8808.092474864789	9788.00917993189	9401.35875605572	9118.278661983173	9045.937855032947
9500.0	5.25	9121.021687630204	10387.09424074709	9849.375870381931	9471.496326816423	9377.91749342893
10000.0	5.25	9416.391268512156	10886.858289246447	10211.156582036858	9753.695746663356	9650.656262226865
10500.0	5.25	9771.716683669903	11305.160984508317	10580.0914897853	10085.324831934637	9982.84138489443
11000.0	5.25	10141.203468827858	11688.388867229469	10928.327906948723	10409.209081670373	10312.867235293805
11500.0	5.25	10516.086437023247	12052.715435910593	11264.710738422516	10726.077258238687	10638.003849088007
12000.0	5.25	10886.78734996959	12403.84541451398	11594.00334863156	11039.379204385039	10959.083689216577
12500.0	5.25	11249.35335996557	12746.18509367621	11918.85818912019	11350.892820445992	11276.23554543974
13000.0	5.25	11603.59645095526	13081.977453054948	12239.688461217578	11660.055487389587	11588.41150889806
13500.0	5.25	11952.537224263095	13415.093825315244	12559.345581022391	11969.204642737574	11898.889022570582
14000.0	5.25	12297.731758671613	13746.032122730707	12877.575633099765	12277.435005757092	12207.171233014162
14500.0	5.25	12640.778710291483	14075.715683222585	13194.929405793726	12585.068764568998	12514.312561309598
15000.0	5.25	12982.856838027006	14404.909882593276	13511.909355047566	12892.599085173504	12820.887091694676
15500.0	5.25	13324.62208018113	14733.947135595075	13828.699939441574	13199.991849168493	13127.028723666128
16000.0	5.25	13667.3997131392	15064.04578278853	14146.631761930925	13508.58095211919	13434.580210857834
16500.0	5.25	14011.284614001846	15394.903402084987	14465.26948385103	13817.841775227558	13742.76617511195
17000.0	5.25	14356.37592664783	15726.88102359241	14784.79237423717	14127.985268955937	14052.00154969795
20000.0	5.25	16483.03384166151	17768.68175829382	16748.506252116364	16033.14463443964	15955.078892863312
25000.0	5.25	20407.842978556866	21525.651967649097	20349.530646274143	19516.83273494565	19442.177636828743
30000.0	5.25	25617.53421686536	26414.076886790583	25106.3932147241	24153.76056195199	24111.347743607224
35000.0	5.25	31441.320237314467	31788.86022847517	30524.912689582336	29569.291370585554	29672.198826673106
40000.0	5.25	35877.81488531192	35955.614632431076	34695.24471446847	33727.66852931404	33957.53016930235
45000.0	5.25	39552.65405633741	39435.82951832745	38159.187891844595	37173.901174212115	37511.37265874206
50000.0	5.25	42928.533285852674	42647.670193504426	41349.18902226837	40344.77223392464	40782.739003317685
55000.0	5.25	46056.9999236169	45630.89766838238	44305.26916229944	43278.67357195177	43807.471845172564
60000.0	5.25	49091.93105110575	48528.45942138907	47169.63940945454	46116.06315406457	46729.58267651429
3750.0	5.5	3993.761415217596	3998.2504847454984	3931.217266702872	3903.480870938895	3873.3038350876336
4000.0	5.5	4191.220518505215	4182.569003033716	4111.860785190312	4084.89875490916	4058.545816017848
4250.0	5.5	4415.873195401192	4396.110525712185	4321.597218445163	4293.4750531876025	4269.62071164784
4500.0	5.5	4664.204017442051	4633.947725819275	4555.0115220951875	4524.833090011939	4503.437793074422
4750.0	5.5	4933.16730079313	4890.564419287238	4805.530525510978	4772.323230919213	4753.607981710758
5000.0	5.5	5208.338558992143	5183.380342562591	5091.142118479333	5053.875659817232	5037.785385407096
5250.0	5.5	5526.600414745479	5459.266675645639	5348.675726745683	5304.415462186413	5290.163518358416
5500.0	5.5	5822.363078147466	5730.013153173831	5603.903009202144	5553.05305558442	5540.458194531997
5750.0	5.5	6100.678907819788	5995.541861919501	5856.219872116774	5799.24737316554	5788.4072094574585
6000.0	5.5	6366.34695928143	6258.53022590793	6106.800682411778	6044.154111337722	6035.073850516354
6250.0	5.5	6621.1345666579255	6521.5357696832125	6357.656790830652	6288.759266535052	6281.226731153947
6500.0	5.5	6864.305647025809	6785.925111829909	6609.526245989602	6533.947758772883	6527.403525383388
7000.0	5.5	7312.9171714462655	7324.792382791792	7122.591066092076	7031.231526256362	7023.810181594351
7500.0	5.5	7716.048324917528	7886.358561714605	7657.97621742158	7545.198021438069	7530.769934217042
8000.0	5.5	8090.791354415932	8477.282007232207	8220.517829526905	8076.513020728128	8047.198561840179
8500.0	5.5	8455.027000327578	9094.478392844272	8802.355785914708	8614.032904518317	8563.301712294122
9000.0	5.5	8814.501070830498	9725.471814198652	9377.717265869665	9126.561430863761	9050.137222454698
9500.0	5.5	9151.853671369616	10339.33312821025	9880.607765950133	9540.585146984607	9433.8024304102
10000.0	5.5	9419.374649998721	10856.069224244071	10236.79096929756	9810.564220779494	9687.639214822793
10500.0	5.5	9733.193192122551	11287.019765051315	10595.539438421147	10117.653905296858	9987.738133063282
11000.0	5.5	10086.81981142191	11676.300978309198	10945.916109720985	10440.465217550318	10312.357941802149
11500.0	5.5	10451.709996723228	12045.25834143594	11283.41367604037	10756.691458848423	10634.387350511566
12000.0	5.5	10818.104995289847	12399.616392867394	11612.054581782417	11067.320094967728	10951.209465437581
12500.0	5.5	11180.35120406027	12744.198045963387	11936.492392765715	11376.808221222944	11266.370534047719
13000.0	5.5	11536.379314644078	13082.625240582038	12258.195403165717	11685.777414896924	11579.609733809988
13500.0	5.5	11885.925649646675	13415.191471910142	12575.987129265743	11992.186475265456	11887.69428940344
14000.0	5.5	12232.233791395463	13746.439344838958	12893.782074620824	12299.42750941063	12196.172914746287
14500.0	5.5	12576.071988593816	14076.162880389824	13210.688837274922	12606.356320804345	12503.38785350925
15000.0	5.5	12918.448823799765	14404.956189834924	13526.997671585183	12913.005777374745	12809.762189648362
15500.0	5.5	13260.755438006505	14734.083938088746	13843.835537628474	13220.286508105575	13116.634544474147
16000.0	5.5	13603.929961036061	15063.641262248977	14161.100351952595	13528.183224087079	13424.176142497916
16500.0	5.5	13946.883127366837	15393.506686087754	14478.68297357572	13836.231781014423	13731.821532023403
17000.0	5.5	14292.249231677933	15725.3488992292	14798.188398138636	14146.400751060783	14041.76534505285
20000.0	5.5	16414.487347999435	17760.573342539592	16756.029183288258	16045.892597869703	15942.325999805722
25000.0	5.5	20323.532140438805	21496.396306371862	20340.077783599674	19514.973872910763	19419.529821315842
30000.0	5.5	25465.989823750693	26313.78057507666	25028.44028438027	24086.571381973168	24028.612635241112
35000.0	5.5	31220.59110440693	31615.317741737712	30366.101481587273	29417.879338545106	29506.392151511776
40000.0	5.5	35610.887609958314	35731.905967019826	34486.28536592602	33527.0060178646	33744.63932914047
45000.0	5.5	39220.064793130994	39146.74357690026	37887.00013230297	36912.898198509865	37240.35752427521
50000.0	5.5	42515.5151242135	42279.01701811737	41001.32237205318	40012.65180239919	40442.123055199845
55000.0	5.5	45534.95793161436	45157.007310290544	43860.77706899374	42856.83788425152	43380.437767044394
60000.0	5.5	48443.752342239	47934.47745410465	46616.43736990991	45595.3688447387	46207.65889582739
3750.0	5.75	4017.190422913018	4016.931876411426	3947.8788243540444	3918.5006330730107	3887.229146155584
4000.0	5.75	4206.7932236170755	4194.9468490809895	4122.9527390033345	4095.2067723115847	4068.400380387072
4250.0	5.75	4425.2805055675535	4403.20903384468	4327.89252809364	4299.390311606411	4275.320079975586
4500.0	5.75	4668.796291329939	4636.781328586452	4557.535511085802	4527.32001124331	4505.820160068862
4750.0	5.75	4931.758731125606	4888.912014548885	4804.432620021649	4771.586624744897	4752.808476807046
5000.0	5.75	5188.481425347107	5179.606830529355	5092.627895988673	5057.388311343473	5041.647601474901
5250.0	5.75	5512.095487468876	5454.262475869497	5348.443354148838	5306.594444336523	5292.841494392727
5500.0	5.75	5813.513243283113	5725.570942795903	5603.368306427852	5555.068525365452	5543.084828641774
5750.0	5.75	6095.656239465735	5991.379942566882	5855.6360635629935	5801.2625824241195	5791.041558218231
6000.0	5.75	6363.185903875438	6253.269402055454	6105.540163998023	6045.782429996496	6037.427742666079
6250.0	5.75	6618.847793199688	6513.893466250865	6354.759085016818	6289.700052463966	6283.074780968553
6500.0	5.75	6863.752197590075	6775.757449726516	6605.40203326425	6534.432105349082	6529.138614372812
7000.0	5.75	7317.948311656935	7307.074862218202	7114.011962146418	7028.894776218915	7023.533952350201
7500.0	5.75	7728.33345388236	7858.55292126807	7641.711115071066	7538.145328645749	7526.6573526492575
8000.0	5.75	8106.950520730305	8436.978323821551	8195.106511724636	8064.869833419463	8039.159987759769
8500.0	5.75	8470.960916582855	9041.835694074287	8770.034928421237	8601.50507995693	8553.609385292024
9000.0	5.75	8830.215531403104	9663.847217432894	9347.911441344602	9125.079558364552	9048.57301328579
9500.0	5.75	9171.89498531653	10270.336192640041	9877.019471521471	9579.445243653057	9469.820984101407
10000.0	5.75	9442.315300778127	10802.235369729835	10269.660042709158	9885.514134727986	9749.054488622676
10500.0	5.75	9716.312157362465	11261.315558693146	10612.188047744708	10157.271653732398	10007.097599572358
11000.0	5.75	10049.441785036403	11660.37631771987	10963.722202381381	10473.968485398098	10319.974819487134
11500.0	5.75	10401.40537889593	12034.279166957424	11303.260504563585	10790.170847843907	10638.904359122127
12000.0	5.75	10760.389339159376	12392.695694740705	11632.603011425912	11099.824244836293	10953.09749003453
12500.0	5.75	11119.191238756817	12739.560549863969	11955.684657399486	11406.056661526816	11263.797803473459
13000.0	5.75	11474.651316083115	13079.435875203586	12276.501960128287	11712.669171472078	11574.749614484208
13500.0	5.75	11825.781539924423	13414.385870634631	12595.381099357153	12019.464290415897	11884.493276606678
14000.0	5.75	12173.15805828047	13746.367482778767	12912.921545448535	12325.778518829613	12192.709913053692
14500.0	5.75	12517.959940507977	14076.586531354387	13229.665896022721	12631.964881399253	12500.082970760166
15000.0	5.75	12861.461975420983	14405.836007769665	13546.074751494247	12938.4485404643	12807.081127012269
15500.0	5.75	13204.352469557592	14734.859136235624	13862.571090433443	13245.13223914185	13114.102329385587
16000.0	5.75	13547.499348711006	15064.180621425543	14179.477568114742	13552.452022038362	13421.525128576628
16500.0	5.75	13891.491431837854	15394.23830892658	14497.228667869547	13860.577409190226	13729.975258855824
17000.0	5.75	14237.78617131745	15725.852321224604	14816.503106648634	14170.490760858742	14040.12478181829
20000.0	5.75	16358.976103426236	17757.267896654073	16771.23325326981	16066.773613194537	15940.339217778617
25000.0	5.75	20261.55900561375	21479.858107596257	20345.47953481464	19527.758665854286	19413.539826310123
30000.0	5.75	25362.783276892267	26248.705714710566	24988.252157846404	24056.943829353833	23984.972538325663
35000.0	5.75	31056.09860198652	31484.934733168437	30254.36769295865	29314.056697413165	29390.185793858072
40000.0	5.75	35399.19160297771	35551.30724680489	34322.67145632019	33371.22178907919	33577.393203145
45000.0	5.75	38955.56341318693	38912.703152893715	37671.20843158987	36706.54275615586	37023.334451283445
50000.0	5.75	42179.785162799926	41974.57790371744	40718.38729940799	39741.77761043582	40161.69739421797
55000.0	5.75	45124.684449176784	44779.97677097334	43508.584977228995	42520.55231916748	43035.376487631554
60000.0	5.75	47940.81674933022	47468.60326510939	46182.7929566408	45183.697412268695	45790.10753775872
3750.0	6.0	4041.708796383811	4037.1103446166053	3966.1411037163657	3934.953217368498	3902.3992123758544
4000.0	6.0	4223.24491714081	4208.546041952231	4135.337033058696	4106.727673974632	4079.378890048274
4250.0	6.0	4435.351979899244	4411.31480552043	4335.249025152721	4306.323124207293	4282.001643786867
4500.0	6.0	4673.578346893375	4640.060827488306	4560.439891336484	4530.090348682586	4508.447687350932
4750.0	6.0	4932.034602177399	4888.423205316036	4804.107392374918	4771.417644456721	4752.540063380531
5000.0	6.0	5164.927297509889	5175.470375520642	5093.951935031423	5060.416015637927	5044.943735616672
5250.0	6.0	5495.866631142668	5450.113886717859	5349.538606271821	5310.046757767864	5296.759584637225
5500.0	6.0	5803.201448040308	5721.431049135585	5603.576260313798	5557.77429354616	5546.385696699337
5750.0	6.0	6090.25334676878	5987.818166421518	5855.6360635629935	5803.780099459321	5794.209553840657
6000.0	6.0	6360.703217709623	6249.258229918819	6104.988008967707	6047.946597230483	6040.271601257013
6250.0	6.0	6618.416752426304	6508.592291650078	6353.484840478213	6291.606481911828	6285.83604020455
6500.0	6.0	6864.671546378613	6767.694504341388	6602.184873149029	6535.287676186735	6531.100752119386
7000.0	6.0	7323.846907813076	7292.443178384385	7106.792706759811	7027.685270918802	7024.362614248905
7500.0	6.0	7740.84222093777	7833.901443571403	7627.751674446021	7532.607912560865	7524.481959273684
8000.0	6.0	8125.342651693515	8400.46274670847	8172.327948328628	8054.508446324229	8033.3873130128995
8500.0	6.0	8491.341341026664	8992.48525019256	8739.104674030494	8588.62329259277	8545.93723948958
9000.0	6.0	8850.39074097201	9603.816884507629	9315.442374372631	9118.7056707955	9046.909945881413
9500.0	6.0	9195.917319419654	10208.662282261768	9862.138725169101	9601.272515183966	9494.971949962432
10000.0	6.0	9496.89482965002	10767.71350775419	10315.239153019877	9971.754537549501	9830.415377540809
10500.0	6.0	9733.40148566756	11224.21149809907	10639.149870782005	10219.386816665245	10057.248364074703
11000.0	6.0	10030.921944181579	11640.154475663043	10983.249812876235	10512.894132589177	10339.889038054986
11500.0	6.0	10368.12135044519	12019.25768344932	11323.743306296617	10826.44903136768	10651.728326953185
12000.0	6.0	10716.916524891702	12381.955056627541	11654.156201120415	11135.287307467297	10962.6692607141
12500.0	6.0	11070.27715324624	12732.703528672117	11978.264455986491	11441.142933575455	11272.182815970193
13000.0	6.0	11423.457356774921	13075.099294220074	12298.810539393831	11746.01454334032	11580.912553190255
13500.0	6.0	11774.201259595602	13411.846754790873	12617.302636386847	12050.92403450578	11889.123720483312
14000.0	6.0	12122.216535838772	13744.978093607808	12934.736307570241	12356.32517532624	12196.987699094627
14500.0	6.0	12467.998523764778	14075.974588102332	13251.393206862896	12661.885069183762	12504.197177412809
15000.0	6.0	12812.451722909236	14405.836007769665	13567.871633493018	12967.818792119624	12811.4377820797
15500.0	6.0	13156.354444552158	14735.292323366413	13884.414804087088	13274.272986888178	13118.700211882937
16000.0	6.0	13500.426275444404	15064.922220141634	14201.413699028102	13581.428702404037	13426.760765313185
16500.0	6.0	13845.36255163153	15395.16943441221	14519.300548554109	13889.648205746562	13735.645781551833
17000.0	6.0	14191.505294136547	15726.530831494034	14838.212769719554	14198.888217061933	14045.768150202097
20000.0	6.0	16316.412708770238	17756.939389410833	16792.56333682285	16094.74646343444	15947.965676102189
25000.0	6.0	20220.32817821377	21472.1591963478	20362.695564534522	19552.82581930392	19421.713622610314
30000.0	6.0	25300.018621300012	26209.679929513677	24977.241719778536	24056.899672257176	23972.97508659033
35000.0	6.0	30935.97067698076	31385.56460443719	30177.377125098603	29245.52250747452	29310.66646110207
40000.0	6.0	35235.198615200556	35405.47706703566	34197.6107070876	33254.22896458901	33449.62311576001
45000.0	6.0	38742.59517772021	38717.305647948364	37496.91471225095	36540.889744671826	36847.08675187395
50000.0	6.0	41902.06259768744	41715.38342312936	40481.771506856385	39515.21937692614	39924.63170247366
55000.0	6.0	44780.18885143855	44455.29436092623	43209.01609622957	42233.749424132555	42738.48500159052
60000.0	6.0	47697.857456426114	47240.31702918179	45983.348896321826	45000.00210286708	45602.822329145674
65000.0	6.0	56616.656780526784	55583.98319324616	53588.756588724464	52038.55256798872	52487.11641724403
70000.0	6.0	59597.73234074288	58408.208463537216	56378.74230070382	54807.24798979599	55349.03501034824
75000.0	6.0	62571.46234634682	61230.06401190702	59166.46691765831	57574.44099033493	58208.669183115024
80000.0	6.0	65549.43262765162	64059.419491939894	61960.2656239343	60345.166524117645	61069.92889789878
85000.0	6.0	68544.17309968591	66906.93404136594	64768.34904779336	63126.06936102475	63938.799658775206
90000.0	6.0	71561.07559878519	69776.87159280927	67595.77302445284	65924.15007695014	66819.79431619593
100000.0	6.0	77741.62134998743	75659.43650882295	73375.76455916939	71623.64754398185	72675.66600509184
3750.0	6.25	4066.790718460054	4058.254884840285	3985.4603118220557	3952.233603337903	3918.1641995153173
4000.0	6.25	4240.72253360013	4223.421509955027	4149.021282625101	4119.439899571594	4091.4205518933522
4250.0	6.25	4446.225753279428	4420.423896459563	4343.611599315496	4314.1947942353145	4289.558042249977
4500.0	6.25	4679.030031734434	4644.286691726451	4564.318834457815	4533.796735674889	4511.992134191936
4750.0	6.25	4933.343742411955	4888.798258555534	4804.450357854431	4771.802901041593	4752.79729339756
5000.0	6.25	5141.356079028643	5173.392266112855	5097.42144247112	5065.214773122545	5049.958641801227
5250.0	6.25	5476.085497779789	5445.6273806553345	5350.6001392574	5313.341442416802	5300.494925253761
5500.0	6.25	5790.617482433752	5717.393659574457	5604.417797507336	5561.189028830912	5550.393090839693
5750.0	6.25	6083.743142029097	5984.619855565081	5856.291716887328	5806.998206551432	5798.049202718866
6000.0	6.25	6358.361384832165	6246.266807270206	6105.284701653644	6050.878103514686	6043.850010347497
6250.0	6.25	6618.77596074089	6504.655461648058	6352.843722994876	6293.876258140933	6288.871082144064
6500.0	6.25	6866.990192513729	6761.8192922145845	6600.261811191372	6536.901585056993	6533.678208059131
7000.0	6.25	7330.620009089343	7280.112001928805	7100.3394225101	7027.054457956545	7025.609916174537
7500.0	6.25	7753.871669592019	7812.6212654386345	7615.664136346998	7528.222234759219	7523.355999806657
8000.0	6.25	8144.770023976	8367.278438328909	8151.842238768063	8045.367819755765	8029.380610770839
8500.0	6.25	8514.873774697646	8946.83061161534	8710.10866861146	8575.943829778833	8539.763932311782
9000.0	6.25	8875.63243411512	9546.228734412365	9281.724249977478	9108.406276398542	9043.826417938682
9500.0	6.25	9226.000202939185	10147.105605836588	9838.267876541939	9610.067238893062	9510.07338863661
10000.0	6.25	9546.904625841342	10711.46712642604	10328.55043666227	10029.44648436645	9890.942371024898
10500.0	6.25	9790.157598167909	11184.683582069936	10684.848627300375	10308.851471273625	10141.198078953927
11000.0	6.25	10039.606804502817	11611.298655613136	11006.073776576468	10563.683006786097	10379.172854448914
11500.0	6.25	10353.180317941864	12000.286841412908	11345.827920355956	10867.337348921958	10675.305962429511
12000.0	6.25	10690.298740382097	12366.757181333329	11677.47097291498	11175.412733305378	10982.659754944974
12500.0	6.25	11035.903832002445	12721.735783636354	12002.463702955394	11480.31702847617	11289.426258422656
13000.0	6.25	11384.697241793756	13067.145785396739	12323.010605772984	11783.66892911962	11595.647145495328
13500.0	6.25	11733.568778321052	13406.107923520916	12641.309111275095	12086.91162989193	11901.986352303606
14000.0	6.25	12081.210551938166	13740.809286679416	12958.502867753228	12391.005198368017	12208.664620392809
14500.0	6.25	12427.465223785146	14072.985203145152	13275.120814439875	12695.653355663222	12515.526262575042
15000.0	6.25	12772.759605009274	14403.729012968772	13591.682198285069	13001.057631159989	12822.629326414022
15500.0	6.25	13117.78096260782	14733.855933462464	13908.425044733884	13307.303596031463	13130.159916031042
16000.0	6.25	13462.90625123014	15064.023309607363	14225.701483319875	13614.415936007905	13438.555799785297
16500.0	6.25	13808.82541709132	15394.748215258236	14543.80484597853	13922.508013076902	13747.776337278125
17000.0	6.25	14156.124054234648	15726.487057158598	14863.109455198259	14232.119236708782	14058.562395570465
20000.0	6.25	16286.5122942861	17757.473212236946	16818.625553953214	16128.581358733283	15963.729403095516
25000.0	6.25	20197.108349604605	21469.37669610275	20388.253011689238	19587.222805376467	19440.929899483643
30000.0	6.25	25267.061266766796	26186.377551718015	24985.322028527815	24076.19553751943	23981.361106676228
35000.0	6.25	30853.38974007899	31310.262428393416	30128.38356777018	29206.08208790243	29261.256349126954
40000.0	6.25	35109.46481544812	35286.21641295693	34102.86163523232	33168.24781723778	33353.888724201235
45000.0	6.25	38571.13914475193	38551.759764243456	37355.53660582836	36408.49779480883	36704.6791377033
50000.0	6.25	41751.062338340584	41567.40183236524	40358.33886971998	39401.558302908044	39803.06505668407
55000.0	6.25	44624.35655946363	44301.70759031366	43081.48560515109	42117.15864230218	42615.87059304833
60000.0	6.25	47334.51238709283	46887.619873158	45658.364148047076	44687.35007992279	45278.52314549249
3750.0	6.5	4092.4019452114035	4080.237145318078	4005.655316444032	3970.089626388208	3934.2053287960102
4000.0	6.5	4259.447141196862	4239.695619522318	4164.097815571146	4133.388325785058	4104.539119118857
4250.0	6.5	4458.259053881276	4430.799679960961	4353.206908451391	4323.202842250048	4298.168764202149
4500.0	6.5	4685.470600993113	4649.646906791468	4569.298844607413	4538.530522198916	4516.524321205286
4750.0	6.5	4935.367992884285	4889.9731944681025	4805.539388510881	4772.870461447698	4753.716988474707
5000.0	6.5	5116.919150518996	5171.212081728812	5100.832147958505	5069.837332567442	5054.686256025798
5250.0	6.5	5455.910003530495	5443.500472614093	5354.156899669726	5318.945095392531	5306.490458176926
5500.0	6.5	5775.783220099696	5713.831931288054	5606.1000024687055	5565.442490383006	5555.195074987629
5750.0	6.5	6075.531131231312	5981.776834054511	5857.764120126788	5811.161593131656	5802.890140996341
6000.0	6.5	6355.509170345707	6244.097356203842	6106.57003805812	6054.79854007969	6048.47821318632
6250.0	6.5	6619.97618639251	6502.473303896009	6353.6985195070665	6297.507351546323	6293.209998072282
6500.0	6.5	6870.925206974462	6758.294825558834	6599.891331245403	6539.660232797615	6537.343810808942
7000.0	6.5	7339.336525540791	7271.239843160554	7096.43907701705	7027.700112839098	7027.881336838629
7500.0	6.5	7768.163499169016	7795.1941076595585	7605.643591329004	7525.564738644491	7523.821636395174
8000.0	6.5	8165.317417730615	8338.641807682086	8134.477584345761	8037.8363350270165	8026.889993663018
8500.0	6.5	8540.931426765093	8905.701926550004	8684.05472691398	8564.571110598408	8535.412194450742
9000.0	6.5	8905.07263119748	9492.485303461699	9249.061017887885	9096.89920742343	9041.213368055889
9500.0	6.5	9260.203295754187	10087.040997545373	9810.102524575172	9611.75333979587	9521.590754317445
10000.0	6.5	9593.623336247567	10653.486405774001	10321.85710113241	10062.701627214381	9933.310055915645
10500.0	6.5	9871.9230447082	11157.32571823684	10738.210234467091	10406.637385221815	10240.471809961917
11000.0	6.5	10089.980503927065	11574.99858330773	11043.462143307335	10642.102199710782	10453.462389547427
11500.0	6.5	10361.702336892338	11975.297652153693	11369.546960614032	10915.595985501894	10712.490675522617
12000.0	6.5	10682.551515201547	12348.292543005195	11702.46493946215	11219.755238202097	11011.599552542559
12500.0	6.5	11018.659465851804	12706.290391889184	12028.239381196954	11523.874776862753	11315.383178020344
13000.0	6.5	11361.611996994548	13055.644712079085	12349.573987265621	11826.23589684833	11619.329053853202
13500.0	6.5	11706.695452177919	13397.117233992361	12667.756831111725	12127.872012027578	11923.326275804755
14000.0	6.5	12052.74164457188	13733.811199601683	12984.681120541945	12430.4141314542	12228.277620671503
14500.0	6.5	12398.693489026551	14067.475994845916	13301.3386545069	12734.012709741526	12534.19987447382
15000.0	6.5	12744.418646913706	14399.329102152627	13617.921202129539	13038.852852357957	12840.986190524092
15500.0	6.5	13090.19433762702	14730.38997361432	13934.908290560947	13344.709354281369	13148.543735118245
16000.0	6.5	13436.388113477207	15061.30389648791	14252.472875814115	13651.699390348049	13457.03875206838
16500.0	6.5	13783.573923208398	15392.730699153319	14571.076052348031	13959.978049645335	13766.890388422624
17000.0	6.5	14132.021121635977	15725.064352160129	14890.749404318653	14269.641208426527	14078.044324676366
20000.0	6.5	16270.128934531429	17758.356056586003	16849.05858565577	16168.457939014199	15987.242106190342
25000.0	6.5	20192.095487670755	21470.367737012784	20421.777195820327	19630.76095426	19470.8107741527
30000.0	6.5	25262.283472334562	26175.953225210287	25010.300543269906	24113.590599863328	24008.843714993753
35000.0	6.5	30801.481119408894	31251.538672609193	30100.396114972256	29188.74972301487	29234.886482817772
40000.0	6.5	35015.213593062384	35185.476552629036	34030.483667872664	33105.48909181856	33281.720238848364
45000.0	6.5	38437.113364834986	38411.337211278325	37242.8871954113	36305.47802489718	36591.86756059841
50000.0	6.5	41554.75005795603	41366.30162274699	40184.761682448734	39237.67269491767	39628.14238289387
55000.0	6.5	44364.02914298159	44038.46297574985	42846.40881628568	41892.0092411318	42378.2593648039
60000.0	6.5	47014.54719673589	46566.71874971773	45366.495921181355	44406.91706398017	44985.36081225116
65000.0	6.5	55568.00146067695	54556.29671412041	52633.14503227601	51113.686140606296	51518.94919138677
70000.0	6.5	58330.54138302665	57172.23444752721	55216.13240075547	53676.982692173304	54170.8924494147
75000.0	6.5	61061.63359070646	59763.712285438516	57776.8290968145	56219.96358022449	56802.37113189288
80000.0	6.5	63775.537595177564	62343.09279964138	60327.19714689627	58753.16124668327	59424.176218399625
85000.0	6.5	66481.76396037011	64918.57266305048	62872.93156656564	61283.20675858308	62041.38979214393
90000.0	6.5	69188.24778060438	67497.5480445885	65422.98258373814	63816.24522407707	64661.71764838748
100000.0	6.5	74625.26382468235	72689.80266247525	70559.51918745947	68920.71514030188	69944.12912054424
3750.0	6.75	4118.5593383133655	4102.994365424021	4026.6332701218143	3988.3564409606274	3950.2900590930194
4000.0	6.75	4279.467370521216	4257.352026722415	4180.52554069266	4148.4851740204185	4118.605082225343
4250.0	6.75	4471.515569071352	4442.42795991662	4363.999250579786	4333.285901016188	4307.737309199166
4500.0	6.75	4693.060597869281	4656.196731220373	4575.383990412588	4544.261770420286	4521.975290408202
4750.0	6.75	4938.358826512411	4892.361474804741	4807.9203224708435	4775.242961474628	4755.952145063893
5000.0	6.75	5093.991305236438	5169.987389263159	5105.304624388091	5075.144525812527	5060.094201715623
5250.0	6.75	5431.612106571887	5440.531811006375	5357.057629248471	5323.553992956446	5311.370878489318
5500.0	6.75	5758.425429088952	5710.882945285199	5608.7594812718025	5570.5720674386475	5560.834059534702
5750.0	6.75	6065.096585207627	5979.18035640312	5859.92640229017	5816.077862811738	5808.462821166351
6000.0	6.75	6351.625931089119	6242.602917585628	6108.752227503977	6059.696287426023	6054.06187831416
6250.0	6.75	6620.704111316828	6501.040893101424	6355.209153403651	6301.702107973764	6298.104972938907
6500.0	6.75	6875.313254826922	6756.199021440743	6600.489780787419	6543.191147694639	6541.641657851101
7000.0	6.75	7349.349748460814	7264.799478846688	7093.459437995194	7028.887356627278	7030.437103380093
7500.0	6.75	7783.70784494825	7780.967701554274	7597.271692396185	7523.43948072902	7524.363442758855
8000.0	6.75	8186.970706585697	8314.336064658773	8119.254403120605	8031.8329524184155	8025.591762927037
8500.0	6.75	8568.383552116937	8868.700218732349	8660.502596827637	8554.08078006547	8532.09278262896
9000.0	6.75	8937.521725962624	9443.019182521544	9218.231632629611	9085.067238187175	9038.82787530637
9500.0	6.75	9298.099858651765	10028.566138438671	9778.93691156291	9607.463179308732	9528.751668631056
10000.0	6.75	9641.176443922464	10596.202101170524	10306.024017518817	10082.904256619333	9965.862270121892
10500.0	6.75	9950.354543615596	11118.029856233541	10764.537218410402	10478.067121463167	10321.688678893304
11000.0	6.75	10181.972172822783	11548.353547919112	11102.583139284758	10748.234071047054	10561.195536865394
11500.0	6.75	10406.80354294945	11942.0886009128	11400.916028492311	10983.520820892596	10777.210306612174
12000.0	6.75	10696.041720035302	12323.895815936678	11727.880624262223	11269.137148539174	11050.927464369954
12500.0	6.75	11020.01317596447	12686.762234139915	12055.287393821085	11571.586817268488	11349.583580867631
13000.0	6.75	11354.918659994677	13038.36473767079	12376.949929995459	11872.765475635339	11650.696345721884
13500.0	6.75	11695.465527573875	13383.891220195876	12696.058292375483	12173.683791697586	11952.809414989997
14000.0	6.75	12038.579752228548	13722.925227764348	13012.941951218249	12474.636854936976	12255.816209457602
14500.0	6.75	12383.073224768348	14058.33761181202	13329.368416845156	12776.948708882015	12560.276781485129
15000.0	6.75	12728.470889384665	14391.592254078947	13646.093095185255	13080.842806560817	12866.098992334857
15500.0	6.75	13074.57093769849	14723.73015642381	13963.166893648959	13386.182133499426	13173.245641098792
16000.0	6.75	13421.562069463169	15055.639317265859	14281.071517154945	13692.92497654804	13481.87229695079
16500.0	6.75	13769.792300525516	15387.852517054684	14600.09027117353	14001.121681503075	13791.99348606852
17000.0	6.75	14119.53080353238	15720.927132599845	14920.286010537522	14311.10574465461	14103.618094649659
20000.0	6.75	16266.598551388379	17757.801714859033	16882.599006270237	16213.005492015456	16017.217435723993
25000.0	6.75	20203.277022025635	21472.997735107063	20461.114059844444	19681.710468359437	19509.043422098937
30000.0	6.75	25281.51198735436	26174.670445819134	25048.2941948015	24165.545411097977	24051.868672530494
35000.0	6.75	30775.01351080992	31205.386513176585	30089.02095282125	29189.661970549485	29227.326098539426
40000.0	6.75	34947.486328363324	35098.80493334517	33976.077794773286	33062.468065717374	33229.574801244795
45000.0	6.75	38331.16316089505	38287.38072287521	37150.390031750256	36223.344560724174	36500.08767736815
50000.0	6.75	41406.8459225227	41201.30032383165	40050.79830303331	39114.05677172096	39494.11066625413
55000.0	6.75	44195.01588857453	43857.68351398716	42696.807185428515	41752.98244740569	42230.5425495901
60000.0	6.75	46746.800859994975	46286.19969690248	45117.06205120229	44168.176967900254	44733.60409142905
3750.0	7.0	4145.238497650913	4126.452579297603	4048.271995213546	4006.8004452377113	3966.1195193630188
4000.0	7.0	4300.765397849627	4276.331621717511	4198.214576187971	4164.587398968173	4133.428209163048
4250.0	7.0	4486.171438385248	4455.440643394513	4376.07961542929	4344.5025815553245	4318.304573844476
4500.0	7.0	4701.829986492752	4663.9263021184115	4582.599637013526	4551.053871664109	4528.442319316079
4750.0	7.0	4942.250542864934	4895.750372272823	4811.272568534341	4778.530905145218	4759.077157627959
5000.0	7.0	5073.125344753611	5168.982995719912	5109.949573232695	5080.5722341856535	5065.582749051377
5250.0	7.0	5407.599643420473	5439.269379877182	5361.626955075749	5329.6191409327985	5317.68286636952
5500.0	7.0	5738.671547678399	5708.924590542349	5612.758086276556	5576.897402641592	5567.665686871589
5750.0	7.0	6051.935221946866	5976.931879813511	5863.0277849639315	5821.92373258854	5814.96736986933
6000.0	7.0	6345.256375339802	6241.089820938595	6111.508625110653	6065.389934352505	6060.557498334741
6250.0	7.0	6620.427331890584	6500.398763826287	6357.733013032333	6307.058616762462	6304.171980308772
6500.0	7.0	6879.726310724646	6755.535349503061	6602.355764635984	6547.992012550683	6547.270438434529
7000.0	7.0	7360.683691526267	7261.083758692835	7092.358190660997	7031.587528747976	7034.380624548739
7500.0	7.0	7800.799649829352	7770.615021900365	7591.100562432328	7523.010205896309	7526.327262803332
8000.0	7.0	8209.893840946617	8294.207712501338	8105.90818086911	8027.340978745177	8025.405131591172
8500.0	7.0	8596.966985585372	8836.899571241942	8639.958419797613	8545.500156117414	8530.377996685895
9000.0	7.0	8971.38277395763	9398.868806734812	9190.258620347979	9073.855613241216	9036.91317875021
9500.0	7.0	9338.236682697814	9973.218957220937	9747.14995678619	9599.740252615708	9533.094490406593
10000.0	7.0	9691.26988816944	10539.873220846897	10284.477279284287	10093.900226841104	9990.803551479532
10500.0	7.0	10018.159573077382	11065.744211567535	10764.577376381843	10520.387926081883	10378.59324521888
11000.0	7.0	10293.842762231281	11534.684637055527	11164.111257725577	10856.629673897969	10678.131472976216
11500.0	7.0	10500.34606458569	11912.613658130753	11454.406956253311	11085.156587520314	10882.343075084242
12000.0	7.0	10742.049738413336	12292.586663447057	11758.031674766138	11333.373289696683	11112.859484682824
12500.0	7.0	11042.167444394609	12662.212300319927	12083.342256195416	11624.421105237032	11394.075505617106
13000.0	7.0	11367.451171132168	13018.213879932578	12406.785979996537	11924.836289895262	11691.366258054433
13500.0	7.0	11700.897767373146	13364.510109801191	12725.158091516456	12223.816267429533	11990.275253891314
14000.0	7.0	12040.348598335511	13707.688221450424	13042.957202643312	12523.70551143704	12290.791529590451
14500.0	7.0	12382.648942888141	14045.800634569807	13360.157495073452	12825.548179364387	12594.552787437447
15000.0	7.0	12726.878693356226	14380.769706828416	13676.855535248184	13128.3567773318	12899.363001983987
15500.0	7.0	13072.463654920673	14714.17026206003	13993.990579215895	13432.697114368768	13205.521262450566
16000.0	7.0	13419.79071669744	15047.117401100639	14312.176920513439	13738.964096395086	13513.710221389692
16500.0	7.0	13768.684630835858	15380.24509243777	14631.419524724008	14047.195308649232	13823.671122157451
17000.0	7.0	14119.566661736171	15714.271209683733	14952.319763391848	14357.13228907458	14135.73554802713
20000.0	7.0	16276.021773572429	17755.62533199531	16919.24119673684	16262.872204711155	16053.841586147339
25000.0	7.0	20230.929397752043	21477.1902694722	20506.716153276306	19740.832159543086	19556.620019446058
30000.0	7.0	25320.071579809566	26178.464541868947	25096.12965730171	24228.873540240616	24106.4527486034
35000.0	7.0	30770.975555800585	31169.366431897783	30091.973325973748	29206.64678953999	29236.338065565258
40000.0	7.0	34903.046186012165	35024.49385580173	33938.104197660614	33036.904035847154	33195.350779900786
45000.0	7.0	38252.36384895819	38179.90652495439	37078.1401704394	36163.219592829184	36430.78332765405
50000.0	7.0	41277.802853616085	41046.049980257	39929.84142807722	39004.58629047722	39374.36286001034
55000.0	7.0	43956.28566845583	43592.37644891754	42465.29678650485	41532.973773590165	41995.32865916033
60000.0	7.0	46494.085500072964	46011.92689589691	44876.86077446406	43939.66527441095	44491.598446783115
65000.0	7.0	54890.8868584203	53833.33641989588	51982.78321017768	50486.428276819934	50845.40341307109
70000.0	7.0	57495.983847833566	56298.49289971681	54412.69672523478	52894.368447465924	53335.10739465434
75000.0	7.0	60056.05905939827	58725.69026165465	56807.177242300044	55270.32268565414	55792.663946284774
80000.0	7.0	62586.07459544328	61128.943997083225	59180.41472486989	57625.23839288076	58231.11322047754
85000.0	7.0	65099.07115282639	63519.90348574256	61542.55196316608	59971.23801320685	60660.21606018673
90000.0	7.0	67597.90066255764	65901.17604257213	63896.67353501623	62311.06852689728	63082.74185078404
100000.0	7.0	72581.97909158828	70663.08160879364	68611.0207253878	67001.18984679625	67943.7799600934
3750.0	7.25	4172.138607804215	4150.265676478986	4070.194894994791	4024.909194499777	3981.0491698311744
4000.0	7.25	4323.265696567728	4296.526026903526	4217.023780930208	4181.496556426824	4148.737172794672
4250.0	7.25	4502.270615919978	4469.838781103097	4389.45525402406	4356.826421996058	4329.7928585022355
4500.0	7.25	4712.036670551435	4672.97857176705	4590.979916782613	4558.843719349825	4535.777386291084
4750.0	7.25	4947.081393384849	4899.976707712322	4815.270110367211	4782.301169584064	4762.593247879516
5000.0	7.25	5054.645726286507	5168.362202710782	5114.848890341949	5086.131624108799	5071.151535958605
5250.0	7.25	5383.794775321735	5438.684123852496	5366.987788669252	5335.933663660484	5324.068049749097
5500.0	7.25	5716.6421406986	5707.716251006283	5617.390281960328	5583.372569615835	5574.464802408144
5750.0	7.25	6036.078835103353	5975.314135274006	5867.056151595309	5828.5911974151195	5822.240682552886
6000.0	7.25	6336.753647427013	6240.17439911603	6115.273075796676	6071.991924129713	6067.809361184851
6250.0	7.25	6618.365430689916	6500.2421202432815	6361.1307948740105	6313.404348768566	6311.280541661136
6500.0	7.25	6883.3781679129115	6755.838965222859	6605.209934588547	6553.713571607933	6553.679092633019
7000.0	7.25	7373.047637110408	7259.653003803836	7092.725302448409	7035.368853263682	7039.105207272353
7500.0	7.25	7819.694726501361	7763.4745158924925	7586.678559526511	7523.446404324759	7528.620755554718
8000.0	7.25	8234.229263646084	8277.607754040495	8094.4765520332285	8023.238883557644	8024.950713644177
8500.0	7.25	8626.934348597044	8808.759600861902	8620.170117960459	8536.981388223467	8527.950349500783
9000.0	7.25	9006.710246408382	9358.377183362463	9163.482233017221	9062.14031876152	9034.048358011707
9500.0	7.25	9379.950901943434	9921.873146593845	9715.786521091495	9589.682160977754	9534.591299685035
10000.0	7.25	9742.654320890313	10483.609154285174	10257.563216143071	10096.135411814801	10007.119375838882
10500.0	7.25	10083.635947701063	11012.470973417583	10753.610195171132	10547.07401936872	10420.858391185298
11000.0	7.25	10392.687583144467	11498.132230564284	11190.11950707179	10929.652899667755	10766.459150635601
11500.0	7.25	10630.889285158206	11904.663717478448	11527.751545979205	11207.963037639216	11013.498067778482
12000.0	7.25	10836.211161894262	12260.17407083463	11804.301843986135	11427.35528935341	11212.066327517909
12500.0	7.25	11093.417919767842	12629.841519652136	12112.362878125348	11686.868123637623	11455.24723956001
13000.0	7.25	11399.441681182816	12991.522479721538	12435.336793725426	11979.540930504869	11739.05143987836
13500.0	7.25	11725.097822150288	13342.434302204376	12756.028909578265	12278.249809723131	12034.939294285285
14000.0	7.25	12058.390568168832	13686.406789814928	13073.615198380945	12577.09518453314	12333.457200300832
14500.0	7.25	12397.401702364827	14027.829316520301	13391.440987194688	12877.637081743882	12634.589301682407
15000.0	7.25	12739.221288873088	14364.467229578519	13707.969457339967	13179.140623072328	12937.620400710704
15500.0	7.25	13083.762960949458	14699.491512952469	14025.301774339321	13482.709911265143	13242.897679665964
16000.0	7.25	13430.680880413072	15033.619915213043	14343.629539991289	13788.235903936307	13550.425178187079
16500.0	7.25	13779.848782483301	15367.842026829545	14663.229427276618	14096.045349773485	13860.07108915912
17000.0	7.25	14131.304656609096	15702.619337944969	14984.393893866798	14406.065636904294	14172.029703728951
20000.0	7.25	16296.375741292597	17748.91060918961	16956.019842604997	16315.001551024845	16094.099760162804
25000.0	7.25	20271.683257285044	21479.3054928142	20554.80805025684	19804.586712982044	19609.294912736714
30000.0	7.25	25375.90147997564	26185.040687552406	25150.75333672911	24301.139974300713	24170.632676632944
35000.0	7.25	30783.64978270481	31136.83784209248	30102.595842670507	29233.49096392622	29255.692162879102
40000.0	7.25	34875.80998907917	34955.153554196884	33909.14924642506	33022.892940188336	33173.215720072585
45000.0	7.25	38191.9608239131	38079.38686101141	37016.3263465006	36115.708651291825	36374.485445718405
50000.0	7.25	41154.521890705466	40885.67001130146	39807.447088997695	38895.8311814012	39254.78459622018
55000.0	7.25	43802.075333794004	43402.52717683172	42312.52184332168	41393.52175119016	41844.41450936785
60000.0	7.25	46337.190577031564	45819.68109578158	44719.98080074184	43796.25172152081	44336.82655975112
3750.0	7.5	4199.201603969392	4174.488477508005	4092.6238046599838	4042.945566034075	3995.3903683685
4000.0	7.5	4347.015638117752	4317.923318048307	4236.916862964357	4199.083173444959	4164.333746053299
4250.0	7.5	4520.003180775083	4485.765669330414	4404.2281939377135	4370.315467921963	4342.213131837909
4500.0	7.5	4723.774319283731	4683.4484559314	4600.649842329006	4567.765510733514	4544.104290569182
4750.0	7.5	4953.2722670750645	4905.440459705533	4820.346034895446	4787.003865666139	4766.948473930773
5000.0	7.5	5038.209132925935	5168.244722446681	5120.420151184302	5092.106674822267	5077.1292162923355
5250.0	7.5	5361.5590319561825	5438.407327170015	5372.630966990492	5342.365568825616	5330.6089823585335
5500.0	7.5	5693.314614588752	5707.666030705174	5623.379466613003	5590.92330913163	5582.293221036192
5750.0	7.5	6017.640054141598	5974.6706720630145	5872.194955539455	5836.330298441286	5830.502691021698
6000.0	7.5	6325.351214697589	6239.7341511380355	6120.033684945736	6079.6401228454	6076.180605448713
6250.0	7.5	6614.1517073270925	6500.680695899071	6365.658460421679	6320.93749071527	6319.612980095117
6500.0	7.5	6885.788162022808	6757.229493928675	6609.4836046919245	6561.043665523916	6561.790515891471
7000.0	7.5	7385.039213792621	7259.700311960154	7094.256728174052	7040.236857485071	7044.88518901228
7500.0	7.5	7839.715466212264	7759.523784779103	7584.365779288889	7525.640877307274	7532.4449820142445
8000.0	7.5	8260.181155282455	8265.621638839468	8085.846265322773	8021.147958601813	8025.997473970181
8500.0	7.5	8658.226565432196	8786.0937851508	8604.308543443123	8530.602078908136	8527.088834781918
9000.0	7.5	9043.21196857892	9323.629169925407	9139.54625907784	9052.411448208073	9032.665180543028
9500.0	7.5	9421.729718637565	9874.726290303282	9685.73714496232	9578.51428384928	9534.672806095305
10000.0	7.5	9793.87154660086	10430.176808820275	10229.098121987725	10093.994990861805	10019.086156106398
10500.0	7.5	10148.039079927747	10961.363243695512	10737.888392236411	10565.157631181735	10455.075177611803
11000.0	7.5	10477.20559349307	11450.051900867866	11192.464100146526	10975.03041943394	10829.754239381413
11500.0	7.5	10765.45134402227	11896.355445245223	11587.740414949014	11317.000350926297	11137.540144035962
12000.0	7.5	10977.319910379678	12250.566670991147	11878.540671740491	11554.213526776311	11349.292239191376
12500.0	7.5	11191.375726695078	12596.393162957223	12155.521158550264	11777.819445773897	11553.743938413301
13000.0	7.5	11459.970648006072	12958.432186729358	12465.972853532503	12045.024599321836	11805.386338248465
13500.0	7.5	11769.14283124891	13314.5342874626	12787.112818282261	12337.980267021021	12089.82180170929
14000.0	7.5	12095.165810456123	13662.549207025268	13106.623860909567	12636.09679215429	12384.873769872442
14500.0	7.5	12428.203874046187	14003.864987935323	13423.287837430513	12934.600741636355	12682.65708775107
15000.0	7.5	12765.016572732657	14339.629218118662	13737.657757061423	13233.033641326476	12982.12971429531
15500.0	7.5	13110.700068903257	14681.969184221278	14059.47756716617	13538.86712065256	13288.620037801242
16000.0	7.5	13456.624505484668	15017.570285714695	14378.02309774748	13843.663943275698	13595.180478016675
16500.0	7.5	13805.255592555219	15352.790319492922	14697.785490746628	14150.82137757514	13904.013198237286
17000.0	7.5	14156.821218922134	15688.551435666654	15019.292465941036	14460.456792294091	14215.63592232306
20000.0	7.5	16329.174847660614	17739.832547852588	16995.44208294748	16372.386047602871	16140.801986989383
25000.0	7.5	20326.68486760218	21481.687420175243	20607.804255935895	19875.770923560125	19670.428337017
30000.0	7.5	25449.196798062632	26196.096463076527	25214.0213076129	24384.365383559318	24246.727210965706
35000.0	7.5	30813.703559732065	31111.300910202775	30123.72399482369	29273.102552628545	29288.59268223341
40000.0	7.5	34866.766608546575	34894.5742618255	33892.22216188714	33023.237832572064	33166.35854867452
45000.0	7.5	38152.540095618635	37990.770045090496	36969.84766975204	36085.62121154894	36336.41235311809
50000.0	7.5	41083.38563954537	40767.03974538446	39729.80625123272	38833.70450692911	39183.89432434298
55000.0	7.5	43711.614225911915	43266.3259484103	42215.646441790996	41311.85772612285	41753.51331128946
60000.0	7.5	46149.79357325983	45591.15530051837	44530.67776677085	43621.37486980406	44149.59370147977
65000.0	7.5	51508.036622838896	50611.93711403454	49182.39452844982	47987.95879881817	48460.33775915723
70000.0	7.5	53875.9460349591	52866.70059394921	51418.15057291504	50214.33408380316	50769.90828170413
75000.0	7.5	56178.17786099613	55058.65863702098	53602.46417012405	52393.1293675413	53032.74835427544
80000.0	7.5	58430.566840999534	57212.2732299259	55742.62131636356	54527.58636917708	55249.33506587209
85000.0	7.5	60669.425256332404	59357.782576307916	57877.314469272074	56657.830963354136	57462.4911097497
90000.0	7.5	62880.809633009405	61481.26731796887	59991.753868041786	58768.395125739204	59656.98421946858
100000.0	7.5	67266.95788004021	65705.58604764166	64206.007387979866	62981.93403645651	64039.51142919749
3750.0	7.75	4226.9843359426795	4199.228304097849	4115.145239268214	4059.875303268604	4007.642811153002
4000.0	7.75	4371.975720542375	4340.458060593789	4257.793204261596	4217.157402625012	4179.944574138051
4250.0	7.75	4539.320853517044	4503.173026905494	4420.339967220459	4384.848656491675	4355.393119083572
4500.0	7.75	4737.173290574527	4695.421255712279	4611.667701147389	4577.839793993965	4553.406197230476
4750.0	7.75	4960.95562519214	4912.243922532864	4826.586692743119	4792.714925160761	4772.182249534193
5000.0	7.75	5023.368086313138	5168.59880970411	5126.556412919169	5098.672181628802	5083.6274318470505
5250.0	7.75	5341.139629234432	5438.144322781232	5378.3251073958745	5348.74055238654	5337.021229506024
5500.0	7.75	5669.683988633062	5708.137808918073	5629.883202480193	5598.517859560652	5590.086132090151
5750.0	7.75	5997.129806364773	5975.334239970733	5878.8834106795075	5844.890364728739	5839.483588704234
6000.0	7.75	6310.954094944865	6240.059943474558	6125.974129755837	6088.382176731861	6085.615739237732
6250.0	7.75	6607.263685838214	6501.815912481344	6371.440600716322	6329.854226074009	6329.340331159474
6500.0	7.75	6885.726406416066	6758.97894671779	6614.625530570815	6569.390335995601	6570.967556529005
7000.0	7.75	7396.719215646304	7261.704337051465	7097.583605337538	7046.9586644061155	7052.509046299123
7500.0	7.75	7859.598323478007	7757.649039838363	7583.303756580966	7528.720415544858	7536.910509444631
8000.0	7.75	8287.377700124323	8257.469773092846	8079.3885972605585	8020.618619746132	8028.115079954212
8500.0	7.75	8690.832000754739	8768.044700264829	8590.3891387567	8525.382779931055	8526.595400202428
9000.0	7.75	9080.38463132999	9293.197026409334	9117.54253767188	9042.609866703075	9030.422994783446
9500.0	7.75	9463.83849519909	9833.05664513823	9657.638935869001	9567.787016805049	9534.465334622242
10000.0	7.75	9843.556338170325	10379.090075743496	10199.079646293265	10087.377049213099	10026.15899937844
10500.0	7.75	10210.243394912879	10910.368102522512	10716.872895720197	10575.020240692416	10481.0525613504
11000.0	7.75	10555.267836357189	11402.692798604647	11186.250201058254	11007.165532365234	10879.958423523834
11500.0	7.75	10874.1698620965	11859.142062628756	11608.087122978954	11385.160783389354	11225.337116632392
12000.0	7.75	11138.196669505225	12260.912809457657	11960.629674382228	11686.816186091544	11496.929611082585
12500.0	7.75	11339.980426300825	12583.955220552927	12227.267651449438	11904.843731505001	11693.689357474303
13000.0	7.75	11564.476926096098	12923.533493386689	12507.48660544595	12135.392610429817	11905.910667963813
13500.0	7.75	11840.493410621259	13279.574496199575	12818.805584272437	12407.19031319436	12162.346028781598
14000.0	7.75	12150.79156980403	13631.83845181106	13138.594584310607	12699.677239963059	12446.0929223684
14500.0	7.75	12477.237025203407	13978.167361297135	13457.841498926982	12997.71509660825	12740.209718220496
15000.0	7.75	12809.84179216729	14317.458471135307	13775.839873154928	13299.08558671805	13041.884484069446
15500.0	7.75	13149.925918886403	14656.1055435302	14091.688704113263	13597.605892753878	13339.549101738612
16000.0	7.75	13496.038868988868	14996.934925735388	14413.575652940908	13904.201177466388	13647.100224383374
16500.0	7.75	13843.693402937013	15333.596182076812	14733.72826733879	14210.630769702495	13954.956671976533
17000.0	7.75	14194.606662599937	15670.352881476994	15055.366069763577	14519.710508281983	14265.624889447865
20000.0	7.75	16372.637256040256	17727.11549158463	17035.928586577294	16433.93793071384	16192.916625965334
25000.0	7.75	20394.043147995566	21482.983152677243	20664.198123915496	19953.198414513758	19739.07765747802
30000.0	7.75	25536.570160911386	26209.354811466612	25283.383449462952	24476.51116939024	24332.771760696258
35000.0	7.75	30856.752364247834	31088.384829581355	30151.246277702547	29322.09071703232	29332.255642293123
40000.0	7.75	34871.45179339955	34838.285656693595	33883.25712625355	33034.70539295094	33171.9525610043
45000.0	7.75	38129.07715770674	37909.12093290368	36932.98645712623	36067.80856572419	36311.82904899361
50000.0	7.75	41002.488269397996	40632.1247049984	39637.702766010116	38760.23423877221	39101.75291247606
55000.0	7.75	43573.0413535857	43076.86526110703	42067.91092824598	41181.81548104945	41612.85186282362
60000.0	7.75	46050.53482293874	45440.04381350623	44419.67057408298	43527.36527629735	44046.45618983121
65000.0	7.75	54274.1992187382	53048.4117804538	51336.91132589406	49896.94596213984	50198.72646602658
70000.0	7.75	56721.30399206196	55362.28370963479	53609.73753583986	52142.89521801486	52516.311719974656
75000.0	7.75	59099.93529439761	57605.97331998633	55826.16425884854	54339.010479482735	54784.847601042784
80000.0	7.75	61427.96739411809	59813.908465724046	57996.77428130684	56487.18031989195	57004.96099603239
85000.0	7.75	63737.32707547289	62009.26879448442	60159.0630967862	58629.171862514006	59220.682871583376
90000.0	7.75	66017.41322619449	64179.94722025157	62299.06922288384	60751.19990329927	61416.6530825804
100000.0	7.75	70531.49006013738	68490.17039001148	66556.5758837749	64978.69116024057	65795.42433774471
3750.0	8.0	4257.034818252584	4225.928820289686	4139.162024632202	4077.0460228573897	4019.1949088828396
4000.0	8.0	4398.133478601817	4364.064659148305	4279.532451636307	4235.460382283533	4195.185644276674
4250.0	8.0	4560.271624381136	4522.034690541399	4437.713492664631	4400.272780565931	4369.094138794768
4500.0	8.0	4752.237375265733	4708.870029258883	4623.963634440158	4588.94200414793	4563.50249372892
4750.0	8.0	4970.2885146880035	4920.501004764309	4834.096580995708	4799.502919694543	4778.369015707811
5000.0	8.0	5009.68979940771	5169.5884064010415	5133.557135425021	5106.024531841151	5090.832459072
5250.0	8.0	5322.770040171132	5438.158166272677	5384.494349942297	5355.307987046118	5343.58868352898
5500.0	8.0	5646.728496633551	5708.814883394807	5636.809522737454	5606.266241289898	5597.943972121048
5750.0	8.0	5974.639025815158	5976.791261288707	5886.453076063493	5854.069174916645	5848.989161426852
6000.0	8.0	6294.003399102626	6241.59137421311	6133.21829965432	6098.114336867388	6095.907099365719
6250.0	8.0	6597.356420258824	6503.592010968306	6378.228451282292	6339.710854747773	6339.959563082329
6500.0	8.0	6883.1838194350885	6761.586824958139	6621.078594454532	6579.133133079793	6581.563916706048
7000.0	8.0	7406.905195225443	7264.893938827919	7102.22835349174	7055.070419841317	7061.501836094803
7500.0	8.0	7879.8229003076185	7758.670816258918	7584.549459783466	7534.011644736961	7543.419442124767
8000.0	8.0	8315.338763820313	8252.590377736116	8074.8718610613505	8021.540042314117	8031.254343711545
8500.0	8.0	8724.67891860387	8754.603697296228	8578.934981272378	8521.742142614421	8526.994848456265
9000.0	8.0	9118.699755428146	9268.565755965496	9098.142992008326	9034.496036669396	9028.948322658176
9500.0	8.0	9506.576571339596	9796.614580428559	9631.677975877798	9557.409174095219	9533.835498186138
10000.0	8.0	9892.035571342394	10332.5554283384	10169.539464215974	10078.999424047019	10030.662804211885
10500.0	8.0	10270.011010728269	10861.94164499371	10693.648216630545	10579.522960950188	10501.19316790192
11000.0	8.0	10628.708356920928	11356.547424675588	11174.558603348483	11030.34420297892	10920.866482851128
11500.0	8.0	10967.180244472933	11816.153256147138	11611.749423052266	11431.759735835903	11292.129116349206
12000.0	8.0	11275.649239786319	12244.149005503743	12005.715486197201	11782.840756364605	11613.578693131512
12500.0	8.0	11518.62846951117	12603.495645679453	12320.61758137245	12051.077917569739	11856.062989919143
13000.0	8.0	11720.927854501468	12910.312461451966	12578.134727676857	12263.682082515148	12050.06662749963
13500.0	8.0	11952.425448133008	13244.318155778592	12862.365722814335	12502.417394408216	12271.748273520172
14000.0	8.0	12234.759940900307	13595.881335405116	13172.338802168964	12774.338852579636	12527.324522154531
14500.0	8.0	12545.3452692123	13945.350634423006	13491.369390546985	13066.602209906667	12809.896239072476
15000.0	8.0	12872.524550609245	14291.329229177702	13811.715520504033	13365.574514732854	13104.305547657608
15500.0	8.0	13203.69141620519	14626.38504756153	14125.725156089879	13662.54937152497	13399.715967369237
16000.0	8.0	13546.915704786563	14968.790876098341	14447.524406045619	13967.780544994515	13704.715391308058
16500.0	8.0	13896.277058427915	15311.940519802403	14772.168012220063	14276.667393128331	14014.32981781327
17000.0	8.0	14245.705115011873	15649.266345165723	15093.615986124478	14584.967081896155	14323.813133600708
20000.0	8.0	16427.321987231924	17711.72191839469	17078.279646209478	16500.863016481933	16252.224544698322
25000.0	8.0	20471.973453359096	21482.773550608887	20723.066927499982	20036.40731885906	19814.674344015482
30000.0	8.0	25636.899083223903	26224.598280632006	25358.124072170267	24577.391489565533	24429.06467018659
35000.0	8.0	30911.661751057996	31068.44042641745	30184.2350172747	29379.540407560766	29385.52981889958
40000.0	8.0	34889.428631641116	34786.97904130108	33880.765214305524	33055.09642345057	33187.35094582974
45000.0	8.0	38120.50560250262	37834.61470014554	36905.032936256335	36061.79938996597	36300.07684225195
50000.0	8.0	40967.22059031009	40533.578315830346	39583.8519635857	38727.49819160916	39062.624884833196
55000.0	8.0	43514.550347350785	42957.259114312976	41991.34924436421	41125.627328102426	41549.47576635562
60000.0	8.0	45931.22392986005	45263.560002732906	44284.41621182708	43411.99666246204	43921.53881916272
3750.0	8.25	4286.559346949025	4252.284504883234	4162.83779905108	4092.405675656452	4027.8281819055205
4000.0	8.25	4425.636368159882	4388.823452653208	4302.150694916876	4253.815068451792	4209.732291557755
4250.0	8.25	4582.822106837242	4542.336016629807	4456.314655813602	4416.462495349969	4383.1002508558795
4500.0	8.25	4769.00443909845	4723.83337890952	4637.5915774809955	4601.09789806208	4574.367884382648
4750.0	8.25	4981.549880633017	4930.428962018535	4843.024669949087	4807.447477523543	4785.460077970423
5000.0	8.25	4996.785768417435	5171.118301482541	5141.417903640469	5114.204416802768	5098.828122477372
5250.0	8.25	5306.070821679678	5438.46130655076	5391.264926554671	5362.217881494366	5350.4284499671885
5500.0	8.25	5625.539173892417	5709.512685837889	5643.969828920035	5613.857351357145	5605.577375004122
5750.0	8.25	5951.766896615738	5978.849275311218	5894.657663987307	5863.338739542714	5858.4670868354515
6000.0	8.25	6274.449725725915	6244.185231466362	6141.708227246443	6108.706632373771	6106.979503581462
6250.0	8.25	6584.2815262346085	6506.335670136225	6386.303342560729	6350.719311149447	6351.69015095567
6500.0	8.25	6877.450205457911	6764.9168681899655	6628.7866572558905	6590.224610688049	6593.535931126744
7000.0	8.25	7415.386361659999	7269.601518762979	7108.697919759222	7065.172068246863	7072.541883356237
7500.0	8.25	7899.296082402367	7761.816127229357	7587.5907796671245	7541.1301920824935	7551.71479342872
8000.0	8.25	8343.42530716846	8251.351594397058	8073.067471738929	8024.865564294858	8036.484768105668
8500.0	8.25	8759.267215202617	8745.342361088056	8569.843402296045	8519.837338391906	8528.561212697732
9000.0	8.25	9157.988825627668	9248.90988321666	9080.964552368818	9027.553577885421	9027.800428439647
9500.0	8.25	9549.739148500632	9765.350456493547	9607.103180687573	9547.12806863967	9532.353456958133
10000.0	8.25	9939.689947376297	10290.61755373129	10140.383824509436	10069.233668232015	10032.932528041654
10500.0	8.25	10325.92976605185	10814.195514913603	10666.546103502336	10577.837273478308	10514.662143796966
11000.0	8.25	10697.954781342502	11312.889338046267	11159.60941637989	11047.005129153551	10954.746788694707
11500.0	8.25	11051.24627981109	11774.214739164468	11608.087122978954	11466.864031196557	11346.64230790666
12000.0	8.25	11385.15622070533	12208.91436512369	12021.369067237942	11845.662396141859	11698.390116714056
12500.0	8.25	11683.106726253305	12610.208847390653	12390.680232896199	12173.734883558927	11999.730257007697
13000.0	8.25	11912.553518146682	12936.063968345246	12678.233397134425	12419.209895888294	12223.59572110304
13500.0	8.25	12119.54616540805	13233.166142443404	12932.907180133247	12632.317624480023	12419.615071455823
14000.0	8.25	12360.089487792802	13561.423826536888	13216.968719118651	12873.232401006084	12643.130654509021
14500.0	8.25	12641.932584725364	13907.989530953675	13526.92751181117	13147.246853465955	12901.236395641152
15000.0	8.25	12952.16151454252	14255.909053124207	13845.95253527162	13439.161669606054	13182.16490754875
15500.0	8.25	13277.448835207035	14598.550949251545	14164.879687689352	13737.297904574043	13474.191569184255
16000.0	8.25	13605.877860174314	14928.590164537532	14480.589040345445	14039.697979991379	13774.534383404449
16500.0	8.25	13954.663675413341	15277.193979467193	14803.754594219316	14342.762538159814	14076.863762511786
17000.0	8.25	14309.110048503428	15626.00987027661	15134.77184533517	14657.79277764704	14392.139643533783
20000.0	8.25	16490.82795351435	17692.867009114878	17121.176328656707	16572.26051375147	16317.500462592949
25000.0	8.25	20559.618434894495	21480.982378604425	20783.948254953593	20125.568171164687	19897.956975986253
30000.0	8.25	25747.756292331687	26240.778788463416	25436.435894779966	24685.807083182488	24534.31433049937
35000.0	8.25	30976.06399952788	31049.718842549843	30220.40279468227	29444.189243879184	29447.44530157768
40000.0	8.25	34917.75192412551	34739.45164476693	33883.772692448205	33084.582458320816	33213.5155426674
45000.0	8.25	38124.04140919284	37765.37975287037	36883.397884883045	36065.66243676446	36299.53719717946
50000.0	8.25	40931.94837738306	40429.25057434974	39524.611207391914	38692.920890312314	39022.059820962706
55000.0	8.25	43473.16980662707	42848.915863299604	41925.79998495337	41083.78333695132	41501.3298561179
60000.0	8.25	45826.48359807349	45096.25542394905	44158.16164088899	43308.6809229477	43809.55994985291
65000.0	8.25	54034.47743599347	52630.45783685683	51029.56277441793	49654.92429318032	49928.3887797203
70000.0	8.25	56412.4281521614	54879.79173998786	53234.55890305942	51831.12607543083	52172.55235026113
75000.0	8.25	58720.88525867744	57067.16772082205	55379.62799070262	53949.10378217758	54358.102487963704
80000.0	8.25	60973.813392172524	59203.83459390544	57474.78610350617	56019.21771788154	56494.87492154312
85000.0	8.25	63179.00581727823	61299.837768951744	59532.98723384763	58054.86789625596	58597.8027216739
90000.0	8.25	65365.36326761769	63381.70276432727	61580.452708639896	60080.79795172567	60691.669642342255
100000.0	8.25	69666.93563450087	67488.50852490577	65625.30068746573	64090.08741768124	64839.869361995574
3750.0	8.5	4317.879177727707	4279.96767534019	4187.139943567108	4106.272463753812	4033.559528054524
4000.0	8.5	4454.661291314494	4414.853273529473	4325.677170793943	4272.025904157318	4223.22325091044
4250.0	8.5	4607.18647030921	4564.170126190348	4476.144367817728	4433.273478725968	4397.131747565569
4500.0	8.5	4787.696911425581	4740.490120842359	4652.673256278579	4614.339793581412	4585.954609050774
4750.0	8.5	4994.507404508951	4941.840628089969	4853.252193351292	4816.474388499348	4793.428444832339
5000.0	8.5	4983.550889172583	5172.785255236351	5149.761526625649	5122.852484339865	5107.107290380903
5250.0	8.5	5290.586546176017	5439.243096700434	5398.73946918905	5369.83432378084	5357.903820767216
5500.0	8.5	5606.122393617801	5710.183377449168	5651.439812478731	5621.451955752818	5613.165072866521
5750.0	8.5	5929.021370774784	5980.955168038964	5903.385659150512	5872.661140551896	5867.907009644774
6000.0	8.5	6253.356858310522	6247.890244237234	6151.490600803596	6119.959461318756	6118.586465237024
6250.0	8.5	6568.894426961702	6510.72978949066	6396.199030120251	6363.1056338184	6364.701030852676
6500.0	8.5	6868.869720097293	6769.542273957673	6638.08780768902	6602.760184751079	6606.8957549848255
7000.0	8.5	7421.382035640863	7275.490780379775	7116.632066219043	7076.945168304839	7085.267750207663
7500.0	8.5	7917.393264077487	7766.875731924135	7592.459145056246	7550.112547247684	7561.834682197933
8000.0	8.5	8371.417143286642	8253.051441376692	8073.353243873104	8030.1944125002665	8043.536437599143
8500.0	8.5	8794.479624474641	8740.291460484745	8563.473441510885	8520.185954213712	8531.865721418126
9000.0	8.5	9198.522214199087	9234.505869406854	9066.591870769764	9022.632553414503	9027.89165446084
9500.0	8.5	9593.848391714557	9739.761111492513	9584.700518105297	9537.86003560182	9530.856491065888
10000.0	8.5	9987.346654026484	10254.054604090054	10112.297761837091	10058.909728547596	10033.606878846263
10500.0	8.5	10379.977895911623	10770.829762797855	10638.623285640255	10573.366824474364	10524.34504268121
11000.0	8.5	10762.78767330362	11270.082274580342	11140.374577628769	11057.16212038351	10981.509760162211
11500.0	8.5	11129.2909287116	11735.842602867217	11601.103839250929	11495.280053353461	11393.555896341504
12000.0	8.5	11480.109916632018	12172.361636430707	12025.999316481899	11893.140772172703	11766.968004904502
12500.0	8.5	11810.654049000128	12587.123687439484	12421.047624790403	12255.070779891881	12104.589503235613
13000.0	8.5	12099.797581679199	12963.906161091692	12769.283263098814	12564.475008107413	12390.35029977576
13500.0	8.5	12323.319278146659	13266.968791317851	13040.242980959907	12797.519857147277	12604.649135547055
14000.0	8.5	12535.698047157059	13556.194858161474	13293.663444959451	13012.479907100555	12803.595534303897
14500.0	8.5	12777.918081726017	13875.763649720979	13575.542176518516	13254.302936452168	13028.470521513029
15000.0	8.5	13061.999448118268	14219.024477989926	13884.692085023224	13527.887779032128	13285.298438089569
15500.0	8.5	13372.61869249243	14565.948036458405	14204.02171850782	13819.94526220349	13564.97263854949
16000.0	8.5	13699.298657924783	14911.630598644468	14526.371498943208	14120.403261171805	13857.570487240975
16500.0	8.5	14034.848448406072	15251.252286747293	14846.165332707691	14422.398636463844	14155.653860234208
17000.0	8.5	14380.568047601077	15593.055288606687	15170.038215514398	14730.376853874084	14462.553731420672
20000.0	8.5	16564.768964869865	17672.500474066564	17166.091794660006	16650.171865463013	16391.22203414831
25000.0	8.5	20656.13509825293	21477.87629526001	20846.228055357755	20220.489769785534	19988.169328444976
30000.0	8.5	25870.632361965647	26260.008349797557	25519.554044130404	24803.289716784657	24650.22360398987
35000.0	8.5	31050.39160042321	31033.970335917063	30260.037788005342	29515.94722938432	29517.274022536505
40000.0	8.5	34955.327508286005	34693.6384690034	33887.95448440886	33119.80002525559	33245.33303639104
45000.0	8.5	38140.11254709894	37702.783736553116	36867.768883889876	36079.48340533668	36309.73044958146
50000.0	8.5	40882.58082778788	40306.59932524229	39446.938519556505	38643.53484819047	38966.53524092055
55000.0	8.5	43398.90276393501	42704.647311762266	41823.51001224952	41009.22899915843	41419.55034761511
60000.0	8.5	45796.95500945373	45000.41598692581	44102.6381625578	43278.75882104157	43774.53916130216
65000.0	8.5	53964.400244642005	52466.11649270397	50911.59340383934	49576.19745317214	49838.171535498244
70000.0	8.5	56308.6559510996	54684.14786386861	53082.05735813869	51716.16402972967	52044.33974575683
75000.0	8.5	58585.932983170576	56842.27759084231	55195.170391292435	53802.02626523335	54195.37886175725
80000.0	8.5	60811.058999447414	58954.540264113	57265.67545622579	55846.41290158561	56305.03233046436
85000.0	8.5	62997.563121618514	61033.75621652412	59304.2675331785	57861.012539132564	58384.65604866921
90000.0	8.5	65152.01084395583	63085.00153754749	61317.365406272154	59851.52201806576	60440.273114959564
100000.0	8.5	69389.38638156174	67130.01728099347	65293.569985295726	63789.198153864876	64510.2492041323
3750.0	8.75	4351.153048402972	4309.131813185063	4212.217081520995	4118.225511446342	4035.7652855830006
4000.0	8.75	4485.462488591804	4442.268239014517	4350.092105487314	4289.727618788921	4235.044455671402
4250.0	8.75	4633.3610317347275	4587.52660978886	4497.154612034335	4450.477405951879	4410.805838391525
4500.0	8.75	4808.294285383209	4758.784332060021	4669.112196277014	4628.4766206113845	4597.968667285321
4750.0	8.75	5009.284666370503	4954.7985603344805	4864.76411190218	4826.469441864966	4802.063748367834
5000.0	8.75	4971.20629497172	5175.512104662961	5159.689350538211	5133.133317361725	5116.957325808836
5250.0	8.75	5275.898720481387	5440.533193150276	5407.018623082922	5378.281083115983	5366.0935509540295
5500.0	8.75	5588.206446654228	5710.882945285199	5659.3909788690435	5629.26918043142	5620.884632325003
5750.0	8.75	5907.624544211307	5982.728319140779	5912.2273696017155	5881.626475996923	5876.940569869845
6000.0	8.75	6231.258766366586	6251.702619890816	6161.776591222865	6131.0872417538885	6129.949390050237
6250.0	8.75	6550.456680014732	6515.761624169101	6407.043530925389	6375.8771892497	6377.977339109576
6500.0	8.75	6857.321772243045	6775.554252853818	6649.111187558317	6616.75385191841	6621.6360128469705
7000.0	8.75	7424.539759676029	7282.784037627497	7126.394031064512	7090.755744662445	7100.105354225619
7500.0	8.75	7934.02164891557	7774.30479404597	7599.676400327481	7561.737942069953	7574.591480420204
8000.0	8.75	8398.019690892505	8256.982077297262	8075.490848118518	8037.268786493806	8052.23635930662
8500.0	8.75	8829.757599160374	8739.09629042548	8559.65388848481	8522.912254032837	8537.20469463841
9000.0	8.75	9240.258111014293	9225.694326283163	9055.708920544965	9020.601499253517	9030.164555694062
9500.0	8.75	9638.929717177307	9719.722871299222	9564.540986179518	9529.987359082015	9529.767048996884
10000.0	8.75	10035.324285078825	10222.972297865697	10085.237514296165	10048.339587294644	10032.860016112083
10500.0	8.75	10432.479300278554	10731.45000591499	10609.549938305638	10565.979240080163	10530.017980424893
11000.0	8.75	10824.146474464887	11230.126031982156	11118.212699354353	11062.350731599452	11002.37161384245
11500.0	8.75	11201.984521416698	11699.138290894598	11589.99379058198	11517.133985896808	11433.004181681303
12000.0	8.75	11565.93658183911	12139.034023093682	12025.924643409344	11932.201278222534	11825.516696026652
12500.0	8.75	11916.21527823355	12557.626790748951	12434.384466283791	12315.047380984344	12187.005551302724
13000.0	8.75	12244.425657054258	12955.694465998027	12815.02192334965	12664.352099374306	12514.582275380862
13500.0	8.75	12528.064559258955	13312.446646864948	13147.381485157659	12960.678127495683	12789.717822051522
14000.0	8.75	12751.364320806559	13600.9777123335	13409.62351322408	13188.723613835267	13001.031487517492
14500.0	8.75	12967.87950685385	13882.065855685065	13661.251368452815	13404.902985049981	13202.061681078434
15000.0	8.75	13215.078935463553	14195.17670696071	13941.689917664644	13647.722031566516	13428.218707278083
15500.0	8.75	13495.79297088377	14530.395602639615	14246.338955936626	13917.968588337906	13681.425007555708
16000.0	8.75	13802.660342900655	14873.708742632438	14563.606575850214	14207.282970221331	13956.533642294014
16500.0	8.75	14126.180728306976	15214.409626146196	14883.041879203713	14505.433962274492	14245.542012869226
17000.0	8.75	14461.03296017043	15554.48569921518	15204.105043638683	14808.574134048851	14542.804175434596
20000.0	8.75	16648.31209068899	17650.66099566993	17212.317074923583	16734.532124133817	16472.98960258373
25000.0	8.75	20761.953327273353	21474.446095198236	20910.14819755471	20322.06260353726	20086.17242923719
30000.0	8.75	26001.685584257477	26279.559750426182	25603.460905474174	24926.6594942405	24772.874052278486
35000.0	8.75	31132.83724011058	31019.795600003243	30300.911463174027	29593.942929381985	29594.16705948711
40000.0	8.75	35002.693682145844	34652.29668673566	33896.06017142922	33162.989433734074	33286.351228545056
45000.0	8.75	38166.46669449688	37645.294709790935	36855.78350532029	36101.2874245331	36328.497786469095
50000.0	8.75	40873.15124589038	40217.97716444636	39400.44405831392	38630.096618061136	38948.52517971912
55000.0	8.75	43360.7647361956	42590.6866567988	41749.75150076499	40966.868391446	41371.34098932932
60000.0	8.75	45696.56158725595	44824.810016894415	43963.674288607894	43171.68175830219	43658.37548711918
3750.0	9.0	4385.668819760204	4338.928333685456	4236.936841102335	4126.404072526984	4032.48124152667
4000.0	9.0	4518.327555340425	4471.258110640984	4375.436482905827	4306.502892157596	4244.5049373946
4250.0	9.0	4661.534885058317	4612.4851156667855	4519.291519525024	4467.7552692949175	4423.587105308383
4500.0	9.0	4831.0386262437905	4778.871397506312	4686.966538800577	4643.408651767987	4610.163563364036
4750.0	9.0	5026.798550742248	4970.2195323853675	4878.5301092990885	4838.4288775156	4812.388588786084
5000.0	9.0	4959.15505292824	5179.02763949769	5170.914688848628	5144.679540528179	5127.804124363928
5250.0	9.0	5261.565440499746	5442.344085665974	5416.243660906424	5387.787131110863	5375.251141816757
5500.0	9.0	5571.407092452584	5711.889813576167	5667.8959627722115	5637.714970960977	5629.177970387082
5750.0	9.0	5887.70111174647	5984.279718232776	5921.418622573261	5890.627313478622	5885.885307536288
6000.0	9.0	6209.086124630688	6255.307113717931	6172.609689880428	6142.143481775417	6141.140110480211
6250.0	9.0	6530.2618819181225	6521.605625767689	6419.247402809251	6389.255294427861	6391.691646222385
6500.0	9.0	6842.695839225403	6782.614823695695	6661.582707545464	6631.592066466883	6637.160145571892
7000.0	9.0	7424.844454328189	7291.705718671877	7138.223064835592	7106.657227449051	7117.079788232205
7500.0	9.0	7948.5805328148535	7783.967479298079	7609.210548732001	7576.077422199987	7590.144359783996
8000.0	9.0	8423.944376649135	8264.391029204346	8080.694381626689	8047.7531763591805	8064.272264196188
8500.0	9.0	8864.617516039429	8741.624990185326	8558.86800240597	8528.375308621848	8545.154953323672
9000.0	9.0	9281.616649411108	9220.769695157933	9046.962358820334	9020.398376649035	9033.850767634363
9500.0	9.0	9684.970837330515	9705.235828675372	9547.111140020012	9524.152306939191	9529.907864362074
10000.0	9.0	10084.835423401682	10198.859564591405	10060.953232828899	10039.72581252377	10032.925276858226
10500.0	9.0	10484.94111067154	10697.998443760116	10581.108322667	10557.979416931586	10533.804058041644
11000.0	9.0	10883.211142323327	11193.689933041644	11093.937195328715	11063.76609482555	11018.34543596743
11500.0	9.0	11270.663706289879	11666.139462329998	11576.392925782839	11534.531177116656	11466.7474428956
12000.0	9.0	11645.159941515274	12108.822914517896	12022.414699598996	11965.038265380745	11876.626472932854
12500.0	9.0	12009.004012569198	12530.214361565135	12441.049908739982	12364.452608395522	12256.833319244919
13000.0	9.0	12360.153298542065	12935.535782984194	12837.895146916995	12737.328889658485	12611.042402856296
13500.0	9.0	12687.702253324516	13320.280079410471	13207.920962879758	13078.005062519813	12932.070802375258
14000.0	9.0	12970.16836207957	13662.28447829378	13529.979302929456	13367.255135727939	13202.12821351751
14500.0	9.0	13195.15223416745	13940.515658401488	13787.629297900323	13593.967778712175	13413.703936248528
15000.0	9.0	13417.047401916301	14214.794749676268	14037.583067347241	13811.481806370728	13616.257560797925
15500.0	9.0	13664.437773174937	14518.493199441029	14314.229071036087	14053.085244042493	13841.774959582248
16000.0	9.0	13942.11777607541	14844.618892792703	14612.944003592138	14318.416635265065	14089.652083487566
16500.0	9.0	14248.580282046087	15185.606190541668	14929.398029662556	14606.39662623465	14362.099717996754
17000.0	9.0	14570.118643376476	15517.204347836569	15247.38175177772	14907.831620576011	14652.576014171773
20000.0	9.0	16742.234321209533	17628.78811647666	17260.489186317212	16826.672239178806	16563.86849074893
25000.0	9.0	20874.974791136934	21456.45368671038	20970.76539700147	20432.254894024572	20194.37831884777
30000.0	9.0	26138.986919966832	26284.271107099496	25683.025613571783	25058.063986574733	24904.64026998396
35000.0	9.0	31223.273034164245	31008.070044170185	30342.79198136014	29678.17310828989	29677.81963494276
40000.0	9.0	35056.90378423549	34599.74911765995	33900.528259039944	33213.93352445573	33335.78702036857
45000.0	9.0	38201.81491542269	37579.09382144915	36841.97580079544	36132.318489889934	36356.7381468307
50000.0	9.0	40873.469102278315	40121.200293753616	39353.662876105176	38626.24486178878	38940.44750222642
55000.0	9.0	43342.482111035126	42478.55523585761	41684.46534966277	40943.637723375534	41342.84484331475
60000.0	9.0	45639.04779404229	44677.5358482684	43861.05899463201	43109.6567435921	43589.580931677294
65000.0	9.0	53879.02469928571	52180.07054978031	50703.93289388484	49469.69484392296	49713.73144479636
70000.0	9.0	56178.995980757834	54358.76854060129	52829.9092154094	51563.43813161286	51870.50744742721
75000.0	9.0	58408.442017207504	56474.15378302354	54895.247887032274	53599.41027144073	53968.04133081911
80000.0	9.0	60581.668065425445	58539.27616716362	56913.01512350425	55589.72808199284	56019.71775555254
85000.0	9.0	62711.99466425414	60566.63620761342	58894.746599181555	57545.65543884888	58037.06965641516
90000.0	9.0	64806.48984673556	62562.63612319638	60848.255444458526	59473.73476828521	60026.71246962809
100000.0	9.0	68907.16679299847	66479.6012012477	64686.788268474294	63270.19977378971	63946.33233906213
3750.0	9.25	4420.840746097693	4368.887122878444	4260.871780839986	4129.8915602039215	4022.9583664499874
4000.0	9.25	4553.290690585506	4501.6424452009305	4401.2962492492625	4321.353708268119	4250.335595338743
4250.0	9.25	4692.272045403117	4639.38666119979	4542.66647084712	4484.804177779047	4434.862472743058
4500.0	9.25	4856.067505554275	4800.801620175517	4706.185669461561	4658.878639265328	4622.090805712922
4750.0	9.25	5045.439929294173	4986.338475209997	4892.477506170693	4849.896358602479	4821.503838107487
5000.0	9.25	4947.741452641966	5183.4666204576615	5183.781028569523	5157.985086755276	5140.2483403571105
5250.0	9.25	5247.674210684296	5444.894400367746	5426.648571428943	5398.470987617695	5385.3702818828815
5500.0	9.25	5555.569267812915	5713.471155113308	5677.237579566871	5647.012796428494	5638.130452356154
5750.0	9.25	5869.066423947717	5985.709885139491	5930.89483753618	5899.737585879945	5894.867669242417
6000.0	9.25	6187.866866562022	6258.250908255214	6183.49411758574	6152.70105833027	6151.687936113469
6250.0	9.25	6509.186099706005	6527.311329911435	6432.043120060828	6402.4153767353255	6405.079131467336
6500.0	9.25	6825.637794421047	6790.604054408829	6675.558346151317	6647.102142154866	6653.118531604032
7000.0	9.25	7421.904112988093	7302.148736984944	7151.997331843135	7124.203410259883	7135.589714300412
7500.0	9.25	7960.35326604634	7795.396447114224	7620.570720646676	7592.43704142406	7607.6751158377965
8000.0	9.25	8448.620480820038	8274.838038339614	8088.354698667796	8061.024673246397	8078.964303747644
8500.0	9.25	8899.2321368181	8748.075682183695	8560.859746880717	8536.788693990198	8555.610874139309
9000.0	9.25	9323.545471450798	9220.56410190886	9041.445384669389	9022.80577592783	9039.610411924765
9500.0	9.25	9732.011594823509	9696.328357992228	9532.561934496198	9520.536004507298	9531.375253489061
10000.0	9.25	10134.567912811859	10179.525465960507	10037.294697109623	10030.91771790197	10031.474997605408
10500.0	9.25	10536.922926569174	10668.766724588091	10551.101127194548	10547.498800129564	10533.512291672845
11000.0	9.25	10939.999246423735	11159.330036077112	11064.900011489877	11059.498465871498	11027.050680946879
11500.0	9.25	11335.84535209197	11634.294768979204	11557.158643148412	11545.026737683564	11492.19001123441
12000.0	9.25	11719.84466191197	12081.375749960212	12014.309640032257	11991.723926997254	11919.72482984707
12500.0	9.25	12093.826273118302	12505.287105851508	12442.221649890158	12405.719264733149	12316.260319666471
13000.0	9.25	12459.233970860312	12914.091074549217	12849.413739789778	12795.162291258184	12689.308932452512
13500.0	9.25	12812.107819691173	13309.32697513665	13237.997366026022	13161.70655942822	13039.081843924201
14000.0	9.25	13140.735260938352	13683.306143388694	13600.326192516843	13497.051800302515	13356.86926093865
14500.0	9.25	13426.112920271888	14015.95714413198	13917.289923790284	13784.172767304868	13626.0337936916
15000.0	9.25	13658.73525426101	14291.631897351937	14176.318107835335	14014.8120502631	13841.840782361185
15500.0	9.25	13881.914377671083	14556.847104805805	14423.327407805653	14232.749683564665	14046.161855786244
16000.0	9.25	14126.95124407847	14846.093556793894	14690.782166971157	14468.47057472112	14266.278957744516
16500.0	9.25	14402.891897337067	15165.922328912884	14987.717327063097	14733.162937195246	14514.130078235232
17000.0	9.25	14695.77708398035	15497.406280213203	15295.209347112057	15009.832770818783	14769.140155890427
20000.0	9.25	16844.266150717103	17604.655342397196	17306.991155934524	16923.823778123133	16660.654629498917
25000.0	9.25	21003.319456207722	21469.96751074123	21042.349966046033	20546.86346928134	20307.057927443893
30000.0	9.25	26288.389912707342	26306.05647208807	25767.24282565918	25194.415117385313	25042.095687548095
35000.0	9.25	31317.773749493423	30979.365719802776	30375.442144024673	29766.46520286199	29766.295342459245
40000.0	9.25	35118.60423832914	34561.66730813414	33906.82932982689	33266.98505030871	33387.02410099386
45000.0	9.25	38245.29625335163	37528.92288190982	36831.327975402746	36166.78172629049	36388.75503294437
50000.0	9.25	40884.27599893764	40043.559363189575	39311.98236699605	38628.25633641386	38938.3532819264
55000.0	9.25	43347.73584439781	42418.34800278596	41647.72189099799	40940.904672936646	41335.67592516278
60000.0	9.25	45605.850737434965	44567.18173048328	43782.11648649518	43070.18092040533	43544.05467339559
3750.0	9.5	4455.652658340075	4398.670045008039	4284.365736775631	4130.28069230081	4010.0339531021805
4000.0	9.5	4590.020059882858	4533.122511520174	4427.263146894976	4333.380302395555	4251.536609171837
4250.0	9.5	4725.583229386114	4668.1785187088735	4567.102584788979	4501.025674463919	4443.761524316527
4500.0	9.5	4883.669119536407	4824.675488973033	4726.650919442862	4674.400318680345	4632.943770996721
4750.0	9.5	5067.607115446311	5005.499593118031	4908.98727579136	4863.244976854396	4831.859321321708
5000.0	9.5	4946.035235184385	5197.340635696984	5206.6528684925215	5181.525476341335	5163.047174546074
5250.0	9.5	5232.417077333708	5447.106027164113	5437.409392921426	5409.565470356391	5395.663228438637
5500.0	9.5	5539.764639933191	5715.470746957025	5687.444901157286	5657.294358103441	5647.936763531989
5750.0	9.5	5851.53148827763	5987.478601439351	5941.080121800018	5909.594468196651	5904.442888526438
6000.0	9.5	6168.077991928395	6261.112177276135	6194.997994195684	6163.590912730694	6162.457972509398
6250.0	9.5	6487.715961310137	6532.331205509165	6445.253383871353	6415.2849160549285	6418.035880097476
6500.0	9.5	6806.668416666583	6798.78434407852	6690.667180695367	6662.789831165522	6669.127176982772
7000.0	9.5	7415.658314737396	7313.9528224809665	7167.818189923499	7143.286865873536	7155.599782969698
7500.0	9.5	7969.354842570313	7809.125114202174	7634.616269564301	7611.640124016004	7628.1473633348505
8000.0	9.5	8471.14778485033	8288.095382504569	8098.573968900939	8077.377083639715	8096.771798458404
8500.0	9.5	8933.005065889916	8758.555551056488	8566.02205478848	8548.853706856564	8569.66880634971
9000.0	9.5	9365.3607496442	9225.28720906934	9039.495214932102	9028.986541648908	9048.793225539122
9500.0	9.5	9780.224998727434	9694.007729662635	9523.000656278968	9521.153200664874	9536.643684805576
10000.0	9.5	10185.372548393085	10166.556242407918	10016.877782272813	10024.461292803193	10031.627280907931
10500.0	9.5	10589.692060166379	10645.72895934992	10522.336357987497	10537.519596751288	10532.537343459662
11000.0	9.5	10995.806621261785	11129.135693175902	11033.482119837945	11052.153371514796	11031.44794553231
11500.0	9.5	11398.308616299424	11604.560539284332	11532.962544190808	11549.881510029987	11510.923782605714
12000.0	9.5	11790.726134859977	12056.415503783073	12001.828235974028	12012.942455500037	11955.97098002214
12500.0	9.5	12173.353795589463	12484.103827891344	12439.695006736056	12441.766634499378	12368.778467487382
13000.0	9.5	12548.67666197679	12895.264231584037	12855.422866397656	12845.190327974437	12757.522964563812
13500.0	9.5	12916.768117821643	13295.342624574885	13255.113091035239	13228.669319724924	13126.762230936609
14000.0	9.5	13272.486111039914	13683.137875887005	13637.986843322828	13591.411084179508	13474.522655611469
14500.0	9.5	13604.379506328027	14049.43059715217	13995.648398181662	13924.997187604971	13791.795862824178
15000.0	9.5	13895.930074088343	14377.524153994409	14312.074309708369	14214.463479984484	14064.597806409742
15500.0	9.5	14136.39066501488	14644.226803450916	14572.094495589523	14454.03522332205	14290.34442673586
16000.0	9.5	14364.25736534657	14912.490185240804	14820.98765769746	14671.259361473136	14493.855971444427
16500.0	9.5	14607.9374294913	15189.652810127924	15081.126898803912	14902.707651180956	14710.067612140321
17000.0	9.5	14880.86077555022	15486.916147740438	15366.696649561494	15164.456246047504	14955.682506519028
20000.0	9.5	18125.43931198722	18656.90635066673	18442.074702711143	18150.724832068703	17763.64946711919
25000.0	9.5	21138.197020484524	21453.403640039534	21103.255862844875	20672.263813255617	20431.590010973185
30000.0	9.5	26446.536650400947	26332.024095075652	25852.12992890626	25338.474416912883	25188.040899982305
35000.0	9.5	31422.132242814663	30971.313749833243	30414.103151832052	29860.595253107214	29860.679814511586
40000.0	9.5	35188.33093980114	34529.2677010706	33914.10408840665	33327.529796678195	33446.496276722726
45000.0	9.5	38299.90369903672	37487.44956625429	36824.58045076218	36210.81353404533	36430.60346662976
50000.0	9.5	40879.2964036962	39949.11639523118	39249.03139899084	38614.946288596075	38920.28302210093
55000.0	9.5	43300.65935651576	42266.701374092656	41534.37180360122	40883.5518253705	41271.333506771385
60000.0	9.5	45575.78295903161	44450.58990959854	43689.63244341732	43025.673311722756	43492.62006198352
65000.0	9.5	53851.82930208233	51940.32881115742	50516.14393299918	49415.252366935834	49645.34961678267
70000.0	9.5	56120.191193939056	54092.850797326304	52609.63249027886	51475.19189824482	51765.478097241285
75000.0	9.5	58312.59459417653	56176.12714923022	54637.77286078143	53472.23733845136	53821.64644250968
80000.0	9.5	60450.67696597327	58210.83807643195	56620.062426242286	55424.94645625013	55833.358706025734
85000.0	9.5	62541.32388673491	60202.70267812578	58562.16546059385	57339.06916622435	57806.02367934964
90000.0	9.5	64591.10330300806	62158.30325088971	60469.669777076386	59221.995269030995	59745.96126698066
100000.0	9.5	68595.34357825445	65987.03830420325	64211.85406579362	62916.41634688543	63559.12874371566
