Teff	log(g)	T_BB_u	T_BB_g	T_BB_r	T_BB_i	T_BB_z
5000.0	6.50	5068.31159	5130.13177	5076.55559	5056.04632	5046.60507
5000.0	6.75	5045.01720	5129.59104	5078.96101	5059.14891	5049.67588
5000.0	7.00	5021.43760	5129.24502	5081.93561	5063.01982	5053.04472
5000.0	7.25	4998.56219	5128.98011	5084.67536	5066.24575	5056.28296
5000.0	7.50	4976.90025	5128.70137	5087.63342	5069.35443	5059.35760
5000.0	7.75	4956.51198	5128.43068	5090.86420	5072.59203	5062.70406
5000.0	8.00	4936.69385	5128.16775	5094.41022	5076.31408	5066.45661
5000.0	8.25	4917.61361	5127.77019	5098.22619	5079.93644	5069.97269
5000.0	8.50	4899.20216	5127.76840	5102.37459	5084.13196	5074.61771
5000.0	8.75	4881.25799	5127.40881	5106.94767	5088.65862	5079.15729
5000.0	9.00	4863.88071	5127.26350	5112.01108	5093.78227	5084.46550
5000.0	9.25	4847.18985	5126.77233	5117.15266	5099.56830	5090.19211
5000.0	9.50	4831.47876	5126.23398	5122.72279	5105.71033	5096.50987
5250.0	6.50	5416.90429	5399.23398	5331.04383	5306.31760	5296.06209
5250.0	6.75	5395.67027	5397.67009	5333.71272	5310.33704	5300.19394
5250.0	7.00	5372.98654	5397.01690	5336.68332	5315.21997	5304.83601
5250.0	7.25	5347.11587	5397.02547	5339.90475	5319.95459	5309.28633
5250.0	7.50	5322.25633	5397.40944	5343.14138	5325.10600	5314.02427
5250.0	7.75	5297.91026	5397.91575	5346.95974	5329.31026	5318.53536
5250.0	8.00	5275.32509	5398.19305	5351.35615	5333.36259	5322.86152
5250.0	8.25	5254.38862	5398.48790	5355.66505	5337.60460	5327.26203
5250.0	8.50	5234.85688	5398.67413	5360.22329	5342.18797	5331.75598
5250.0	8.75	5217.09197	5398.83733	5364.66929	5346.90219	5336.75555
5250.0	9.00	5200.52566	5398.97919	5369.85815	5351.79215	5341.83457
5250.0	9.25	5185.45888	5398.95361	5375.32493	5357.60870	5347.61710
5250.0	9.50	5171.99943	5399.52653	5381.50419	5363.75318	5354.29381
5500.0	6.50	5747.80425	5669.56196	5588.09372	5558.99195	5547.20582
5500.0	6.75	5728.78698	5666.38958	5589.26165	5562.43751	5550.89160
5500.0	7.00	5711.29612	5663.21539	5589.76010	5565.27948	5553.77173
5500.0	7.25	5690.07393	5662.51375	5591.29516	5568.93960	5558.21662
5500.0	7.50	5665.80359	5662.99836	5595.45135	5575.28489	5563.58423
5500.0	7.75	5639.66049	5664.27899	5600.99538	5580.99560	5569.67521
5500.0	8.00	5614.43022	5665.82031	5605.40718	5587.91023	5576.28533
5500.0	8.25	5589.87436	5667.09763	5610.48837	5593.48011	5582.34211
5500.0	8.50	5566.83295	5668.24029	5615.85086	5600.02482	5588.30643
5500.0	8.75	5546.18470	5669.07479	5621.50691	5604.91588	5594.12025
5500.0	9.00	5527.18731	5669.77024	5627.26939	5610.32656	5599.87261
5500.0	9.25	5510.23587	5670.23426	5634.08018	5616.77036	5606.14733
5500.0	9.50	5495.71909	5670.67961	5639.96569	5623.06085	5612.76745
5750.0	6.50	6055.78348	5935.58834	5838.94157	5803.54391	5789.76839
5750.0	6.75	6043.18902	5934.39699	5842.65187	5810.26598	5798.01598
5750.0	7.00	6028.97347	5932.65136	5844.77153	5816.12620	5803.71976
5750.0	7.25	6016.00601	5929.82008	5845.69719	5820.68434	5808.85798
5750.0	7.50	5998.27073	5927.67983	5848.64905	5824.76074	5812.90911
5750.0	7.75	5976.34087	5927.67421	5851.00091	5831.22118	5818.72251
5750.0	8.00	5952.08371	5929.82633	5855.78107	5837.16380	5824.85198
5750.0	8.25	5926.96951	5932.61482	5862.25795	5844.11251	5832.53433
5750.0	8.50	5901.75229	5935.39023	5868.88209	5852.70980	5840.93294
5750.0	8.75	5877.45946	5937.90647	5875.98046	5860.13649	5848.51204
5750.0	9.00	5854.49183	5939.86854	5882.31973	5867.37431	5856.01927
5750.0	9.25	5833.68408	5941.37313	5890.48223	5874.88179	5863.47515
5750.0	9.50	5815.25769	5942.41103	5897.05723	5882.34548	5870.90273
6000.0	6.50	6338.59668	6191.95363	6082.16314	6042.48235	6027.14970
6000.0	6.75	6334.54339	6193.22351	6085.37610	6048.95939	6035.40925
6000.0	7.00	6327.59398	6194.64879	6091.02241	6057.82885	6042.82499
6000.0	7.25	6318.97694	6195.02397	6097.27034	6065.76440	6051.60159
6000.0	7.50	6311.04551	6193.67705	6099.08685	6072.52250	6059.38251
6000.0	7.75	6297.84303	6192.62568	6102.26619	6079.09841	6065.72810
6000.0	8.00	6279.85684	6192.73915	6106.62273	6085.31004	6073.39588
6000.0	8.25	6258.54499	6194.30698	6111.68642	6093.27106	6081.07762
6000.0	8.50	6235.53198	6197.94015	6118.00670	6101.42486	6088.68708
6000.0	8.75	6210.95675	6202.55284	6125.37157	6110.63697	6098.25243
6000.0	9.00	6186.54710	6207.01471	6133.58628	6120.35826	6107.80726
6000.0	9.25	6162.58937	6210.56446	6142.35269	6130.38174	6117.62316
6000.0	9.50	6140.21299	6213.42001	6152.49710	6139.20898	6127.02527
6250.0	6.50	6600.62901	6446.15146	6323.59337	6280.41663	6263.10506
6250.0	6.75	6602.32868	6446.97590	6327.33369	6287.27447	6269.89701
6250.0	7.00	6603.28110	6448.29973	6334.11590	6295.63030	6279.41097
6250.0	7.25	6601.72798	6451.35567	6338.23777	6305.11947	6289.91233
6250.0	7.50	6599.11868	6454.09702	6344.69721	6313.34303	6299.24141
6250.0	7.75	6596.32337	6454.87350	6349.80437	6321.65382	6308.41973
6250.0	8.00	6587.86535	6455.56260	6354.77443	6330.10398	6316.87640
6250.0	8.25	6574.57981	6457.02471	6360.58870	6339.79138	6326.80792
6250.0	8.50	6557.50740	6459.64976	6366.74750	6349.44023	6335.93627
6250.0	8.75	6537.71854	6463.59439	6374.04347	6359.67367	6346.63774
6250.0	9.00	6515.76085	6468.64609	6381.72708	6369.86372	6356.88001
6250.0	9.25	6492.47863	6475.18030	6391.85952	6381.01574	6367.83498
6250.0	9.50	6468.76202	6481.15105	6401.69033	6391.65359	6379.07870
6500.0	6.50	6849.40276	6697.93369	6566.20708	6520.57126	6501.81512
6500.0	6.75	6855.91078	6697.29268	6569.56959	6525.04490	6506.07635
6500.0	7.00	6861.54395	6698.68287	6571.28491	6531.58134	6512.80956
6500.0	7.25	6865.40056	6701.41251	6576.73983	6538.05859	6520.95608
6500.0	7.50	6869.02252	6704.68236	6584.28909	6548.83822	6532.71170
6500.0	7.75	6872.41524	6708.55242	6590.12082	6558.67088	6544.35735
6500.0	8.00	6874.87319	6712.00860	6596.01325	6568.87965	6553.15135
6500.0	8.25	6871.62588	6715.46812	6603.97841	6579.83958	6565.04812
6500.0	8.50	6863.24658	6718.97975	6611.66729	6592.09068	6577.33774
6500.0	8.75	6850.96333	6723.28100	6619.40854	6605.07989	6590.32642
6500.0	9.00	6835.35223	6728.89330	6629.45174	6616.93749	6602.75652
6500.0	9.25	6817.04652	6735.55183	6638.59315	6629.39405	6615.12300
6500.0	9.50	6796.50731	6743.26723	6649.27175	6642.76660	6628.54187
6750.0	6.50	7084.69860	6951.40127	6808.82908	6758.91565	6737.26889
6750.0	6.75	7094.75220	6947.72397	6809.32591	6761.70834	6741.52369
6750.0	7.00	7105.06943	6946.22468	6811.77936	6768.29934	6746.86824
6750.0	7.25	7114.54522	6947.22726	6814.91338	6774.68564	6757.68909
6750.0	7.50	7122.80546	6950.36244	6818.49564	6781.84273	6762.60544
6750.0	7.75	7129.44622	6954.86116	6825.25796	6791.64137	6772.38575
6750.0	8.00	7138.16511	6959.09629	6832.84057	6801.73132	6785.26624
6750.0	8.25	7145.65929	6964.07465	6840.00704	6813.61767	6796.29225
6750.0	8.50	7147.99956	6970.70619	6848.20401	6827.56408	6809.89599
6750.0	8.75	7145.52258	6977.49952	6860.29414	6841.81434	6826.43069
6750.0	9.00	7138.63841	6984.94871	6869.81334	6857.11125	6842.83676
6750.0	9.25	7128.26034	6993.26498	6881.10133	6873.55199	6857.88177
6750.0	9.50	7114.53115	7002.55284	6892.36462	6888.66294	6873.69760
7000.0	6.50	7310.83972	7207.82000	7055.58406	7000.72331	6975.16786
7000.0	6.75	7324.27830	7201.79996	7053.82971	7003.69821	6979.09313
7000.0	7.00	7337.36587	7198.40422	7055.21052	7007.21149	6983.29022
7000.0	7.25	7351.54597	7196.94933	7057.02357	7012.18238	6990.52855
7000.0	7.50	7365.52501	7197.78805	7060.47451	7021.78863	6999.26694
7000.0	7.75	7378.13855	7201.25291	7065.19764	7029.25734	7008.65900
7000.0	8.00	7389.98369	7207.03762	7071.30482	7038.98279	7020.30954
7000.0	8.25	7403.12765	7213.08165	7078.44992	7049.75416	7030.56090
7000.0	8.50	7414.40050	7219.60075	7087.42936	7062.73128	7044.34251
7000.0	8.75	7422.16576	7227.53355	7096.99043	7077.48930	7059.74178
7000.0	9.00	7424.86610	7236.99395	7107.48560	7093.87676	7076.34385
7000.0	9.25	7422.97445	7246.62572	7119.64417	7111.03866	7094.89149
7000.0	9.50	7417.09417	7256.88523	7131.87980	7129.33781	7112.93458
7250.0	6.50	7524.42587	7464.79188	7305.22114	7244.66511	7213.35112
7250.0	6.75	7542.92589	7455.76160	7300.71232	7246.11563	7216.93551
7250.0	7.00	7560.62104	7449.11070	7297.91044	7248.36181	7220.63691
7250.0	7.25	7577.45293	7444.83801	7297.69374	7252.22786	7224.74450
7250.0	7.50	7594.32096	7443.31337	7299.58583	7256.31007	7230.04824
7250.0	7.75	7611.67730	7443.93674	7301.90188	7263.12301	7238.97498
7250.0	8.00	7628.16123	7447.15583	7305.58797	7273.07333	7248.79693
7250.0	8.25	7645.12920	7452.53026	7312.59437	7282.29096	7261.05899
7250.0	8.50	7662.61843	7460.18298	7318.71841	7293.16802	7272.54358
7250.0	8.75	7677.90823	7469.24009	7328.22396	7306.93443	7288.07199
7250.0	9.00	7690.03847	7479.29722	7339.88742	7325.60730	7306.10520
7250.0	9.25	7698.72437	7491.30182	7351.75790	7344.49439	7325.35044
7250.0	9.50	7702.60595	7504.93273	7365.88623	7363.12065	7345.00661
7500.0	6.50	7726.88986	7728.56416	7560.16675	7494.39757	7457.70542
7500.0	6.75	7751.49285	7714.53256	7553.29657	7492.81844	7457.35825
7500.0	7.00	7774.10401	7703.80475	7547.39643	7493.18870	7459.47310
7500.0	7.25	7795.58571	7696.31458	7543.53230	7494.58177	7462.35391
7500.0	7.50	7816.76845	7691.80936	7542.22663	7497.33647	7466.93526
7500.0	7.75	7837.40332	7689.99233	7541.68126	7502.53431	7473.63291
7500.0	8.00	7857.84491	7691.02988	7544.57766	7508.77420	7482.72255
7500.0	8.25	7878.33101	7694.69730	7549.09720	7518.36961	7492.88063
7500.0	8.50	7900.44750	7700.63133	7554.55544	7529.33219	7505.35096
7500.0	8.75	7922.87937	7709.20213	7562.60040	7542.68817	7517.37452
7500.0	9.00	7942.21848	7720.82562	7571.95211	7557.64351	7534.96376
7500.0	9.25	7958.68062	7733.56643	7583.48504	7576.57301	7552.29754
7500.0	9.50	7972.38169	7747.55547	7597.75471	7597.96007	7576.42626
7750.0	6.50	7921.02751	7996.23891	7818.77012	7747.32329	7700.41434
7750.0	6.75	7950.82459	7976.90675	7808.53962	7743.80124	7700.86650
7750.0	7.00	7978.71108	7961.30168	7800.09123	7741.26712	7700.42103
7750.0	7.25	8005.44124	7949.58837	7791.25008	7740.22078	7703.26932
7750.0	7.50	8030.31755	7940.89437	7787.13911	7742.27992	7704.70385
7750.0	7.75	8054.39513	7935.36073	7784.51490	7744.86749	7709.50499
7750.0	8.00	8078.47631	7933.20932	7784.06296	7747.13057	7716.15271
7750.0	8.25	8102.21410	7934.38608	7785.68505	7752.25671	7723.05378
7750.0	8.50	8126.51594	7938.43825	7789.11278	7762.35141	7733.99400
7750.0	8.75	8152.97963	7945.04485	7794.32990	7773.86364	7746.64794
7750.0	9.00	8179.17252	7954.77634	7801.24197	7789.33236	7763.73830
7750.0	9.25	8203.21038	7967.81660	7812.20831	7807.10313	7781.37553
7750.0	9.50	8224.09314	7984.06165	7824.54249	7826.19547	7801.15912
8000.0	6.50	8106.33772	8272.63421	8085.03055	8006.32470	7946.93785
8000.0	6.75	8142.34923	8246.64440	8069.74622	8001.21727	7945.54395
8000.0	7.00	8175.66815	8225.19410	8057.70888	7995.97887	7942.61612
8000.0	7.25	8207.56509	8208.33221	8046.93401	7991.92966	7945.24482
8000.0	7.50	8237.13879	8195.03498	8041.37687	7990.84796	7945.84560
8000.0	7.75	8265.45170	8185.29185	8032.87162	7988.41467	7948.48899
8000.0	8.00	8293.41813	8179.37401	8029.10061	7990.86960	7952.58999
8000.0	8.25	8320.86606	8177.12683	8028.15145	7994.90995	7957.66299
8000.0	8.50	8348.04401	8178.50116	8027.67462	8000.35560	7968.65739
8000.0	8.75	8376.56480	8183.13582	8031.23433	8009.14596	7978.70159
8000.0	9.00	8407.08661	8191.07284	8034.71266	8022.40054	7992.32015
8000.0	9.25	8437.50062	8202.68620	8043.88674	8039.90384	8011.40544
8000.0	9.50	8466.28827	8217.77746	8055.54795	8059.19944	8030.66324
8250.0	6.50	8285.54325	8553.66785	8357.71465	8268.09039	8195.00678
8250.0	6.75	8327.92579	8520.96385	8337.46310	8257.71549	8191.02532
8250.0	7.00	8367.09243	8493.29322	8320.45813	8250.90471	8188.29364
8250.0	7.25	8403.85699	8470.59379	8306.32883	8245.05844	8188.57366
8250.0	7.50	8438.80242	8451.87851	8293.89353	8241.63692	8186.96361
8250.0	7.75	8470.85009	8437.03649	8283.51650	8238.28614	8189.08752
8250.0	8.00	8502.28228	8426.62975	8276.60355	8238.08325	8191.87465
8250.0	8.25	8533.31665	8420.08035	8270.03939	8237.71813	8194.56955
8250.0	8.50	8563.82679	8417.51728	8267.99653	8240.80487	8198.50987
8250.0	8.75	8594.20110	8418.88904	8265.62349	8247.13722	8208.30137
8250.0	9.00	8626.63222	8424.13890	8267.52314	8255.49924	8219.82964
8250.0	9.25	8660.45673	8433.27227	8273.17567	8268.73682	8235.06782
8250.0	9.50	8694.02534	8446.63993	8282.69116	8285.73260	8252.92662
8500.0	6.50	8458.96357	8843.55569	8638.61461	8535.78370	8445.50812
8500.0	6.75	8507.66828	8803.31210	8612.04547	8522.84331	8437.50958
8500.0	7.00	8553.01197	8768.83119	8589.12281	8512.77801	8435.19585
8500.0	7.25	8594.63747	8739.47595	8571.73024	8506.50647	8432.52780
8500.0	7.50	8633.89515	8714.66823	8555.21380	8499.57473	8431.30585
8500.0	7.75	8671.06518	8694.20452	8540.43003	8493.06718	8431.32163
8500.0	8.00	8706.71932	8678.55214	8530.59585	8490.98192	8432.86481
8500.0	8.25	8741.20952	8667.49973	8520.13492	8487.25732	8434.16219
8500.0	8.50	8775.22719	8660.78254	8511.05409	8486.50345	8437.56780
8500.0	8.75	8808.70099	8658.27096	8506.56442	8490.09346	8443.41132
8500.0	9.00	8843.47340	8660.19304	8504.98833	8495.51018	8452.55575
8500.0	9.25	8879.55919	8666.76371	8507.42009	8505.76819	8465.90200
8500.0	9.50	8916.38851	8677.92372	8513.46921	8517.96841	8481.25646
8750.0	6.50	8628.10675	9137.03022	8921.14615	8801.24238	8691.63512
8750.0	6.75	8683.83246	9089.91252	8889.51748	8788.14124	8684.25622
8750.0	7.00	8734.34915	9048.52559	8863.63750	8777.36033	8680.73101
8750.0	7.25	8781.71438	9012.54982	8840.25668	8766.97919	8677.47675
8750.0	7.50	8825.99357	8981.29244	8820.73248	8759.76555	8675.74584
8750.0	7.75	8867.85081	8954.67867	8801.79684	8751.17235	8677.54757
8750.0	8.00	8907.13071	8933.33725	8785.70597	8747.26568	8677.50727
8750.0	8.25	8945.18426	8917.19988	8772.65090	8742.33173	8674.89365
8750.0	8.50	8982.21655	8905.55550	8759.34284	8736.62518	8677.68427
8750.0	8.75	9018.64184	8898.46919	8751.39737	8736.14512	8681.49057
8750.0	9.00	9055.33285	8896.37064	8745.46566	8737.99507	8687.89460
8750.0	9.25	9093.53546	8899.00037	8742.83909	8741.63368	8695.80731
8750.0	9.50	9133.07977	8906.72654	8747.28937	8752.08851	8709.74947
9000.0	6.50	8794.83074	9434.60554	9199.54184	9065.72854	8937.01676
9000.0	6.75	8855.73737	9381.95856	9168.18900	9054.96428	8930.14523
9000.0	7.00	8912.58087	9334.37122	9139.13347	9043.48914	8925.17014
9000.0	7.25	8965.21327	9291.29940	9112.37981	9032.98351	8921.73650
9000.0	7.50	9013.97819	9253.13646	9089.36489	9023.98758	8921.02326
9000.0	7.75	9060.41781	9220.29523	9067.95418	9014.07102	8919.48299
9000.0	8.00	9103.59644	9192.95755	9047.86837	9007.11081	8919.67190
9000.0	8.25	9144.93896	9171.17097	9030.33335	9000.17887	8920.86487
9000.0	8.50	9185.23794	9154.42310	9015.33362	8993.21188	8921.83784
9000.0	8.75	9224.63189	9142.43948	9001.54627	8988.78996	8923.69834
9000.0	9.00	9264.76426	9135.90888	8991.79773	8986.02367	8925.38994
9000.0	9.25	9305.10816	9134.56357	8986.89067	8986.73608	8932.36055
9000.0	9.50	9347.03433	9138.41327	8981.61693	8992.12785	8943.97348
9250.0	6.50	8958.77312	9731.29464	9478.74819	9324.35648	9170.05639
9250.0	6.75	9025.53153	9675.06927	9447.49535	9315.97630	9168.97912
9250.0	7.00	9088.64857	9621.86891	9416.84105	9306.22257	9165.69419
9250.0	7.25	9146.30187	9572.59136	9386.77907	9294.93815	9164.50144
9250.0	7.50	9200.57437	9528.14222	9361.23000	9287.84221	9163.79396
9250.0	7.75	9251.43670	9489.33489	9335.61975	9277.22447	9164.68532
9250.0	8.00	9299.26745	9455.77117	9311.85872	9267.01990	9166.95027
9250.0	8.25	9343.86781	9427.86078	9291.05592	9260.37494	9166.68260
9250.0	8.50	9387.01518	9405.39224	9272.77926	9249.60239	9165.27940
9250.0	8.75	9429.00615	9388.17352	9255.51995	9243.59897	9163.45183
9250.0	9.00	9469.94424	9376.46129	9242.83752	9237.68404	9166.80732
9250.0	9.25	9513.15989	9370.56664	9231.86918	9235.17597	9172.79183
9250.0	9.50	9557.03833	9369.87333	9219.46079	9235.96633	9178.31360
9500.0	6.50	9119.72335	10019.14739	9747.20427	9564.49311	9389.86981
9500.0	6.75	9192.16029	9962.39727	9719.38895	9564.58465	9394.74873
9500.0	7.00	9261.32229	9907.51048	9692.12335	9560.47065	9398.51076
9500.0	7.25	9325.02848	9854.61933	9661.77053	9556.25627	9403.51476
9500.0	7.50	9384.69175	9805.33266	9632.67309	9547.23108	9403.52202
9500.0	7.75	9440.08623	9761.41965	9606.22467	9539.11001	9406.16420
9500.0	8.00	9492.12597	9722.19982	9580.03765	9530.42273	9407.94473
9500.0	8.25	9540.32963	9688.87958	9559.02794	9519.81897	9409.44256
9500.0	8.50	9586.37730	9660.82836	9536.45134	9511.00278	9409.49142
9500.0	8.75	9631.67100	9638.21309	9515.55737	9501.98935	9410.87415
9500.0	9.00	9676.17490	9620.72769	9494.61755	9495.73129	9409.15215
9500.0	9.25	9719.89722	9610.01066	9478.25966	9489.55007	9410.79266
9500.0	9.50	9764.18700	9604.63608	9467.05466	9485.77032	9415.80269
9750.0	6.50	9276.09997	10303.51515	10001.57805	9791.94815	9594.57572
9750.0	6.75	9354.90730	10245.88090	9981.32910	9803.18320	9609.25171
9750.0	7.00	9430.35901	10189.64882	9957.74580	9806.18962	9620.13704
9750.0	7.25	9501.04785	10134.71812	9932.27822	9806.11815	9628.07033
9750.0	7.50	9566.57336	10082.51665	9903.99648	9803.56247	9635.11280
9750.0	7.75	9627.27212	10034.66261	9879.67424	9797.58480	9641.31644
9750.0	8.00	9683.93811	9990.98502	9851.99367	9789.86313	9646.24591
9750.0	8.25	9736.50468	9952.68259	9823.84654	9780.51254	9648.83448
9750.0	8.50	9785.78161	9919.32908	9796.29996	9771.98856	9652.08728
9750.0	8.75	9833.18442	9891.30083	9773.71626	9762.36534	9652.16300
9750.0	9.00	9879.65666	9868.25103	9750.20820	9753.52913	9654.08761
9750.0	9.25	9926.10242	9851.35653	9728.30025	9744.61602	9653.99525
9750.0	9.50	9972.76865	9840.78580	9712.28365	9739.01004	9656.13906
10000.0	6.50	9425.80736	10571.12447	10234.16125	9996.20182	9776.95146
10000.0	6.75	9512.99077	10515.30862	10225.96022	10020.70721	9803.87694
10000.0	7.00	9595.25541	10459.93973	10208.34228	10035.22096	9824.53822
10000.0	7.25	9673.07325	10405.79840	10189.62096	10045.65253	9840.83208
10000.0	7.50	9744.81138	10353.48736	10166.28175	10050.23496	9856.40265
10000.0	7.75	9811.56896	10304.13006	10138.97930	10048.24898	9866.02672
10000.0	8.00	9873.02107	10257.88300	10114.08918	10044.99586	9878.49412
10000.0	8.25	9930.27213	10215.83527	10087.05967	10038.94982	9884.48680
10000.0	8.50	9982.65584	10178.19875	10061.72818	10030.96443	9891.46218
10000.0	8.75	10033.13414	10146.08130	10032.94683	10022.41176	9896.78978
10000.0	9.00	10082.38251	10118.65095	10007.26822	10012.88372	9896.16900
10000.0	9.25	10130.60754	10096.44438	9983.14482	10004.13666	9897.41928
10000.0	9.50	10179.18521	10080.94823	9962.51506	9997.30165	9896.73963
10250.0	6.50	9560.06376	10825.88176	10443.43398	10172.46665	9932.96383
10250.0	6.75	9663.98362	10780.66101	10458.21202	10225.33889	9982.23164
10250.0	7.00	9755.77972	10725.98832	10450.26306	10252.02521	10017.02365
10250.0	7.25	9841.51504	10671.72961	10436.79454	10270.51993	10042.91966
10250.0	7.50	9919.99382	10619.35065	10417.99185	10283.70416	10066.98459
10250.0	7.75	9992.92224	10569.18879	10397.64844	10292.74131	10085.36839
10250.0	8.00	10060.33345	10521.54036	10373.61154	10292.95114	10100.25956
10250.0	8.25	10122.70426	10477.33664	10350.29988	10292.35749	10114.93290
10250.0	8.50	10179.65545	10436.64064	10321.29688	10284.23138	10124.27408
10250.0	8.75	10232.87638	10400.94061	10294.61504	10277.47353	10130.64122
10250.0	9.00	10284.38218	10369.82942	10266.71563	10268.85849	10136.33427
10250.0	9.25	10335.26514	10343.58610	10241.20289	10262.44911	10141.63517
10250.0	9.50	10385.62100	10322.88933	10214.76523	10254.10243	10140.97856
10500.0	6.50	9677.57311	11044.67787	10614.12889	10314.74972	10060.68949
10500.0	6.75	9799.16930	11017.27318	10655.28843	10395.01070	10136.78328
10500.0	7.00	9908.27860	10975.61629	10671.97867	10448.90374	10193.19508
10500.0	7.25	10003.81000	10924.21896	10670.67734	10483.26704	10228.52839
10500.0	7.50	10090.66291	10873.06295	10657.61241	10504.70735	10261.89152
10500.0	7.75	10170.37780	10823.63896	10642.83393	10520.14006	10290.39000
10500.0	8.00	10243.97881	10776.44274	10623.24306	10530.20158	10313.88839
10500.0	8.25	10311.67098	10732.12951	10602.43712	10532.96907	10332.94128
10500.0	8.50	10373.25959	10690.88325	10579.84800	10537.95484	10349.89572
10500.0	8.75	10430.18272	10652.91873	10555.58551	10536.31817	10365.27683
10500.0	9.00	10485.35285	10619.24700	10528.09936	10528.07078	10372.52818
10500.0	9.25	10538.65472	10590.45828	10500.71921	10522.34206	10376.43923
10500.0	9.50	10591.23119	10566.75395	10471.68274	10512.74154	10382.69553
10750.0	6.50	9793.37118	11266.98381	10779.82797	10447.93122	10177.80445
10750.0	6.75	9914.32823	11233.00108	10823.85250	10532.08034	10259.68847
10750.0	7.00	10044.81668	11212.31035	10873.67179	10621.86821	10343.07129
10750.0	7.25	10158.92104	11171.79463	10890.41503	10678.59501	10402.52801
10750.0	7.50	10256.64285	11122.16801	10886.72780	10712.80927	10449.01282
10750.0	7.75	10344.71867	11073.60755	10883.05903	10741.01956	10485.18031
10750.0	8.00	10424.86977	11027.09134	10866.79480	10755.52547	10517.68667
10750.0	8.25	10499.05306	10983.57349	10851.91644	10773.87463	10545.78887
10750.0	8.50	10565.57484	10942.49860	10832.85272	10779.80936	10570.76226
10750.0	8.75	10627.22378	10903.75187	10810.50991	10785.24975	10587.02482
10750.0	9.00	10685.74781	10868.19946	10785.02759	10783.36876	10604.18299
10750.0	9.25	10742.22247	10836.32083	10759.37952	10777.57075	10615.58205
10750.0	9.50	10797.41849	10809.59994	10725.90936	10769.01239	10619.29538
11000.0	6.50	9923.58073	11497.87059	10954.57739	10589.63354	10308.91091
11000.0	6.75	10029.71815	11442.86761	10986.86752	10665.86785	10374.76351
11000.0	7.00	10162.11894	11414.40092	11034.82110	10757.22701	10464.40975
11000.0	7.25	10299.22500	11396.16380	11084.51670	10848.52640	10554.00903
11000.0	7.50	10414.78289	11357.67055	11104.22079	10906.40666	10617.41830
11000.0	7.75	10513.77082	11311.92472	11104.91483	10944.44201	10669.45748
11000.0	8.00	10602.08974	11267.21626	11099.50451	10975.23376	10711.90591
11000.0	8.25	10682.19473	11224.30337	11088.70991	10996.33178	10747.56780
11000.0	8.50	10754.28226	11184.45511	11074.50598	11013.91944	10778.62542
11000.0	8.75	10820.50706	11146.97888	11055.46980	11024.43971	10804.59068
11000.0	9.00	10883.10529	11111.99855	11034.02737	11030.19826	10827.02067
11000.0	9.25	10943.50244	11079.72544	11011.62894	11029.55284	10844.12282
11000.0	9.50	11001.35969	11050.62181	10982.15124	11026.66630	10858.44444
11250.0	6.50	10073.70397	11716.70423	11139.51545	10750.50811	10454.57565
11250.0	6.75	10156.21776	11659.65958	11154.95225	10804.03834	10498.16276
11250.0	7.00	10273.80297	11614.56335	11189.78382	10883.84799	10576.09468
11250.0	7.25	10417.91690	11597.05628	11250.99582	10988.83672	10677.04970
11250.0	7.50	10559.99508	11583.20808	11303.62960	11078.23206	10769.72974
11250.0	7.75	10676.21126	11545.47139	11319.50589	11137.96669	10837.71579
11250.0	8.00	10775.91827	11502.47915	11323.25138	11179.11925	10892.58288
11250.0	8.25	10863.51033	11460.59379	11317.53534	11212.15436	10939.15477
11250.0	8.50	10941.19697	11421.38958	11309.90611	11236.68707	10980.50364
11250.0	8.75	11012.72001	11385.30672	11300.38788	11251.80123	11013.23766
11250.0	9.00	11080.72897	11351.28281	11279.67880	11267.53819	11043.26160
11250.0	9.25	11144.02497	11320.24492	11260.08358	11276.41116	11065.88067
11250.0	9.50	11205.38532	11291.12633	11233.20923	11278.08478	11088.33964
11500.0	6.50	10234.16106	11932.83332	11324.84463	10913.04409	10605.12289
11500.0	6.75	10299.50089	11884.02975	11337.03549	10957.26955	10635.71505
11500.0	7.00	10397.04825	11824.05980	11355.52935	11021.45837	10695.97673
11500.0	7.25	10531.17720	11785.11244	11403.10598	11114.89431	10788.60449
11500.0	7.50	10684.69844	11776.67277	11468.78710	11222.07502	10895.80100
11500.0	7.75	10827.34103	11762.06955	11516.84818	11313.38066	10991.56114
11500.0	8.00	10942.61527	11726.29616	11533.76886	11371.78076	11066.13946
11500.0	8.25	11039.99157	11686.68624	11535.94140	11414.38581	11123.09807
11500.0	8.50	11124.62728	11648.67672	11535.60195	11446.20091	11170.18943
11500.0	8.75	11202.53351	11613.52368	11534.53108	11473.65081	11210.57654
11500.0	9.00	11274.55913	11580.97079	11515.66383	11495.06311	11248.65176
11500.0	9.25	11341.99395	11551.60436	11499.62273	11509.99481	11279.07621
11500.0	9.50	11406.81121	11524.96311	11478.41741	11515.33441	11307.25747
11750.0	6.50	10403.40477	12131.29281	11501.96290	11078.67464	10763.11423
11750.0	6.75	10459.18348	12090.79007	11519.20243	11120.77987	10786.02721
11750.0	7.00	10536.79383	12035.53898	11531.70757	11170.00036	10828.70649
11750.0	7.25	10649.35513	11982.47640	11558.72582	11242.71769	10901.45960
11750.0	7.50	10797.39652	11958.14076	11618.68272	11347.81920	11008.25996
11750.0	7.75	10959.19112	11959.25259	11688.55575	11462.25493	11125.21786
11750.0	8.00	11100.61808	11943.42734	11728.83176	11551.93871	11221.28593
11750.0	8.25	11212.01386	11908.61311	11746.15814	11609.65860	11294.48159
11750.0	8.50	11306.09339	11872.35311	11759.63894	11653.41169	11356.88627
11750.0	8.75	11390.62604	11838.27181	11757.99685	11689.23407	11404.78445
11750.0	9.00	11467.61192	11807.23155	11747.36486	11715.58258	11450.17978
11750.0	9.25	11539.56517	11779.50322	11734.70419	11739.02858	11489.67857
11750.0	9.50	11607.13845	11755.18717	11719.80493	11754.05349	11522.23343
12000.0	6.50	10575.29504	12323.89374	11680.69680	11244.14287	10916.78849
12000.0	6.75	10625.50359	12293.60311	11697.56726	11282.62597	10938.59485
12000.0	7.00	10690.09467	12249.58863	11710.88324	11324.62989	10970.66933
12000.0	7.25	10781.84758	12190.05284	11728.07887	11385.12542	11026.23859
12000.0	7.50	10914.10019	12142.91038	11768.96377	11473.86629	11119.83648
12000.0	7.75	11076.43697	12133.66010	11839.39747	11592.75184	11236.95463
12000.0	8.00	11241.75116	12138.84609	11915.61173	11708.12596	11358.66843
12000.0	8.25	11375.12850	12118.84724	11953.42365	11789.88779	11454.47183
12000.0	8.50	11482.21964	12087.38090	11966.74775	11848.76348	11532.09841
12000.0	8.75	11574.64388	12055.12743	11968.86543	11894.23271	11591.70829
12000.0	9.00	11656.94003	12025.38113	11968.68289	11929.68613	11643.76971
12000.0	9.25	11733.02360	11999.45679	11961.97248	11956.86354	11684.43879
12000.0	9.50	11804.12883	11976.61704	11955.38177	11980.98699	11731.33008
12250.0	6.50	10748.46283	12510.88940	11852.72061	11405.57699	11071.45879
12250.0	6.75	10796.20767	12484.68133	11872.53592	11447.33247	11094.28086
12250.0	7.00	10854.77409	12447.44279	11890.39005	11488.46469	11118.76132
12250.0	7.25	10931.35516	12394.65225	11900.85820	11535.93117	11163.86962
12250.0	7.50	11041.61162	12338.89746	11928.54740	11610.93522	11239.25556
12250.0	7.75	11190.24073	12308.59996	11984.71467	11715.73084	11345.05863
12250.0	8.00	11363.27248	12313.35476	12061.21067	11841.14072	11477.20134
12250.0	8.25	11526.72921	12319.74342	12137.70637	11956.49264	11603.98682
12250.0	8.50	11652.49075	12297.88951	12169.09839	12034.72483	11698.20515
12250.0	8.75	11756.29749	12269.19488	12180.11114	12091.91715	11771.69166
12250.0	9.00	11845.41345	12241.27147	12182.33725	12136.71495	11832.06977
12250.0	9.25	11925.55091	12216.63089	12184.70675	12172.96387	11882.73742
12250.0	9.50	12000.79672	12195.11728	12175.71354	12201.86845	11932.15037
12500.0	6.50	10921.94278	12693.39585	12020.35412	11564.28640	11224.01303
12500.0	6.75	10968.52647	12671.07553	12040.96234	11604.81489	11246.42435
12500.0	7.00	11022.58516	12641.15257	12061.79868	11648.58640	11274.21507
12500.0	7.25	11089.41706	12599.70263	12082.11719	11693.97793	11308.15489
12500.0	7.50	11181.85544	12542.83902	12098.57159	11755.01759	11368.63085
12500.0	7.75	11312.14716	12491.77285	12135.98158	11843.56258	11458.70183
12500.0	8.00	11479.27158	12478.74425	12210.98244	11963.84874	11585.84543
12500.0	8.25	11658.44297	12495.47918	12296.26698	12097.96841	11731.41374
12500.0	8.50	11812.79563	12496.56023	12356.58564	12206.51134	11853.59004
12500.0	8.75	11931.30100	12475.56804	12375.52806	12276.69714	11943.21051
12500.0	9.00	12029.70054	12450.99367	12391.72444	12332.68359	12014.46618
12500.0	9.25	12115.53150	12427.04827	12392.78321	12379.58856	12077.83799
12500.0	9.50	12195.03471	12407.00497	12393.61336	12414.51247	12129.36993
12750.0	6.50	11096.25750	12872.94737	12188.74589	11722.89740	11378.12921
12750.0	6.75	11141.87995	12853.66125	12206.18741	11761.18578	11402.50661
12750.0	7.00	11193.94677	12827.45305	12229.46912	11802.74066	11425.75325
12750.0	7.25	11255.11389	12791.22141	12251.87539	11851.65946	11457.03145
12750.0	7.50	11334.66543	12740.13718	12270.35276	11908.14858	11506.82191
12750.0	7.75	11446.28288	12683.78715	12297.53417	11979.33801	11581.18917
12750.0	8.00	11598.22833	12650.97201	12357.17340	12088.26685	11695.93104
12750.0	8.25	11777.35377	12658.36941	12441.54426	12224.03775	11844.16709
12750.0	8.50	11958.68431	12682.14279	12526.55032	12358.65089	11987.55283
12750.0	8.75	12100.42361	12678.10638	12572.74036	12456.18029	12103.33021
12750.0	9.00	12211.71018	12659.26774	12592.93300	12525.15140	12189.11719
12750.0	9.25	12305.88389	12637.66729	12600.73890	12577.70092	12265.25033
12750.0	9.50	12390.29804	12617.90712	12606.54376	12625.26824	12321.44205
13000.0	6.50	11270.12608	13049.13578	12350.69756	11877.27066	11529.06341
13000.0	6.75	11315.09948	13032.56527	12373.12137	11919.12923	11552.22037
13000.0	7.00	11366.50440	13009.98942	12402.12954	11966.94771	11580.38396
13000.0	7.25	11424.59084	12979.72120	12423.62850	12013.22066	11608.04782
13000.0	7.50	11495.97929	12937.99868	12445.63501	12065.93504	11650.51038
13000.0	7.75	11591.32706	12882.89125	12467.54985	12125.78809	11712.36601
13000.0	8.00	11726.71668	12832.74690	12508.97037	12217.53616	11813.78236
13000.0	8.25	11896.49858	12820.06424	12583.38617	12347.11102	11954.20964
13000.0	8.50	12086.64329	12845.49615	12669.17800	12490.54484	12107.54741
13000.0	8.75	12257.81302	12867.62778	12751.06267	12618.96916	12251.01465
13000.0	9.00	12388.38979	12860.73133	12782.82686	12707.45993	12353.98107
13000.0	9.25	12493.17730	12844.24847	12803.15380	12772.14897	12439.37361
13000.0	9.50	12583.13376	12825.46419	12812.16360	12825.32857	12508.46758
13250.0	6.50	11444.63934	13223.79954	12512.91287	12032.52134	11678.61826
13250.0	6.75	11489.01261	13209.37166	12540.39924	12076.61697	11702.48774
13250.0	7.00	11539.35341	13189.38056	12565.16598	12121.75201	11728.75121
13250.0	7.25	11596.11810	13162.59905	12591.15694	12170.65549	11759.14314
13250.0	7.50	11662.40888	13125.61807	12615.85279	12223.15190	11799.54543
13250.0	7.75	11747.31301	13075.19628	12637.73175	12280.90589	11853.37438
13250.0	8.00	11864.99922	13020.29541	12671.19986	12358.50150	11937.74775
13250.0	8.25	12021.02315	12989.14284	12729.73911	12472.54328	12066.35000
13250.0	8.50	12206.70663	13001.38394	12808.86835	12612.59838	12218.69518
13250.0	8.75	12401.06970	13042.46727	12908.20446	12764.24087	12381.50651
13250.0	9.00	12557.96088	13056.80849	12973.25909	12878.41972	12511.14871
13250.0	9.25	12676.72792	13048.44843	13000.79444	12958.56350	12608.57309
13250.0	9.50	12774.47994	13033.45103	13017.43355	13022.88423	12691.41149
13500.0	6.50	11619.33698	13396.08403	12673.28765	12186.95034	11828.73895
13500.0	6.75	11663.07407	13383.53647	12701.86233	12230.73287	11852.24747
13500.0	7.00	11713.34291	13365.89257	12725.33612	12274.36704	11878.21242
13500.0	7.25	11768.85794	13342.42392	12756.54588	12326.16299	11908.70354
13500.0	7.50	11832.61212	13310.55237	12784.71284	12380.98066	11948.85527
13500.0	7.75	11909.25991	13267.70817	12810.19487	12435.39168	11996.56937
13500.0	8.00	12012.25126	13213.26208	12840.01898	12504.21241	12070.60977
13500.0	8.25	12152.03919	13166.04408	12882.49853	12603.64312	12183.61620
13500.0	8.50	12328.44130	13159.64467	12956.66587	12737.53711	12323.87201
13500.0	8.75	12528.10028	13198.47428	13055.18691	12893.56415	12496.60974
13500.0	9.00	12714.98808	13239.19157	13145.86515	13036.81022	12654.75843
13500.0	9.25	12853.10660	13244.76371	13191.46015	13136.98392	12770.57110
13500.0	9.50	12961.56034	13236.18998	13212.56864	13211.82734	12863.68283
13750.0	6.50	11794.12753	13566.92109	12832.62771	12340.49250	11982.16060
13750.0	6.75	11837.47914	13556.15725	12863.73581	12385.35375	12001.72294
13750.0	7.00	11887.62493	13540.74385	12893.63938	12434.82996	12028.29535
13750.0	7.25	11942.30501	13519.57002	12921.21051	12482.60684	12059.70799
13750.0	7.50	12004.46522	13491.09632	12950.89345	12537.68228	12098.23365
13750.0	7.75	12076.88158	13452.28439	12976.95588	12590.84186	12142.62459
13750.0	8.00	12169.10531	13402.00865	12999.50291	12655.38259	12207.53327
13750.0	8.25	12293.10200	13349.50976	13040.66110	12742.03376	12306.37494
13750.0	8.50	12455.97915	13325.18909	13102.41893	12863.74599	12436.50519
13750.0	8.75	12650.68688	13350.46942	13193.79656	13016.13896	12606.42255
13750.0	9.00	12856.79033	13406.31545	13305.70254	13178.30977	12784.54703
13750.0	9.25	13022.60444	13434.73153	13374.29900	13306.77830	12923.47378
13750.0	9.50	13146.45137	13436.16302	13412.16449	13395.84945	13034.92088
14000.0	6.50	11968.75798	13736.17648	12993.35372	12493.27490	12128.51419
14000.0	6.75	12012.15071	13727.03504	13022.31958	12539.44373	12150.90713
14000.0	7.00	12061.64249	13713.66511	13052.63291	12585.90445	12177.62850
14000.0	7.25	12116.45370	13694.35368	13086.73997	12640.47121	12206.18357
14000.0	7.50	12177.26094	13669.09114	13115.95720	12693.72547	12248.44391
14000.0	7.75	12247.08053	13635.10418	13144.99799	12748.11152	12290.93142
14000.0	8.00	12331.55976	13591.40247	13171.92791	12811.25285	12349.95930
14000.0	8.25	12442.10465	13538.30757	13201.01864	12890.86210	12433.87735
14000.0	8.50	12590.07032	13498.71337	13248.19211	12993.96434	12556.89285
14000.0	8.75	12776.04800	13505.44632	13334.47562	13140.35420	12717.83694
14000.0	9.00	12985.53090	13558.30743	13448.67318	13306.93694	12900.69941
14000.0	9.25	13180.47976	13611.95513	13545.46772	13463.84692	13071.28653
14000.0	9.50	13323.25551	13628.32183	13601.10183	13571.18545	13197.85026
14250.0	6.50	12143.41403	13904.87477	13152.81143	12645.56889	12278.48824
14250.0	6.75	12186.70515	13896.95747	13183.59501	12691.27923	12303.41295
14250.0	7.00	12236.34827	13885.07646	13216.91939	12740.07683	12327.75626
14250.0	7.25	12290.98557	13867.90716	13248.58075	12794.13865	12359.26214
14250.0	7.50	12350.80057	13844.83756	13278.94973	12847.98112	12396.82007
14250.0	7.75	12418.87808	13814.16372	13309.76002	12904.27104	12440.41440
14250.0	8.00	12498.35517	13774.18552	13339.02310	12965.10439	12494.50321
14250.0	8.25	12598.29906	13723.71635	13366.40531	13034.95389	12574.25224
14250.0	8.50	12732.68333	13677.74351	13406.51088	13132.57635	12681.23960
14250.0	8.75	12905.01913	13665.65421	13480.71891	13266.16526	12831.57227
14250.0	9.00	13110.92946	13706.46857	13578.62610	13429.68061	13011.81331
14250.0	9.25	13323.99590	13775.57679	13701.24348	13601.96305	13202.40006
14250.0	9.50	13494.60385	13814.30179	13780.85160	13741.33650	13351.30048
14500.0	6.50	12318.64534	14072.65995	13309.37997	12803.66031	12427.10458
14500.0	6.75	12361.54882	14065.70995	13346.95954	12846.91882	12448.48231
14500.0	7.00	12410.51902	14054.94163	13376.74434	12894.32006	12478.77363
14500.0	7.25	12465.54384	14039.74616	13404.39281	12941.88377	12509.06687
14500.0	7.50	12525.25842	14018.59778	13440.91286	13002.04904	12546.00431
14500.0	7.75	12591.90603	13991.35982	13474.80916	13062.21314	12590.65024
14500.0	8.00	12668.28968	13955.78538	13507.27025	13121.59810	12640.28613
14500.0	8.25	12760.45249	13910.32992	13535.51015	13188.82094	12709.67498
14500.0	8.50	12881.89342	13861.43012	13567.98364	13275.96589	12811.57502
14500.0	8.75	13039.56223	13833.09871	13625.73640	13397.20964	12945.58361
14500.0	9.00	13236.13524	13856.09006	13718.47579	13552.35685	13118.08819
14500.0	9.25	13455.79155	13925.23742	13841.38371	13732.02157	13313.90546
14500.0	9.50	13654.47472	13988.88071	13949.55900	13898.57250	13494.45010
14750.0	6.50	12493.80715	14240.11273	13465.32054	12953.52832	12576.00515
14750.0	6.75	12536.68984	14234.09003	13506.93694	13000.50262	12598.14329
14750.0	7.00	12585.95371	14224.54771	13536.00250	13048.39882	12625.90638
14750.0	7.25	12640.31986	14210.67766	13565.19827	13095.98644	12658.77467
14750.0	7.50	12699.13797	14190.91305	13602.28118	13157.16735	12694.81030
14750.0	7.75	12765.67456	14166.10697	13637.52337	13217.08204	12740.01221
14750.0	8.00	12839.65630	14134.13276	13672.34585	13277.55409	12788.51043
14750.0	8.25	12926.26948	14092.30035	13709.12532	13344.15055	12853.20902
14750.0	8.50	13036.91315	14043.58040	13741.70962	13426.53567	12946.62933
14750.0	8.75	13181.86638	14006.51174	13781.62295	13534.48092	13068.19031
14750.0	9.00	13365.76832	14011.40443	13860.81632	13678.47783	13231.22427
14750.0	9.25	13581.93140	14069.82902	13978.32891	13858.90410	13426.03444
14750.0	9.50	13802.98016	14151.27260	14107.30494	14044.77761	13627.32634
15000.0	6.50	12668.53624	14406.73103	13625.11950	13108.93849	12726.59993
15000.0	6.75	12711.80136	14401.51632	13665.80101	13153.75619	12747.20235
15000.0	7.00	12760.71559	14393.19701	13696.44966	13201.44830	12774.35630
15000.0	7.25	12815.33850	14380.68576	13724.60501	13250.23541	12810.15703
15000.0	7.50	12873.84011	14362.16098	13763.26281	13311.13725	12844.19593
15000.0	7.75	12940.46212	14339.38726	13799.19300	13371.10671	12887.74387
15000.0	8.00	13013.17805	14310.90736	13836.07772	13431.18491	12938.10731
15000.0	8.25	13096.23050	14273.65777	13877.43441	13500.44684	12997.84761
15000.0	8.50	13197.90392	14227.94931	13909.64419	13576.71059	13085.82095
15000.0	8.75	13330.70732	14185.29772	13946.30684	13677.67881	13195.21948
15000.0	9.00	13501.90554	14173.78964	14008.70924	13813.11971	13352.35523
15000.0	9.25	13710.14933	14216.56094	14116.76921	13983.74943	13538.95966
15000.0	9.50	13938.09255	14300.19094	14249.62036	14174.89389	13743.56860
15250.0	6.50	12846.32335	14573.15756	13783.94566	13262.28124	12872.26454
15250.0	6.75	12888.70958	14568.73519	13824.87558	13306.75576	12898.38709
15250.0	7.00	12938.29188	14560.94175	13858.73392	13357.92704	12924.02772
15250.0	7.25	12992.17528	14549.56831	13886.03461	13407.06389	12956.67027
15250.0	7.50	13051.69332	14533.21782	13925.29260	13466.19779	12993.39553
15250.0	7.75	13117.50066	14512.41397	13961.16589	13526.05157	13037.06257
15250.0	8.00	13190.66955	14486.71527	14001.91002	13588.39661	13088.12788
15250.0	8.25	13270.74323	14452.62970	14043.83899	13657.24595	13146.70022
15250.0	8.50	13365.07519	14409.70090	14076.85716	13731.82483	13223.38840
15250.0	8.75	13487.19992	14365.17045	14111.76727	13824.49235	13327.62323
15250.0	9.00	13645.39654	14342.40144	14164.59863	13944.80695	13471.05175
15250.0	9.25	13843.49471	14368.33711	14258.20151	14110.15124	13652.29246
15250.0	9.50	14069.35230	14443.90891	14386.41097	14301.08302	13858.85650
15500.0	6.50	13022.55223	14739.57032	13940.97447	13412.57824	13021.61286
15500.0	6.75	13064.38503	14735.83373	13977.56876	13465.12988	13046.79336
15500.0	7.00	13113.66248	14728.57013	14015.07953	13509.94017	13073.13926
15500.0	7.25	13167.86070	14718.10885	14048.01768	13560.67463	13106.55429
15500.0	7.50	13227.48012	14703.48135	14083.78091	13617.74796	13144.45023
15500.0	7.75	13293.42477	14684.00024	14122.49191	13680.29045	13186.70708
15500.0	8.00	13365.97522	14659.89186	14162.61774	13742.47117	13238.67575
15500.0	8.25	13445.35215	14629.23048	14210.14568	13814.55073	13294.46428
15500.0	8.50	13535.04880	14590.25224	14243.30803	13886.91246	13369.26855
15500.0	8.75	13648.46658	14546.73472	14275.68141	13973.19823	13464.94823
15500.0	9.00	13792.92248	14515.07656	14326.50821	14087.71419	13596.59048
15500.0	9.25	13979.26154	14524.07700	14401.98003	14236.53150	13770.97191
15500.0	9.50	14199.97016	14586.55484	14522.91969	14425.53797	13967.87052
15750.0	6.50	13198.39012	14905.90563	14101.81610	13569.12920	13170.23634
15750.0	6.75	13240.62843	14902.76756	14137.08529	13619.51776	13196.96739
15750.0	7.00	13290.11803	14896.34164	14171.62234	13662.57200	13222.81645
15750.0	7.25	13344.41277	14886.78052	14211.47069	13715.25565	13251.80163
15750.0	7.50	13403.93853	14873.01570	14241.42694	13769.07772	13295.44948
15750.0	7.75	13470.12777	14855.15179	14284.92374	13836.07979	13340.77200
15750.0	8.00	13542.79793	14833.02258	14325.74752	13899.02460	13389.58442
15750.0	8.25	13619.89121	14803.25092	14372.13105	13969.89100	13447.77583
15750.0	8.50	13707.53211	14768.11314	14408.00903	14042.28877	13517.53355
15750.0	8.75	13813.46892	14725.97126	14440.95505	14125.51296	13604.55717
15750.0	9.00	13947.28312	14689.73125	14487.22914	14232.24634	13726.42805
15750.0	9.25	14120.67288	14685.09419	14552.86362	14374.53649	13889.96578
15750.0	9.50	14333.31296	14732.87730	14662.37134	14551.11388	14079.01570
16000.0	6.50	13375.18252	15072.09595	14272.82538	13719.41649	13320.62211
16000.0	6.75	13417.13453	15069.48825	14291.15124	13766.84629	13342.65981
16000.0	7.00	13466.31188	15063.77754	14333.64645	13816.61187	13372.00780
16000.0	7.25	13521.00220	15054.97228	14370.82099	13867.61118	13407.59203
16000.0	7.50	13580.50347	15042.06233	14401.18369	13922.44111	13442.67106
16000.0	7.75	13646.65349	15025.66351	14446.37839	13991.18934	13491.26748
16000.0	8.00	13718.28866	15004.47195	14485.40206	14055.63639	13540.53672
16000.0	8.25	13796.03693	14976.66016	14528.11773	14128.01303	13597.11437
16000.0	8.50	13882.34514	14946.07173	14575.22332	14200.65819	13662.34013
16000.0	8.75	13983.00877	14906.61308	14607.75667	14281.25930	13749.63668
16000.0	9.00	14108.85085	14868.50693	14646.04299	14382.13774	13858.11086
16000.0	9.25	14268.89947	14851.69095	14705.80305	14514.89666	14014.23208
16000.0	9.50	14468.88663	14883.26918	14802.06261	14681.60917	14196.56893
16250.0	6.50	13551.46598	15238.76579	14431.49384	13872.31207	13470.56629
16250.0	6.75	13593.91801	15236.43690	14455.29862	13928.00722	13499.42577
16250.0	7.00	13643.32980	15231.47873	14487.97228	13972.76498	13522.08689
16250.0	7.25	13697.61144	15223.47590	14530.27854	14024.98779	13559.20073
16250.0	7.50	13757.43861	15211.30110	14570.70019	14082.73777	13596.34195
16250.0	7.75	13824.03776	15195.90207	14607.42947	14146.19197	13641.26896
16250.0	8.00	13896.35925	15176.73400	14651.63759	14210.34776	13689.96591
16250.0	8.25	13973.36665	15150.53448	14691.30330	14283.02388	13750.05794
16250.0	8.50	14058.33602	15121.63927	14738.96822	14357.49193	13815.86449
16250.0	8.75	14154.77465	15084.49568	14778.34842	14437.87797	13896.30620
16250.0	9.00	14272.99370	15045.75688	14809.88259	14532.74121	13995.31088
16250.0	9.25	14421.18389	15021.20221	14865.16683	14653.37205	14137.28633
16250.0	9.50	14611.59168	15038.10024	14949.46106	14814.31962	14313.59575
16500.0	6.50	13729.36396	15405.48879	14590.64703	14026.73204	13621.65546
16500.0	6.75	13772.15811	15403.41364	14613.57180	14079.47949	13642.76410
16500.0	7.00	13820.51463	15398.97886	14649.01276	14129.91731	13671.78531
16500.0	7.25	13874.46354	15391.67213	14690.17937	14179.19523	13707.74153
16500.0	7.50	13934.43361	15380.30042	14733.54575	14237.05965	13745.24504
16500.0	7.75	14001.31941	15365.64144	14768.39602	14301.30207	13791.46790
16500.0	8.00	14073.45265	15347.47972	14810.49467	14368.05429	13840.46421
16500.0	8.25	14151.45311	15323.97633	14854.65169	14439.27356	13901.41253
16500.0	8.50	14236.01015	15296.68463	14904.73403	14514.91586	13964.58693
16500.0	8.75	14330.88817	15262.54398	14944.56341	14592.96572	14041.84991
16500.0	9.00	14442.42870	15225.63764	14980.10533	14685.11819	14136.79772
16500.0	9.25	14579.82535	15195.80560	15027.25614	14800.14009	14268.90593
16500.0	9.50	14757.99427	15198.72531	15099.62110	14950.27986	14439.61956
16750.0	6.50	13906.81294	15572.21342	14749.78605	14181.41522	13769.45865
16750.0	6.75	13949.92402	15570.66532	14773.36279	14233.94838	13792.78427
16750.0	7.00	13998.73353	15566.79179	14808.13538	14281.98566	13825.41091
16750.0	7.25	14052.77868	15560.15275	14846.48634	14338.14714	13860.11543
16750.0	7.50	14113.03140	15549.30889	14891.83269	14392.68913	13895.81511
16750.0	7.75	14179.55252	15535.76968	14929.84700	14456.60851	13942.78480
16750.0	8.00	14252.07299	15518.36836	14972.87815	14523.77374	13991.96674
16750.0	8.25	14330.53104	15496.90554	15018.21405	14596.96851	14056.78021
16750.0	8.50	14414.86744	15471.24455	15070.80409	14670.77852	14115.46924
16750.0	8.75	14507.82710	15439.59681	15109.45925	14752.60494	14192.80475
16750.0	9.00	14613.74043	15402.60283	15144.11225	14838.63006	14280.67075
16750.0	9.25	14746.02231	15372.98040	15192.91715	14952.33061	14406.24394
16750.0	9.50	14908.70372	15361.30000	15254.26026	15088.22236	14563.75442
17000.0	6.50	14084.50913	15738.92786	14909.33011	14335.90309	13919.60243
17000.0	6.75	14128.16549	15738.09099	14932.82100	14389.97500	13941.97384
17000.0	7.00	14176.66254	15734.57525	14966.26971	14435.46825	13975.56309
17000.0	7.25	14231.11098	15728.45163	15006.93077	14493.18369	14011.09486
17000.0	7.50	14291.14603	15718.21792	15050.22899	14548.40662	14047.27242
17000.0	7.75	14358.30242	15706.00629	15091.62966	14612.30145	14094.44260
17000.0	8.00	14431.27358	15689.16092	15135.33031	14679.82343	14144.15051
17000.0	8.25	14509.89425	15669.43899	15179.90294	14754.20396	14210.68201
17000.0	8.50	14594.44231	15645.35627	15235.80077	14828.65747	14267.81446
17000.0	8.75	14687.76435	15616.52766	15279.58523	14913.65959	14351.12132
17000.0	9.00	14789.58037	15580.94747	15313.24389	14997.22332	14427.03681
17000.0	9.25	14918.17662	15553.47753	15360.66202	15108.63938	14552.65504
17000.0	9.50	15065.78376	15529.52191	15412.78254	15232.40640	14692.71127
17250.0	6.50	14263.78454	15907.04124	15070.91292	14492.66886	14070.40169
17250.0	6.75	14307.12512	15906.57552	15090.84703	14538.63045	14094.69645
17250.0	7.00	14355.82227	15903.45283	15131.83763	14594.55485	14123.91353
17250.0	7.25	14410.43557	15897.77677	15168.47106	14649.41387	14163.02370
17250.0	7.50	14472.67714	15888.13267	15212.54968	14706.44400	14200.02997
17250.0	7.75	14540.03207	15876.46880	15254.08123	14769.37600	14244.84879
17250.0	8.00	14611.28397	15860.66419	15298.47561	14836.88143	14296.79987
17250.0	8.25	14689.73299	15841.97430	15342.20173	14908.30845	14355.32664
17250.0	8.50	14774.75807	15819.24211	15400.84888	14986.58453	14420.48987
17250.0	8.75	14866.11618	15791.89443	15443.93320	15070.97045	14500.42525
17250.0	9.00	14964.66871	15757.08645	15476.75506	15151.26218	14576.18517
17250.0	9.25	15084.77901	15726.73868	15522.85209	15257.97282	14685.93732
17250.0	9.50	15226.49534	15692.98349	15569.20671	15384.25324	14832.64512
17500.0	6.50	14442.21984	16075.28949	15223.09428	14647.91448	14222.23454
17500.0	6.75	14486.50406	16075.24022	15255.57989	14703.78190	14247.09835
17500.0	7.00	14537.06309	16072.33353	15293.16485	14750.73324	14275.57628
17500.0	7.25	14590.46844	16067.29283	15330.27724	14806.04597	14315.26227
17500.0	7.50	14650.84330	16058.24128	15377.51407	14861.15240	14351.92814
17500.0	7.75	14718.43451	16047.18503	15427.95907	14924.69962	14398.70885
17500.0	8.00	14791.93507	16032.20468	15460.93260	14994.91126	14451.28038
17500.0	8.25	14870.70574	16014.47040	15507.31511	15068.09954	14509.24594
17500.0	8.50	14955.58181	15993.10084	15549.22673	15148.19238	14574.80182
17500.0	8.75	15046.42428	15967.22277	15611.48655	15230.03129	14655.20121
17500.0	9.00	15141.65627	15933.63338	15642.84376	15308.59475	14726.23763
17500.0	9.25	15255.34711	15902.08604	15686.01272	15409.28147	14829.29127
17500.0	9.50	15393.39286	15860.39537	15736.97457	15537.08796	14977.67447
17750.0	6.50	14622.28902	16243.71702	15387.47638	14806.81510	14373.93970
17750.0	6.75	14666.30461	16244.04681	15414.01023	14852.27289	14397.34812
17750.0	7.00	14715.84578	16241.62927	15452.80744	14906.77245	14425.91676
17750.0	7.25	14770.09882	16236.90866	15491.58058	14962.50246	14460.96391
17750.0	7.50	14832.23444	16228.56423	15542.88488	15016.33453	14504.21225
17750.0	7.75	14899.96786	16218.02205	15581.12807	15082.38984	14549.74820
17750.0	8.00	14973.09301	16203.82452	15624.36225	15152.52620	14604.63684
17750.0	8.25	15053.14492	16187.02530	15672.32736	15226.37951	14659.35337
17750.0	8.50	15137.28368	16166.97750	15720.92736	15305.43488	14729.00134
17750.0	8.75	15228.80545	16142.55656	15778.16871	15389.45044	14809.27474
17750.0	9.00	15322.50946	16110.60268	15809.09030	15469.96872	14876.58911
17750.0	9.25	15431.81340	16078.71319	15851.79439	15566.28889	14975.42339
17750.0	9.50	15565.44787	16031.31808	15897.66806	15700.06716	15129.59975
18000.0	6.50	14802.33551	16412.54210	15549.75300	14963.99084	14524.14678
18000.0	6.75	14846.07829	16413.32544	15591.28216	15009.00900	14554.11841
18000.0	7.00	14896.09195	16411.29936	15613.86356	15062.92734	14580.18039
18000.0	7.25	14951.73124	16407.02800	15651.57661	15116.40356	14613.14365
18000.0	7.50	15013.65155	16399.15858	15699.16840	15182.88047	14658.62440
18000.0	7.75	15081.56386	16389.16200	15743.51791	15242.88079	14705.45523
18000.0	8.00	15155.04656	16375.75119	15789.24484	15309.84356	14754.63522
18000.0	8.25	15234.92741	16359.75613	15836.66185	15383.90532	14816.75466
18000.0	8.50	15320.20322	16340.84304	15883.98442	15464.40559	14881.12765
18000.0	8.75	15412.15584	16317.87452	15941.59931	15547.91346	14958.19545
18000.0	9.00	15506.44819	16287.81745	15981.57904	15630.22453	15035.95217
18000.0	9.25	15611.70102	16256.43509	16016.83603	15724.10351	15128.66331
18000.0	9.50	15744.01248	16204.59354	16067.17003	15861.68573	15281.41637
18250.0	6.50	14982.22303	16581.72488	15698.68944	15117.34194	14675.75881
18250.0	6.75	15027.61751	16582.90565	15754.26628	15166.54225	14705.14993
18250.0	7.00	15077.98459	16581.32258	15778.31141	15223.96494	14732.97589
18250.0	7.25	15133.51394	16577.53195	15818.38055	15279.90080	14765.94226
18250.0	7.50	15194.83168	16570.04673	15860.19654	15337.15822	14811.40218
18250.0	7.75	15263.27566	16560.64899	15909.94058	15399.87370	14858.28821
18250.0	8.00	15338.13104	16547.89999	15953.45205	15468.95285	14914.86946
18250.0	8.25	15417.85911	16532.71727	16001.60329	15542.72145	14971.21443
18250.0	8.50	15503.89196	16515.03325	16049.91717	15624.15087	15036.19520
18250.0	8.75	15597.74443	16493.46195	16111.22657	15709.73304	15117.71436
18250.0	9.00	15691.23449	16465.30188	16149.70830	15792.95439	15194.23910
18250.0	9.25	15794.56721	16435.21389	16192.52586	15884.59483	15281.44059
18250.0	9.50	15926.39358	16380.43974	16233.01719	16032.23426	15441.41587
18500.0	6.50	15163.17569	16751.23251	15869.23391	15273.30269	14827.71195
18500.0	6.75	15208.99937	16752.79365	15915.60370	15323.44257	14862.18409
18500.0	7.00	15259.76773	16751.66244	15937.98379	15374.80954	14889.05931
18500.0	7.25	15315.76511	16748.38353	15978.90693	15434.06505	14921.42610
18500.0	7.50	15377.59165	16741.41305	16024.05984	15495.83842	14965.44742
18500.0	7.75	15446.29270	16732.58739	16074.98791	15559.35486	15017.18184
18500.0	8.00	15520.59848	16720.39141	16117.92534	15627.75339	15067.88945
18500.0	8.25	15601.63229	16706.10696	16167.11543	15702.32160	15126.30018
18500.0	8.50	15689.29116	16689.42795	16216.11708	15784.31678	15191.68167
18500.0	8.75	15782.95197	16669.27191	16279.79339	15870.47054	15271.70582
18500.0	9.00	15877.60044	16643.01823	16325.49383	15955.04754	15345.26866
18500.0	9.25	15980.18006	16614.55061	16356.15049	16049.87112	15436.52889
18500.0	9.50	16113.27817	16558.17268	16399.60617	16204.94683	15601.71975
18750.0	6.50	15345.51291	16921.27097	16030.96835	15433.86609	14979.52084
18750.0	6.75	15390.35841	16923.28236	16059.66208	15480.64735	15012.64427
18750.0	7.00	15442.27877	16922.50861	16104.62538	15540.49382	15038.35215
18750.0	7.25	15497.41484	16919.64165	16144.02249	15592.28321	15080.51825
18750.0	7.50	15560.28545	16913.12614	16186.00252	15651.11310	15119.24813
18750.0	7.75	15629.99539	16904.82195	16238.57055	15715.75195	15166.58128
18750.0	8.00	15704.01974	16893.42724	16283.59575	15787.89295	15217.26572
18750.0	8.25	15785.52414	16879.82791	16332.83118	15861.35161	15285.37537
18750.0	8.50	15874.32041	16864.04673	16382.84187	15942.54654	15349.14755
18750.0	8.75	15969.17801	16845.23985	16447.10735	16032.58016	15431.10587
18750.0	9.00	16065.40162	16821.14280	16495.60774	16118.52368	15503.49707
18750.0	9.25	16168.23562	16794.68060	16533.95195	16211.49623	15593.76927
18750.0	9.50	16304.33872	16737.44845	16572.98227	16379.66339	15768.47565
19000.0	6.50	15526.36066	17091.78743	16184.60703	15590.16791	15134.25621
19000.0	6.75	15572.28331	17094.15146	16238.33031	15643.42541	15158.79700
19000.0	7.00	15624.05525	17093.73798	16268.68612	15699.44552	15192.52117
19000.0	7.25	15680.98696	17091.40346	16312.10743	15756.08024	15228.71427
19000.0	7.50	15744.44497	17085.53078	16350.62079	15812.15122	15274.02144
19000.0	7.75	15813.86420	17077.75810	16407.73941	15875.90852	15322.45339
19000.0	8.00	15889.42890	17066.85970	16449.23693	15947.77502	15372.65510
19000.0	8.25	15971.24144	17053.88430	16499.52124	16023.00366	15437.83091
19000.0	8.50	16060.42324	17039.13646	16549.65173	16105.41697	15505.54945
19000.0	8.75	16156.26929	17021.64853	16616.65741	16194.47747	15588.63023
19000.0	9.00	16254.05464	16999.50845	16663.25641	16279.95859	15665.83946
19000.0	9.25	16358.36828	16975.36787	16706.38076	16377.22550	15753.42441
19000.0	9.50	16499.00492	16917.92530	16748.41714	16557.38161	15938.31597
19250.0	6.50	15709.86668	17262.66520	16358.53300	15748.67834	15287.38635
19250.0	6.75	15756.18065	17265.39713	16398.77009	15799.32844	15314.37635
19250.0	7.00	15807.74232	17265.46656	16428.66473	15852.93819	15348.68210
19250.0	7.25	15865.25943	17263.66574	16475.82875	15916.27039	15385.85369
19250.0	7.50	15929.20291	17258.25820	16515.90584	15972.30036	15429.45720
19250.0	7.75	15999.68022	17251.01781	16569.84166	16036.27266	15477.86259
19250.0	8.00	16074.48914	17240.74159	16615.40195	16108.16969	15530.15160
19250.0	8.25	16156.99897	17228.23020	16666.31468	16184.00527	15594.25717
19250.0	8.50	16247.21132	17214.59183	16717.40376	16267.31911	15662.81946
19250.0	8.75	16343.99536	17198.39957	16772.20058	16360.40884	15747.30733
19250.0	9.00	16443.80352	17178.30639	16837.26261	16447.46051	15822.24226
19250.0	9.25	16550.02285	17156.60425	16872.79666	16546.90310	15914.38163
19250.0	9.50	16697.23376	17099.36238	16928.49649	16738.19980	16108.16427
19500.0	6.50	15893.38833	17434.14484	16522.66512	15907.90722	15441.50716
19500.0	6.75	15940.63925	17437.36638	16562.62157	15959.51976	15473.97876
19500.0	7.00	15992.18005	17437.83148	16593.82414	16012.99190	15504.03895
19500.0	7.25	16050.94930	17436.47141	16638.59206	16074.16331	15541.95893
19500.0	7.50	16115.44793	17431.63316	16683.73860	16135.35569	15584.27740
19500.0	7.75	16185.24664	17424.86604	16732.44805	16197.29935	15633.88824
19500.0	8.00	16260.90047	17415.26567	16797.05914	16268.97780	15690.03328
19500.0	8.25	16343.73710	17403.39658	16831.11434	16347.85600	15748.72811
19500.0	8.50	16434.81483	17390.59727	16885.74005	16429.83585	15820.56835
19500.0	8.75	16532.62749	17375.59327	16941.39634	16523.19567	15905.86888
19500.0	9.00	16634.45725	17357.52722	17006.42803	16612.96195	15984.43722
19500.0	9.25	16743.02534	17338.35618	17046.16889	16714.51727	16075.02110
19500.0	9.50	16898.30701	17282.03768	17106.97203	16921.53326	16288.93478
19750.0	6.50	16078.09535	17606.28795	16687.65237	16067.14986	15595.75830
19750.0	6.75	16125.30501	17609.87214	16728.25791	16120.81697	15625.70549
19750.0	7.00	16177.82800	17610.72785	16761.68524	16175.76863	15660.60757
19750.0	7.25	16236.31403	17609.92704	16807.34856	16237.33016	15697.25952
19750.0	7.50	16301.41408	17605.60168	16852.16494	16300.37398	15740.24128
19750.0	7.75	16372.12657	17599.35743	16907.47772	16359.43555	15792.02610
19750.0	8.00	16448.38147	17590.36160	16963.77923	16429.98244	15849.39179
19750.0	8.25	16531.94167	17579.18777	16997.66448	16507.23597	15911.80717
19750.0	8.50	16623.46804	17567.17705	17055.18211	16591.47061	15979.05995
19750.0	8.75	16722.16635	17553.29237	17111.43869	16687.39953	16065.24245
19750.0	9.00	16826.26171	17537.41088	17178.51398	16777.44562	16142.08571
19750.0	9.25	16937.49685	17520.70637	17222.60404	16882.71295	16235.81665
19750.0	9.50	17101.71201	17465.54954	17286.11610	17105.60913	16465.62146
20000.0	6.50	16263.01329	17778.97369	16859.73979	16230.92117	15749.32741
20000.0	6.75	16310.68644	17782.98209	16893.91068	16281.57489	15781.31518
20000.0	7.00	16364.06931	17784.45357	16927.97484	16337.15366	15816.96362
20000.0	7.25	16423.19863	17784.11542	16972.61062	16400.64755	15853.28287
20000.0	7.50	16489.14915	17780.42267	17018.57404	16458.85693	15903.68459
20000.0	7.75	16559.84336	17774.58974	17067.60441	16531.18251	15949.66953
20000.0	8.00	16636.35255	17766.19545	17133.83499	16592.20646	16007.86388
20000.0	8.25	16720.79763	17755.76289	17171.67847	16675.15612	16075.06318
20000.0	8.50	16813.11881	17744.51424	17224.90223	16755.54152	16138.28244
20000.0	8.75	16912.71243	17731.70429	17282.15234	16852.38450	16225.36024
20000.0	9.00	17018.87316	17717.77464	17338.62689	16945.75893	16312.03362
20000.0	9.25	17133.08445	17703.71170	17396.36338	17053.20871	16401.94922
20000.0	9.50	17307.35740	17650.12574	17467.48149	17292.02763	16646.78062
21000.0	6.50	17016.60505	18485.90852	17527.00376	16881.54299	16384.12608
21000.0	6.75	17066.14227	18490.92661	17566.96048	16931.00676	16417.25590
21000.0	7.00	17121.69120	18494.11317	17613.60789	16991.21939	16454.58591
21000.0	7.25	17183.74512	18495.57778	17649.96341	17052.45964	16493.38250
21000.0	7.50	17252.54659	18494.09612	17699.59879	17122.01249	16541.20977
21000.0	7.75	17326.29650	18490.37276	17749.37574	17192.03358	16594.78552
21000.0	8.00	17405.61765	18484.24865	17807.66323	17259.47145	16651.47249
21000.0	8.25	17492.50074	18476.43344	17853.97156	17331.82331	16719.43261
21000.0	8.50	17587.61207	18467.63041	17916.71027	17429.07709	16788.47284
21000.0	8.75	17690.15199	18457.74896	17976.51937	17523.20980	16873.28562
21000.0	9.00	17799.06507	18447.58148	18037.90748	17625.68016	16973.75399
21000.0	9.25	17918.40433	18438.64897	18100.17125	17731.59353	17056.89295
21000.0	9.50	18090.20181	18396.56948	18173.79128	17955.35781	17284.31237
22000.0	6.50	17786.20221	19208.29655	18218.75119	17547.53322	17033.05253
22000.0	6.75	17838.27525	19214.23910	18258.29062	17601.02260	17068.24314
22000.0	7.00	17896.29472	19219.24232	18309.33514	17663.95776	17098.43834
22000.0	7.25	17962.54032	19222.52105	18359.95142	17726.76994	17150.64052
22000.0	7.50	18034.36384	19223.63550	18395.43723	17794.90250	17196.95096
22000.0	7.75	18111.52569	19222.46176	18452.66134	17870.47233	17248.82931
22000.0	8.00	18194.30831	19218.89166	18514.27165	17938.50080	17306.74831
22000.0	8.25	18284.65898	19213.91318	18560.02600	18016.88188	17376.00637
22000.0	8.50	18382.30366	19207.90291	18626.31027	18115.57258	17457.91726
22000.0	8.75	18488.02045	19201.10640	18687.69627	18212.97650	17537.08618
22000.0	9.00	18601.87416	19194.13749	18742.57969	18312.68172	17633.30452
22000.0	9.25	18724.95780	19189.71216	18820.14411	18422.17437	17738.93423
22000.0	9.50	18893.68204	19159.09156	18893.33369	18633.99948	17936.87343
23000.0	6.50	18577.53991	19949.88347	18924.18988	18233.49243	17691.20455
23000.0	6.75	18631.15051	19956.80707	18976.44670	18288.65491	17727.76208
23000.0	7.00	18692.51292	19963.68995	19018.32018	18351.96792	17767.55108
23000.0	7.25	18762.16830	19969.06544	19073.84468	18417.79090	17815.94713
23000.0	7.50	18837.80783	19973.04778	19118.54125	18484.91628	17868.72034
23000.0	7.75	18918.84161	19974.91226	19177.82106	18562.34624	17922.86121
23000.0	8.00	19006.38638	19974.40041	19235.87046	18640.71373	17996.85649
23000.0	8.25	19100.97221	19972.86665	19285.79837	18722.95721	18056.89584
23000.0	8.50	19203.36503	19969.83856	19358.33779	18817.57168	18136.31022
23000.0	8.75	19312.69006	19966.59173	19422.52278	18918.27214	18230.25421
23000.0	9.00	19431.43096	19963.03090	19478.59433	19024.26792	18323.32025
23000.0	9.25	19558.05956	19963.20173	19558.22294	19145.08563	18428.39428
23000.0	9.50	19723.47880	19944.75887	19636.63897	19330.66629	18606.01489
24000.0	6.50	19393.81617	20716.03435	19655.93037	18941.86069	18373.92953
24000.0	6.75	19450.45250	20723.93830	19699.52844	18994.02576	18409.56732
24000.0	7.00	19515.05461	20732.78585	19747.74612	19055.68232	18456.03557
24000.0	7.25	19588.92074	20740.62630	19800.69977	19128.89845	18506.48351
24000.0	7.50	19668.69993	20747.93371	19864.21965	19203.51388	18560.21532
24000.0	7.75	19755.34913	20753.21043	19918.92471	19279.91185	18628.66549
24000.0	8.00	19847.91045	20756.54990	19993.75895	19364.14356	18696.00785
24000.0	8.25	19947.69203	20759.10838	20045.72648	19458.13820	18763.18900
24000.0	8.50	20054.74244	20759.97537	20113.57381	19551.45609	18850.34076
24000.0	8.75	20168.08604	20760.89927	20180.14230	19668.34945	18937.52198
24000.0	9.00	20292.78527	20761.27513	20242.06342	19768.88539	19047.71483
24000.0	9.25	20426.20927	20766.56911	20326.38436	19890.48175	19149.15111
24000.0	9.50	20584.27639	20761.71823	20404.68396	20053.19126	19298.15237
25000.0	6.50	20244.72602	21513.27959	20407.96456	19674.21635	19082.70519
25000.0	6.75	20305.09901	21522.22644	20458.01383	19735.27919	19125.60156
25000.0	7.00	20372.31209	21533.27310	20509.53181	19795.21305	19168.78428
25000.0	7.25	20450.52595	21543.82838	20576.11058	19875.81306	19225.06380
25000.0	7.50	20535.69350	21554.88154	20638.53323	19952.31611	19282.36389
25000.0	7.75	20627.57828	21564.38439	20698.45833	20033.02232	19350.98853
25000.0	8.00	20726.48303	21572.10297	20768.15924	20121.49176	19419.06947
25000.0	8.25	20833.03802	21579.82438	20835.92471	20218.83106	19497.80554
25000.0	8.50	20945.78539	21585.82913	20902.78197	20316.81622	19589.51056
25000.0	8.75	21067.22141	21591.64979	20980.74131	20432.46330	19686.34789
25000.0	9.00	21197.16214	21596.97160	21051.97881	20546.03453	19790.81294
25000.0	9.25	21336.69425	21608.17341	21130.69602	20671.50181	19902.07764
25000.0	9.50	21488.93279	21618.86448	21211.34807	20806.31934	20026.21189
26000.0	6.50	21163.50888	22375.57934	21229.77496	20468.31984	19849.72548
26000.0	6.75	21219.80011	22382.65642	21274.20131	20522.69922	19887.15592
26000.0	7.00	21288.26222	22391.86280	21327.19423	20589.48025	19936.09724
26000.0	7.25	21367.59045	22400.23154	21389.55811	20666.47167	19991.27800
26000.0	7.50	21450.94914	22408.84925	21443.28897	20738.97845	20046.29864
26000.0	7.75	21541.70030	22415.58909	21507.51551	20817.57768	20114.70996
26000.0	8.00	21638.98528	22420.52742	21582.37001	20911.82663	20187.13522
26000.0	8.25	21745.01453	22424.80141	21636.09538	20998.94802	20256.74793
26000.0	8.50	21855.13765	22427.44720	21701.86062	21100.47870	20341.77291
26000.0	8.75	21976.39100	22430.97891	21783.10180	21211.74244	20439.22395
26000.0	9.00	22104.26727	22433.68866	21850.97632	21323.16788	20538.89225
26000.0	9.25	22242.17472	22442.50899	21926.72723	21446.16106	20649.81642
26000.0	9.50	22389.14920	22450.92071	22004.14917	21577.46471	20770.70282
27000.0	6.50	22118.93581	23266.42733	22084.26838	21291.15996	20652.57957
27000.0	6.75	22180.33863	23274.82224	22130.26209	21352.56389	20688.04063
27000.0	7.00	22253.07580	23286.43263	22186.65458	21418.41074	20737.88967
27000.0	7.25	22336.10704	23298.27097	22244.99646	21498.72919	20796.23427
27000.0	7.50	22428.65144	23311.37866	22313.13746	21582.53682	20856.62476
27000.0	7.75	22527.21531	23323.38700	22375.93458	21666.93863	20930.09419
27000.0	8.00	22631.17862	23334.09207	22448.86007	21758.22404	21010.73280
27000.0	8.25	22743.41452	23344.49585	22524.09004	21861.22992	21091.67182
27000.0	8.50	22864.07817	23353.43159	22595.36298	21968.19445	21184.88417
27000.0	8.75	22990.43794	23363.59761	22656.74985	22076.58409	21284.61002
27000.0	9.00	23127.19901	23372.62932	22747.39127	22207.21745	21392.22168
27000.0	9.25	23272.16694	23387.75541	22854.15302	22330.37559	21511.10864
27000.0	9.50	23424.79355	23402.92643	22917.22637	22464.00739	21640.19106
28000.0	6.50	23151.74710	24219.75412	22996.50561	22203.81261	21510.49377
28000.0	6.75	23215.96750	24228.55155	23039.80374	22257.14780	21558.55482
28000.0	7.00	23292.38803	24241.96653	23105.48270	22315.91449	21607.57412
28000.0	7.25	23379.65446	24257.01693	23171.15617	22393.14219	21670.47206
28000.0	7.50	23475.49529	24274.16526	23238.54967	22483.90977	21742.74668
28000.0	7.75	23581.42050	24290.99910	23316.23956	22580.13783	21812.89616
28000.0	8.00	23693.88444	24307.46423	23394.30260	22681.43497	21897.19630
28000.0	8.25	23813.17434	24324.06044	23468.79095	22789.73360	21990.01348
28000.0	8.50	23941.42271	24339.30807	23545.95200	22900.67025	22091.41483
28000.0	8.75	24075.13290	24356.19308	23656.58758	23020.70630	22211.67865
28000.0	9.00	24218.43484	24371.57182	23725.91017	23146.29414	22319.49351
28000.0	9.25	24370.22535	24392.59417	23823.92471	23280.31171	22439.50493
28000.0	9.50	24527.12071	24414.17278	23911.16549	23420.80833	22569.85520
29000.0	6.50	24267.96772	25240.98444	23982.46747	23167.78336	22453.56823
29000.0	6.75	24330.88514	25248.09611	24038.52652	23211.57826	22493.84715
29000.0	7.00	24408.79668	25261.83934	24096.21295	23285.78143	22552.92211
29000.0	7.25	24498.40829	25277.96165	24163.88312	23365.35850	22619.14848
29000.0	7.50	24598.61624	25297.45404	24235.69335	23459.42140	22699.97945
29000.0	7.75	24708.21957	25317.60397	24315.92130	23561.35595	22776.60351
29000.0	8.00	24824.42452	25337.97204	24404.87376	23671.12625	22875.79662
29000.0	8.25	24949.15449	25358.42105	24488.18034	23782.49537	22965.95077
29000.0	8.50	25081.76010	25378.17149	24561.11806	23897.29606	23065.97954
29000.0	8.75	25218.71751	25399.66689	24654.10180	24018.87345	23179.82551
29000.0	9.00	25362.04953	25419.02484	24746.34405	24148.20977	23299.93085
29000.0	9.25	25518.42776	25443.40819	24848.50861	24286.22902	23433.39899
29000.0	9.50	25676.07565	25468.53715	24932.05826	24425.81247	23560.19060
30000.0	6.50	25456.27460	26320.10608	25053.01741	24200.99507	23476.65813
30000.0	6.75	25515.56600	26322.83244	25092.72636	24250.39753	23514.07955
30000.0	7.00	25589.47925	26333.38619	25140.54543	24342.36994	23572.29837
30000.0	7.25	25676.75434	26347.34514	25214.97767	24403.33279	23635.59104
30000.0	7.50	25775.78564	26365.75697	25282.25398	24497.29773	23699.71242
30000.0	7.75	25884.03607	26385.34566	25363.46435	24597.35277	23792.77717
30000.0	8.00	26000.14471	26405.57516	25444.42204	24700.72742	23886.41186
30000.0	8.25	26120.50731	26426.22003	25532.76856	24818.41655	23982.49991
30000.0	8.50	26253.78871	26445.99274	25610.60713	24931.21092	24092.29620
30000.0	8.75	26386.13818	26467.76119	25692.70285	25056.26102	24202.44119
30000.0	9.00	26532.37343	26486.51455	25803.34954	25180.25619	24329.75140
30000.0	9.25	26682.25142	26509.50931	25868.15342	25315.21314	24447.15365
30000.0	9.50	26833.87668	26533.21884	25970.17352	25446.30259	24573.44882
32000.0	6.50	27858.52458	28499.92715	27207.09578	26335.97271	25589.06327
32000.0	6.75	27902.91802	28486.77440	27243.59334	26382.01179	25620.06834
32000.0	7.00	27958.01538	28482.40224	27274.09333	26433.20078	25662.26751
32000.0	7.25	28028.85787	28482.91372	27310.44810	26504.84410	25703.66341
32000.0	7.50	28113.50333	28488.45629	27383.23713	26574.47677	25769.35943
32000.0	7.75	28204.38877	28496.19333	27476.57456	26663.87728	25836.80652
32000.0	8.00	28304.59103	28505.79329	27543.84716	26757.80871	25921.83819
32000.0	8.25	28413.85860	28515.22866	27610.76117	26851.07229	26008.70224
32000.0	8.50	28524.97863	28524.98445	27648.96550	26975.05428	26102.33497
32000.0	8.75	28647.40640	28535.92719	27711.49979	27067.75549	26192.96556
32000.0	9.00	28771.92477	28544.49499	27790.76304	27179.98326	26305.02187
32000.0	9.25	28898.14527	28554.72819	27888.95647	27289.55123	26412.25705
32000.0	9.50	29028.79053	28566.22168	27922.02214	27412.83059	26530.51515
34000.0	6.50	30075.81608	30516.26872	29218.41749	28374.15558	27583.07488
34000.0	6.75	30091.58647	30484.32176	29228.96743	28372.20718	27591.97988
34000.0	7.00	30124.84511	30460.29371	29242.43291	28419.99549	27609.42187
34000.0	7.25	30172.02635	30441.72814	29277.92660	28438.56102	27636.19958
34000.0	7.50	30229.07953	30428.44326	29305.37173	28516.83392	27684.73985
34000.0	7.75	30299.94471	30418.01623	29385.36236	28567.44792	27722.32599
34000.0	8.00	30378.87050	30410.68267	29435.65394	28639.64397	27780.80607
34000.0	8.25	30462.66211	30402.54750	29481.01927	28711.69943	27872.52389
34000.0	8.50	30549.80779	30396.63628	29530.65725	28789.74175	27943.79178
34000.0	8.75	30645.44010	30391.05712	29545.25708	28901.87259	28022.07045
34000.0	9.00	30746.50520	30384.85197	29596.66554	28989.86180	28096.41941
34000.0	9.25	30850.86638	30377.76040	29641.44667	29069.27216	28190.79194
34000.0	9.50	30958.18191	30373.97287	29688.33767	29164.88159	28273.34206
35000.0	6.50	31075.31380	31432.10897	30135.57742	29298.03247	28485.30910
35000.0	6.75	31077.19859	31390.83923	30136.76105	29280.06688	28490.94432
35000.0	7.00	31100.00366	31357.64682	30138.98027	29291.35177	28501.67566
35000.0	7.25	31135.34845	31330.02451	30161.90744	29321.21947	28508.03993
35000.0	7.50	31187.45156	31307.79599	30190.27652	29370.95005	28550.44402
35000.0	7.75	31240.65697	31288.77070	30212.70565	29421.43320	28589.21803
35000.0	8.00	31306.62057	31273.29372	30283.38724	29487.40028	28652.76104
35000.0	8.25	31383.68658	31257.07072	30324.50679	29551.01300	28706.52272
35000.0	8.50	31457.86218	31243.84869	30368.16046	29622.00356	28772.05804
35000.0	8.75	31547.33241	31230.59561	30406.56861	29702.24005	28836.68261
35000.0	9.00	31633.55004	31217.88561	30413.17890	29799.60838	28909.62411
35000.0	9.25	31731.92430	31202.77611	30448.81280	29868.95504	28988.41078
35000.0	9.50	31828.83542	31192.42192	30486.37563	29955.88469	29069.67380
36000.0	6.50	32032.26200	32318.22289	31020.55017	30172.07719	29372.66603
36000.0	6.75	32030.57633	32267.85942	31002.62526	30160.74524	29349.81428
36000.0	7.00	32038.57029	32226.17967	31001.05217	30147.98623	29339.32266
36000.0	7.25	32068.15988	32189.53299	31005.20897	30191.48490	29371.38165
36000.0	7.50	32101.42286	32158.58127	31037.97614	30204.68038	29375.48832
36000.0	7.75	32152.90903	32130.88226	31040.02775	30269.13145	29415.60768
36000.0	8.00	32204.40052	32107.35897	31108.29828	30305.43705	29467.87169
36000.0	8.25	32267.21429	32083.08893	31134.84557	30355.84874	29497.95727
36000.0	8.50	32340.64335	32062.45807	31172.36867	30425.14299	29564.20881
36000.0	8.75	32411.61765	32041.75908	31201.85149	30490.53820	29620.94287
36000.0	9.00	32497.00222	32021.19877	31195.63485	30573.36995	29680.97471
36000.0	9.25	32576.95682	31999.82820	31225.47849	30657.15700	29761.77048
36000.0	9.50	32668.77895	31982.40918	31256.79253	30718.58499	29830.30234
38000.0	6.50	33779.26634	33940.60358	32672.69981	31756.52145	30964.95023
38000.0	6.75	33760.59490	33874.28855	32593.21737	31748.06171	30924.89762
38000.0	7.00	33749.61885	33816.92912	32572.56271	31715.94473	30918.80666
38000.0	7.25	33761.26202	33765.10481	32569.71476	31723.54273	30906.47114
38000.0	7.50	33775.87120	33718.46896	32579.69693	31735.99422	30919.83720
38000.0	7.75	33805.09409	33675.74764	32585.97281	31760.06398	30930.73957
38000.0	8.00	33848.03032	33638.01091	32590.44541	31796.71433	30945.32756
38000.0	8.25	33889.15803	33599.81775	32633.99105	31843.61233	30986.96195
38000.0	8.50	33946.63694	33566.57167	32653.29246	31893.16078	31027.91862
38000.0	8.75	34000.77343	33532.88771	32668.99448	31939.83757	31057.73430
38000.0	9.00	34070.01829	33498.99834	32687.32003	31996.38565	31132.53553
38000.0	9.25	34138.78981	33467.25576	32674.46769	32061.40030	31176.56495
38000.0	9.50	34205.46003	33438.08603	32678.33216	32123.97686	31226.28428
40000.0	6.50	35345.74432	35404.40321	34071.49926	33212.56959	32418.77185
40000.0	6.75	35306.62535	35323.25331	34032.83998	33191.08383	32354.73892
40000.0	7.00	35283.36426	35251.55396	34002.81397	33172.53370	32316.40963
40000.0	7.25	35273.88452	35186.30946	33979.42866	33131.78838	32302.91003
40000.0	7.50	35282.61271	35125.94965	33948.93725	33146.61699	32296.87425
40000.0	7.75	35291.48904	35070.55647	33946.05520	33130.69545	32280.13685
40000.0	8.00	35314.66815	35020.68851	33937.26783	33169.18237	32315.05600
40000.0	8.25	35351.87967	34970.96087	33953.73870	33181.14171	32326.13117
40000.0	8.50	35386.20061	34927.72132	33991.61786	33219.19233	32340.76922
40000.0	8.75	35431.79956	34883.36134	34003.00598	33252.88810	32384.93090
40000.0	9.00	35482.78245	34838.66394	34001.40501	33297.28342	32426.26447
40000.0	9.25	35543.82292	34798.65373	33977.08380	33351.38896	32465.45285
40000.0	9.50	35603.35579	34760.11670	33980.87153	33405.75092	32514.56221
45000.0	6.50	38830.02926	38674.87949	37322.70807	36420.22122	35628.42017
45000.0	6.75	38746.27688	38557.64670	37277.79295	36346.89024	35539.24598
45000.0	7.00	38689.48156	38447.81818	37155.22468	36304.01444	35460.84176
45000.0	7.25	38643.33402	38349.67730	37092.10233	36257.98883	35412.87413
45000.0	7.50	38604.53736	38260.59097	37057.33923	36200.06394	35346.04599
45000.0	7.75	38587.88456	38177.25479	37010.10470	36173.91841	35359.83232
45000.0	8.00	38586.44820	38099.10100	36985.16513	36165.92789	35316.11692
45000.0	8.25	38582.74435	38027.54134	36953.46996	36200.06672	35308.16505
45000.0	8.50	38593.33191	37957.77970	36942.30307	36167.19439	35299.77427
45000.0	8.75	38619.15714	37894.05345	36956.47195	36184.29185	35323.61647
45000.0	9.00	38644.76915	37829.97367	36934.06239	36202.15447	35321.30952
45000.0	9.25	38674.69304	37770.90444	36917.23801	36230.10694	35345.18106
45000.0	9.50	38713.74366	37715.87183	36867.92629	36264.14295	35366.05853
50000.0	6.50	41899.19107	41583.36221	40191.87053	39278.17038	38486.54732
50000.0	6.75	41782.32941	41425.27074	40057.72142	39185.74205	38349.69578
50000.0	7.00	41680.00587	41279.05251	40002.45909	39061.45421	38232.53597
50000.0	7.25	41589.38807	41146.89119	39854.79709	39011.92743	38144.72588
50000.0	7.50	41527.63604	41026.75178	39761.43562	38923.33195	38097.94527
50000.0	7.75	41479.49357	40916.59043	39706.03610	38854.42622	38011.81647
50000.0	8.00	41451.14987	40814.06982	39659.06950	38823.74732	37969.59559
50000.0	8.25	41427.58895	40720.57009	39606.55949	38794.71382	37938.20131
50000.0	8.50	41419.48088	40634.96746	39551.44709	38800.70641	37921.01898
50000.0	8.75	41416.03732	40553.05465	39519.86046	38761.41100	37896.41639
50000.0	9.00	41416.17382	40473.88041	39477.48671	38805.69770	37898.84066
50000.0	9.25	41427.74852	40399.46942	39444.77065	38815.44633	37906.49332
50000.0	9.50	41456.37713	40332.94001	39401.36428	38810.63335	37897.00913
60000.0	6.50	47479.19801	46891.10732	45520.96893	44546.72609	43746.85449
60000.0	6.75	47252.80388	46634.41258	45292.79620	44322.31638	43499.06659
60000.0	7.00	47056.26579	46399.91578	45021.89244	44155.56511	43276.74973
60000.0	7.25	46882.15058	46190.10329	44846.28499	43996.82315	43110.82408
60000.0	7.50	46754.10878	46001.59396	44757.28928	43822.41741	42971.37536
60000.0	7.75	46633.22868	45831.29120	44551.66510	43684.20598	42846.32955
60000.0	8.00	46547.81046	45675.90706	44446.21432	43600.84801	42745.17065
60000.0	8.25	46465.29328	45535.20182	44337.62903	43545.77732	42668.74003
60000.0	8.50	46415.67720	45408.38235	44261.84142	43441.88943	42598.20561
60000.0	8.75	46371.61973	45292.55309	44162.50932	43422.72091	42521.12145
60000.0	9.00	46342.42014	45183.88224	44094.70756	43391.13096	42483.32942
60000.0	9.25	46314.39198	45083.19686	44050.98172	43352.83042	42460.14053
60000.0	9.50	46306.22457	44992.16774	44036.11986	43320.25504	42433.36422
70000.0	6.50	53127.33308	52263.78616	50770.63306	49820.58660	48995.36351
70000.0	6.75	52795.05674	51917.08187	50532.86887	49525.71187	48700.49925
70000.0	7.00	52502.39014	51594.52017	50238.74061	49240.71196	48422.19371
70000.0	7.25	52130.46923	51188.21836	49775.41380	48898.14864	48038.48917
70000.0	7.50	51802.93151	50811.63298	49438.93620	48573.35038	47700.53590
70000.0	7.75	51875.95021	50813.33836	49567.67043	48620.25951	47750.88662
70000.0	8.00	51710.86947	50602.97198	49324.51627	48452.41641	47592.07717
70000.0	8.25	51590.00305	50413.13298	49177.06010	48338.36305	47473.66673
70000.0	8.50	51474.20460	50245.58264	49094.47255	48213.14122	47327.75638
70000.0	8.75	51386.03561	50094.97591	48886.18234	48135.71717	47226.02561
70000.0	9.00	51314.01656	49957.52858	48781.44593	48064.73358	47148.56538
70000.0	9.25	51261.59764	49833.16400	48761.17153	47981.36837	47075.27977
70000.0	9.50	51233.58331	49721.37393	48661.16164	47921.38495	47000.12442
80000.0	6.50	58175.76421	57106.01550	55529.75411	54509.71523	53660.08416
80000.0	6.75	57707.67002	56626.35861	55172.70379	54097.53063	53206.30489
80000.0	7.00	57310.40178	56188.83114	54758.08709	53715.46105	52844.33321
80000.0	7.25	56806.70118	55665.43924	54270.98420	53233.27241	52352.13070
80000.0	7.50	56360.89727	55183.07335	53734.31396	52834.34868	51925.65951
80000.0	7.75	56390.14588	55143.50463	53729.01491	52828.65790	51920.08778
80000.0	8.00	56158.91581	54864.30414	53579.57645	52607.77937	51703.18129
80000.0	8.25	55953.18589	54616.31403	53292.83052	52407.57367	51531.90258
80000.0	8.50	55788.65945	54394.49983	53093.98847	52240.80274	51341.02038
80000.0	8.75	55661.45639	54198.78882	52998.72529	52105.55952	51181.60856
80000.0	9.00	55535.80298	54021.67816	52762.14449	52015.60449	51080.22486
80000.0	9.25	55445.63770	53864.95201	52620.78762	51911.90957	50974.01704
80000.0	9.50	55375.64028	53725.78123	52519.36674	51794.25203	50869.11866
